電力受渡日,商品コード,入札価格(円/kWh),売入札量累積(MW),買入札量累積(MW),分断エリア連番
20230921,1,0.00,0.0,39257.4,
20230921,1,0.00,10444.4,39257.4,
20230921,1,0.01,27968.4,39257.4,
20230921,1,0.02,28144.7,39255.1,
20230921,1,0.03,28144.7,39242.7,
20230921,1,0.04,28164.8,39212.7,
20230921,1,0.10,28164.8,39212.7,
20230921,1,0.20,28164.8,39092.6,
20230921,1,0.30,28164.8,39017.6,
20230921,1,0.42,28326.8,39013.6,
20230921,1,0.62,28326.8,39013.6,
20230921,1,1.00,28893.7,38933.6,
20230921,1,1.01,28893.7,38766.3,
20230921,1,1.12,28893.7,38736.3,
20230921,1,1.92,28902.5,38706.3,
20230921,1,2.00,28903.0,38706.3,
20230921,1,2.01,28903.0,38706.3,
20230921,1,2.03,28906.9,38666.3,
20230921,1,2.10,28906.9,38666.3,
20230921,1,2.12,28906.9,38660.3,
20230921,1,2.15,29021.4,38600.3,
20230921,1,2.56,29022.2,38600.3,
20230921,1,3.00,29026.0,38600.3,
20230921,1,3.01,29026.0,38540.2,
20230921,1,3.12,29026.0,38490.2,
20230921,1,3.42,29033.0,38400.2,
20230921,1,3.83,29034.8,38400.2,
20230921,1,4.00,29034.8,38400.2,
20230921,1,4.01,29035.2,38398.5,
20230921,1,4.05,29042.5,38398.5,
20230921,1,4.65,29045.1,38398.5,
20230921,1,4.92,29052.1,38398.5,
20230921,1,5.00,29207.0,38398.5,
20230921,1,5.01,29207.0,38115.9,
20230921,1,5.04,29207.0,38045.9,
20230921,1,5.10,29208.5,37345.9,
20230921,1,5.12,29208.5,37345.9,
20230921,1,5.50,29208.6,37285.9,
20230921,1,5.74,29210.5,37285.9,
20230921,1,6.00,29223.1,37285.9,
20230921,1,6.01,29223.1,37206.1,
20230921,1,6.02,29231.1,37203.9,
20230921,1,6.07,29238.4,37203.9,
20230921,1,6.26,29238.4,37203.9,
20230921,1,6.42,29246.3,37196.3,
20230921,1,6.50,29256.3,37196.3,
20230921,1,6.72,29256.6,37196.3,
20230921,1,6.92,29257.3,37196.3,
20230921,1,6.94,29265.9,37196.3,
20230921,1,6.96,29265.9,37196.3,
20230921,1,7.00,29315.5,37189.5,
20230921,1,7.01,29315.5,37189.4,
20230921,1,7.12,29315.5,37071.3,
20230921,1,7.47,29315.5,37011.3,
20230921,1,7.50,29335.5,36895.3,
20230921,1,7.65,29338.8,36895.3,
20230921,1,7.90,29338.8,36895.3,
20230921,1,7.92,29347.1,36888.0,
20230921,1,8.00,29376.4,36888.0,
20230921,1,8.02,29388.9,36792.3,
20230921,1,8.08,29396.2,36792.3,
20230921,1,8.21,29396.2,36792.3,
20230921,1,8.41,29396.2,36782.3,
20230921,1,8.50,29397.5,36752.3,
20230921,1,8.59,29397.5,36742.3,
20230921,1,9.00,29397.5,36741.1,
20230921,1,9.09,29397.5,36734.3,
20230921,1,9.23,29397.5,36577.3,
20230921,1,9.36,29404.0,36430.3,
20230921,1,9.42,29413.0,36430.3,
20230921,1,9.50,29413.0,36430.3,
20230921,1,9.56,29414.8,36283.3,
20230921,1,9.60,29414.8,36283.3,
20230921,1,9.61,29415.4,36225.3,
20230921,1,9.66,29415.4,36225.3,
20230921,1,9.67,29416.0,36078.3,
20230921,1,9.72,29416.6,36078.3,
20230921,1,9.78,29417.2,36078.3,
20230921,1,9.79,29417.2,36078.3,
20230921,1,9.80,29417.2,36072.7,
20230921,1,9.81,29417.2,36022.7,
20230921,1,9.82,29417.2,35972.7,
20230921,1,9.83,29417.8,35912.7,
20230921,1,10.00,29486.9,35912.7,
20230921,1,10.01,29486.9,35820.8,
20230921,1,10.05,29508.8,35810.8,
20230921,1,10.10,29516.0,35810.8,
20230921,1,10.17,29516.0,35810.8,
20230921,1,10.19,29517.6,35780.8,
20230921,1,10.20,29517.6,35780.8,
20230921,1,10.21,29517.6,35656.8,
20230921,1,10.22,29517.6,35604.8,
20230921,1,10.23,29517.6,35554.8,
20230921,1,10.24,29520.1,35504.8,
20230921,1,10.30,29520.5,35504.8,
20230921,1,10.38,29522.9,35504.8,
20230921,1,10.41,29522.9,35380.8,
20230921,1,10.46,29522.9,35330.8,
20230921,1,10.51,29522.9,35206.8,
20230921,1,10.52,29525.4,35082.8,
20230921,1,10.58,29525.4,35082.8,
20230921,1,10.59,29527.6,34824.2,
20230921,1,10.66,29530.0,34563.8,
20230921,1,10.80,29532.3,34563.8,
20230921,1,10.92,29541.3,34563.3,
20230921,1,11.00,29541.3,34563.3,
20230921,1,11.19,29541.3,34443.3,
20230921,1,11.22,29541.3,34340.5,
20230921,1,11.25,29541.3,34337.8,
20230921,1,11.33,29549.2,34337.2,
20230921,1,11.39,29549.2,34337.2,
20230921,1,11.40,29549.2,34323.1,
20230921,1,11.43,29549.2,34172.1,
20230921,1,11.44,29549.2,34141.2,
20230921,1,11.46,29549.2,34091.2,
20230921,1,11.50,29549.2,34041.2,
20230921,1,11.54,29549.2,33990.9,
20230921,1,11.55,29561.5,33990.7,
20230921,1,11.61,29561.5,33990.7,
20230921,1,11.67,29561.5,33825.7,
20230921,1,11.69,29561.5,33674.7,
20230921,1,11.76,29561.5,33474.2,
20230921,1,11.80,29561.5,33274.2,
20230921,1,11.81,29565.8,33274.0,
20230921,1,11.85,29565.8,33274.0,
20230921,1,11.91,29565.8,33074.0,
20230921,1,11.95,29565.8,32874.0,
20230921,1,11.98,29565.8,32873.3,
20230921,1,12.00,29595.8,32652.3,
20230921,1,12.01,29595.8,32648.3,
20230921,1,12.07,29595.8,32633.3,
20230921,1,12.14,29595.8,32428.1,
20230921,1,12.15,29595.8,32426.9,
20230921,1,12.21,29598.9,32226.9,
20230921,1,12.25,29598.9,32196.9,
20230921,1,12.26,29707.1,31996.9,
20230921,1,12.31,29707.1,31996.9,
20230921,1,12.36,29707.1,31772.0,
20230921,1,12.41,29707.1,31572.0,
20230921,1,12.46,29709.6,31497.0,
20230921,1,12.50,29747.6,31497.0,
20230921,1,12.52,29747.6,31496.9,
20230921,1,12.55,29747.6,31496.7,
20230921,1,12.66,29747.6,31296.7,
20230921,1,12.68,29747.6,31238.7,
20230921,1,12.74,29749.1,31227.6,
20230921,1,12.85,29931.1,31227.6,
20230921,1,12.90,29931.1,31227.6,
20230921,1,12.93,29931.6,31201.7,
20230921,1,13.00,29931.9,31201.7,
20230921,1,13.01,29931.9,31191.2,
20230921,1,13.02,29934.3,31190.2,
20230921,1,13.03,29934.3,31190.2,
20230921,1,13.04,29934.3,31181.5,
20230921,1,13.05,29956.3,31169.8,
20230921,1,13.13,29956.8,31169.8,
20230921,1,13.16,29956.8,31169.8,
20230921,1,13.18,29956.8,31100.1,
20230921,1,13.20,29956.8,31100.0,
20230921,1,13.31,29956.8,31099.9,
20230921,1,13.32,29957.3,31086.9,
20230921,1,13.39,29957.3,31086.9,
20230921,1,13.50,29967.3,30986.9,
20230921,1,13.51,29967.7,30983.7,
20230921,1,13.52,29968.2,30983.7,
20230921,1,13.71,29971.2,30983.7,
20230921,1,13.92,29971.2,30983.7,
20230921,1,13.95,29971.2,30982.8,
20230921,1,14.00,29971.2,30974.6,
20230921,1,14.01,29971.2,30812.6,
20230921,1,14.02,29971.2,30787.6,
20230921,1,14.10,29971.2,30704.6,
20230921,1,14.15,29971.2,30704.0,
20230921,1,14.21,29971.2,30702.0,
20230921,1,14.23,29971.2,30691.1,
20230921,1,14.30,29971.2,30688.9,
20230921,1,14.41,29991.2,30687.5,
20230921,1,14.48,29991.2,30637.5,
20230921,1,14.50,29991.2,30637.2,
20230921,1,14.53,29991.2,30636.3,
20230921,1,14.55,29991.2,30316.3,
20230921,1,14.60,29991.2,30315.6,
20230921,1,14.67,29991.2,30314.5,
20230921,1,14.83,29991.2,30304.5,
20230921,1,14.99,29991.2,30304.4,
20230921,1,15.00,29991.2,30304.3,
20230921,1,15.01,29991.2,30249.3,
20230921,1,15.05,29991.2,30248.3,
20230921,1,15.11,29991.2,30248.2,
20230921,1,15.14,29991.2,30237.4,
20230921,1,15.17,30087.2,30235.0,
20230921,1,15.20,30087.2,30235.0,
20230921,1,15.21,30087.2,30234.9,
20230921,1,15.22,30087.2,30234.7,
20230921,1,15.29,30087.2,30218.6,
20230921,1,15.35,30087.2,30218.2,
20230921,1,15.41,30087.2,30213.6,
20230921,1,15.42,30087.2,30187.6,
20230921,1,15.46,30087.2,30181.3,
20230921,1,15.50,30087.2,30181.1,
20230921,1,15.58,30087.2,30180.7,
20230921,1,15.72,30151.2,30180.0,
20230921,1,15.80,30151.2,30180.0,
20230921,1,15.82,30201.2,30179.8,
20230921,1,15.83,30265.2,30179.8,
20230921,1,15.90,30272.2,30179.8,
20230921,1,15.91,30272.2,30179.8,
20230921,1,15.94,30322.2,30179.6,
20230921,1,15.98,30389.9,30179.6,
20230921,1,16.00,30390.9,30179.6,
20230921,1,16.02,30390.9,30046.3,
20230921,1,16.05,30390.9,30016.1,
20230921,1,16.06,30390.9,30009.8,
20230921,1,16.10,30391.9,30005.4,
20230921,1,16.20,30392.9,30003.6,
20230921,1,16.30,30393.9,30003.6,
20230921,1,16.40,30393.9,30003.6,
20230921,1,16.41,30441.7,29985.5,
20230921,1,16.44,30441.7,29985.5,
20230921,1,16.83,30441.7,29984.6,
20230921,1,16.92,30441.7,29978.6,
20230921,1,16.99,30441.7,29974.6,
20230921,1,17.00,30441.7,29974.5,
20230921,1,17.14,30441.7,29954.4,
20230921,1,17.18,30441.7,29902.4,
20230921,1,17.22,30441.7,29856.2,
20230921,1,17.25,30441.7,29855.1,
20230921,1,17.34,30441.7,29854.6,
20230921,1,17.45,30441.7,29824.6,
20230921,1,17.49,30441.7,29824.4,
20230921,1,17.50,30441.7,29794.4,
20230921,1,17.64,30441.7,29793.4,
20230921,1,17.65,30516.7,29742.4,
20230921,1,17.73,30516.7,29742.4,
20230921,1,17.79,30516.7,29741.2,
20230921,1,17.95,30516.7,29711.2,
20230921,1,18.00,30516.7,29681.2,
20230921,1,18.01,30546.6,29680.0,
20230921,1,18.03,30546.6,29680.0,
20230921,1,18.10,30546.6,29679.9,
20230921,1,18.13,30546.6,29645.4,
20230921,1,18.25,30546.6,29628.9,
20230921,1,18.30,30546.6,29598.9,
20230921,1,18.40,30546.6,29598.8,
20230921,1,18.41,30556.5,29588.8,
20230921,1,18.42,30556.5,29588.8,
20230921,1,18.49,30556.5,29585.7,
20230921,1,18.50,30556.5,29506.0,
20230921,1,18.62,30556.5,29505.3,
20230921,1,18.69,30556.5,29495.5,
20230921,1,18.81,30556.5,29494.3,
20230921,1,19.00,30556.5,29372.3,
20230921,1,19.20,30556.5,29175.6,
20230921,1,19.60,30556.5,29053.6,
20230921,1,19.71,30765.5,29031.6,
20230921,1,19.92,30765.5,29031.6,
20230921,1,20.00,30765.5,29029.4,
20230921,1,20.05,30765.5,28941.2,
20230921,1,20.11,30777.0,28940.7,
20230921,1,20.14,30777.0,28940.7,
20230921,1,20.15,30777.0,28938.5,
20230921,1,20.29,30777.0,28915.7,
20230921,1,20.35,30777.0,28911.7,
20230921,1,20.42,30777.1,28869.7,
20230921,1,20.67,30777.1,28869.7,
20230921,1,21.00,30777.1,28866.3,
20230921,1,21.12,30777.1,28866.2,
20230921,1,21.30,30777.1,27476.2,
20230921,1,21.38,30777.1,27310.6,
20230921,1,21.42,30777.1,27296.6,
20230921,1,21.51,30777.1,27295.4,
20230921,1,21.66,30777.1,27291.0,
20230921,1,22.00,30777.1,27289.8,
20230921,1,22.05,30777.1,27288.1,
20230921,1,22.22,30777.1,27210.1,
20230921,1,22.28,30827.1,27199.8,
20230921,1,22.75,30827.1,27199.8,
20230921,1,22.79,30827.1,26898.8,
20230921,1,22.92,30827.1,26897.6,
20230921,1,22.94,30827.1,26896.6,
20230921,1,23.00,30840.1,26896.1,
20230921,1,23.03,30840.1,26896.1,
20230921,1,24.00,30840.1,26896.0,
20230921,1,24.42,30840.1,26894.3,
20230921,1,24.66,30840.1,26893.3,
20230921,1,24.92,30840.1,26891.1,
20230921,1,25.00,30840.1,26886.7,
20230921,1,25.52,30840.1,26885.9,
20230921,1,25.92,30840.1,26884.7,
20230921,1,26.65,30840.1,26883.9,
20230921,1,26.88,30840.1,26882.8,
20230921,1,27.00,30840.1,26875.8,
20230921,1,27.01,30840.1,26816.7,
20230921,1,27.19,30840.1,26808.1,
20230921,1,28.14,30840.1,26803.6,
20230921,1,28.33,30840.1,26799.2,
20230921,1,28.95,30840.1,26796.4,
20230921,1,29.09,30840.1,26631.4,
20230921,1,29.10,30840.1,26409.4,
20230921,1,29.97,30840.1,26408.9,
20230921,1,30.00,30840.1,26401.8,
20230921,1,30.36,30840.1,26370.0,
20230921,1,30.56,30840.1,26356.9,
20230921,1,32.00,30840.1,26355.9,
20230921,1,32.70,30841.0,26218.1,
20230921,1,33.03,30841.0,26218.1,
20230921,1,34.00,30841.0,26217.9,
20230921,1,35.00,30841.0,26199.4,
20230921,1,36.00,30841.0,26171.9,
20230921,1,36.35,30841.0,26147.4,
20230921,1,39.50,30841.0,26124.6,
20230921,1,39.98,30901.0,26124.5,
20230921,1,40.00,30901.0,26124.5,
20230921,1,40.01,30901.0,26079.9,
20230921,1,41.33,30901.0,26079.8,
20230921,1,42.60,30901.0,26061.4,
20230921,1,43.50,30901.0,26050.3,
20230921,1,45.00,30901.0,26050.0,
20230921,1,45.01,30901.0,25970.7,
20230921,1,45.12,30901.0,25693.1,
20230921,1,50.00,30901.0,25692.1,
20230921,1,50.01,30902.0,25627.1,
20230921,1,50.12,30902.0,25627.1,
20230921,1,50.90,30902.0,25625.2,
20230921,1,60.00,30902.0,25624.3,
20230921,1,61.00,30902.0,25562.2,
20230921,1,62.00,30902.0,25551.0,
20230921,1,67.94,30902.0,25511.8,
20230921,1,70.00,30902.0,25482.4,
20230921,1,77.80,30902.0,25350.3,
20230921,1,79.90,30902.0,25308.7,
20230921,1,79.98,30922.0,25307.2,
20230921,1,79.99,30922.0,25307.2,
20230921,1,80.00,30922.0,25213.7,
20230921,1,80.01,30922.0,24834.0,
20230921,1,80.10,30922.0,24599.6,
20230921,1,80.20,30922.0,24591.0,
20230921,1,80.21,30941.9,24582.9,
20230921,1,80.50,30941.9,24582.9,
20230921,1,81.00,30941.9,24582.7,
20230921,1,82.01,30941.9,24446.1,
20230921,1,85.00,30941.9,24364.0,
20230921,1,90.00,30941.9,24352.9,
20230921,1,99.90,30941.9,24325.3,
20230921,1,100.00,30941.9,24325.1,
20230921,1,100.01,30953.4,22099.2,
20230921,1,101.00,30953.4,22099.2,
20230921,1,102.00,30953.4,21953.3,
20230921,1,105.00,30953.4,21885.1,
20230921,1,120.10,30953.4,21885.0,
20230921,1,130.00,30953.4,21845.6,
20230921,1,138.00,30953.4,21840.7,
20230921,1,150.00,30953.4,21697.1,
20230921,1,190.00,30953.4,21694.6,
20230921,1,200.00,30953.4,21693.8,
20230921,1,200.01,30953.4,20271.3,
20230921,1,200.10,30953.4,18937.1,
20230921,1,200.50,30953.4,18908.0,
20230921,1,200.98,30953.4,18902.7,
20230921,1,200.99,30953.4,18902.6,
20230921,1,201.00,30953.4,18902.5,
20230921,1,210.00,30953.4,18827.5,
20230921,1,250.00,30953.4,18621.2,
20230921,1,300.00,30953.4,18443.2,
20230921,1,500.00,30953.4,17919.6,
20230921,1,548.66,30953.4,17917.6,
20230921,1,550.02,30953.4,17867.2,
20230921,1,999.00,30954.1,17662.0,
20230921,1,999.99,30954.1,0.0,
20230921,2,0.00,0.0,38477.6,
20230921,2,0.00,10910.6,38477.6,
20230921,2,0.01,28089.9,38477.6,
20230921,2,0.02,28271.5,38475.3,
20230921,2,0.03,28271.5,38462.9,
20230921,2,0.04,28292.7,38434.4,
20230921,2,0.10,28292.7,38434.4,
20230921,2,0.20,28292.7,38314.3,
20230921,2,0.30,28292.7,38239.3,
20230921,2,0.43,28381.2,38235.3,
20230921,2,0.62,28381.2,38235.3,
20230921,2,1.00,28961.6,38155.3,
20230921,2,1.01,28961.6,37989.8,
20230921,2,1.12,28961.6,37959.8,
20230921,2,1.90,28963.4,37929.8,
20230921,2,1.93,28969.4,37929.8,
20230921,2,2.00,28970.1,37929.8,
20230921,2,2.01,28970.1,37929.8,
20230921,2,2.05,28971.2,37889.8,
20230921,2,2.10,28971.2,37889.8,
20230921,2,2.12,28971.2,37883.8,
20230921,2,2.15,29085.7,37823.8,
20230921,2,2.40,29087.3,37823.8,
20230921,2,3.00,29091.5,37823.8,
20230921,2,3.01,29091.5,37763.7,
20230921,2,3.12,29091.5,37713.7,
20230921,2,3.43,29097.5,37623.7,
20230921,2,3.72,29097.5,37623.7,
20230921,2,3.73,29098.4,37617.0,
20230921,2,3.79,29100.2,37617.0,
20230921,2,4.00,29100.2,37617.0,
20230921,2,4.01,29100.6,37615.4,
20230921,2,4.08,29101.8,37615.4,
20230921,2,4.65,29104.2,37615.4,
20230921,2,4.79,29105.7,37615.4,
20230921,2,4.93,29111.9,37615.4,
20230921,2,5.00,29270.5,37615.4,
20230921,2,5.01,29270.5,37333.9,
20230921,2,5.04,29270.5,37263.9,
20230921,2,5.12,29270.5,36563.9,
20230921,2,5.50,29270.6,36503.9,
20230921,2,5.69,29272.5,36503.9,
20230921,2,6.00,29306.8,36503.9,
20230921,2,6.01,29306.8,36427.5,
20230921,2,6.02,29314.5,36425.4,
20230921,2,6.12,29315.6,36425.4,
20230921,2,6.26,29315.6,36425.4,
20230921,2,6.43,29323.6,36417.8,
20230921,2,6.50,29333.6,36417.8,
20230921,2,6.94,29343.3,36417.8,
20230921,2,7.00,29376.7,36417.8,
20230921,2,7.01,29376.7,36417.7,
20230921,2,7.12,29376.7,36300.8,
20230921,2,7.19,29378.2,36240.8,
20230921,2,7.47,29378.2,36240.8,
20230921,2,7.50,29398.2,36124.8,
20230921,2,7.58,29400.0,36124.8,
20230921,2,7.81,29400.0,36124.8,
20230921,2,7.90,29400.0,36114.8,
20230921,2,7.93,29408.4,36107.5,
20230921,2,8.00,29437.7,36107.5,
20230921,2,8.02,29449.6,36012.8,
20230921,2,8.15,29450.9,36012.8,
20230921,2,8.50,29452.2,36012.8,
20230921,2,8.59,29452.2,36002.8,
20230921,2,8.72,29452.2,36001.7,
20230921,2,8.92,29452.2,35971.7,
20230921,2,9.00,29452.2,35951.7,
20230921,2,9.09,29452.2,35944.9,
20230921,2,9.23,29452.2,35787.9,
20230921,2,9.43,29461.2,35640.9,
20230921,2,9.47,29463.0,35640.9,
20230921,2,9.48,29463.0,35640.9,
20230921,2,9.50,29463.0,35630.9,
20230921,2,9.54,29463.6,35483.9,
20230921,2,9.58,29465.2,35483.9,
20230921,2,9.60,29465.2,35483.9,
20230921,2,9.61,29465.8,35426.9,
20230921,2,9.66,29465.8,35426.9,
20230921,2,9.69,29466.4,35279.9,
20230921,2,9.76,29467.0,35279.9,
20230921,2,9.79,29467.0,35279.9,
20230921,2,9.80,29467.0,35274.3,
20230921,2,9.81,29467.0,35224.3,
20230921,2,9.82,29467.0,35154.3,
20230921,2,9.83,29467.6,35094.3,
20230921,2,10.00,29544.1,35094.3,
20230921,2,10.05,29566.7,34848.7,
20230921,2,10.13,29573.4,34848.7,
20230921,2,10.17,29573.4,34848.7,
20230921,2,10.19,29580.6,34818.7,
20230921,2,10.20,29580.6,34818.7,
20230921,2,10.21,29580.6,34694.7,
20230921,2,10.22,29580.6,34404.2,
20230921,2,10.23,29580.6,34354.2,
20230921,2,10.28,29583.1,34304.2,
20230921,2,10.30,29583.7,34304.2,
20230921,2,10.36,29586.1,34304.2,
20230921,2,10.38,29586.1,34304.2,
20230921,2,10.45,29588.6,34180.2,
20230921,2,10.46,29588.6,34180.2,
20230921,2,10.50,29588.6,34056.2,
20230921,2,10.51,29588.6,34056.1,
20230921,2,10.54,29591.0,33932.1,
20230921,2,10.63,29593.3,33932.1,
20230921,2,10.72,29593.3,33931.6,
20230921,2,10.92,29593.3,33901.6,
20230921,2,10.93,29602.3,33881.6,
20230921,2,11.00,29602.3,33881.6,
20230921,2,11.04,29602.3,33761.7,
20230921,2,11.06,29602.3,33748.2,
20230921,2,11.07,29602.3,33745.7,
20230921,2,11.08,29602.3,33695.7,
20230921,2,11.13,29652.7,33645.7,
20230921,2,11.19,29652.7,33645.7,
20230921,2,11.26,29652.7,33542.3,
20230921,2,11.30,29664.1,33537.5,
20230921,2,11.40,29664.1,33537.5,
20230921,2,11.43,29664.1,33386.5,
20230921,2,11.48,29664.1,33358.0,
20230921,2,11.50,29664.1,33343.0,
20230921,2,11.61,29664.1,33292.7,
20230921,2,11.62,29668.1,33127.7,
20230921,2,11.67,29668.1,33127.7,
20230921,2,11.69,29668.1,32976.7,
20230921,2,11.75,29668.1,32776.7,
20230921,2,11.77,29668.1,32776.2,
20230921,2,11.79,29676.0,32576.0,
20230921,2,11.80,29676.0,32576.0,
20230921,2,11.81,29676.0,32575.9,
20230921,2,11.85,29676.0,32545.9,
20230921,2,11.91,29676.0,32343.9,
20230921,2,11.95,29676.0,32143.9,
20230921,2,11.97,29677.5,32143.2,
20230921,2,11.98,29677.5,32143.2,
20230921,2,12.00,29707.5,31922.2,
20230921,2,12.07,29707.5,31918.2,
20230921,2,12.13,29708.0,31718.2,
20230921,2,12.15,29708.0,31718.2,
20230921,2,12.21,29711.0,31518.2,
20230921,2,12.23,29711.0,31518.2,
20230921,2,12.26,29768.8,31318.2,
20230921,2,12.28,29769.3,31318.2,
20230921,2,12.31,29769.3,31318.2,
20230921,2,12.36,29769.3,31317.0,
20230921,2,12.44,29769.8,31117.0,
20230921,2,12.50,29807.8,31117.0,
20230921,2,12.52,29807.8,31116.9,
20230921,2,12.54,29807.8,30896.3,
20230921,2,12.60,29808.3,30696.3,
20230921,2,12.63,29808.3,30696.3,
20230921,2,12.66,29808.3,30576.3,
20230921,2,12.68,29808.3,30518.3,
20230921,2,12.72,29808.3,30508.0,
20230921,2,12.74,29808.3,30453.0,
20230921,2,12.75,29808.8,30452.8,
20230921,2,12.78,29808.8,30452.8,
20230921,2,12.80,29808.8,30442.0,
20230921,2,12.85,30008.8,30439.8,
20230921,2,12.86,30008.8,30439.8,
20230921,2,12.92,30008.8,30415.8,
20230921,2,12.96,30008.8,30365.8,
20230921,2,13.00,30070.6,30354.9,
20230921,2,13.01,30070.6,30244.6,
20230921,2,13.02,30072.9,30243.7,
20230921,2,13.04,30072.9,30243.7,
20230921,2,13.05,30072.9,30235.0,
20230921,2,13.14,30072.9,30201.3,
20230921,2,13.16,30072.9,30190.5,
20230921,2,13.17,30072.9,30126.0,
20230921,2,13.18,30072.9,30123.8,
20230921,2,13.20,30072.9,30123.7,
20230921,2,13.32,30072.9,30123.6,
20230921,2,13.39,30072.9,30101.9,
20230921,2,13.48,30072.9,29991.9,
20230921,2,13.50,30082.9,29966.9,
20230921,2,13.51,30083.3,29964.1,
20230921,2,13.54,30083.3,29964.1,
20230921,2,13.71,30083.3,29961.9,
20230921,2,13.72,30083.3,29961.7,
20230921,2,13.90,30083.3,29961.5,
20230921,2,13.93,30083.3,29957.1,
20230921,2,13.95,30083.3,29956.2,
20230921,2,14.00,30083.3,29948.2,
20230921,2,14.02,30083.3,29786.7,
20230921,2,14.10,30083.3,29703.7,
20230921,2,14.30,30085.8,29703.1,
20230921,2,14.42,30085.8,29701.7,
20230921,2,14.50,30085.8,29651.5,
20230921,2,14.53,30085.8,29650.7,
20230921,2,14.55,30085.8,29150.7,
20230921,2,14.59,30085.8,29150.1,
20230921,2,14.67,30085.8,29149.0,
20230921,2,14.68,30085.8,29139.0,
20230921,2,14.72,30105.8,29138.8,
20230921,2,14.83,30105.8,29138.8,
20230921,2,14.99,30105.8,29138.7,
20230921,2,15.00,30105.8,29134.6,
20230921,2,15.01,30105.8,29129.9,
20230921,2,15.03,30105.8,29128.9,
20230921,2,15.17,30201.8,28984.9,
20230921,2,15.20,30201.8,28984.9,
20230921,2,15.22,30201.8,28984.8,
20230921,2,15.30,30201.8,28978.9,
20230921,2,15.39,30201.8,28974.3,
20230921,2,15.41,30201.8,28952.3,
20230921,2,15.43,30201.8,28952.1,
20230921,2,15.47,30201.8,28945.9,
20230921,2,15.50,30201.8,28938.0,
20230921,2,15.57,30201.8,28936.6,
20230921,2,15.58,30201.8,28724.6,
20230921,2,15.65,30201.8,28724.0,
20230921,2,15.67,30201.8,28719.8,
20230921,2,15.68,30265.8,28627.8,
20230921,2,15.80,30265.8,28627.8,
20230921,2,15.83,30329.8,28627.5,
20230921,2,15.86,30329.8,28627.5,
20230921,2,15.90,30336.8,28619.2,
20230921,2,15.91,30336.8,28619.2,
20230921,2,15.98,30400.8,28619.0,
20230921,2,16.00,30401.8,28619.0,
20230921,2,16.05,30401.8,28494.6,
20230921,2,16.10,30402.8,28487.9,
20230921,2,16.12,30466.8,28486.2,
20230921,2,16.20,30467.8,28486.2,
20230921,2,16.26,30517.8,28485.8,
20230921,2,16.27,30581.8,28481.3,
20230921,2,16.29,30631.8,28481.3,
20230921,2,16.30,30632.8,28481.3,
20230921,2,16.37,30696.8,28481.3,
20230921,2,16.40,30696.8,28481.3,
20230921,2,16.47,30760.8,28473.8,
20230921,2,16.50,30760.8,28473.8,
20230921,2,16.57,30824.8,28472.2,
20230921,2,16.62,30824.8,28472.2,
20230921,2,16.66,30866.4,28471.3,
20230921,2,16.71,30866.4,28471.3,
20230921,2,16.72,30914.2,28461.3,
20230921,2,16.91,30914.2,28461.3,
20230921,2,16.92,30924.1,28451.3,
20230921,2,16.93,30924.1,28451.3,
20230921,2,16.94,30924.1,28447.7,
20230921,2,16.99,30924.1,28370.7,
20230921,2,17.00,30924.1,28370.6,
20230921,2,17.11,30924.1,28348.0,
20230921,2,17.18,30924.1,28295.0,
20230921,2,17.25,30924.1,28248.8,
20230921,2,17.34,30924.1,28248.3,
20230921,2,17.45,30924.1,28218.3,
20230921,2,17.46,30924.1,28218.1,
20230921,2,17.48,30954.0,28174.1,
20230921,2,17.49,30954.0,28174.1,
20230921,2,17.50,30954.0,28144.1,
20230921,2,17.64,30954.0,28144.0,
20230921,2,17.65,31029.0,28093.0,
20230921,2,17.67,31029.0,28093.0,
20230921,2,17.79,31029.0,28024.0,
20230921,2,17.91,31029.0,27992.9,
20230921,2,17.95,31029.0,27773.9,
20230921,2,18.00,31029.0,27743.9,
20230921,2,18.03,31029.0,27743.7,
20230921,2,18.04,31029.0,27743.6,
20230921,2,18.10,31029.0,27708.6,
20230921,2,18.25,31029.0,27678.6,
20230921,2,18.30,31029.0,27648.6,
20230921,2,18.39,31029.0,27648.5,
20230921,2,18.43,31029.0,27647.3,
20230921,2,18.44,31029.0,27644.3,
20230921,2,18.62,31029.0,27630.6,
20230921,2,18.81,31029.0,27620.8,
20230921,2,18.93,31029.1,27498.8,
20230921,2,18.97,31029.1,27498.8,
20230921,2,19.00,31029.1,27216.8,
20230921,2,19.54,31029.1,27136.2,
20230921,2,19.71,31238.1,26994.3,
20230921,2,19.77,31238.1,26994.3,
20230921,2,19.93,31238.1,26980.0,
20230921,2,20.00,31238.1,26978.1,
20230921,2,20.11,31249.6,26891.7,
20230921,2,20.19,31249.6,26891.7,
20230921,2,20.30,31249.6,26884.0,
20230921,2,20.41,31249.6,26841.8,
20230921,2,20.47,31249.6,26839.8,
20230921,2,21.00,31249.6,26839.3,
20230921,2,21.12,31249.6,26839.2,
20230921,2,21.20,31249.6,25449.2,
20230921,2,21.43,31249.6,25445.3,
20230921,2,22.11,31249.6,25444.3,
20230921,2,22.19,31249.6,25434.8,
20230921,2,22.28,31299.6,25433.6,
20230921,2,22.93,31299.6,25433.6,
20230921,2,22.94,31299.6,25432.6,
20230921,2,23.00,31312.6,25432.2,
20230921,2,23.03,31312.6,25430.7,
20230921,2,24.11,31312.6,25430.6,
20230921,2,24.32,31312.6,25426.2,
20230921,2,24.43,31312.6,25143.2,
20230921,2,24.73,31312.6,25142.4,
20230921,2,24.93,31312.6,25141.2,
20230921,2,25.00,31312.6,25139.1,
20230921,2,25.78,31312.6,25138.4,
20230921,2,26.00,31312.6,25137.3,
20230921,2,26.73,31312.6,25131.5,
20230921,2,27.00,31312.6,25127.0,
20230921,2,27.01,31312.6,25073.8,
20230921,2,27.82,31312.6,25064.1,
20230921,2,28.04,31312.6,25059.7,
20230921,2,29.10,31312.6,25055.5,
20230921,2,29.97,31312.6,25055.0,
20230921,2,30.00,31312.6,25053.2,
20230921,2,30.36,31312.6,25022.5,
20230921,2,30.56,31312.6,25009.2,
20230921,2,32.00,31312.6,25008.2,
20230921,2,32.70,31313.5,24876.2,
20230921,2,33.03,31313.5,24876.2,
20230921,2,34.00,31313.5,24876.0,
20230921,2,35.00,31313.5,24858.6,
20230921,2,36.00,31313.5,24831.5,
20230921,2,36.35,31313.5,24810.5,
20230921,2,39.50,31313.5,24789.4,
20230921,2,39.98,31373.5,24789.3,
20230921,2,40.00,31373.5,24789.3,
20230921,2,40.01,31373.5,24750.7,
20230921,2,41.63,31373.5,24750.6,
20230921,2,41.87,31373.5,24732.9,
20230921,2,42.75,31373.5,24660.9,
20230921,2,42.83,31373.5,24650.2,
20230921,2,43.50,31373.5,24605.2,
20230921,2,45.00,31373.5,24604.9,
20230921,2,45.01,31373.5,24536.1,
20230921,2,45.12,31373.5,24378.4,
20230921,2,50.00,31373.5,24377.5,
20230921,2,50.01,31374.5,24314.1,
20230921,2,50.12,31374.5,24314.1,
20230921,2,50.90,31374.5,24312.6,
20230921,2,60.00,31374.5,24311.7,
20230921,2,61.00,31374.5,24252.1,
20230921,2,62.00,31374.5,24241.4,
20230921,2,67.94,31374.5,24202.7,
20230921,2,70.00,31374.5,24174.6,
20230921,2,77.80,31374.5,24085.3,
20230921,2,79.90,31374.5,24047.6,
20230921,2,79.98,31394.5,24046.3,
20230921,2,80.00,31394.5,24046.3,
20230921,2,80.01,31394.5,23689.2,
20230921,2,80.02,31394.5,23462.9,
20230921,2,80.10,31394.5,23457.9,
20230921,2,80.20,31394.5,23449.6,
20230921,2,80.21,31414.4,23441.5,
20230921,2,80.50,31414.4,23441.5,
20230921,2,81.00,31414.4,23441.3,
20230921,2,82.01,31414.4,23330.2,
20230921,2,85.00,31414.4,23256.7,
20230921,2,90.00,31414.4,23245.4,
20230921,2,99.90,31414.4,23218.9,
20230921,2,100.00,31414.4,23218.7,
20230921,2,100.01,31425.8,21183.8,
20230921,2,101.00,31425.8,21183.8,
20230921,2,102.00,31425.8,21037.9,
20230921,2,105.00,31425.8,20972.4,
20230921,2,120.10,31425.8,20972.3,
20230921,2,130.00,31425.8,20934.4,
20230921,2,138.00,31425.8,20929.8,
20230921,2,150.00,31425.8,20818.6,
20230921,2,190.00,31425.8,20816.1,
20230921,2,200.00,31425.8,20815.3,
20230921,2,200.01,31425.8,19442.7,
20230921,2,200.10,31425.8,18044.5,
20230921,2,200.50,31425.8,18015.4,
20230921,2,200.98,31425.8,18010.1,
20230921,2,200.99,31425.8,18010.0,
20230921,2,201.00,31425.8,18009.9,
20230921,2,210.00,31425.8,17934.4,
20230921,2,250.00,31425.8,17733.0,
20230921,2,300.00,31425.8,17555.9,
20230921,2,500.00,31425.8,17031.9,
20230921,2,548.66,31425.8,17029.9,
20230921,2,550.02,31425.8,16979.5,
20230921,2,999.00,31425.8,16774.3,
20230921,2,999.99,31425.8,0.0,
20230921,3,0.00,0.0,37441.3,
20230921,3,0.00,10919.6,37441.3,
20230921,3,0.01,28169.1,37441.3,
20230921,3,0.02,28355.0,37439.2,
20230921,3,0.03,28355.0,37426.8,
20230921,3,0.04,28377.1,37399.2,
20230921,3,0.10,28377.1,37399.2,
20230921,3,0.20,28377.1,37279.1,
20230921,3,0.30,28377.1,37204.1,
20230921,3,0.39,28489.4,37200.1,
20230921,3,0.62,28489.4,37200.1,
20230921,3,1.00,29078.5,37120.1,
20230921,3,1.01,29078.5,36956.4,
20230921,3,1.12,29078.5,36926.4,
20230921,3,1.80,29081.8,36896.4,
20230921,3,1.89,29087.8,36896.4,
20230921,3,2.00,29088.6,36896.4,
20230921,3,2.01,29088.6,36896.4,
20230921,3,2.10,29088.6,36856.4,
20230921,3,2.12,29088.6,36850.4,
20230921,3,2.15,29203.8,36790.4,
20230921,3,2.58,29205.4,36790.4,
20230921,3,3.00,29210.1,36790.4,
20230921,3,3.01,29210.1,36730.3,
20230921,3,3.12,29210.1,36680.3,
20230921,3,3.39,29216.1,36590.3,
20230921,3,3.60,29225.2,36590.3,
20230921,3,3.99,29225.2,36590.3,
20230921,3,4.00,29226.2,36588.7,
20230921,3,4.65,29228.5,36588.7,
20230921,3,4.89,29234.7,36588.7,
20230921,3,5.00,29396.6,36588.7,
20230921,3,5.01,29396.6,36308.4,
20230921,3,5.04,29396.6,36238.4,
20230921,3,5.12,29396.6,35538.4,
20230921,3,5.15,29398.1,35478.4,
20230921,3,5.39,29407.3,35478.4,
20230921,3,5.50,29407.4,35478.4,
20230921,3,5.52,29407.4,35478.4,
20230921,3,5.53,29407.6,35471.9,
20230921,3,6.00,29443.8,35471.9,
20230921,3,6.01,29443.8,35399.0,
20230921,3,6.02,29451.3,35396.9,
20230921,3,6.26,29451.3,35396.9,
20230921,3,6.39,29459.3,35389.3,
20230921,3,6.50,29469.3,35389.3,
20230921,3,6.94,29479.7,35389.3,
20230921,3,6.98,29479.7,35389.3,
20230921,3,7.00,29515.7,35379.3,
20230921,3,7.01,29515.7,35379.2,
20230921,3,7.12,29515.7,35263.5,
20230921,3,7.19,29524.8,35203.5,
20230921,3,7.47,29524.8,35203.5,
20230921,3,7.50,29544.8,35087.5,
20230921,3,7.72,29546.3,35087.5,
20230921,3,7.89,29554.7,35087.5,
20230921,3,7.90,29554.7,35087.5,
20230921,3,8.00,29584.0,35080.2,
20230921,3,8.02,29595.4,34985.9,
20230921,3,8.17,29595.4,34985.9,
20230921,3,8.36,29603.3,34955.9,
20230921,3,8.50,29604.6,34955.9,
20230921,3,8.59,29604.6,34945.9,
20230921,3,8.76,29604.6,34944.8,
20230921,3,8.98,29613.6,34924.8,
20230921,3,9.00,29613.6,34894.8,
20230921,3,9.07,29616.7,34888.0,
20230921,3,9.09,29616.7,34888.0,
20230921,3,9.14,29623.5,34731.0,
20230921,3,9.17,29626.5,34731.0,
20230921,3,9.23,29626.5,34731.0,
20230921,3,9.26,29629.6,34584.0,
20230921,3,9.35,29632.6,34584.0,
20230921,3,9.39,29641.6,34584.0,
20230921,3,9.45,29644.5,34584.0,
20230921,3,9.50,29644.5,34583.5,
20230921,3,9.60,29644.5,34436.5,
20230921,3,9.66,29644.5,34379.9,
20230921,3,9.67,29644.5,34232.9,
20230921,3,9.76,29644.5,34212.3,
20230921,3,9.79,29644.5,34211.8,
20230921,3,9.80,29644.5,34205.8,
20230921,3,9.81,29644.5,34155.8,
20230921,3,9.82,29644.5,34105.8,
20230921,3,9.91,29644.5,34045.8,
20230921,3,10.00,29727.6,34044.6,
20230921,3,10.05,29750.7,33952.8,
20230921,3,10.17,29750.7,33952.8,
20230921,3,10.19,29750.7,33892.8,
20230921,3,10.20,29750.7,33738.3,
20230921,3,10.21,29750.7,33614.3,
20230921,3,10.22,29750.7,33582.3,
20230921,3,10.23,29750.7,33532.3,
20230921,3,10.29,29752.3,33482.3,
20230921,3,10.30,29753.0,33482.3,
20230921,3,10.38,29753.0,33482.3,
20230921,3,10.41,29753.0,33358.3,
20230921,3,10.45,29753.0,33358.0,
20230921,3,10.46,29753.0,33344.9,
20230921,3,10.51,29753.0,33220.9,
20230921,3,10.58,29768.5,33096.9,
20230921,3,10.59,30028.9,32854.0,
20230921,3,10.62,30028.9,32854.0,
20230921,3,10.76,30028.9,32851.6,
20230921,3,10.89,30037.9,32831.6,
20230921,3,10.98,30037.9,32831.6,
20230921,3,11.00,30037.9,32786.6,
20230921,3,11.06,30048.6,32666.7,
20230921,3,11.13,30099.0,32666.7,
20230921,3,11.16,30099.0,32666.7,
20230921,3,11.19,30099.0,32666.5,
20230921,3,11.20,30099.0,32563.7,
20230921,3,11.27,30099.0,32537.2,
20230921,3,11.28,30099.0,32487.2,
20230921,3,11.35,30102.7,32437.2,
20230921,3,11.40,30102.7,32437.2,
20230921,3,11.50,30102.7,32286.2,
20230921,3,11.57,30102.7,32235.9,
20230921,3,11.67,30102.7,32070.9,
20230921,3,11.69,30102.7,31919.9,
20230921,3,11.76,30102.7,31719.9,
20230921,3,11.80,30102.7,31519.9,
20230921,3,11.85,30102.7,31519.8,
20230921,3,11.91,30102.7,31319.8,
20230921,3,11.93,30102.7,31119.8,
20230921,3,11.95,30102.7,31104.8,
20230921,3,11.98,30102.7,31104.1,
20230921,3,12.00,30132.7,30883.1,
20230921,3,12.06,30132.7,30879.3,
20230921,3,12.11,30132.7,30679.3,
20230921,3,12.13,30132.7,30674.5,
20230921,3,12.17,30132.7,30474.5,
20230921,3,12.21,30135.6,30419.5,
20230921,3,12.23,30135.6,30419.5,
20230921,3,12.26,30193.4,30219.5,
20230921,3,12.31,30193.4,30219.5,
20230921,3,12.35,30193.4,30218.4,
20230921,3,12.49,30193.4,30018.4,
20230921,3,12.50,30231.4,29801.5,
20230921,3,12.53,30231.4,29801.4,
20230921,3,12.63,30231.4,29601.4,
20230921,3,12.66,30231.4,29361.4,
20230921,3,12.68,30231.4,29303.4,
20230921,3,12.69,30231.4,29293.7,
20230921,3,12.72,30231.4,29271.2,
20230921,3,12.76,30231.4,29258.2,
20230921,3,12.85,30431.4,29208.2,
20230921,3,12.87,30432.9,29208.2,
20230921,3,12.98,30432.9,29208.2,
20230921,3,13.00,30581.4,29183.2,
20230921,3,13.01,30581.4,29173.1,
20230921,3,13.02,30583.6,29172.2,
20230921,3,13.04,30583.6,29172.2,
20230921,3,13.05,30583.6,29163.5,
20230921,3,13.06,30583.6,29129.8,
20230921,3,13.16,30583.6,29129.6,
20230921,3,13.18,30583.6,29069.3,
20230921,3,13.20,30583.6,29069.2,
20230921,3,13.34,30586.6,29069.1,
20230921,3,13.39,30586.6,29069.1,
20230921,3,13.40,30586.6,28966.9,
20230921,3,13.50,30596.6,28956.0,
20230921,3,13.51,30597.0,28953.2,
20230921,3,13.56,30597.0,28953.2,
20230921,3,13.82,30597.5,28953.0,
20230921,3,13.86,30597.5,28953.0,
20230921,3,13.89,30597.5,28951.0,
20230921,3,13.95,30597.5,28950.1,
20230921,3,14.00,30597.5,28942.3,
20230921,3,14.01,30597.5,28781.0,
20230921,3,14.02,30597.5,28780.8,
20230921,3,14.06,30597.5,28697.8,
20230921,3,14.09,30597.5,28695.6,
20230921,3,14.10,30597.5,28684.8,
20230921,3,14.17,30617.5,28684.2,
20230921,3,14.26,30617.5,28684.2,
20230921,3,14.30,30618.0,28634.0,
20230921,3,14.50,30618.0,28632.6,
20230921,3,14.53,30618.0,28631.7,
20230921,3,14.55,30618.0,28121.7,
20230921,3,14.56,30618.0,28121.1,
20230921,3,14.67,30620.5,28080.1,
20230921,3,14.74,30620.5,28070.1,
20230921,3,14.77,30620.5,28065.7,
20230921,3,14.78,30621.0,28047.9,
20230921,3,14.83,30621.0,28047.9,
20230921,3,14.87,30621.0,28047.8,
20230921,3,14.94,30621.0,27903.8,
20230921,3,14.96,30621.0,27899.1,
20230921,3,14.99,30621.0,27898.2,
20230921,3,15.00,30621.0,27898.1,
20230921,3,15.01,30621.0,27893.7,
20230921,3,15.14,30621.0,27892.7,
20230921,3,15.17,30717.0,27892.5,
20230921,3,15.18,30717.0,27892.5,
20230921,3,15.20,30717.0,27892.4,
20230921,3,15.22,30717.0,27892.3,
20230921,3,15.25,30717.5,27888.4,
20230921,3,15.39,30717.5,27888.4,
20230921,3,15.41,30717.5,27882.2,
20230921,3,15.50,30717.5,27670.2,
20230921,3,15.57,30717.5,27669.1,
20230921,3,15.58,30717.5,27643.1,
20230921,3,15.61,30717.5,27642.5,
20230921,3,15.65,30781.5,27635.2,
20230921,3,15.67,30781.5,27635.2,
20230921,3,15.80,30781.5,27614.2,
20230921,3,15.83,30845.5,27613.9,
20230921,3,15.90,30852.5,27613.9,
20230921,3,15.91,30852.5,27613.9,
20230921,3,15.95,30902.5,27613.7,
20230921,3,15.98,30966.5,27613.7,
20230921,3,16.00,30967.5,27613.7,
20230921,3,16.05,30967.5,27495.7,
20230921,3,16.06,31017.5,27487.9,
20230921,3,16.10,31018.5,27487.9,
20230921,3,16.12,31082.5,27487.9,
20230921,3,16.16,31082.5,27487.9,
20230921,3,16.17,31130.3,27477.9,
20230921,3,16.20,31131.3,27477.9,
20230921,3,16.27,31259.3,27477.9,
20230921,3,16.30,31260.3,27477.9,
20230921,3,16.31,31260.3,27477.9,
20230921,3,16.34,31260.3,27476.7,
20230921,3,16.40,31260.3,27416.7,
20230921,3,16.47,31324.3,27409.8,
20230921,3,16.57,31388.3,27409.8,
20230921,3,16.66,31452.3,27409.8,
20230921,3,16.71,31452.3,27409.8,
20230921,3,16.72,31452.3,27409.4,
20230921,3,16.75,31452.3,27404.9,
20230921,3,16.76,31462.2,27394.9,
20230921,3,16.84,31462.2,27394.9,
20230921,3,16.85,31526.2,27318.9,
20230921,3,16.89,31526.2,27317.6,
20230921,3,16.94,31590.2,27314.4,
20230921,3,16.98,31620.1,27314.4,
20230921,3,16.99,31620.1,27313.4,
20230921,3,17.00,31620.1,27313.3,
20230921,3,17.03,31684.1,27290.9,
20230921,3,17.10,31684.1,27290.9,
20230921,3,17.11,31684.1,27289.2,
20230921,3,17.16,31734.3,27237.2,
20230921,3,17.18,31734.3,27237.2,
20230921,3,17.25,31734.3,27191.0,
20230921,3,17.28,31734.3,27190.6,
20230921,3,17.34,31734.3,27189.5,
20230921,3,17.40,31734.3,27159.5,
20230921,3,17.45,31734.3,27115.5,
20230921,3,17.49,31734.3,27115.3,
20230921,3,17.50,31734.3,27085.3,
20230921,3,17.64,31734.3,27085.2,
20230921,3,17.65,31809.3,27055.2,
20230921,3,17.79,31809.3,27055.2,
20230921,3,17.92,31809.3,27025.2,
20230921,3,17.95,31809.3,26842.2,
20230921,3,18.00,31809.3,26812.2,
20230921,3,18.03,31809.3,26810.4,
20230921,3,18.05,31809.3,26810.3,
20230921,3,18.10,31809.3,26750.3,
20230921,3,18.25,31809.3,26720.3,
20230921,3,18.30,31809.3,26690.3,
20230921,3,18.34,31809.3,26690.2,
20230921,3,18.39,31809.3,26676.7,
20230921,3,18.62,31809.3,26673.8,
20230921,3,18.77,31809.4,26664.0,
20230921,3,18.81,31809.4,26664.0,
20230921,3,18.93,31809.4,26542.0,
20230921,3,19.00,31809.4,26241.0,
20230921,3,19.50,31809.4,26217.4,
20230921,3,19.54,31809.4,26209.7,
20230921,3,19.71,32018.4,26086.7,
20230921,3,19.89,32018.4,26086.7,
20230921,3,19.94,32018.4,26085.0,
20230921,3,20.00,32018.4,26042.6,
20230921,3,20.03,32018.4,25964.8,
20230921,3,20.11,32029.9,25960.4,
20230921,3,20.14,32029.9,25960.4,
20230921,3,20.18,32029.9,25958.6,
20230921,3,20.19,32029.9,25958.1,
20230921,3,20.31,32029.9,25955.1,
20230921,3,21.00,32029.9,25953.9,
20230921,3,21.12,32029.9,25953.8,
20230921,3,21.39,32029.9,24563.8,
20230921,3,21.71,32029.9,24562.8,
20230921,3,21.98,32029.9,24559.2,
20230921,3,22.28,32079.9,24549.7,
20230921,3,22.44,32079.9,24549.7,
20230921,3,22.89,32079.9,24547.8,
20230921,3,22.94,32079.9,24546.8,
20230921,3,22.98,32079.9,24546.4,
20230921,3,23.00,32092.9,24545.2,
20230921,3,23.03,32092.9,24543.7,
20230921,3,23.33,32092.9,24543.6,
20230921,3,23.45,32092.9,24539.2,
20230921,3,24.09,32092.9,24300.2,
20230921,3,24.31,32092.9,24299.1,
20230921,3,25.00,32092.9,24294.0,
20230921,3,25.54,32092.9,24293.2,
20230921,3,26.45,32092.9,24288.7,
20230921,3,26.64,32092.9,24284.3,
20230921,3,27.00,32092.9,24280.3,
20230921,3,27.01,32092.9,24231.5,
20230921,3,29.10,32092.9,24221.1,
20230921,3,29.97,32092.9,24220.6,
20230921,3,30.00,32092.9,24214.8,
20230921,3,30.36,32092.9,24185.8,
20230921,3,30.56,32092.9,24172.3,
20230921,3,32.00,32092.9,24171.3,
20230921,3,32.70,32093.8,24043.2,
20230921,3,33.03,32093.8,24043.2,
20230921,3,34.00,32093.8,24043.0,
20230921,3,35.00,32093.8,24026.1,
20230921,3,36.00,32093.8,24000.0,
20230921,3,36.35,32093.8,23982.3,
20230921,3,39.50,32093.8,23962.4,
20230921,3,39.98,32153.8,23962.3,
20230921,3,40.00,32153.8,23962.3,
20230921,3,40.01,32153.8,23927.5,
20230921,3,41.78,32153.8,23927.4,
20230921,3,42.96,32153.8,23910.3,
20230921,3,43.50,32153.8,23899.9,
20230921,3,45.00,32153.8,23899.6,
20230921,3,45.01,32153.8,23838.1,
20230921,3,45.12,32153.8,23744.8,
20230921,3,47.04,32153.8,23744.1,
20230921,3,50.00,32153.8,23631.0,
20230921,3,50.01,32154.8,23568.6,
20230921,3,50.12,32154.8,23568.6,
20230921,3,50.90,32154.8,23567.1,
20230921,3,60.00,32154.8,23566.2,
20230921,3,61.00,32154.8,23508.5,
20230921,3,62.00,32154.8,23498.1,
20230921,3,67.94,32154.8,23459.7,
20230921,3,70.00,32154.8,23432.6,
20230921,3,77.80,32154.8,23345.9,
20230921,3,79.90,32154.8,23311.8,
20230921,3,79.98,32174.8,23310.5,
20230921,3,80.00,32174.8,23310.5,
20230921,3,80.01,32174.8,22974.2,
20230921,3,80.02,32174.8,22754.8,
20230921,3,80.10,32174.8,22749.8,
20230921,3,80.20,32174.8,22741.5,
20230921,3,80.21,32194.7,22733.4,
20230921,3,80.50,32194.7,22733.4,
20230921,3,81.00,32194.7,22733.2,
20230921,3,82.01,32194.7,22645.6,
20230921,3,85.00,32194.7,22578.7,
20230921,3,90.00,32194.7,22567.1,
20230921,3,99.90,32194.7,22541.5,
20230921,3,100.00,32194.7,22541.3,
20230921,3,100.01,32206.1,20999.5,
20230921,3,101.00,32206.1,20999.5,
20230921,3,102.00,32206.1,20853.6,
20230921,3,105.00,32206.1,20790.1,
20230921,3,120.10,32206.1,20790.0,
20230921,3,130.00,32206.1,20750.5,
20230921,3,138.00,32206.1,20746.1,
20230921,3,150.00,32206.1,20656.6,
20230921,3,190.00,32206.1,20654.1,
20230921,3,200.00,32206.1,20653.3,
20230921,3,200.01,32206.1,19324.3,
20230921,3,200.10,32206.1,17936.8,
20230921,3,200.50,32206.1,17908.4,
20230921,3,200.98,32206.1,17903.1,
20230921,3,200.99,32206.1,17903.0,
20230921,3,201.00,32206.1,17902.9,
20230921,3,210.00,32206.1,17827.9,
20230921,3,250.00,32206.1,17629.6,
20230921,3,300.00,32206.1,17453.6,
20230921,3,500.00,32206.1,16929.5,
20230921,3,548.66,32206.1,16927.5,
20230921,3,550.02,32206.1,16877.1,
20230921,3,999.00,32206.1,16671.9,
20230921,3,999.99,32206.1,0.0,
20230921,4,0.00,0.0,37310.5,
20230921,4,0.00,10932.5,37310.5,
20230921,4,0.01,28207.4,37310.5,
20230921,4,0.02,28396.5,37308.4,
20230921,4,0.03,28396.5,37296.0,
20230921,4,0.04,28419.1,37269.4,
20230921,4,0.10,28419.1,37269.4,
20230921,4,0.20,28419.1,37149.3,
20230921,4,0.30,28419.1,37074.3,
20230921,4,0.62,28419.1,37070.3,
20230921,4,1.00,29022.2,36990.3,
20230921,4,1.01,29022.2,36825.4,
20230921,4,1.12,29022.2,36795.4,
20230921,4,1.14,29147.2,36765.4,
20230921,4,1.61,29149.0,36765.4,
20230921,4,1.95,29150.1,36765.4,
20230921,4,2.00,29151.0,36765.4,
20230921,4,2.01,29151.0,36765.4,
20230921,4,2.10,29151.0,36725.4,
20230921,4,2.12,29151.0,36719.4,
20230921,4,2.15,29266.2,36659.4,
20230921,4,2.39,29272.2,36659.4,
20230921,4,2.58,29273.8,36659.4,
20230921,4,3.00,29278.7,36659.4,
20230921,4,3.01,29278.7,36599.3,
20230921,4,3.12,29278.7,36549.3,
20230921,4,3.21,29280.5,36459.3,
20230921,4,3.64,29286.5,36459.3,
20230921,4,3.90,29292.9,36459.3,
20230921,4,3.96,29292.9,36459.3,
20230921,4,3.97,29293.3,36457.7,
20230921,4,4.00,29293.3,36457.7,
20230921,4,4.01,29294.1,36451.3,
20230921,4,4.65,29296.3,36451.3,
20230921,4,4.82,29298.2,36451.3,
20230921,4,4.89,29304.2,36451.3,
20230921,4,5.00,29469.3,36451.3,
20230921,4,5.01,29469.3,36171.1,
20230921,4,5.04,29469.3,36101.1,
20230921,4,5.12,29469.3,35401.1,
20230921,4,5.14,29470.8,35341.1,
20230921,4,5.50,29470.9,35341.1,
20230921,4,5.84,29478.2,35341.1,
20230921,4,6.00,29515.9,35341.1,
20230921,4,6.01,29515.9,35271.0,
20230921,4,6.02,29523.3,35269.0,
20230921,4,6.14,29529.5,35269.0,
20230921,4,6.26,29529.5,35269.0,
20230921,4,6.42,29531.3,35261.4,
20230921,4,6.50,29541.3,35261.4,
20230921,4,6.69,29541.3,35261.4,
20230921,4,6.94,29552.3,35251.4,
20230921,4,7.00,29590.4,35251.4,
20230921,4,7.01,29590.4,35251.3,
20230921,4,7.12,29590.4,35135.7,
20230921,4,7.39,29598.4,35075.7,
20230921,4,7.47,29598.4,35075.7,
20230921,4,7.50,29628.5,34959.7,
20230921,4,7.66,29628.5,34959.7,
20230921,4,7.71,29630.0,34929.7,
20230921,4,7.78,29637.3,34929.7,
20230921,4,7.90,29637.3,34929.7,
20230921,4,8.00,29666.8,34922.6,
20230921,4,8.02,29679.9,34828.1,
20230921,4,8.19,29680.5,34828.1,
20230921,4,8.36,29681.1,34828.1,
20230921,4,8.47,29688.1,34828.1,
20230921,4,8.50,29689.4,34828.1,
20230921,4,8.53,29690.0,34818.1,
20230921,4,8.59,29690.0,34818.1,
20230921,4,8.64,29698.4,34817.0,
20230921,4,8.69,29698.4,34817.0,
20230921,4,8.70,29699.0,34797.0,
20230921,4,8.87,29699.6,34797.0,
20230921,4,9.00,29699.6,34797.0,
20230921,4,9.09,29699.6,34790.3,
20230921,4,9.17,29699.6,34633.3,
20230921,4,9.23,29699.6,34603.3,
20230921,4,9.48,29699.6,34456.3,
20230921,4,9.50,29699.6,34443.4,
20230921,4,9.56,29707.5,34296.4,
20230921,4,9.60,29707.5,34296.4,
20230921,4,9.66,29707.5,34241.4,
20230921,4,9.67,29707.5,34043.0,
20230921,4,9.73,29714.7,34021.8,
20230921,4,9.79,29714.7,34021.8,
20230921,4,9.80,29714.7,34015.8,
20230921,4,9.81,29714.7,33965.8,
20230921,4,9.82,29714.7,33915.8,
20230921,4,9.88,29717.2,33855.8,
20230921,4,9.89,29726.2,33855.8,
20230921,4,10.00,29813.3,33855.8,
20230921,4,10.04,29815.7,33764.0,
20230921,4,10.05,29838.8,33764.0,
20230921,4,10.17,29838.8,33764.0,
20230921,4,10.19,29838.8,33734.0,
20230921,4,10.20,29841.3,33579.5,
20230921,4,10.21,29841.3,33455.5,
20230921,4,10.22,29841.3,33423.5,
20230921,4,10.23,29841.3,33373.5,
20230921,4,10.27,29842.9,33323.5,
20230921,4,10.30,29843.6,33323.5,
20230921,4,10.36,29846.0,33323.5,
20230921,4,10.38,29846.0,33323.5,
20230921,4,10.46,29846.0,33199.5,
20230921,4,10.51,29846.0,33075.5,
20230921,4,10.52,29848.3,32951.5,
20230921,4,10.58,29956.7,32951.0,
20230921,4,10.69,29956.7,32801.2,
20230921,4,10.92,29956.7,32771.2,
20230921,4,10.93,29956.7,32770.6,
20230921,4,10.98,29956.7,32718.3,
20230921,4,11.00,29956.7,32668.3,
20230921,4,11.02,29956.7,32548.5,
20230921,4,11.06,29967.0,32548.3,
20230921,4,11.13,30075.2,32548.3,
20230921,4,11.14,30084.2,32548.3,
20230921,4,11.17,30084.2,32548.3,
20230921,4,11.19,30084.2,32513.3,
20230921,4,11.20,30084.2,32410.5,
20230921,4,11.33,30084.2,32385.6,
20230921,4,11.35,30087.8,32385.1,
20230921,4,11.40,30087.8,32385.1,
20230921,4,11.50,30087.8,32234.1,
20230921,4,11.60,30087.8,32183.8,
20230921,4,11.64,30087.8,32018.8,
20230921,4,11.66,30087.8,31818.8,
20230921,4,11.67,30087.8,31763.8,
20230921,4,11.73,30087.8,31612.8,
20230921,4,11.74,30087.8,31611.6,
20230921,4,11.80,30087.8,31411.6,
20230921,4,11.81,30087.8,31411.5,
20230921,4,11.88,30087.8,31211.5,
20230921,4,11.95,30087.8,31011.5,
20230921,4,11.98,30087.8,30807.8,
20230921,4,12.00,30117.8,30786.8,
20230921,4,12.02,30117.8,30783.0,
20230921,4,12.07,30117.8,30583.0,
20230921,4,12.11,30117.8,30582.8,
20230921,4,12.12,30117.8,30568.4,
20230921,4,12.20,30117.8,30368.4,
20230921,4,12.21,30120.6,30168.4,
20230921,4,12.32,30120.6,30168.4,
20230921,4,12.49,30120.6,29968.4,
20230921,4,12.50,30158.6,29554.8,
20230921,4,12.63,30158.6,29554.7,
20230921,4,12.66,30158.6,29214.7,
20230921,4,12.68,30158.6,29156.7,
20230921,4,12.73,30158.6,29135.3,
20230921,4,12.74,30158.6,29126.0,
20230921,4,12.84,30160.1,29113.0,
20230921,4,12.85,30360.1,29113.0,
20230921,4,13.00,30502.2,29113.0,
20230921,4,13.01,30502.2,29102.7,
20230921,4,13.02,30504.4,29101.8,
20230921,4,13.04,30504.4,29101.8,
20230921,4,13.05,30504.4,29093.1,
20230921,4,13.08,30504.4,29059.4,
20230921,4,13.13,30504.4,29046.3,
20230921,4,13.16,30504.4,29046.1,
20230921,4,13.17,30504.4,28989.3,
20230921,4,13.18,30504.4,28914.3,
20230921,4,13.20,30504.4,28914.2,
20230921,4,13.24,30504.9,28914.1,
20230921,4,13.39,30504.9,28914.1,
20230921,4,13.40,30504.9,28814.1,
20230921,4,13.43,30504.9,28812.1,
20230921,4,13.50,30514.9,28799.1,
20230921,4,13.51,30515.3,28796.5,
20230921,4,13.64,30515.3,28796.5,
20230921,4,13.65,30515.8,28795.6,
20230921,4,13.66,30535.8,28795.6,
20230921,4,13.74,30535.8,28795.6,
20230921,4,13.77,30535.8,28795.1,
20230921,4,13.78,30535.8,28778.0,
20230921,4,13.95,30535.8,28777.4,
20230921,4,13.97,30535.8,28769.6,
20230921,4,14.00,30535.8,28769.4,
20230921,4,14.02,30535.8,28608.2,
20230921,4,14.05,30536.3,28525.2,
20230921,4,14.10,30536.3,28525.2,
20230921,4,14.18,30536.3,28524.6,
20230921,4,14.30,30538.8,28524.4,
20230921,4,14.34,30538.8,28523.0,
20230921,4,14.46,30539.3,28463.0,
20230921,4,14.50,30539.3,28463.0,
20230921,4,14.53,30539.3,28461.3,
20230921,4,14.55,30539.3,27951.3,
20230921,4,14.61,30539.3,27950.8,
20230921,4,14.67,30539.3,27946.1,
20230921,4,14.78,30539.3,27936.1,
20230921,4,14.83,30539.3,27792.1,
20230921,4,14.86,30539.8,27792.0,
20230921,4,14.89,30539.8,27792.0,
20230921,4,14.92,30539.8,27785.9,
20230921,4,14.99,30539.8,27785.8,
20230921,4,15.00,30539.8,27785.7,
20230921,4,15.01,30539.8,27781.5,
20230921,4,15.17,30635.8,27780.6,
20230921,4,15.20,30635.8,27780.6,
20230921,4,15.22,30635.8,27780.5,
20230921,4,15.23,30635.8,27765.8,
20230921,4,15.32,30635.8,27765.6,
20230921,4,15.50,30635.8,27553.6,
20230921,4,15.57,30635.8,27553.4,
20230921,4,15.58,30635.8,27527.4,
20230921,4,15.60,30699.8,27526.8,
20230921,4,15.65,30699.8,27526.8,
20230921,4,15.66,30747.6,27516.8,
20230921,4,15.67,30747.6,27516.8,
20230921,4,15.68,30747.6,27390.8,
20230921,4,15.72,30811.6,27383.9,
20230921,4,15.80,30811.6,27383.9,
20230921,4,15.83,30875.6,27383.6,
20230921,4,15.90,30882.6,27383.6,
20230921,4,15.91,30882.6,27383.6,
20230921,4,15.96,30882.6,27383.4,
20230921,4,15.98,30946.6,27330.6,
20230921,4,16.00,30947.6,27330.6,
20230921,4,16.01,30947.6,27217.2,
20230921,4,16.05,30947.6,27212.7,
20230921,4,16.08,30947.6,27204.5,
20230921,4,16.10,30948.6,27204.1,
20230921,4,16.12,31012.6,27202.4,
20230921,4,16.14,31012.6,27202.4,
20230921,4,16.20,31013.6,27199.4,
20230921,4,16.26,31063.6,27199.4,
20230921,4,16.27,31127.6,27199.4,
20230921,4,16.29,31127.6,27199.4,
20230921,4,16.30,31178.6,27198.5,
20230921,4,16.37,31242.6,27198.5,
20230921,4,16.40,31242.6,27198.5,
20230921,4,16.47,31306.6,27191.9,
20230921,4,16.57,31370.6,27191.9,
20230921,4,16.65,31370.6,27191.9,
20230921,4,16.75,31434.6,27191.6,
20230921,4,16.78,31434.6,27191.6,
20230921,4,16.83,31434.6,27115.6,
20230921,4,16.85,31498.6,27114.6,
20230921,4,16.99,31498.6,27114.6,
20230921,4,17.00,31498.6,27114.5,
20230921,4,17.03,31562.6,27092.0,
20230921,4,17.08,31626.6,27092.0,
20230921,4,17.09,31626.6,27092.0,
20230921,4,17.11,31626.6,27091.5,
20230921,4,17.16,31645.4,27039.5,
20230921,4,17.17,31685.2,27029.5,
20230921,4,17.18,31685.2,27029.5,
20230921,4,17.20,31685.2,26983.3,
20230921,4,17.25,31685.2,26982.6,
20230921,4,17.26,31685.2,26982.2,
20230921,4,17.34,31685.2,26981.2,
20230921,4,17.36,31685.2,26951.2,
20230921,4,17.39,31685.2,26907.2,
20230921,4,17.45,31685.2,26904.4,
20230921,4,17.49,31685.2,26904.2,
20230921,4,17.50,31685.2,26874.2,
20230921,4,17.64,31685.2,26872.5,
20230921,4,17.65,31760.2,26842.5,
20230921,4,17.79,31760.2,26842.5,
20230921,4,17.94,31760.2,26812.5,
20230921,4,17.95,31760.2,26648.5,
20230921,4,18.00,31760.2,26618.5,
20230921,4,18.03,31760.2,26618.3,
20230921,4,18.06,31760.2,26618.2,
20230921,4,18.10,31760.2,26524.2,
20230921,4,18.25,31760.2,26494.2,
20230921,4,18.30,31760.2,26464.2,
20230921,4,18.34,31760.2,26464.1,
20230921,4,18.62,31760.2,26450.8,
20230921,4,18.64,31760.2,26441.0,
20230921,4,18.81,31760.2,26439.5,
20230921,4,18.86,31760.2,26317.5,
20230921,4,19.00,31760.2,26016.5,
20230921,4,19.03,31776.2,26015.9,
20230921,4,19.18,31776.3,26015.9,
20230921,4,19.50,31776.3,26015.9,
20230921,4,19.54,31776.3,26013.2,
20230921,4,19.61,31776.3,25906.0,
20230921,4,19.70,31776.3,25863.7,
20230921,4,19.71,31985.3,25860.8,
20230921,4,19.73,31985.3,25860.8,
20230921,4,19.89,31985.3,25856.4,
20230921,4,19.92,31985.3,25855.0,
20230921,4,20.00,31985.3,25853.3,
20230921,4,20.11,31996.8,25781.3,
20230921,4,20.44,31996.8,25781.3,
20230921,4,20.61,31996.8,25780.7,
20230921,4,21.00,31996.8,25780.1,
20230921,4,21.12,31996.8,25780.0,
20230921,4,21.14,31996.8,24390.0,
20230921,4,21.65,31996.8,24389.7,
20230921,4,21.83,31996.8,24386.2,
20230921,4,22.28,32046.8,24377.2,
20230921,4,22.68,32046.8,24377.2,
20230921,4,22.89,32046.8,24376.7,
20230921,4,22.94,32046.8,24376.0,
20230921,4,23.00,32059.8,24375.7,
20230921,4,23.03,32059.8,24374.3,
20230921,4,23.45,32059.8,24374.2,
20230921,4,23.57,32059.8,24369.8,
20230921,4,23.61,32059.8,24164.8,
20230921,4,23.79,32059.8,24164.3,
20230921,4,23.84,32059.8,24164.2,
20230921,4,24.03,32059.8,24163.6,
20230921,4,24.44,32059.8,24159.1,
20230921,4,25.00,32059.8,24157.2,
20230921,4,25.94,32059.8,24156.6,
20230921,4,26.97,32059.8,24152.1,
20230921,4,27.00,32059.8,24147.7,
20230921,4,27.01,32059.8,24102.4,
20230921,4,27.18,32059.8,24091.4,
20230921,4,29.10,32059.8,24086.1,
20230921,4,29.97,32059.8,24085.6,
20230921,4,30.00,32059.8,24082.9,
20230921,4,30.36,32059.8,24054.0,
20230921,4,30.56,32059.8,24040.9,
20230921,4,32.00,32059.8,24040.0,
20230921,4,32.70,32060.7,23912.0,
20230921,4,33.03,32060.7,23912.0,
20230921,4,34.00,32060.7,23911.8,
20230921,4,35.00,32060.7,23895.7,
20230921,4,36.00,32060.7,23870.5,
20230921,4,36.35,32060.7,23855.3,
20230921,4,39.98,32120.7,23836.3,
20230921,4,40.00,32120.7,23836.3,
20230921,4,40.01,32120.7,23803.7,
20230921,4,40.50,32120.7,23803.6,
20230921,4,41.61,32120.7,23803.5,
20230921,4,41.87,32120.7,23786.7,
20230921,4,42.87,32120.7,23675.6,
20230921,4,44.50,32120.7,23665.4,
20230921,4,45.00,32120.7,23665.1,
20230921,4,45.01,32120.7,23609.6,
20230921,4,45.12,32120.7,23569.1,
20230921,4,50.00,32120.7,23568.6,
20230921,4,50.01,32121.8,23507.0,
20230921,4,50.12,32121.8,23507.0,
20230921,4,50.90,32121.8,23505.7,
20230921,4,60.00,32121.8,23504.9,
20230921,4,61.00,32121.8,23448.9,
20230921,4,62.00,32121.8,23438.7,
20230921,4,67.94,32121.8,23400.6,
20230921,4,70.00,32121.8,23374.3,
20230921,4,77.80,32121.8,23289.6,
20230921,4,79.90,32121.8,23258.1,
20230921,4,79.98,32141.8,23256.9,
20230921,4,80.00,32141.8,23256.9,
20230921,4,80.01,32141.8,22936.2,
20230921,4,80.02,32141.8,22721.4,
20230921,4,80.10,32141.8,22716.4,
20230921,4,80.20,32141.8,22708.1,
20230921,4,80.21,32161.7,22700.0,
20230921,4,80.50,32161.7,22700.0,
20230921,4,81.00,32161.7,22699.8,
20230921,4,82.01,32161.7,22628.7,
20230921,4,85.00,32161.7,22566.3,
20230921,4,90.00,32161.7,22554.9,
20230921,4,99.90,32161.7,22529.7,
20230921,4,100.00,32161.7,22529.5,
20230921,4,100.01,32173.1,21000.7,
20230921,4,101.00,32173.1,21000.7,
20230921,4,102.00,32173.1,20854.8,
20230921,4,105.00,32173.1,20792.6,
20230921,4,120.10,32173.1,20792.5,
20230921,4,130.00,32173.1,20753.8,
20230921,4,138.00,32173.1,20749.6,
20230921,4,150.00,32173.1,20668.8,
20230921,4,190.00,32173.1,20666.2,
20230921,4,200.00,32173.1,20665.4,
20230921,4,200.01,32173.1,19363.8,
20230921,4,200.10,32173.1,17985.8,
20230921,4,200.50,32173.1,17957.4,
20230921,4,200.98,32173.1,17952.1,
20230921,4,200.99,32173.1,17952.0,
20230921,4,201.00,32173.1,17951.9,
20230921,4,210.00,32173.1,17878.8,
20230921,4,250.00,32173.1,17684.1,
20230921,4,300.00,32173.1,17508.4,
20230921,4,500.00,32173.1,16984.5,
20230921,4,548.66,32173.1,16982.5,
20230921,4,550.02,32173.1,16932.1,
20230921,4,999.00,32173.1,16726.9,
20230921,4,999.99,32173.1,0.0,
20230921,5,0.00,0.0,37081.0,
20230921,5,0.00,10943.0,37081.0,
20230921,5,0.01,28251.6,37081.0,
20230921,5,0.02,28443.1,37078.9,
20230921,5,0.03,28443.1,37066.5,
20230921,5,0.04,28466.1,37040.5,
20230921,5,0.10,28466.1,37040.5,
20230921,5,0.20,28466.1,36920.4,
20230921,5,0.30,28466.1,36845.4,
20230921,5,0.62,28466.1,36841.4,
20230921,5,1.00,29078.1,36761.4,
20230921,5,1.01,29078.1,36598.5,
20230921,5,1.12,29078.1,36568.5,
20230921,5,1.19,29219.8,36538.5,
20230921,5,1.65,29226.4,36538.5,
20230921,5,2.00,29227.4,36538.5,
20230921,5,2.01,29227.4,36538.5,
20230921,5,2.10,29227.4,36498.5,
20230921,5,2.12,29227.4,36492.5,
20230921,5,2.15,29342.8,36432.5,
20230921,5,2.44,29348.8,36432.5,
20230921,5,2.63,29350.4,36432.5,
20230921,5,3.00,29355.5,36432.5,
20230921,5,3.01,29355.5,36372.4,
20230921,5,3.12,29355.5,36322.4,
20230921,5,3.30,29364.6,36232.4,
20230921,5,3.69,29370.6,36232.4,
20230921,5,4.00,29370.6,36232.4,
20230921,5,4.01,29370.9,36230.9,
20230921,5,4.08,29371.5,36230.9,
20230921,5,4.65,29374.1,36230.9,
20230921,5,4.94,29389.3,36230.9,
20230921,5,5.00,29557.0,36230.9,
20230921,5,5.01,29557.0,35950.8,
20230921,5,5.04,29557.0,35880.8,
20230921,5,5.12,29557.0,35180.8,
20230921,5,5.26,29558.5,35120.8,
20230921,5,5.50,29558.6,35120.8,
20230921,5,6.00,29598.3,35120.8,
20230921,5,6.01,29598.3,35052.9,
20230921,5,6.02,29605.6,35050.9,
20230921,5,6.19,29611.9,35050.9,
20230921,5,6.26,29611.9,35050.9,
20230921,5,6.50,29621.9,35043.3,
20230921,5,6.59,29631.0,35043.3,
20230921,5,6.69,29631.0,35043.3,
20230921,5,6.94,29642.5,35037.1,
20230921,5,7.00,29682.1,35037.1,
20230921,5,7.01,29682.1,35037.0,
20230921,5,7.12,29682.1,34923.8,
20230921,5,7.28,29682.1,34863.8,
20230921,5,7.44,29690.1,34853.8,
20230921,5,7.47,29690.1,34853.8,
20230921,5,7.50,29730.1,34737.8,
20230921,5,7.58,29730.3,34737.8,
20230921,5,7.88,29731.8,34737.8,
20230921,5,7.90,29731.8,34737.8,
20230921,5,8.00,29761.1,34730.5,
20230921,5,8.02,29772.0,34636.6,
20230921,5,8.06,29772.0,34636.6,
20230921,5,8.23,29781.0,34606.6,
20230921,5,8.39,29784.1,34606.6,
20230921,5,8.50,29785.4,34606.6,
20230921,5,8.55,29788.4,34596.6,
20230921,5,8.59,29788.4,34596.6,
20230921,5,8.69,29796.8,34595.5,
20230921,5,8.70,29799.9,34595.5,
20230921,5,8.86,29802.9,34595.5,
20230921,5,9.00,29802.9,34595.5,
20230921,5,9.01,29810.0,34588.8,
20230921,5,9.02,29812.9,34588.8,
20230921,5,9.09,29812.9,34588.3,
20230921,5,9.23,29812.9,34431.3,
20230921,5,9.28,29812.9,34284.3,
20230921,5,9.29,29812.9,34264.3,
20230921,5,9.46,29812.9,34263.7,
20230921,5,9.48,29812.9,34233.7,
20230921,5,9.50,29812.9,34220.7,
20230921,5,9.55,29812.9,34073.7,
20230921,5,9.60,29812.9,34073.2,
20230921,5,9.66,29812.9,34019.2,
20230921,5,9.67,29812.9,33850.8,
20230921,5,9.79,29812.9,33829.6,
20230921,5,9.80,29812.9,33823.6,
20230921,5,9.81,29812.9,33773.6,
20230921,5,9.82,29812.9,33722.4,
20230921,5,9.94,29821.9,33662.4,
20230921,5,10.00,29912.7,33662.4,
20230921,5,10.05,29935.8,33415.9,
20230921,5,10.06,29935.8,33415.9,
20230921,5,10.17,29935.8,33385.9,
20230921,5,10.20,29935.8,33355.9,
20230921,5,10.21,29935.8,33231.9,
20230921,5,10.22,29935.8,33199.9,
20230921,5,10.23,29935.8,33149.9,
20230921,5,10.30,29936.6,33099.9,
20230921,5,10.38,29936.6,33099.9,
20230921,5,10.46,29936.6,32975.9,
20230921,5,10.50,29938.2,32851.9,
20230921,5,10.51,29938.2,32851.9,
20230921,5,10.65,29946.1,32727.9,
20230921,5,10.93,29946.1,32727.9,
20230921,5,10.96,29946.1,32725.6,
20230921,5,10.99,29946.1,32675.6,
20230921,5,11.00,29946.1,32625.6,
20230921,5,11.06,29955.9,32505.8,
20230921,5,11.13,30006.2,32505.8,
20230921,5,11.19,30015.2,32505.8,
20230921,5,11.20,30015.2,32403.1,
20230921,5,11.28,30015.2,32379.3,
20230921,5,11.35,30018.6,32349.3,
20230921,5,11.40,30018.6,32349.3,
20230921,5,11.46,30018.6,32198.3,
20230921,5,11.50,30018.6,32163.3,
20230921,5,11.58,30018.6,32113.0,
20230921,5,11.60,30018.6,31913.0,
20230921,5,11.67,30018.6,31748.0,
20230921,5,11.75,30018.6,31397.0,
20230921,5,11.80,30018.6,31197.0,
20230921,5,11.84,30018.6,31196.9,
20230921,5,11.90,30018.6,30996.9,
20230921,5,11.95,30018.6,30796.9,
20230921,5,11.97,30018.6,30792.2,
20230921,5,11.98,30018.6,30592.2,
20230921,5,12.00,30048.6,30572.2,
20230921,5,12.04,30048.6,30568.4,
20230921,5,12.06,30048.6,30368.4,
20230921,5,12.13,30048.6,30313.4,
20230921,5,12.18,30048.6,30113.4,
20230921,5,12.21,30051.4,30112.9,
20230921,5,12.23,30051.4,30112.3,
20230921,5,12.26,30109.2,29912.3,
20230921,5,12.35,30109.2,29912.1,
20230921,5,12.39,30109.2,29712.1,
20230921,5,12.48,30111.7,29707.9,
20230921,5,12.50,30149.7,29707.9,
20230921,5,12.53,30149.7,29707.8,
20230921,5,12.63,30149.7,29497.4,
20230921,5,12.65,30149.7,29217.4,
20230921,5,12.66,30149.7,29204.4,
20230921,5,12.68,30149.7,29146.4,
20230921,5,12.79,30149.7,29125.8,
20230921,5,12.85,30349.7,29116.9,
20230921,5,12.90,30413.7,29116.9,
20230921,5,12.98,30413.7,29116.9,
20230921,5,13.00,30477.4,29063.0,
20230921,5,13.01,30477.4,28984.0,
20230921,5,13.02,30479.6,28983.1,
20230921,5,13.04,30479.6,28983.1,
20230921,5,13.05,30479.6,28974.4,
20230921,5,13.12,30481.1,28940.7,
20230921,5,13.18,30481.1,28940.7,
20230921,5,13.20,30481.1,28940.6,
20230921,5,13.32,30481.1,28940.5,
20230921,5,13.36,30545.1,28940.3,
20230921,5,13.39,30545.1,28940.3,
20230921,5,13.46,30545.1,28840.3,
20230921,5,13.50,30555.1,28765.3,
20230921,5,13.51,30555.5,28762.7,
20230921,5,13.69,30555.5,28762.7,
20230921,5,13.73,30558.0,28748.7,
20230921,5,13.87,30558.5,28748.7,
20230921,5,13.95,30558.5,28748.7,
20230921,5,14.00,30558.5,28741.1,
20230921,5,14.02,30558.5,28579.2,
20230921,5,14.06,30578.5,28496.2,
20230921,5,14.10,30578.5,28496.2,
20230921,5,14.26,30578.5,28495.6,
20230921,5,14.30,30578.5,28495.4,
20230921,5,14.35,30578.5,28494.0,
20230921,5,14.38,30578.5,28492.0,
20230921,5,14.44,30578.5,28491.8,
20230921,5,14.50,30578.5,28440.8,
20230921,5,14.53,30578.5,28440.0,
20230921,5,14.55,30578.5,27930.0,
20230921,5,14.61,30579.0,27929.4,
20230921,5,14.62,30579.0,27929.4,
20230921,5,14.67,30579.0,27924.8,
20230921,5,14.74,30579.0,27914.8,
20230921,5,14.82,30579.0,27901.8,
20230921,5,14.83,30579.0,27757.8,
20230921,5,14.94,30579.0,27757.7,
20230921,5,14.98,30579.0,27752.1,
20230921,5,14.99,30579.0,27752.0,
20230921,5,15.00,30579.0,27751.9,
20230921,5,15.01,30579.0,27747.7,
20230921,5,15.03,30579.0,27746.8,
20230921,5,15.17,30675.0,27746.7,
20230921,5,15.20,30675.0,27746.7,
20230921,5,15.22,30675.0,27746.6,
20230921,5,15.35,30675.5,27731.6,
20230921,5,15.36,30675.5,27731.6,
20230921,5,15.44,30675.5,27519.6,
20230921,5,15.50,30675.5,27519.4,
20230921,5,15.53,30675.5,27519.2,
20230921,5,15.54,30739.5,27512.6,
20230921,5,15.57,30739.5,27512.6,
20230921,5,15.58,30739.5,27486.6,
20230921,5,15.65,30803.5,27486.0,
20230921,5,15.67,30803.5,27486.0,
20230921,5,15.78,30803.5,27460.0,
20230921,5,15.80,30803.5,27447.7,
20230921,5,15.83,30867.5,27447.4,
20230921,5,15.90,30874.5,27447.4,
20230921,5,15.91,30874.5,27447.4,
20230921,5,15.96,30874.5,27447.2,
20230921,5,15.98,30938.5,27400.3,
20230921,5,16.00,30939.5,27400.3,
20230921,5,16.05,30939.5,27290.6,
20230921,5,16.06,30987.3,27272.4,
20230921,5,16.09,30987.8,27272.4,
20230921,5,16.10,30988.8,27272.4,
20230921,5,16.11,30988.8,27270.7,
20230921,5,16.12,31052.8,27270.2,
20230921,5,16.19,31102.8,27270.2,
20230921,5,16.20,31103.8,27267.2,
20230921,5,16.21,31153.8,27266.5,
20230921,5,16.27,31281.8,27266.5,
20230921,5,16.30,31282.8,27266.5,
20230921,5,16.40,31282.8,27266.5,
20230921,5,16.47,31346.8,27260.2,
20230921,5,16.50,31346.8,27260.2,
20230921,5,16.57,31410.8,27259.3,
20230921,5,16.66,31474.8,27259.3,
20230921,5,16.75,31474.8,27259.0,
20230921,5,16.80,31474.8,27258.1,
20230921,5,16.84,31475.3,27181.1,
20230921,5,16.85,31539.3,27181.1,
20230921,5,16.94,31603.3,27181.1,
20230921,5,16.99,31603.3,27181.1,
20230921,5,17.00,31603.3,27181.0,
20230921,5,17.03,31667.3,27159.5,
20230921,5,17.11,31667.3,27159.5,
20230921,5,17.16,31715.0,27107.5,
20230921,5,17.18,31715.0,27107.5,
20230921,5,17.25,31715.0,27061.3,
20230921,5,17.34,31715.0,27060.8,
20230921,5,17.38,31715.0,27030.8,
20230921,5,17.39,31715.0,26986.8,
20230921,5,17.44,31715.0,26985.8,
20230921,5,17.45,31715.0,26983.0,
20230921,5,17.46,31754.8,26972.8,
20230921,5,17.49,31754.8,26972.8,
20230921,5,17.50,31754.8,26942.8,
20230921,5,17.62,31754.8,26942.7,
20230921,5,17.64,31754.8,26938.2,
20230921,5,17.65,31829.8,26908.2,
20230921,5,17.79,31829.8,26908.2,
20230921,5,17.93,31829.8,26878.2,
20230921,5,17.95,31829.8,26706.2,
20230921,5,18.00,31829.8,26676.2,
20230921,5,18.03,31829.8,26676.0,
20230921,5,18.06,31829.8,26675.9,
20230921,5,18.10,31829.8,26589.9,
20230921,5,18.16,31829.8,26559.9,
20230921,5,18.25,31829.8,26546.7,
20230921,5,18.30,31829.8,26516.7,
20230921,5,18.50,31829.8,26516.6,
20230921,5,18.62,31829.8,26515.0,
20230921,5,18.69,31829.8,26505.2,
20230921,5,18.81,31829.8,26503.8,
20230921,5,18.87,31829.8,26381.8,
20230921,5,18.99,31859.8,26080.8,
20230921,5,19.00,31859.8,26080.8,
20230921,5,19.03,31867.8,26080.2,
20230921,5,19.47,31867.9,26080.2,
20230921,5,19.49,31867.9,26080.2,
20230921,5,19.54,31867.9,26077.6,
20230921,5,19.62,31867.9,25983.4,
20230921,5,19.71,32076.9,25941.1,
20230921,5,19.94,32076.9,25941.1,
20230921,5,19.98,32076.9,25940.3,
20230921,5,20.00,32076.9,25939.8,
20230921,5,20.03,32076.9,25873.4,
20230921,5,20.05,32076.9,25871.7,
20230921,5,20.11,32088.4,25871.1,
20230921,5,20.20,32088.4,25871.1,
20230921,5,20.69,32088.4,25870.5,
20230921,5,21.00,32088.4,25866.1,
20230921,5,21.12,32088.4,25866.0,
20230921,5,21.66,32088.4,24476.0,
20230921,5,21.75,32088.4,24472.7,
20230921,5,22.28,32138.4,24463.8,
20230921,5,22.68,32138.4,24463.8,
20230921,5,22.86,32138.4,24463.3,
20230921,5,22.94,32138.4,24462.6,
20230921,5,23.00,32151.4,24462.3,
20230921,5,23.03,32151.4,24461.2,
20230921,5,23.75,32151.4,24461.1,
20230921,5,23.76,32151.4,24456.7,
20230921,5,23.77,32151.4,24243.7,
20230921,5,23.97,32151.4,24243.3,
20230921,5,24.19,32151.4,24242.7,
20230921,5,24.75,32151.4,24238.4,
20230921,5,25.00,32151.4,24236.5,
20230921,5,25.80,32151.4,24235.9,
20230921,5,26.65,32151.4,24231.4,
20230921,5,26.82,32151.4,24227.0,
20230921,5,27.00,32151.4,24222.4,
20230921,5,27.01,32151.4,24180.1,
20230921,5,29.10,32151.4,24168.6,
20230921,5,29.97,32151.4,24168.1,
20230921,5,30.00,32151.4,24159.9,
20230921,5,30.36,32151.4,24132.2,
20230921,5,30.56,32151.4,24119.1,
20230921,5,32.00,32151.4,24118.2,
20230921,5,32.70,32152.3,23992.1,
20230921,5,33.03,32152.3,23992.1,
20230921,5,34.00,32152.3,23991.9,
20230921,5,35.00,32152.3,23976.2,
20230921,5,35.50,32152.3,23952.3,
20230921,5,36.00,32152.3,23952.2,
20230921,5,36.88,32152.3,23938.6,
20230921,5,39.50,32152.3,23920.2,
20230921,5,39.98,32212.3,23919.9,
20230921,5,40.00,32212.3,23919.9,
20230921,5,40.01,32212.3,23889.1,
20230921,5,41.34,32212.3,23889.0,
20230921,5,41.87,32212.3,23872.3,
20230921,5,42.57,32212.3,23804.8,
20230921,5,45.00,32212.3,23794.0,
20230921,5,45.01,32212.3,23737.9,
20230921,5,45.12,32212.3,23735.0,
20230921,5,50.00,32212.3,23734.6,
20230921,5,50.01,32213.4,23632.5,
20230921,5,50.12,32213.4,23632.5,
20230921,5,50.90,32213.4,23631.3,
20230921,5,60.00,32213.4,23630.5,
20230921,5,61.00,32213.4,23575.1,
20230921,5,62.00,32213.4,23565.0,
20230921,5,67.94,32213.4,23527.1,
20230921,5,70.00,32213.4,23501.6,
20230921,5,77.80,32213.4,23418.8,
20230921,5,79.90,32213.4,23390.3,
20230921,5,79.98,32233.4,23389.3,
20230921,5,80.00,32233.4,23389.3,
20230921,5,80.01,32233.4,23080.1,
20230921,5,80.02,32233.4,22870.4,
20230921,5,80.10,32233.4,22865.4,
20230921,5,80.20,32233.4,22857.1,
20230921,5,80.21,32253.3,22849.0,
20230921,5,80.50,32253.3,22849.0,
20230921,5,81.00,32253.3,22848.8,
20230921,5,82.01,32253.3,22792.1,
20230921,5,85.00,32253.3,22733.7,
20230921,5,90.00,32253.3,22722.5,
20230921,5,99.90,32253.3,22698.0,
20230921,5,100.00,32253.3,22697.8,
20230921,5,100.01,32264.7,21417.5,
20230921,5,101.00,32264.7,21417.5,
20230921,5,102.00,32264.7,21271.6,
20230921,5,105.00,32264.7,21210.7,
20230921,5,120.10,32264.7,21210.6,
20230921,5,130.00,32264.7,21172.8,
20230921,5,138.00,32264.7,21168.8,
20230921,5,150.00,32264.7,21088.0,
20230921,5,190.00,32264.7,21085.4,
20230921,5,200.00,32264.7,21084.6,
20230921,5,200.01,32264.7,19787.7,
20230921,5,200.10,32264.7,18417.7,
20230921,5,200.50,32264.7,18388.9,
20230921,5,200.98,32264.7,18383.6,
20230921,5,200.99,32264.7,18383.5,
20230921,5,201.00,32264.7,18383.4,
20230921,5,210.00,32264.7,18311.3,
20230921,5,250.00,32264.7,18118.4,
20230921,5,300.00,32264.7,17943.5,
20230921,5,500.00,32264.7,17419.5,
20230921,5,548.66,32264.7,17417.5,
20230921,5,550.02,32264.7,17367.1,
20230921,5,999.00,32264.7,17161.9,
20230921,5,999.99,32264.7,0.0,
20230921,6,0.00,0.0,37012.0,
20230921,6,0.00,10948.7,37012.0,
20230921,6,0.01,28267.1,37012.0,
20230921,6,0.02,28460.4,37010.0,
20230921,6,0.03,28460.4,36997.6,
20230921,6,0.04,28480.9,36972.1,
20230921,6,0.10,28480.9,36972.1,
20230921,6,0.20,28480.9,36852.0,
20230921,6,0.30,28480.9,36777.0,
20230921,6,0.62,28480.9,36773.0,
20230921,6,1.00,29109.2,36693.0,
20230921,6,1.01,29109.2,36530.5,
20230921,6,1.12,29109.2,36500.5,
20230921,6,1.19,29268.0,36470.5,
20230921,6,1.86,29274.2,36470.5,
20230921,6,2.00,29275.2,36470.5,
20230921,6,2.01,29275.2,36470.5,
20230921,6,2.10,29275.2,36430.5,
20230921,6,2.12,29275.2,36424.5,
20230921,6,2.15,29390.6,36364.5,
20230921,6,2.44,29396.6,36364.5,
20230921,6,2.63,29398.2,36364.5,
20230921,6,3.00,29403.7,36364.5,
20230921,6,3.01,29403.7,36304.4,
20230921,6,3.12,29403.7,36254.4,
20230921,6,3.69,29409.7,36164.4,
20230921,6,3.72,29418.8,36164.4,
20230921,6,4.00,29418.8,36164.4,
20230921,6,4.01,29419.2,36163.0,
20230921,6,4.41,29419.2,36163.0,
20230921,6,4.42,29419.8,36156.9,
20230921,6,4.65,29422.6,36156.9,
20230921,6,4.94,29428.6,36156.9,
20230921,6,5.00,29597.9,36156.9,
20230921,6,5.01,29597.9,35877.7,
20230921,6,5.04,29597.9,35807.7,
20230921,6,5.12,29597.9,35107.7,
20230921,6,5.25,29599.4,35047.7,
20230921,6,5.50,29599.5,35047.7,
20230921,6,5.57,29608.7,35047.7,
20230921,6,6.00,29649.3,35047.7,
20230921,6,6.01,29649.3,34981.4,
20230921,6,6.02,29656.4,34979.4,
20230921,6,6.19,29662.7,34979.4,
20230921,6,6.26,29662.7,34979.4,
20230921,6,6.29,29662.9,34971.8,
20230921,6,6.50,29672.9,34971.8,
20230921,6,6.94,29684.6,34971.8,
20230921,6,7.00,29725.2,34971.8,
20230921,6,7.01,29725.2,34971.7,
20230921,6,7.12,29725.2,34859.2,
20230921,6,7.38,29725.2,34799.2,
20230921,6,7.43,29734.3,34789.2,
20230921,6,7.44,29742.3,34789.2,
20230921,6,7.47,29742.3,34789.2,
20230921,6,7.50,29782.3,34673.2,
20230921,6,7.88,29783.8,34673.2,
20230921,6,7.89,29783.8,34673.2,
20230921,6,7.90,29783.8,34643.2,
20230921,6,8.00,29812.9,34635.7,
20230921,6,8.02,29823.6,34541.8,
20230921,6,8.50,29824.9,34541.8,
20230921,6,8.59,29824.9,34531.8,
20230921,6,8.69,29833.3,34530.7,
20230921,6,8.93,29840.5,34530.7,
20230921,6,9.00,29840.5,34530.7,
20230921,6,9.09,29840.5,34524.0,
20230921,6,9.23,29840.5,34367.0,
20230921,6,9.28,29849.5,34220.0,
20230921,6,9.35,29852.6,34220.0,
20230921,6,9.38,29852.6,34220.0,
20230921,6,9.42,29855.6,34200.0,
20230921,6,9.47,29863.5,34200.0,
20230921,6,9.48,29863.5,34200.0,
20230921,6,9.49,29866.6,34187.0,
20230921,6,9.50,29866.6,34187.0,
20230921,6,9.54,29866.6,34039.9,
20230921,6,9.55,29869.6,34009.9,
20230921,6,9.60,29869.6,34009.9,
20230921,6,9.62,29872.5,33955.9,
20230921,6,9.66,29872.5,33955.4,
20230921,6,9.67,29872.5,33787.0,
20230921,6,9.74,29872.5,33765.8,
20230921,6,9.79,29872.5,33765.2,
20230921,6,9.80,29872.5,33759.2,
20230921,6,9.81,29872.5,33709.2,
20230921,6,9.82,29872.5,33659.2,
20230921,6,9.85,29872.5,33599.2,
20230921,6,9.89,29872.5,33598.7,
20230921,6,9.94,29881.5,33568.7,
20230921,6,9.97,29881.5,33568.7,
20230921,6,10.00,29973.7,33567.5,
20230921,6,10.05,29996.8,33475.9,
20230921,6,10.17,29996.8,33475.9,
20230921,6,10.19,29996.8,33445.9,
20230921,6,10.20,29996.8,33291.1,
20230921,6,10.21,29996.8,33167.1,
20230921,6,10.22,29996.8,33135.1,
20230921,6,10.23,29996.8,33085.1,
20230921,6,10.30,29997.6,33035.1,
20230921,6,10.38,29997.6,33035.1,
20230921,6,10.46,29997.6,32911.1,
20230921,6,10.50,29999.2,32787.1,
20230921,6,10.51,29999.2,32787.1,
20230921,6,10.58,30232.8,32663.1,
20230921,6,10.96,30232.8,32640.6,
20230921,6,10.99,30232.8,32590.6,
20230921,6,11.00,30232.8,32540.6,
20230921,6,11.06,30242.4,32420.8,
20230921,6,11.13,30292.8,32418.6,
20230921,6,11.16,30292.8,32418.6,
20230921,6,11.19,30301.8,32418.4,
20230921,6,11.20,30326.9,32340.8,
20230921,6,11.35,30330.2,32318.1,
20230921,6,11.38,30330.2,32318.1,
20230921,6,11.40,30330.2,32288.1,
20230921,6,11.50,30330.2,32137.1,
20230921,6,11.54,30330.2,32086.8,
20230921,6,11.59,30330.2,32051.8,
20230921,6,11.61,30330.2,31851.8,
20230921,6,11.67,30330.2,31686.8,
20230921,6,11.69,30330.2,31535.8,
20230921,6,11.76,30330.2,31335.8,
20230921,6,11.80,30330.2,31135.8,
20230921,6,11.85,30330.2,31135.7,
20230921,6,11.89,30330.2,30935.7,
20230921,6,11.91,30330.2,30880.7,
20230921,6,11.95,30330.2,30680.7,
20230921,6,11.98,30330.2,30680.0,
20230921,6,12.00,30360.2,30460.0,
20230921,6,12.06,30360.2,30456.1,
20230921,6,12.09,30360.2,30256.1,
20230921,6,12.15,30360.2,30255.9,
20230921,6,12.21,30362.9,30055.9,
20230921,6,12.25,30362.9,30055.9,
20230921,6,12.26,30420.7,29855.9,
20230921,6,12.36,30420.7,29855.9,
20230921,6,12.44,30420.7,29655.9,
20230921,6,12.50,30458.7,29654.8,
20230921,6,12.53,30461.2,29654.7,
20230921,6,12.61,30461.2,29447.0,
20230921,6,12.63,30461.2,29434.0,
20230921,6,12.66,30461.2,29144.0,
20230921,6,12.68,30461.2,29086.0,
20230921,6,12.73,30461.2,29066.1,
20230921,6,12.79,30461.2,29062.0,
20230921,6,12.85,30661.2,29053.4,
20230921,6,12.89,30661.2,29053.4,
20230921,6,12.98,30661.2,29040.3,
20230921,6,13.00,30726.0,28988.6,
20230921,6,13.01,30726.0,28978.6,
20230921,6,13.02,30728.1,28977.7,
20230921,6,13.03,30728.1,28977.7,
20230921,6,13.04,30728.1,28977.5,
20230921,6,13.05,30728.1,28968.8,
20230921,6,13.12,30729.6,28935.1,
20230921,6,13.16,30729.6,28935.1,
20230921,6,13.17,30729.6,28932.9,
20230921,6,13.18,30729.6,28922.1,
20230921,6,13.20,30729.6,28922.0,
20230921,6,13.39,30729.6,28921.9,
20230921,6,13.44,30729.6,28821.9,
20230921,6,13.45,30729.6,28817.5,
20230921,6,13.50,30739.6,28814.9,
20230921,6,13.51,30740.0,28812.5,
20230921,6,13.54,30740.0,28812.5,
20230921,6,13.59,30740.5,28737.5,
20230921,6,13.69,30740.5,28737.5,
20230921,6,13.71,30804.5,28736.6,
20230921,6,13.78,30807.0,28736.6,
20230921,6,13.89,30827.0,28736.6,
20230921,6,13.95,30827.0,28736.6,
20230921,6,13.96,30827.0,28729.0,
20230921,6,14.00,30827.0,28728.8,
20230921,6,14.02,30827.0,28567.2,
20230921,6,14.06,30827.5,28484.2,
20230921,6,14.10,30827.5,28484.2,
20230921,6,14.30,30827.5,28483.6,
20230921,6,14.34,30827.5,28482.2,
20230921,6,14.44,30827.5,28482.0,
20230921,6,14.50,30827.5,28431.0,
20230921,6,14.53,30828.0,28430.3,
20230921,6,14.55,30828.0,27920.3,
20230921,6,14.67,30828.0,27919.8,
20230921,6,14.82,30828.0,27909.8,
20230921,6,14.83,30828.0,27765.8,
20230921,6,14.90,30828.0,27765.7,
20230921,6,14.94,30828.0,27760.8,
20230921,6,14.99,30828.0,27755.4,
20230921,6,15.00,30828.5,27755.3,
20230921,6,15.01,30828.5,27748.3,
20230921,6,15.17,30924.5,27747.4,
20230921,6,15.20,30924.5,27747.4,
20230921,6,15.22,30924.5,27747.3,
20230921,6,15.36,30924.5,27733.0,
20230921,6,15.39,30924.5,27521.0,
20230921,6,15.41,30924.5,27520.9,
20230921,6,15.47,30925.0,27494.9,
20230921,6,15.48,30925.0,27494.9,
20230921,6,15.50,30925.0,27494.8,
20230921,6,15.57,30989.0,27494.6,
20230921,6,15.58,30989.0,27494.6,
20230921,6,15.66,30989.0,27494.0,
20230921,6,15.67,30989.0,27489.5,
20230921,6,15.68,31053.0,27469.5,
20230921,6,15.69,31053.0,27469.5,
20230921,6,15.80,31053.0,27463.1,
20230921,6,15.83,31117.0,27462.9,
20230921,6,15.88,31117.0,27462.1,
20230921,6,15.89,31164.8,27452.1,
20230921,6,15.90,31172.8,27452.1,
20230921,6,15.91,31172.8,27452.1,
20230921,6,15.95,31222.8,27451.9,
20230921,6,15.98,31286.8,27451.9,
20230921,6,16.00,31287.8,27451.9,
20230921,6,16.05,31287.8,27342.4,
20230921,6,16.06,31337.8,27334.2,
20230921,6,16.10,31338.8,27334.2,
20230921,6,16.12,31402.8,27332.5,
20230921,6,16.19,31402.8,27332.5,
20230921,6,16.20,31403.8,27329.5,
20230921,6,16.27,31467.8,27329.5,
20230921,6,16.30,31468.8,27329.5,
20230921,6,16.37,31532.8,27329.5,
20230921,6,16.40,31532.8,27329.5,
20230921,6,16.47,31596.8,27323.4,
20230921,6,16.53,31596.8,27323.4,
20230921,6,16.56,31596.8,27280.7,
20230921,6,16.57,31660.8,27280.2,
20230921,6,16.63,31660.8,27279.5,
20230921,6,16.68,31660.8,27279.2,
20230921,6,16.75,31724.8,27278.3,
20230921,6,16.80,31724.8,27278.3,
20230921,6,16.83,31724.8,27201.3,
20230921,6,16.85,31788.8,27195.3,
20230921,6,16.94,31852.8,27195.3,
20230921,6,16.99,31852.8,27195.3,
20230921,6,17.00,31852.8,27195.2,
20230921,6,17.08,31916.8,27173.6,
20230921,6,17.14,31916.8,27173.6,
20230921,6,17.16,31944.4,27121.6,
20230921,6,17.18,31944.4,27121.6,
20230921,6,17.25,31944.4,27075.4,
20230921,6,17.34,31944.4,27074.9,
20230921,6,17.38,31944.4,27044.9,
20230921,6,17.44,31944.4,27000.9,
20230921,6,17.45,31944.4,26998.1,
20230921,6,17.49,31944.4,26997.9,
20230921,6,17.50,31944.4,26967.9,
20230921,6,17.51,31944.4,26967.8,
20230921,6,17.53,31944.4,26966.8,
20230921,6,17.54,31984.2,26956.8,
20230921,6,17.64,31984.2,26956.8,
20230921,6,17.65,32059.2,26926.8,
20230921,6,17.79,32059.2,26926.8,
20230921,6,17.93,32059.2,26896.8,
20230921,6,17.95,32059.2,26724.8,
20230921,6,18.00,32059.2,26694.8,
20230921,6,18.03,32059.2,26693.0,
20230921,6,18.04,32059.2,26692.9,
20230921,6,18.06,32059.2,26679.9,
20230921,6,18.10,32059.2,26593.9,
20230921,6,18.25,32059.2,26563.9,
20230921,6,18.30,32059.2,26533.9,
20230921,6,18.62,32059.2,26533.8,
20230921,6,18.69,32059.2,26524.0,
20230921,6,18.81,32059.2,26522.6,
20230921,6,18.87,32059.2,26400.6,
20230921,6,19.00,32059.2,26099.6,
20230921,6,19.37,32059.2,26075.1,
20230921,6,19.49,32059.2,26070.7,
20230921,6,19.54,32059.2,26068.1,
20230921,6,19.55,32059.3,25983.8,
20230921,6,19.71,32268.3,25983.8,
20230921,6,19.90,32268.3,25983.8,
20230921,6,19.94,32268.3,25941.5,
20230921,6,20.00,32268.3,25941.1,
20230921,6,20.11,32279.8,25878.8,
20230921,6,20.39,32279.8,25878.8,
20230921,6,20.48,32279.8,25877.2,
20230921,6,20.69,32279.8,25876.7,
20230921,6,21.00,32279.8,25875.5,
20230921,6,21.12,32279.8,25875.4,
20230921,6,21.63,32279.8,24485.4,
20230921,6,21.68,32279.8,24482.2,
20230921,6,22.28,32329.8,24473.8,
20230921,6,22.94,32329.8,24473.8,
20230921,6,23.00,32342.8,24473.5,
20230921,6,23.03,32342.8,24472.4,
20230921,6,23.08,32342.8,24472.3,
20230921,6,23.44,32342.8,24467.9,
20230921,6,23.45,32342.8,24467.4,
20230921,6,23.75,32342.8,24466.7,
20230921,6,23.76,32342.8,24464.9,
20230921,6,24.58,32342.8,24251.9,
20230921,6,24.59,32342.8,24251.8,
20230921,6,24.82,32342.8,24251.2,
20230921,6,25.00,32342.8,24246.9,
20230921,6,25.55,32342.8,24246.3,
20230921,6,26.58,32342.8,24241.8,
20230921,6,26.78,32342.8,24237.4,
20230921,6,27.00,32342.8,24232.1,
20230921,6,27.01,32342.8,24191.2,
20230921,6,29.10,32342.8,24179.5,
20230921,6,29.97,32342.8,24179.0,
20230921,6,30.00,32342.8,24172.4,
20230921,6,30.36,32342.8,24145.0,
20230921,6,30.56,32342.8,24132.0,
20230921,6,32.00,32342.8,24131.1,
20230921,6,32.70,32343.7,24005.2,
20230921,6,33.03,32343.7,24005.2,
20230921,6,34.00,32343.7,24005.0,
20230921,6,35.00,32343.7,23989.4,
20230921,6,36.00,32343.7,23966.3,
20230921,6,36.88,32343.7,23953.8,
20230921,6,39.98,32403.7,23935.9,
20230921,6,40.00,32403.7,23935.9,
20230921,6,40.01,32403.7,23906.1,
20230921,6,40.22,32403.7,23906.0,
20230921,6,40.50,32403.7,23839.4,
20230921,6,41.35,32403.7,23839.3,
20230921,6,42.52,32403.7,23822.5,
20230921,6,42.55,32403.7,23811.8,
20230921,6,44.50,32403.7,23770.9,
20230921,6,45.00,32403.7,23770.7,
20230921,6,45.01,32403.7,23717.5,
20230921,6,45.12,32403.7,23717.4,
20230921,6,50.00,32403.7,23717.0,
20230921,6,50.01,32404.8,23656.3,
20230921,6,50.12,32404.8,23656.3,
20230921,6,50.90,32404.8,23655.3,
20230921,6,60.00,32404.8,23654.5,
20230921,6,61.00,32404.8,23600.0,
20230921,6,62.00,32404.8,23590.0,
20230921,6,67.94,32404.8,23552.6,
20230921,6,70.00,32404.8,23526.8,
20230921,6,77.80,32404.8,23446.1,
20230921,6,79.90,32404.8,23418.4,
20230921,6,79.98,32424.8,23417.4,
20230921,6,80.00,32424.8,23417.4,
20230921,6,80.01,32424.8,23116.2,
20230921,6,80.02,32424.8,22910.1,
20230921,6,80.10,32424.8,22905.1,
20230921,6,80.20,32424.8,22896.4,
20230921,6,80.21,32444.7,22888.3,
20230921,6,80.50,32444.7,22888.3,
20230921,6,81.00,32444.7,22888.1,
20230921,6,82.01,32444.7,22839.7,
20230921,6,85.00,32444.7,22783.8,
20230921,6,90.00,32444.7,22772.7,
20230921,6,99.90,32444.7,22748.7,
20230921,6,100.00,32444.7,22748.4,
20230921,6,100.01,32456.1,21474.8,
20230921,6,101.00,32456.1,21474.8,
20230921,6,102.00,32456.1,21328.9,
20230921,6,105.00,32456.1,21268.5,
20230921,6,120.10,32456.1,21268.4,
20230921,6,130.00,32456.1,21231.2,
20230921,6,138.00,32456.1,21227.4,
20230921,6,150.00,32456.1,21144.9,
20230921,6,190.00,32456.1,21142.4,
20230921,6,200.00,32456.1,21141.6,
20230921,6,200.01,32456.1,19846.9,
20230921,6,200.10,32456.1,18486.5,
20230921,6,200.50,32456.1,18457.7,
20230921,6,200.98,32456.1,18452.4,
20230921,6,200.99,32456.1,18452.3,
20230921,6,201.00,32456.1,18452.2,
20230921,6,210.00,32456.1,18381.3,
20230921,6,250.00,32456.1,18190.0,
20230921,6,300.00,32456.1,18015.4,
20230921,6,500.00,32456.1,17491.2,
20230921,6,548.66,32456.1,17489.2,
20230921,6,550.02,32456.1,17438.8,
20230921,6,999.00,32456.1,17233.6,
20230921,6,999.99,32456.1,0.0,
20230921,7,0.00,0.0,37168.0,
20230921,7,0.00,10971.1,37168.0,
20230921,7,0.01,28393.0,37168.0,
20230921,7,0.02,28587.6,37166.0,
20230921,7,0.03,28587.6,37153.6,
20230921,7,0.04,28606.8,37128.3,
20230921,7,0.10,28606.8,37128.3,
20230921,7,0.20,28606.8,37008.2,
20230921,7,0.30,28606.8,36933.2,
20230921,7,0.62,28606.8,36929.2,
20230921,7,1.00,29244.9,36849.2,
20230921,7,1.01,29244.9,36687.7,
20230921,7,1.12,29244.9,36657.7,
20230921,7,1.23,29408.0,36627.7,
20230921,7,1.91,29409.8,36627.7,
20230921,7,2.00,29410.8,36627.7,
20230921,7,2.01,29410.8,36627.7,
20230921,7,2.03,29415.1,36587.7,
20230921,7,2.10,29415.1,36587.7,
20230921,7,2.12,29415.1,36581.7,
20230921,7,2.15,29530.5,36521.7,
20230921,7,2.48,29536.5,36521.7,
20230921,7,2.71,29538.1,36521.7,
20230921,7,3.00,29543.1,36521.7,
20230921,7,3.01,29543.1,36461.6,
20230921,7,3.12,29543.1,36411.6,
20230921,7,3.73,29549.1,36321.6,
20230921,7,3.81,29550.9,36321.6,
20230921,7,4.00,29550.9,36321.6,
20230921,7,4.01,29551.3,36320.2,
20230921,7,4.05,29558.6,36320.2,
20230921,7,4.65,29561.7,36320.2,
20230921,7,4.90,29561.7,36320.2,
20230921,7,4.91,29562.5,36314.2,
20230921,7,4.98,29568.5,36314.2,
20230921,7,5.00,29738.9,36314.2,
20230921,7,5.01,29738.9,36035.3,
20230921,7,5.04,29738.9,35965.3,
20230921,7,5.12,29738.9,35265.3,
20230921,7,5.40,29740.4,35205.3,
20230921,7,5.50,29740.5,35205.3,
20230921,7,5.70,29742.4,35205.3,
20230921,7,6.00,29783.8,35205.3,
20230921,7,6.01,29783.8,35140.3,
20230921,7,6.02,29790.9,35138.3,
20230921,7,6.06,29798.2,35138.3,
20230921,7,6.23,29804.6,35138.3,
20230921,7,6.26,29804.6,35138.3,
20230921,7,6.50,29814.6,35130.7,
20230921,7,6.94,29826.4,35130.7,
20230921,7,7.00,29867.4,35130.7,
20230921,7,7.01,29867.4,35130.6,
20230921,7,7.12,29867.4,35019.2,
20230921,7,7.47,29867.4,34959.2,
20230921,7,7.48,29875.4,34843.2,
20230921,7,7.50,29915.4,34843.2,
20230921,7,7.59,29915.4,34843.2,
20230921,7,7.60,29917.2,34833.2,
20230921,7,7.90,29917.2,34833.2,
20230921,7,8.00,29946.5,34825.9,
20230921,7,8.02,29957.0,34732.2,
20230921,7,8.08,29964.3,34732.2,
20230921,7,8.10,29965.8,34732.2,
20230921,7,8.38,29965.8,34732.2,
20230921,7,8.50,29967.1,34702.2,
20230921,7,8.59,29967.1,34692.2,
20230921,7,8.73,29975.4,34691.1,
20230921,7,9.00,29975.4,34691.1,
20230921,7,9.09,29975.4,34684.4,
20230921,7,9.23,29975.4,34527.4,
20230921,7,9.50,29977.2,34380.4,
20230921,7,9.56,29977.8,34233.4,
20230921,7,9.59,29977.8,34233.4,
20230921,7,9.60,29977.8,34213.4,
20230921,7,9.62,29978.4,34159.4,
20230921,7,9.66,29978.4,34159.4,
20230921,7,9.67,29978.4,33991.0,
20230921,7,9.68,29979.0,33969.8,
20230921,7,9.74,29979.6,33969.8,
20230921,7,9.79,29986.8,33969.8,
20230921,7,9.80,29987.4,33963.8,
20230921,7,9.81,29987.4,33913.8,
20230921,7,9.82,29987.4,33863.8,
20230921,7,9.98,29996.4,33803.8,
20230921,7,10.00,30089.3,33803.8,
20230921,7,10.04,30089.3,33712.1,
20230921,7,10.05,30112.1,33682.1,
20230921,7,10.10,30119.3,33682.1,
20230921,7,10.17,30119.3,33682.1,
20230921,7,10.19,30147.0,33652.1,
20230921,7,10.20,30147.0,33525.0,
20230921,7,10.21,30147.0,33401.0,
20230921,7,10.22,30147.0,33369.0,
20230921,7,10.23,30147.0,33319.0,
20230921,7,10.28,30149.5,33269.0,
20230921,7,10.30,30150.3,33269.0,
20230921,7,10.38,30150.3,33269.0,
20230921,7,10.43,30150.3,33115.0,
20230921,7,10.46,30152.7,33101.8,
20230921,7,10.51,30152.7,32977.8,
20230921,7,10.64,30155.2,32853.8,
20230921,7,10.79,30155.2,32853.8,
20230921,7,10.80,30156.8,32803.8,
20230921,7,10.82,30159.2,32803.8,
20230921,7,10.98,30159.2,32753.8,
20230921,7,11.00,30161.5,32753.6,
20230921,7,11.06,30161.5,32633.6,
20230921,7,11.13,30211.9,32631.4,
20230921,7,11.19,30211.9,32631.4,
20230921,7,11.20,30259.2,32576.1,
20230921,7,11.23,30268.2,32576.1,
20230921,7,11.30,30277.6,32576.1,
20230921,7,11.40,30277.6,32554.2,
20230921,7,11.48,30280.9,32403.2,
20230921,7,11.50,30280.9,32403.2,
20230921,7,11.53,30280.9,32352.9,
20230921,7,11.58,30280.9,32352.6,
20230921,7,11.59,30280.9,32152.6,
20230921,7,11.61,30280.9,32122.6,
20230921,7,11.67,30280.9,31957.6,
20230921,7,11.75,30280.9,31606.6,
20230921,7,11.78,30280.9,31406.6,
20230921,7,11.80,30280.9,31406.4,
20230921,7,11.84,30280.9,31406.3,
20230921,7,11.90,30280.9,31206.3,
20230921,7,11.95,30280.9,31006.3,
20230921,7,11.97,30280.9,31005.6,
20230921,7,11.98,30280.9,30805.6,
20230921,7,12.00,30310.9,30785.6,
20230921,7,12.04,30310.9,30781.8,
20230921,7,12.09,30310.9,30546.8,
20230921,7,12.13,30310.9,30546.5,
20230921,7,12.14,30310.9,30346.5,
20230921,7,12.21,30313.6,30141.1,
20230921,7,12.23,30313.6,30141.1,
20230921,7,12.26,30371.4,29941.1,
20230921,7,12.35,30371.4,29941.1,
20230921,7,12.38,30371.4,29741.1,
20230921,7,12.44,30371.4,29686.1,
20230921,7,12.50,30409.4,29685.8,
20230921,7,12.58,30409.4,29685.7,
20230921,7,12.63,30409.4,29685.5,
20230921,7,12.66,30409.4,29405.5,
20230921,7,12.68,30409.4,29347.5,
20230921,7,12.73,30409.4,29327.9,
20230921,7,12.75,30411.9,29315.3,
20230921,7,12.76,30411.9,29315.3,
20230921,7,12.83,30475.9,29302.3,
20230921,7,12.85,30675.9,29302.3,
20230921,7,13.00,30864.7,29302.3,
20230921,7,13.01,30864.7,29292.2,
20230921,7,13.02,30866.8,29291.3,
20230921,7,13.04,30866.8,29291.3,
20230921,7,13.05,30866.8,29282.6,
20230921,7,13.06,30874.7,29248.9,
20230921,7,13.16,30874.7,29248.9,
20230921,7,13.18,30874.7,29198.7,
20230921,7,13.20,30874.7,29198.4,
20230921,7,13.36,30874.7,29198.3,
20230921,7,13.38,30874.7,29198.0,
20230921,7,13.39,30874.7,29197.8,
20230921,7,13.50,30886.2,29097.8,
20230921,7,13.51,30886.6,29095.4,
20230921,7,13.73,30886.6,29095.4,
20230921,7,13.95,30886.6,29094.5,
20230921,7,14.00,30886.6,29086.9,
20230921,7,14.02,30886.6,28926.2,
20230921,7,14.03,30889.1,28843.2,
20230921,7,14.04,30889.1,28843.2,
20230921,7,14.10,30889.1,28768.2,
20230921,7,14.18,30889.1,28767.6,
20230921,7,14.27,30889.6,28767.4,
20230921,7,14.29,30889.6,28766.2,
20230921,7,14.30,30889.6,28753.1,
20230921,7,14.38,30909.6,28751.7,
20230921,7,14.40,30909.6,28751.7,
20230921,7,14.50,30909.6,28749.7,
20230921,7,14.53,30909.6,28749.1,
20230921,7,14.55,30909.6,28239.1,
20230921,7,14.67,30909.6,28238.6,
20230921,7,14.83,30909.6,28228.6,
20230921,7,14.84,30909.6,28228.5,
20230921,7,14.98,30909.6,28228.3,
20230921,7,14.99,30909.6,28222.1,
20230921,7,15.00,30909.6,28217.3,
20230921,7,15.01,30909.6,28213.1,
20230921,7,15.03,30910.1,28212.2,
20230921,7,15.17,31006.1,28212.2,
20230921,7,15.20,31006.1,28212.2,
20230921,7,15.22,31006.1,28212.1,
20230921,7,15.27,31006.1,28196.3,
20230921,7,15.41,31006.1,28085.3,
20230921,7,15.50,31006.1,28059.3,
20230921,7,15.54,31070.1,28059.1,
20230921,7,15.58,31070.1,28059.1,
20230921,7,15.60,31070.1,28058.5,
20230921,7,15.62,31134.1,28058.4,
20230921,7,15.67,31134.1,28058.4,
20230921,7,15.71,31134.1,28038.4,
20230921,7,15.75,31134.1,27826.4,
20230921,7,15.80,31134.6,27826.3,
20230921,7,15.81,31134.6,27826.1,
20230921,7,15.83,31198.6,27816.6,
20230921,7,15.90,31205.6,27816.6,
20230921,7,15.91,31205.6,27816.6,
20230921,7,15.95,31255.6,27816.4,
20230921,7,15.98,31383.6,27816.4,
20230921,7,16.00,31384.6,27816.4,
20230921,7,16.03,31384.6,27706.3,
20230921,7,16.05,31384.6,27700.0,
20230921,7,16.06,31434.6,27691.8,
20230921,7,16.10,31435.6,27691.8,
20230921,7,16.11,31435.6,27691.8,
20230921,7,16.12,31499.6,27690.7,
20230921,7,16.20,31500.6,27690.7,
20230921,7,16.23,31500.6,27690.7,
20230921,7,16.27,31564.6,27687.7,
20230921,7,16.30,31565.6,27687.7,
20230921,7,16.37,31629.6,27687.7,
20230921,7,16.38,31677.4,27677.7,
20230921,7,16.40,31677.4,27677.7,
20230921,7,16.47,31741.4,27671.7,
20230921,7,16.57,31741.9,27671.7,
20230921,7,16.58,31741.9,27671.7,
20230921,7,16.66,31805.9,27671.4,
20230921,7,16.75,31869.9,27671.4,
20230921,7,16.76,31869.9,27671.4,
20230921,7,16.85,31933.9,27670.5,
20230921,7,16.99,31933.9,27670.5,
20230921,7,17.00,31933.9,27670.4,
20230921,7,17.03,31997.9,27650.4,
20230921,7,17.16,32066.7,27573.4,
20230921,7,17.18,32066.7,27573.4,
20230921,7,17.23,32066.7,27557.2,
20230921,7,17.25,32066.7,27505.2,
20230921,7,17.34,32067.2,27504.8,
20230921,7,17.36,32067.2,27498.3,
20230921,7,17.38,32067.2,27458.9,
20230921,7,17.45,32067.2,27428.9,
20230921,7,17.48,32067.2,27428.7,
20230921,7,17.50,32067.2,27425.8,
20230921,7,17.53,32067.2,27379.3,
20230921,7,17.58,32067.2,27349.3,
20230921,7,17.63,32067.2,27327.3,
20230921,7,17.65,32142.2,27326.3,
20230921,7,17.68,32142.2,27326.3,
20230921,7,17.84,32142.2,27296.3,
20230921,7,17.90,32142.2,27266.3,
20230921,7,17.99,32142.2,27010.3,
20230921,7,18.00,32142.2,26980.3,
20230921,7,18.03,32142.2,26980.1,
20230921,7,18.04,32182.0,26957.0,
20230921,7,18.10,32182.0,26957.0,
20230921,7,18.14,32182.0,26955.3,
20230921,7,18.29,32182.0,26925.3,
20230921,7,18.30,32182.0,26895.3,
20230921,7,18.45,32182.0,26895.2,
20230921,7,18.50,32182.0,26865.2,
20230921,7,18.62,32182.0,26863.6,
20230921,7,18.73,32182.0,26853.8,
20230921,7,18.81,32182.0,26852.5,
20230921,7,18.96,32182.0,26730.5,
20230921,7,19.00,32182.0,26726.0,
20230921,7,19.09,32182.0,26673.5,
20230921,7,19.17,32182.0,26387.5,
20230921,7,19.54,32182.0,26386.3,
20230921,7,19.70,32182.0,26308.8,
20230921,7,19.71,32391.0,26306.5,
20230921,7,19.98,32391.0,26306.5,
20230921,7,19.99,32391.0,26306.4,
20230921,7,20.00,32391.0,26264.1,
20230921,7,20.05,32391.1,26204.8,
20230921,7,20.11,32402.6,26204.8,
20230921,7,20.60,32402.6,26204.8,
20230921,7,20.75,32402.6,26203.3,
20230921,7,21.00,32402.6,26202.8,
20230921,7,21.12,32402.6,26202.7,
20230921,7,21.58,32402.6,24812.7,
20230921,7,21.67,32402.6,24809.5,
20230921,7,21.76,32402.6,24805.1,
20230921,7,22.24,32402.6,24797.0,
20230921,7,22.28,32452.6,24795.8,
20230921,7,22.47,32452.6,24795.8,
20230921,7,22.94,32452.6,24794.0,
20230921,7,23.00,32465.6,24793.6,
20230921,7,23.03,32465.6,24792.7,
20230921,7,24.28,32465.6,24792.6,
20230921,7,24.37,32465.6,24791.4,
20230921,7,24.95,32465.6,24787.0,
20230921,7,25.00,32465.6,24473.0,
20230921,7,25.13,32465.6,24472.4,
20230921,7,25.30,32465.6,24471.7,
20230921,7,26.17,32465.6,24467.4,
20230921,7,26.92,32465.6,24462.9,
20230921,7,27.00,32465.6,24458.5,
20230921,7,27.01,32465.6,24418.8,
20230921,7,27.07,32465.6,24407.0,
20230921,7,29.10,32465.6,24402.1,
20230921,7,29.97,32465.6,24401.6,
20230921,7,30.00,32465.6,24395.6,
20230921,7,30.36,32465.6,24368.3,
20230921,7,30.56,32465.6,24355.4,
20230921,7,32.00,32465.6,24354.5,
20230921,7,32.70,32466.5,24232.4,
20230921,7,33.03,32466.5,24232.4,
20230921,7,34.00,32466.5,24232.2,
20230921,7,35.00,32466.5,24217.0,
20230921,7,36.00,32466.5,24194.5,
20230921,7,36.88,32466.5,24182.9,
20230921,7,39.98,32526.5,24165.0,
20230921,7,40.00,32526.5,24165.0,
20230921,7,40.01,32526.5,24136.1,
20230921,7,40.50,32526.5,24136.0,
20230921,7,41.37,32526.5,24135.9,
20230921,7,41.87,32526.5,24118.9,
20230921,7,42.55,32526.5,24053.1,
20230921,7,42.68,32526.5,24012.8,
20230921,7,44.50,32526.5,24002.1,
20230921,7,45.00,32526.5,24001.9,
20230921,7,45.01,32526.5,23950.2,
20230921,7,45.12,32526.5,23950.1,
20230921,7,50.00,32526.5,23949.7,
20230921,7,50.01,32527.6,23889.3,
20230921,7,50.12,32527.6,23889.3,
20230921,7,50.90,32527.6,23888.4,
20230921,7,60.00,32527.6,23887.6,
20230921,7,61.00,32527.6,23833.5,
20230921,7,62.00,32527.6,23823.4,
20230921,7,67.94,32527.6,23786.4,
20230921,7,70.00,32527.6,23760.7,
20230921,7,77.80,32527.6,23681.1,
20230921,7,79.90,32527.6,23654.7,
20230921,7,79.98,32547.6,23653.9,
20230921,7,80.00,32547.6,23653.9,
20230921,7,80.01,32547.6,23357.0,
20230921,7,80.02,32547.6,23157.5,
20230921,7,80.10,32547.6,23152.5,
20230921,7,80.20,32547.6,23143.4,
20230921,7,80.21,32567.5,23135.3,
20230921,7,80.50,32567.5,23135.3,
20230921,7,81.00,32567.5,23135.1,
20230921,7,82.01,32567.5,23093.6,
20230921,7,85.00,32567.5,23039.1,
20230921,7,90.00,32567.5,23028.1,
20230921,7,99.90,32567.5,23004.3,
20230921,7,100.00,32567.5,23004.0,
20230921,7,100.01,32578.9,21734.6,
20230921,7,101.00,32578.9,21734.6,
20230921,7,102.00,32578.9,21588.7,
20230921,7,105.00,32578.9,21528.8,
20230921,7,120.10,32578.9,21528.7,
20230921,7,130.00,32578.9,21491.7,
20230921,7,138.00,32578.9,21488.1,
20230921,7,150.00,32578.9,21404.1,
20230921,7,190.00,32578.9,21401.6,
20230921,7,200.00,32578.9,21400.9,
20230921,7,200.01,32578.9,20122.7,
20230921,7,200.10,32578.9,18762.1,
20230921,7,200.50,32578.9,18733.1,
20230921,7,200.98,32578.9,18727.8,
20230921,7,200.99,32578.9,18727.7,
20230921,7,201.00,32578.9,18727.6,
20230921,7,210.00,32578.9,18659.2,
20230921,7,250.00,32578.9,18470.9,
20230921,7,300.00,32578.9,18296.8,
20230921,7,500.00,32578.9,17772.7,
20230921,7,548.66,32578.9,17770.7,
20230921,7,550.02,32578.9,17720.3,
20230921,7,999.00,32578.9,17515.1,
20230921,7,999.99,32578.9,0.0,
20230921,8,0.00,0.0,37476.1,
20230921,8,0.00,10982.6,37476.1,
20230921,8,0.01,28367.9,37476.1,
20230921,8,0.02,28563.4,37474.1,
20230921,8,0.03,28563.4,37461.7,
20230921,8,0.04,28582.8,37436.8,
20230921,8,0.07,28749.5,37436.8,
20230921,8,0.10,28749.5,37436.8,
20230921,8,0.20,28749.5,37316.7,
20230921,8,0.30,28749.5,37241.7,
20230921,8,0.62,28749.5,37237.7,
20230921,8,1.00,29389.4,37157.7,
20230921,8,1.01,29389.4,36996.8,
20230921,8,1.12,29389.4,36966.8,
20230921,8,1.32,29395.4,36936.8,
20230921,8,2.00,29396.4,36936.8,
20230921,8,2.01,29396.4,36936.8,
20230921,8,2.02,29405.4,36896.8,
20230921,8,2.10,29405.4,36896.8,
20230921,8,2.12,29405.4,36890.8,
20230921,8,2.15,29520.8,36830.8,
20230921,8,2.57,29526.8,36830.8,
20230921,8,2.71,29528.4,36830.8,
20230921,8,3.00,29533.6,36830.8,
20230921,8,3.01,29533.6,36770.7,
20230921,8,3.12,29533.6,36720.7,
20230921,8,3.82,29539.6,36630.7,
20230921,8,4.00,29539.6,36630.7,
20230921,8,4.01,29540.6,36623.4,
20230921,8,4.02,29549.7,36623.4,
20230921,8,4.65,29553.1,36623.4,
20230921,8,4.94,29553.3,36623.4,
20230921,8,5.00,29725.2,36623.4,
20230921,8,5.01,29725.2,36345.1,
20230921,8,5.04,29725.2,36275.1,
20230921,8,5.07,29731.2,35575.1,
20230921,8,5.12,29731.2,35575.1,
20230921,8,5.41,29732.7,35515.1,
20230921,8,5.50,29732.8,35515.1,
20230921,8,6.00,29774.8,35515.1,
20230921,8,6.01,29774.8,35450.8,
20230921,8,6.02,29781.9,35448.9,
20230921,8,6.03,29791.1,35448.9,
20230921,8,6.26,29791.1,35448.9,
20230921,8,6.32,29797.6,35441.3,
20230921,8,6.50,29807.6,35441.3,
20230921,8,6.94,29819.5,35441.3,
20230921,8,7.00,29860.9,35441.3,
20230921,8,7.01,29860.9,35441.2,
20230921,8,7.12,29860.9,35330.4,
20230921,8,7.47,29860.9,35270.4,
20230921,8,7.50,29900.9,35154.4,
20230921,8,7.57,29908.9,35154.4,
20230921,8,7.90,29908.9,35154.4,
20230921,8,8.00,29938.2,35147.1,
20230921,8,8.02,29948.7,35053.8,
20230921,8,8.03,29957.8,35053.8,
20230921,8,8.12,29959.3,35053.8,
20230921,8,8.50,29960.6,35053.8,
20230921,8,8.59,29960.6,35043.8,
20230921,8,8.82,29968.9,35042.8,
20230921,8,9.00,29968.9,35042.8,
20230921,8,9.09,29968.9,35036.1,
20230921,8,9.17,29968.9,34879.1,
20230921,8,9.23,29968.9,34869.1,
20230921,8,9.50,29968.9,34722.1,
20230921,8,9.51,29968.9,34575.1,
20230921,8,9.60,29968.9,34545.1,
20230921,8,9.66,29968.9,34492.1,
20230921,8,9.67,29968.9,34323.7,
20230921,8,9.79,29968.9,34302.5,
20230921,8,9.80,29968.9,34296.5,
20230921,8,9.81,29968.9,34246.5,
20230921,8,9.82,29968.9,34196.5,
20230921,8,10.00,30062.9,34137.5,
20230921,8,10.04,30071.9,34046.1,
20230921,8,10.05,30094.4,34046.1,
20230921,8,10.07,30103.4,34046.1,
20230921,8,10.14,30110.6,34046.1,
20230921,8,10.16,30113.7,34046.1,
20230921,8,10.17,30113.7,34046.1,
20230921,8,10.19,30182.8,34016.1,
20230921,8,10.20,30182.8,33930.4,
20230921,8,10.21,30182.8,33806.4,
20230921,8,10.22,30182.8,33774.4,
20230921,8,10.23,30182.8,33724.4,
20230921,8,10.24,30182.8,33674.4,
20230921,8,10.28,30185.8,33661.2,
20230921,8,10.30,30186.6,33661.2,
20230921,8,10.38,30186.6,33661.2,
20230921,8,10.39,30189.7,33537.2,
20230921,8,10.46,30189.7,33537.2,
20230921,8,10.49,30189.7,33413.2,
20230921,8,10.50,30189.7,33383.2,
20230921,8,10.51,30192.7,33383.1,
20230921,8,10.63,30195.6,33259.1,
20230921,8,10.82,30197.2,33258.9,
20230921,8,11.00,30197.2,33258.9,
20230921,8,11.02,30197.2,33139.1,
20230921,8,11.03,30197.2,33118.0,
20230921,8,11.06,30197.2,33068.0,
20230921,8,11.17,30197.2,33018.0,
20230921,8,11.19,30206.4,32998.0,
20230921,8,11.20,30269.5,32958.5,
20230921,8,11.29,30269.5,32958.5,
20230921,8,11.32,30278.5,32958.3,
20230921,8,11.40,30278.5,32958.3,
20230921,8,11.47,30278.5,32807.3,
20230921,8,11.50,30278.5,32607.3,
20230921,8,11.51,30278.5,32556.7,
20230921,8,11.53,30278.5,32526.7,
20230921,8,11.57,30278.5,32524.2,
20230921,8,11.61,30278.5,32324.2,
20230921,8,11.64,30281.7,32159.2,
20230921,8,11.67,30281.7,31959.2,
20230921,8,11.74,30281.7,31808.2,
20230921,8,11.80,30281.7,31608.2,
20230921,8,11.81,30281.7,31608.1,
20230921,8,11.88,30281.7,31408.1,
20230921,8,11.95,30281.7,31208.1,
20230921,8,12.00,30311.7,31007.4,
20230921,8,12.02,30311.7,31003.6,
20230921,8,12.10,30311.7,30803.4,
20230921,8,12.12,30311.7,30803.1,
20230921,8,12.15,30311.7,30603.1,
20230921,8,12.20,30311.7,30398.9,
20230921,8,12.21,30314.4,30198.9,
20230921,8,12.26,30422.6,30198.9,
20230921,8,12.37,30422.6,30198.9,
20230921,8,12.49,30422.6,30198.7,
20230921,8,12.50,30460.6,30163.7,
20230921,8,12.51,30524.6,30163.6,
20230921,8,12.56,30588.6,30163.6,
20230921,8,12.63,30588.6,30163.6,
20230921,8,12.65,30652.6,30073.6,
20230921,8,12.66,30652.6,30073.6,
20230921,8,12.67,30652.6,30015.6,
20230921,8,12.68,30652.6,30015.3,
20230921,8,12.74,30716.6,29993.9,
20230921,8,12.75,30716.6,29993.9,
20230921,8,12.84,30716.6,29993.7,
20230921,8,12.85,30916.6,29974.5,
20230921,8,12.89,30980.6,29974.5,
20230921,8,12.97,30980.6,29974.5,
20230921,8,13.00,31104.0,29970.4,
20230921,8,13.01,31104.0,29960.2,
20230921,8,13.02,31106.1,29959.3,
20230921,8,13.04,31106.1,29959.3,
20230921,8,13.05,31106.1,29950.6,
20230921,8,13.16,31106.1,29916.9,
20230921,8,13.17,31106.1,29868.3,
20230921,8,13.18,31106.1,29838.3,
20230921,8,13.20,31106.1,29838.2,
20230921,8,13.23,31106.1,29838.1,
20230921,8,13.36,31170.1,29836.9,
20230921,8,13.39,31170.1,29836.9,
20230921,8,13.45,31170.1,29716.9,
20230921,8,13.49,31170.1,29703.8,
20230921,8,13.50,31180.1,29703.6,
20230921,8,13.51,31180.5,29701.2,
20230921,8,13.52,31182.0,29646.2,
20230921,8,13.82,31182.0,29646.2,
20230921,8,13.95,31182.0,29645.3,
20230921,8,14.00,31182.0,29637.7,
20230921,8,14.02,31182.0,29477.3,
20230921,8,14.10,31182.0,29394.3,
20230921,8,14.22,31182.0,29393.7,
20230921,8,14.29,31182.5,29387.2,
20230921,8,14.30,31185.0,29387.2,
20230921,8,14.49,31192.9,29385.8,
20230921,8,14.50,31192.9,29310.8,
20230921,8,14.53,31192.9,29310.2,
20230921,8,14.55,31192.9,28820.2,
20230921,8,14.67,31192.9,28819.7,
20230921,8,14.83,31192.9,28809.7,
20230921,8,14.95,31192.9,28809.6,
20230921,8,14.99,31192.9,28808.8,
20230921,8,15.00,31192.9,28802.6,
20230921,8,15.01,31192.9,28796.2,
20230921,8,15.05,31193.4,28795.3,
20230921,8,15.07,31193.4,28790.7,
20230921,8,15.17,31289.4,28785.5,
20230921,8,15.20,31289.4,28785.5,
20230921,8,15.22,31289.4,28785.4,
20230921,8,15.29,31289.4,28771.0,
20230921,8,15.41,31289.4,28770.8,
20230921,8,15.50,31289.4,28744.8,
20230921,8,15.51,31309.4,28743.4,
20230921,8,15.54,31373.4,28743.4,
20230921,8,15.58,31373.4,28743.4,
20230921,8,15.62,31437.4,28742.8,
20230921,8,15.67,31437.4,28742.8,
20230921,8,15.68,31437.4,28694.8,
20230921,8,15.78,31437.4,28694.7,
20230921,8,15.80,31437.4,28643.7,
20230921,8,15.82,31437.9,28643.5,
20230921,8,15.83,31501.9,28643.5,
20230921,8,15.90,31508.9,28643.5,
20230921,8,15.91,31508.9,28643.5,
20230921,8,15.98,31572.9,28643.3,
20230921,8,16.00,31573.9,28643.3,
20230921,8,16.01,31573.9,28536.4,
20230921,8,16.03,31573.9,28324.4,
20230921,8,16.05,31573.9,28304.4,
20230921,8,16.10,31574.9,28296.2,
20230921,8,16.12,31638.9,28296.2,
20230921,8,16.19,31688.9,28296.2,
20230921,8,16.20,31689.9,28296.2,
20230921,8,16.24,31739.9,28296.2,
20230921,8,16.27,31867.9,28296.2,
20230921,8,16.30,31868.9,28296.2,
20230921,8,16.32,31868.9,28296.2,
20230921,8,16.40,31868.9,28293.2,
20230921,8,16.47,31932.9,28287.4,
20230921,8,16.50,31932.9,28287.4,
20230921,8,16.54,31932.9,28286.5,
20230921,8,16.57,31996.9,28286.2,
20230921,8,16.58,31997.4,28286.2,
20230921,8,16.66,32061.4,28286.2,
20230921,8,16.75,32125.4,28285.4,
20230921,8,16.94,32189.4,28285.4,
20230921,8,16.99,32189.4,28285.4,
20230921,8,17.00,32189.4,28285.3,
20230921,8,17.03,32253.4,28265.3,
20230921,8,17.08,32253.4,28265.3,
20230921,8,17.16,32309.2,28260.8,
20230921,8,17.17,32309.2,28260.8,
20230921,8,17.18,32309.2,28254.6,
20230921,8,17.25,32309.2,28238.4,
20230921,8,17.29,32309.2,28238.0,
20230921,8,17.32,32309.2,28161.0,
20230921,8,17.35,32309.7,28109.0,
20230921,8,17.38,32309.7,28109.0,
20230921,8,17.45,32309.7,28079.0,
20230921,8,17.50,32309.7,28078.8,
20230921,8,17.51,32357.5,28067.2,
20230921,8,17.53,32357.5,28067.2,
20230921,8,17.57,32357.5,28037.2,
20230921,8,17.63,32357.5,28034.3,
20230921,8,17.65,32432.5,28032.3,
20230921,8,17.68,32432.5,28032.3,
20230921,8,17.75,32432.5,28001.3,
20230921,8,17.84,32432.5,27957.3,
20230921,8,17.99,32432.5,27927.3,
20230921,8,18.00,32432.5,27897.3,
20230921,8,18.03,32432.5,27897.1,
20230921,8,18.04,32432.5,27897.0,
20230921,8,18.10,32432.5,27884.0,
20230921,8,18.14,32432.5,27625.4,
20230921,8,18.29,32432.5,27595.4,
20230921,8,18.30,32432.5,27565.4,
20230921,8,18.45,32432.5,27565.3,
20230921,8,18.48,32432.5,27535.3,
20230921,8,18.49,32472.3,27525.3,
20230921,8,18.62,32472.3,27525.3,
20230921,8,18.78,32472.3,27515.5,
20230921,8,18.81,32472.3,27479.7,
20230921,8,18.82,32472.3,27423.7,
20230921,8,18.97,32472.3,27422.5,
20230921,8,19.00,32472.3,27363.5,
20230921,8,19.09,32472.3,27235.0,
20230921,8,19.28,32472.3,27004.0,
20230921,8,19.48,32472.3,27002.8,
20230921,8,19.71,32681.3,26932.3,
20230921,8,20.00,32681.3,26932.3,
20230921,8,20.05,32681.3,26875.4,
20230921,8,20.11,32692.8,26833.2,
20230921,8,20.12,32692.8,26833.2,
20230921,8,20.50,32692.9,26831.0,
20230921,8,20.55,32692.9,26827.2,
20230921,8,20.68,32692.9,26822.8,
20230921,8,21.00,32692.9,26822.3,
20230921,8,21.12,32692.9,26822.2,
20230921,8,21.54,32692.9,25432.2,
20230921,8,21.66,32692.9,25429.0,
20230921,8,22.28,32742.9,25421.0,
20230921,8,22.43,32742.9,25421.0,
20230921,8,22.94,32742.9,25419.2,
20230921,8,23.00,32755.9,25418.3,
20230921,8,23.03,32755.9,25417.5,
20230921,8,23.05,32755.9,25417.4,
20230921,8,24.02,32755.9,25416.2,
20230921,8,25.00,32755.9,25411.8,
20230921,8,25.57,32755.9,25411.2,
20230921,8,25.65,32755.9,25410.1,
20230921,8,26.34,32755.9,25083.1,
20230921,8,26.62,32755.9,25078.6,
20230921,8,26.83,32755.9,25078.0,
20230921,8,27.00,32755.9,25073.7,
20230921,8,27.01,32755.9,25034.9,
20230921,8,27.30,32755.9,25023.0,
20230921,8,27.50,32755.9,25018.6,
20230921,8,29.10,32755.9,25014.3,
20230921,8,29.97,32755.9,25013.9,
20230921,8,30.00,32755.9,25008.7,
20230921,8,30.36,32755.9,24981.3,
20230921,8,30.56,32755.9,24968.6,
20230921,8,32.00,32755.9,24967.7,
20230921,8,32.70,32756.8,24845.3,
20230921,8,33.03,32756.8,24845.3,
20230921,8,34.00,32756.8,24845.1,
20230921,8,35.00,32756.8,24830.3,
20230921,8,36.00,32756.8,24808.9,
20230921,8,36.84,32756.8,24798.1,
20230921,8,38.71,32756.8,24780.5,
20230921,8,39.98,32816.8,24715.6,
20230921,8,40.00,32816.8,24715.6,
20230921,8,40.01,32816.8,24687.1,
20230921,8,40.50,32816.8,24687.0,
20230921,8,41.41,32816.8,24686.9,
20230921,8,42.55,32816.8,24669.8,
20230921,8,42.76,32816.8,24629.8,
20230921,8,44.50,32816.8,24619.3,
20230921,8,45.00,32816.8,24619.1,
20230921,8,45.01,32816.8,24569.3,
20230921,8,45.12,32816.8,24569.2,
20230921,8,50.00,32816.8,24568.9,
20230921,8,50.01,32817.9,24508.5,
20230921,8,50.12,32817.9,24508.5,
20230921,8,50.90,32817.9,24507.6,
20230921,8,60.00,32817.9,24506.8,
20230921,8,61.00,32817.9,24453.5,
20230921,8,62.00,32817.9,24443.3,
20230921,8,67.94,32817.9,24406.1,
20230921,8,70.00,32817.9,24379.7,
20230921,8,77.80,32817.9,24301.8,
20230921,8,79.90,32817.9,24275.5,
20230921,8,79.98,32837.9,24274.8,
20230921,8,80.00,32837.9,24274.8,
20230921,8,80.01,32837.9,23981.9,
20230921,8,80.02,32837.9,23778.5,
20230921,8,80.10,32837.9,23773.5,
20230921,8,80.20,32837.9,23764.1,
20230921,8,80.21,32857.8,23756.0,
20230921,8,80.50,32857.8,23756.0,
20230921,8,81.00,32857.8,23755.8,
20230921,8,82.01,32857.8,23721.2,
20230921,8,85.00,32857.8,23668.0,
20230921,8,90.00,32857.8,23657.1,
20230921,8,99.90,32857.8,23633.4,
20230921,8,100.00,32857.8,23633.0,
20230921,8,100.01,32869.3,22127.8,
20230921,8,101.00,32869.3,22127.8,
20230921,8,102.00,32869.3,21981.9,
20230921,8,105.00,32869.3,21921.7,
20230921,8,120.10,32869.3,21921.6,
20230921,8,130.00,32869.3,21884.6,
20230921,8,138.00,32869.3,21881.1,
20230921,8,150.00,32869.3,21795.6,
20230921,8,190.00,32869.3,21793.1,
20230921,8,200.00,32869.3,21792.4,
20230921,8,200.01,32869.3,20520.6,
20230921,8,200.10,32869.3,19163.9,
20230921,8,200.50,32869.3,19134.8,
20230921,8,200.98,32869.3,19129.5,
20230921,8,200.99,32869.3,19129.4,
20230921,8,201.00,32869.3,19129.3,
20230921,8,210.00,32869.3,19061.0,
20230921,8,250.00,32869.3,18873.5,
20230921,8,300.00,32869.3,18699.3,
20230921,8,500.00,32869.3,18175.3,
20230921,8,548.66,32869.3,18173.3,
20230921,8,550.02,32869.3,18122.9,
20230921,8,999.00,32869.3,17917.7,
20230921,8,999.99,32869.3,0.0,
20230921,9,0.00,0.0,37865.9,
20230921,9,0.00,10995.2,37865.9,
20230921,9,0.01,28388.5,37865.9,
20230921,9,0.02,28584.2,37863.8,
20230921,9,0.03,28584.2,37851.4,
20230921,9,0.04,28603.4,37826.6,
20230921,9,0.09,28765.5,37826.6,
20230921,9,0.10,28765.5,37826.6,
20230921,9,0.20,28765.5,37706.5,
20230921,9,0.30,28765.5,37631.5,
20230921,9,0.62,28765.5,37627.5,
20230921,9,1.00,29394.7,37547.5,
20230921,9,1.01,29394.7,37386.6,
20230921,9,1.12,29394.7,37356.6,
20230921,9,1.34,29400.7,37326.6,
20230921,9,1.78,29400.7,37326.6,
20230921,9,1.79,29401.5,37320.6,
20230921,9,2.00,29402.5,37320.6,
20230921,9,2.01,29402.5,37320.6,
20230921,9,2.02,29405.4,37280.6,
20230921,9,2.10,29405.4,37280.6,
20230921,9,2.12,29405.4,37274.6,
20230921,9,2.15,29521.4,37214.6,
20230921,9,2.59,29527.4,37214.6,
20230921,9,2.72,29529.0,37214.6,
20230921,9,3.00,29533.9,37214.6,
20230921,9,3.01,29533.9,37154.5,
20230921,9,3.12,29533.9,37104.5,
20230921,9,3.84,29539.9,37014.5,
20230921,9,4.00,29539.9,37014.5,
20230921,9,4.01,29540.2,37013.0,
20230921,9,4.03,29548.5,37013.0,
20230921,9,4.65,29552.3,37013.0,
20230921,9,5.00,29725.4,37013.0,
20230921,9,5.01,29725.4,36734.8,
20230921,9,5.04,29725.4,36664.8,
20230921,9,5.09,29731.4,35964.8,
20230921,9,5.12,29731.4,35964.8,
20230921,9,5.43,29732.9,35904.8,
20230921,9,5.50,29733.0,35904.8,
20230921,9,6.00,29775.2,35904.8,
20230921,9,6.01,29775.2,35841.2,
20230921,9,6.02,29782.4,35839.2,
20230921,9,6.04,29791.6,35839.2,
20230921,9,6.26,29791.6,35839.2,
20230921,9,6.34,29798.0,35831.6,
20230921,9,6.50,29808.0,35831.6,
20230921,9,6.94,29819.9,35831.6,
20230921,9,7.00,29861.1,35831.6,
20230921,9,7.01,29861.1,35831.5,
20230921,9,7.12,29861.1,35720.9,
20230921,9,7.47,29861.1,35660.9,
20230921,9,7.50,29901.1,35544.9,
20230921,9,7.59,29909.1,35544.9,
20230921,9,7.90,29909.1,35544.9,
20230921,9,8.00,29938.4,35537.6,
20230921,9,8.02,29948.9,35443.9,
20230921,9,8.05,29958.0,35443.9,
20230921,9,8.14,29959.5,35443.9,
20230921,9,8.50,29960.8,35443.9,
20230921,9,8.59,29960.8,35433.9,
20230921,9,8.84,29969.1,35432.9,
20230921,9,9.00,29969.1,35432.9,
20230921,9,9.09,29969.1,35426.2,
20230921,9,9.23,29969.1,35269.2,
20230921,9,9.24,29969.1,35122.2,
20230921,9,9.50,29969.1,35112.2,
20230921,9,9.59,29969.1,34965.2,
20230921,9,9.60,29969.1,34935.2,
20230921,9,9.66,29969.1,34881.2,
20230921,9,9.67,29969.1,34712.8,
20230921,9,9.79,29969.1,34691.6,
20230921,9,9.80,29969.1,34685.6,
20230921,9,9.81,29969.1,34635.6,
20230921,9,9.82,29969.1,34585.6,
20230921,9,9.97,29969.1,34525.6,
20230921,9,10.00,30063.2,34505.6,
20230921,9,10.01,30063.2,34414.8,
20230921,9,10.05,30085.2,34404.8,
20230921,9,10.06,30094.2,34404.8,
20230921,9,10.09,30103.2,34404.8,
20230921,9,10.17,30103.2,34404.8,
20230921,9,10.19,30180.9,34374.8,
20230921,9,10.20,30180.9,34297.3,
20230921,9,10.21,30180.9,34173.3,
20230921,9,10.22,30180.9,34141.3,
20230921,9,10.23,30184.0,34091.3,
20230921,9,10.30,30184.7,34041.3,
20230921,9,10.38,30184.7,34041.3,
20230921,9,10.39,30187.7,33917.3,
20230921,9,10.46,30187.7,33917.3,
20230921,9,10.51,30187.7,33793.3,
20230921,9,10.56,30190.8,33669.3,
20230921,9,10.72,30193.8,33669.3,
20230921,9,10.85,30195.4,33669.3,
20230921,9,10.86,30195.4,33669.3,
20230921,9,10.89,30198.3,33619.3,
20230921,9,10.92,30198.3,33619.1,
20230921,9,10.94,30198.3,33569.1,
20230921,9,10.99,30205.6,33555.7,
20230921,9,11.00,30205.6,33555.7,
20230921,9,11.19,30205.6,33436.0,
20230921,9,11.20,30285.4,33413.2,
20230921,9,11.24,30285.4,33413.2,
20230921,9,11.34,30294.4,33393.2,
20230921,9,11.40,30294.4,33393.2,
20230921,9,11.50,30294.4,33242.2,
20230921,9,11.53,30303.6,33191.6,
20230921,9,11.59,30303.6,33189.4,
20230921,9,11.61,30303.6,32959.4,
20230921,9,11.62,30303.6,32794.4,
20230921,9,11.67,30303.6,32773.5,
20230921,9,11.75,30303.6,32422.5,
20230921,9,11.80,30303.6,32222.5,
20230921,9,11.83,30306.8,32222.4,
20230921,9,11.84,30306.8,32222.4,
20230921,9,11.91,30306.8,32022.4,
20230921,9,11.95,30306.8,31822.4,
20230921,9,11.97,30306.8,31821.7,
20230921,9,11.98,30306.8,31801.7,
20230921,9,12.00,30336.8,31580.7,
20230921,9,12.01,30336.8,31577.0,
20230921,9,12.05,30336.8,31562.0,
20230921,9,12.15,30336.8,31362.0,
20230921,9,12.21,30339.5,31162.0,
20230921,9,12.23,30339.5,31162.0,
20230921,9,12.26,30447.7,30962.0,
20230921,9,12.36,30447.7,30962.0,
20230921,9,12.37,30447.7,30762.0,
20230921,9,12.44,30450.2,30556.3,
20230921,9,12.50,30488.2,30556.3,
20230921,9,12.64,30488.2,30556.2,
20230921,9,12.66,30488.2,30555.9,
20230921,9,12.68,30488.2,30497.9,
20230921,9,12.71,30488.2,30489.4,
20230921,9,12.85,30688.2,30476.4,
20230921,9,12.90,30752.2,30457.0,
20230921,9,12.98,30752.2,30457.0,
20230921,9,13.00,30872.1,30452.8,
20230921,9,13.01,30872.1,30442.9,
20230921,9,13.02,30874.2,30442.0,
20230921,9,13.04,30874.2,30442.0,
20230921,9,13.05,30874.2,30433.0,
20230921,9,13.16,30874.2,30399.3,
20230921,9,13.18,30874.2,30351.0,
20230921,9,13.20,30874.2,30350.9,
20230921,9,13.24,30874.2,30350.8,
20230921,9,13.36,30938.2,30320.8,
20230921,9,13.39,30938.2,30320.8,
20230921,9,13.50,30948.2,30220.8,
20230921,9,13.51,30948.6,30218.4,
20230921,9,13.56,30950.1,30218.4,
20230921,9,13.59,30950.1,30218.4,
20230921,9,13.68,30952.6,30163.4,
20230921,9,13.84,30952.6,30163.4,
20230921,9,13.95,30952.6,30162.5,
20230921,9,13.97,30952.6,30154.7,
20230921,9,14.00,30952.6,30104.7,
20230921,9,14.01,30952.6,29944.2,
20230921,9,14.02,30952.6,29919.2,
20230921,9,14.10,30952.6,29836.2,
20230921,9,14.25,30952.6,29835.6,
20230921,9,14.30,30952.6,29822.5,
20230921,9,14.32,30953.1,29821.1,
20230921,9,14.38,30953.1,29821.1,
20230921,9,14.50,30953.1,29820.9,
20230921,9,14.53,30953.1,29820.3,
20230921,9,14.55,30953.1,29370.3,
20230921,9,14.58,30953.1,29369.6,
20230921,9,14.67,30953.1,29369.3,
20230921,9,14.77,30953.1,29359.3,
20230921,9,14.83,30953.1,29359.1,
20230921,9,14.99,30953.1,29358.8,
20230921,9,15.00,30954.1,29358.7,
20230921,9,15.01,30954.1,29252.1,
20230921,9,15.07,30954.6,29251.2,
20230921,9,15.09,30954.6,29251.2,
20230921,9,15.17,31050.6,29245.9,
20230921,9,15.20,31050.6,29241.3,
20230921,9,15.22,31050.6,29241.2,
20230921,9,15.40,31050.6,29226.1,
20230921,9,15.41,31050.6,29226.0,
20230921,9,15.44,31058.5,29200.0,
20230921,9,15.50,31058.5,29200.0,
20230921,9,15.54,31122.5,29199.8,
20230921,9,15.58,31122.5,29199.8,
20230921,9,15.59,31142.5,29199.2,
20230921,9,15.60,31142.5,29199.2,
20230921,9,15.65,31206.5,29199.1,
20230921,9,15.67,31206.5,29199.1,
20230921,9,15.80,31206.5,29108.1,
20230921,9,15.83,31271.0,29102.5,
20230921,9,15.90,31278.0,29102.5,
20230921,9,15.91,31278.0,29102.5,
20230921,9,15.98,31342.0,29102.3,
20230921,9,16.00,31343.0,29102.3,
20230921,9,16.05,31343.0,28994.8,
20230921,9,16.10,31344.0,28986.6,
20230921,9,16.12,31408.0,28986.6,
20230921,9,16.13,31408.0,28986.6,
20230921,9,16.20,31409.0,28985.4,
20230921,9,16.23,31459.0,28985.4,
20230921,9,16.27,31587.0,28985.4,
20230921,9,16.29,31637.0,28985.4,
20230921,9,16.30,31638.0,28985.4,
20230921,9,16.34,31638.0,28985.4,
20230921,9,16.40,31638.0,28982.4,
20230921,9,16.47,31702.0,28976.6,
20230921,9,16.50,31702.0,28976.6,
20230921,9,16.57,31766.0,28975.5,
20230921,9,16.59,31766.5,28975.5,
20230921,9,16.63,31766.5,28975.5,
20230921,9,16.66,31830.5,28975.3,
20230921,9,16.71,31830.5,28975.3,
20230921,9,16.85,31894.5,28974.5,
20230921,9,16.94,31958.5,28974.5,
20230921,9,16.99,31958.5,28974.5,
20230921,9,17.00,31958.5,28974.4,
20230921,9,17.03,32022.5,28830.7,
20230921,9,17.16,32072.1,28830.7,
20230921,9,17.18,32072.1,28830.7,
20230921,9,17.25,32072.1,28814.5,
20230921,9,17.32,32072.1,28814.0,
20230921,9,17.34,32072.1,28762.0,
20230921,9,17.35,32072.6,28755.4,
20230921,9,17.38,32072.6,28755.4,
20230921,9,17.45,32072.6,28725.4,
20230921,9,17.50,32072.6,28725.2,
20230921,9,17.53,32072.6,28725.1,
20230921,9,17.58,32072.6,28695.1,
20230921,9,17.59,32120.4,28685.1,
20230921,9,17.63,32120.4,28682.1,
20230921,9,17.65,32195.4,28680.1,
20230921,9,17.68,32195.4,28680.1,
20230921,9,17.76,32195.4,28650.1,
20230921,9,17.84,32195.4,28573.1,
20230921,9,17.96,32195.4,28543.1,
20230921,9,17.97,32205.3,28532.0,
20230921,9,17.99,32205.3,28532.0,
20230921,9,18.00,32205.3,28502.0,
20230921,9,18.01,32235.2,28501.0,
20230921,9,18.03,32235.2,28501.0,
20230921,9,18.08,32235.2,28500.9,
20230921,9,18.12,32235.2,28487.7,
20230921,9,18.14,32235.2,28481.5,
20230921,9,18.16,32235.2,28451.5,
20230921,9,18.20,32235.2,28407.5,
20230921,9,18.29,32235.2,28406.5,
20230921,9,18.30,32235.2,28376.5,
20230921,9,18.43,32235.2,28376.4,
20230921,9,18.44,32235.2,28376.2,
20230921,9,18.45,32235.2,28118.2,
20230921,9,18.62,32235.2,28088.2,
20230921,9,18.81,32235.2,28078.4,
20230921,9,18.84,32235.2,28021.4,
20230921,9,18.90,32235.2,28020.3,
20230921,9,19.00,32235.2,27985.6,
20230921,9,19.06,32235.2,27837.1,
20230921,9,19.10,32235.2,27832.6,
20230921,9,19.15,32235.2,27830.9,
20230921,9,19.28,32235.2,27631.9,
20230921,9,19.48,32235.2,27536.9,
20230921,9,19.71,32444.2,27468.0,
20230921,9,19.98,32444.3,27468.0,
20230921,9,20.00,32444.3,27468.0,
20230921,9,20.11,32455.8,27412.4,
20230921,9,20.17,32455.8,27412.4,
20230921,9,20.23,32455.8,27370.1,
20230921,9,20.27,32455.8,27369.9,
20230921,9,20.40,32455.8,27368.0,
20230921,9,20.50,32455.8,27366.6,
20230921,9,20.60,32455.8,27365.0,
20230921,9,21.00,32455.8,27364.5,
20230921,9,21.03,32455.8,27364.4,
20230921,9,21.12,32455.8,27363.2,
20230921,9,21.50,32455.8,25973.2,
20230921,9,21.71,32455.8,25970.0,
20230921,9,21.93,32455.8,25962.2,
20230921,9,22.04,32455.8,25957.8,
20230921,9,22.28,32505.8,25957.6,
20230921,9,22.94,32505.8,25957.6,
20230921,9,23.00,32518.8,25956.7,
20230921,9,23.03,32518.8,25955.8,
20230921,9,23.84,32518.8,25955.7,
20230921,9,24.09,32518.8,25954.8,
20230921,9,24.79,32518.8,25953.6,
20230921,9,25.00,32518.8,25949.2,
20230921,9,26.13,32518.8,25948.6,
20230921,9,26.71,32518.8,25947.5,
20230921,9,26.98,32518.8,25943.0,
20230921,9,27.00,32518.8,25942.4,
20230921,9,27.01,32518.8,25903.7,
20230921,9,27.15,32518.8,25891.8,
20230921,9,27.50,32518.8,25887.4,
20230921,9,27.66,32518.8,25883.0,
20230921,9,27.82,32518.8,25878.8,
20230921,9,29.10,32518.8,25552.8,
20230921,9,29.97,32518.8,25552.4,
20230921,9,30.00,32518.8,25546.5,
20230921,9,30.36,32518.8,25519.2,
20230921,9,30.56,32518.8,25506.6,
20230921,9,32.00,32518.8,25505.7,
20230921,9,32.70,32519.7,25383.4,
20230921,9,33.03,32519.7,25383.4,
20230921,9,34.00,32519.7,25383.2,
20230921,9,35.00,32519.7,25368.4,
20230921,9,35.76,32519.7,25346.9,
20230921,9,36.00,32519.7,25345.0,
20230921,9,36.88,32519.7,25334.0,
20230921,9,38.50,32519.7,25315.9,
20230921,9,39.98,32579.7,25315.8,
20230921,9,40.00,32579.7,25315.8,
20230921,9,40.01,32579.7,25222.9,
20230921,9,41.13,32579.7,25222.8,
20230921,9,42.48,32579.7,25205.2,
20230921,9,42.50,32579.7,25194.2,
20230921,9,42.55,32579.7,25194.0,
20230921,9,45.00,32579.7,25153.9,
20230921,9,45.01,32579.7,25103.5,
20230921,9,45.12,32579.7,25103.4,
20230921,9,50.00,32579.7,25103.1,
20230921,9,50.01,32580.8,25042.4,
20230921,9,50.12,32580.8,25042.4,
20230921,9,50.90,32580.8,25041.4,
20230921,9,60.00,32580.8,25040.6,
20230921,9,61.00,32580.8,24987.7,
20230921,9,62.00,32580.8,24977.4,
20230921,9,67.94,32580.8,24940.2,
20230921,9,70.00,32580.8,24912.9,
20230921,9,77.80,32580.8,24835.0,
20230921,9,79.90,32580.8,24808.2,
20230921,9,79.98,32600.8,24807.5,
20230921,9,80.00,32600.8,24807.5,
20230921,9,80.01,32600.8,24513.8,
20230921,9,80.02,32600.8,24310.8,
20230921,9,80.10,32600.8,24305.8,
20230921,9,80.20,32600.8,24296.2,
20230921,9,80.21,32620.7,24288.1,
20230921,9,80.50,32620.7,24288.1,
20230921,9,81.00,32620.7,24287.9,
20230921,9,82.01,32620.7,24255.6,
20230921,9,85.00,32620.7,24202.7,
20230921,9,90.00,32620.7,24191.5,
20230921,9,99.90,32620.7,24167.9,
20230921,9,100.00,32620.7,24167.5,
20230921,9,100.01,32632.2,22661.6,
20230921,9,101.00,32632.2,22661.6,
20230921,9,102.00,32632.2,22515.7,
20230921,9,105.00,32632.2,22454.1,
20230921,9,120.10,32632.2,22454.0,
20230921,9,130.00,32632.2,22416.9,
20230921,9,138.00,32632.2,22413.5,
20230921,9,150.00,32632.2,22326.9,
20230921,9,190.00,32632.2,22324.5,
20230921,9,200.00,32632.2,22323.8,
20230921,9,200.01,32632.2,21049.2,
20230921,9,200.10,32632.2,19688.0,
20230921,9,200.50,32632.2,19660.0,
20230921,9,200.98,32632.2,19654.7,
20230921,9,200.99,32632.2,19654.6,
20230921,9,201.00,32632.2,19654.5,
20230921,9,210.00,32632.2,19585.0,
20230921,9,250.00,32632.2,19398.4,
20230921,9,300.00,32632.2,19224.7,
20230921,9,500.00,32632.2,18700.8,
20230921,9,548.66,32632.2,18698.8,
20230921,9,550.02,32632.2,18648.4,
20230921,9,999.00,32632.2,18443.2,
20230921,9,999.99,32632.2,0.0,
20230921,10,0.00,0.0,37611.1,
20230921,10,0.00,10999.5,37611.1,
20230921,10,0.01,28490.2,37611.1,
20230921,10,0.02,28686.0,37609.0,
20230921,10,0.03,28686.0,37596.6,
20230921,10,0.04,28704.4,37571.6,
20230921,10,0.10,28704.4,37571.6,
20230921,10,0.16,28946.9,37451.5,
20230921,10,0.20,28946.9,37451.5,
20230921,10,0.30,28946.9,37376.5,
20230921,10,0.62,28946.9,37372.5,
20230921,10,1.00,29573.7,37292.5,
20230921,10,1.01,29573.7,37130.4,
20230921,10,1.12,29573.7,37100.4,
20230921,10,1.41,29580.7,37070.4,
20230921,10,2.00,29581.6,37070.4,
20230921,10,2.01,29587.0,37070.4,
20230921,10,2.10,29587.0,37030.4,
20230921,10,2.12,29587.0,37024.4,
20230921,10,2.15,29703.0,36964.4,
20230921,10,2.66,29710.0,36964.4,
20230921,10,2.70,29711.6,36964.4,
20230921,10,3.00,29715.7,36964.4,
20230921,10,3.01,29715.7,36904.3,
20230921,10,3.12,29715.7,36854.3,
20230921,10,3.91,29722.7,36764.3,
20230921,10,4.00,29731.8,36764.3,
20230921,10,4.01,29732.9,36756.8,
20230921,10,4.65,29737.4,36756.8,
20230921,10,5.00,29910.6,36756.8,
20230921,10,5.01,29910.6,36477.2,
20230921,10,5.04,29910.6,36407.2,
20230921,10,5.12,29910.6,35707.2,
20230921,10,5.16,29917.6,35647.2,
20230921,10,5.39,29919.1,35647.2,
20230921,10,5.50,29919.2,35647.2,
20230921,10,6.00,29970.4,35647.2,
20230921,10,6.01,29970.4,35583.7,
20230921,10,6.02,29977.6,35581.6,
20230921,10,6.26,29977.6,35581.6,
20230921,10,6.41,29984.6,35574.0,
20230921,10,6.50,29994.6,35574.0,
20230921,10,6.94,30006.5,35574.0,
20230921,10,7.00,30047.7,35574.0,
20230921,10,7.01,30047.7,35573.9,
20230921,10,7.12,30047.7,35464.3,
20230921,10,7.47,30047.7,35404.3,
20230921,10,7.50,30087.7,35288.3,
20230921,10,7.66,30095.7,35288.3,
20230921,10,7.90,30095.7,35288.3,
20230921,10,8.00,30134.1,35281.0,
20230921,10,8.02,30144.7,35187.1,
20230921,10,8.08,30146.2,35187.1,
20230921,10,8.43,30146.2,35187.1,
20230921,10,8.50,30147.5,35177.1,
20230921,10,8.59,30147.5,35167.1,
20230921,10,8.74,30147.5,35166.1,
20230921,10,8.91,30155.7,35136.1,
20230921,10,9.00,30155.7,35136.1,
20230921,10,9.09,30155.7,35129.3,
20230921,10,9.23,30155.7,34972.3,
20230921,10,9.50,30155.7,34825.3,
20230921,10,9.59,30155.7,34678.3,
20230921,10,9.60,30155.7,34668.3,
20230921,10,9.61,30155.7,34613.3,
20230921,10,9.66,30155.7,34593.3,
20230921,10,9.79,30155.7,34425.7,
20230921,10,9.80,30155.7,34419.7,
20230921,10,9.81,30155.7,34369.7,
20230921,10,9.82,30155.7,34319.7,
20230921,10,9.93,30163.0,34259.7,
20230921,10,9.99,30172.0,34259.7,
20230921,10,10.00,30265.5,34259.7,
20230921,10,10.05,30287.1,34168.6,
20230921,10,10.12,30287.7,34168.6,
20230921,10,10.16,30296.7,34168.6,
20230921,10,10.17,30299.2,34168.6,
20230921,10,10.19,30373.2,34138.6,
20230921,10,10.20,30373.2,34057.4,
20230921,10,10.21,30373.2,33933.4,
20230921,10,10.22,30373.2,33901.4,
20230921,10,10.23,30373.2,33851.4,
20230921,10,10.25,30373.8,33801.4,
20230921,10,10.30,30374.5,33801.4,
20230921,10,10.36,30376.9,33801.4,
20230921,10,10.37,30377.5,33801.4,
20230921,10,10.38,30377.5,33801.4,
20230921,10,10.43,30377.5,33677.4,
20230921,10,10.46,30377.5,33644.0,
20230921,10,10.50,30378.1,33520.0,
20230921,10,10.51,30378.1,33520.0,
20230921,10,10.54,30380.6,33396.0,
20230921,10,10.63,30381.2,33396.0,
20230921,10,10.72,30383.6,33396.0,
20230921,10,10.74,30383.6,33396.0,
20230921,10,10.75,30383.6,33366.0,
20230921,10,10.77,30385.2,33316.0,
20230921,10,10.78,30385.2,33316.0,
20230921,10,10.90,30387.5,33266.0,
20230921,10,10.99,30387.5,33265.5,
20230921,10,11.00,30387.5,33265.3,
20230921,10,11.19,30387.5,33145.6,
20230921,10,11.20,30465.2,33120.7,
20230921,10,11.40,30465.2,33120.1,
20230921,10,11.41,30474.2,32969.1,
20230921,10,11.50,30474.2,32969.1,
20230921,10,11.53,30483.4,32918.3,
20230921,10,11.56,30491.3,32918.3,
20230921,10,11.57,30491.3,32918.3,
20230921,10,11.59,30491.3,32918.1,
20230921,10,11.61,30491.3,32903.1,
20230921,10,11.64,30491.3,32718.1,
20230921,10,11.66,30491.3,32697.3,
20230921,10,11.67,30491.3,32497.3,
20230921,10,11.75,30491.3,32346.3,
20230921,10,11.78,30491.3,32146.3,
20230921,10,11.80,30491.3,32144.1,
20230921,10,11.83,30494.5,32142.8,
20230921,10,11.89,30494.5,31942.8,
20230921,10,11.95,30494.5,31742.8,
20230921,10,11.96,30494.5,31742.1,
20230921,10,11.98,30494.5,31542.1,
20230921,10,12.00,30524.5,31521.1,
20230921,10,12.03,30524.5,31517.4,
20230921,10,12.12,30524.5,31317.4,
20230921,10,12.16,30524.5,31117.4,
20230921,10,12.19,30524.5,31117.2,
20230921,10,12.21,30527.1,30909.9,
20230921,10,12.22,30527.1,30909.9,
20230921,10,12.26,30577.5,30709.9,
20230921,10,12.33,30577.5,30709.9,
20230921,10,12.43,30577.5,30509.9,
20230921,10,12.49,30577.5,30479.9,
20230921,10,12.50,30615.5,30279.9,
20230921,10,12.63,30615.5,30279.8,
20230921,10,12.66,30615.5,30266.8,
20230921,10,12.74,30615.5,30208.8,
20230921,10,12.83,30615.5,30153.6,
20230921,10,12.85,30615.5,30140.5,
20230921,10,12.94,30615.5,30120.8,
20230921,10,13.00,30734.4,30116.5,
20230921,10,13.01,30734.4,30106.6,
20230921,10,13.02,30874.5,30105.7,
20230921,10,13.04,30874.5,30098.8,
20230921,10,13.05,30874.5,30081.4,
20230921,10,13.08,30877.0,30047.7,
20230921,10,13.18,30877.0,30047.7,
20230921,10,13.20,30877.0,30047.6,
20230921,10,13.21,30877.0,29999.3,
20230921,10,13.32,30877.0,29992.1,
20230921,10,13.39,30934.8,29991.8,
20230921,10,13.46,30936.3,29991.8,
20230921,10,13.50,30946.3,29991.8,
20230921,10,13.51,30946.7,29989.4,
20230921,10,13.59,30946.7,29989.4,
20230921,10,13.61,30946.7,29964.4,
20230921,10,13.91,30946.7,29914.4,
20230921,10,13.95,30946.7,29912.6,
20230921,10,14.00,30946.7,29904.6,
20230921,10,14.02,30946.7,29744.1,
20230921,10,14.10,30946.7,29661.1,
20230921,10,14.24,30947.2,29660.5,
20230921,10,14.30,30947.2,29660.5,
20230921,10,14.39,30949.7,29659.1,
20230921,10,14.41,30949.7,29659.1,
20230921,10,14.45,30949.7,29658.9,
20230921,10,14.50,30949.7,29657.8,
20230921,10,14.53,30949.7,29656.3,
20230921,10,14.55,30949.7,29306.3,
20230921,10,14.67,30949.7,29305.6,
20230921,10,14.74,30969.7,29295.6,
20230921,10,14.83,30969.7,29295.6,
20230921,10,14.99,30969.7,29295.5,
20230921,10,15.00,30973.7,29295.4,
20230921,10,15.01,30973.7,29288.7,
20230921,10,15.02,30974.2,29283.0,
20230921,10,15.16,30974.2,29283.0,
20230921,10,15.17,31070.2,29277.7,
20230921,10,15.20,31070.2,29277.7,
20230921,10,15.22,31070.2,29277.6,
20230921,10,15.39,31070.2,29262.3,
20230921,10,15.41,31070.2,29262.2,
20230921,10,15.50,31070.2,29236.2,
20230921,10,15.57,31134.2,29235.9,
20230921,10,15.58,31134.2,29235.9,
20230921,10,15.67,31134.2,29235.3,
20230921,10,15.72,31198.2,29214.3,
20230921,10,15.77,31198.2,29214.3,
20230921,10,15.79,31198.7,29209.8,
20230921,10,15.80,31198.7,29209.8,
20230921,10,15.81,31198.7,29209.5,
20230921,10,15.83,31262.7,29209.1,
20230921,10,15.90,31270.7,29209.1,
20230921,10,15.91,31270.7,29209.1,
20230921,10,15.95,31320.7,29208.9,
20230921,10,15.98,31384.7,29208.9,
20230921,10,16.00,31385.7,29208.9,
20230921,10,16.05,31385.7,29098.7,
20230921,10,16.06,31435.7,29090.5,
20230921,10,16.10,31436.7,29090.5,
20230921,10,16.12,31500.7,29090.5,
20230921,10,16.20,31501.7,29090.5,
20230921,10,16.27,31565.7,29090.5,
20230921,10,16.30,31566.7,29090.5,
20230921,10,16.37,31630.7,29090.5,
20230921,10,16.40,31630.7,29090.5,
20230921,10,16.41,31630.7,29084.7,
20230921,10,16.47,31694.7,29081.7,
20230921,10,16.50,31694.7,29081.7,
20230921,10,16.57,31759.2,29080.1,
20230921,10,16.65,31759.2,29080.1,
20230921,10,16.73,31759.2,29079.8,
20230921,10,16.74,31807.0,29069.8,
20230921,10,16.75,31871.0,29069.0,
20230921,10,16.85,31935.0,29069.0,
20230921,10,16.94,31999.0,29069.0,
20230921,10,16.99,31999.0,29069.0,
20230921,10,17.00,31999.0,29068.9,
20230921,10,17.08,32063.0,29048.9,
20230921,10,17.16,32085.7,29048.9,
20230921,10,17.18,32085.7,29048.9,
20230921,10,17.25,32085.7,29032.7,
20230921,10,17.32,32085.7,29032.2,
20230921,10,17.35,32086.2,28980.2,
20230921,10,17.38,32086.2,28980.2,
20230921,10,17.45,32086.2,28950.2,
20230921,10,17.50,32086.2,28950.0,
20230921,10,17.53,32086.2,28949.1,
20230921,10,17.59,32116.1,28919.1,
20230921,10,17.60,32116.1,28919.1,
20230921,10,17.61,32126.0,28909.1,
20230921,10,17.63,32126.0,28909.1,
20230921,10,17.65,32201.0,28907.1,
20230921,10,17.66,32201.0,28907.1,
20230921,10,17.68,32201.0,28904.1,
20230921,10,17.84,32201.0,28874.1,
20230921,10,17.99,32201.0,28844.1,
20230921,10,18.00,32201.0,28814.1,
20230921,10,18.03,32201.0,28813.9,
20230921,10,18.11,32201.0,28813.8,
20230921,10,18.14,32201.0,28812.8,
20230921,10,18.20,32201.0,28782.8,
20230921,10,18.29,32201.0,28769.4,
20230921,10,18.30,32201.0,28739.4,
20230921,10,18.45,32201.0,28739.3,
20230921,10,18.62,32201.0,28709.3,
20230921,10,18.64,32201.0,28699.5,
20230921,10,18.81,32201.0,28693.3,
20230921,10,18.86,32201.0,28636.3,
20230921,10,18.91,32201.0,28635.1,
20230921,10,19.00,32201.0,28633.9,
20230921,10,19.10,32201.0,28485.4,
20230921,10,19.43,32201.0,28483.7,
20230921,10,19.54,32201.0,28449.6,
20230921,10,19.62,32201.1,28380.9,
20230921,10,19.71,32410.1,28380.9,
20230921,10,20.00,32410.1,28380.9,
20230921,10,20.01,32410.1,28333.3,
20230921,10,20.02,32410.1,28290.9,
20230921,10,20.11,32421.6,28286.5,
20230921,10,20.27,32421.6,28286.5,
20230921,10,20.39,32421.6,28284.8,
20230921,10,20.50,32421.6,28283.4,
20230921,10,20.87,32421.6,28281.3,
20230921,10,21.00,32421.6,28279.4,
20230921,10,21.12,32421.6,28279.3,
20230921,10,21.65,32421.6,26889.3,
20230921,10,21.74,32421.6,26885.9,
20230921,10,22.28,32471.6,26878.2,
20230921,10,22.47,32471.6,26878.2,
20230921,10,22.94,32471.6,26737.2,
20230921,10,23.00,32484.6,26736.6,
20230921,10,23.03,32484.6,26735.6,
20230921,10,23.26,32484.6,26735.5,
20230921,10,23.62,32484.6,26734.3,
20230921,10,24.28,32484.6,26433.3,
20230921,10,25.00,32484.6,26428.9,
20230921,10,26.20,32484.6,26428.3,
20230921,10,27.00,32484.6,26427.1,
20230921,10,27.01,32484.6,26388.3,
20230921,10,27.12,32484.6,26376.4,
20230921,10,27.43,32484.6,26371.9,
20230921,10,27.67,32484.6,26371.2,
20230921,10,28.30,32484.6,26366.5,
20230921,10,28.54,32484.6,26362.1,
20230921,10,28.61,32484.6,26360.1,
20230921,10,28.75,32484.6,26102.1,
20230921,10,29.10,32484.6,25974.1,
20230921,10,29.97,32484.6,25973.7,
20230921,10,30.00,32484.6,25966.3,
20230921,10,30.36,32484.6,25939.0,
20230921,10,30.56,32484.6,25926.5,
20230921,10,32.00,32484.6,25925.6,
20230921,10,32.70,32485.5,25801.0,
20230921,10,33.03,32485.5,25801.0,
20230921,10,34.00,32485.5,25800.8,
20230921,10,35.00,32485.5,25785.3,
20230921,10,36.00,32485.5,25763.5,
20230921,10,36.84,32485.5,25752.4,
20230921,10,38.50,32485.5,25733.9,
20230921,10,39.98,32545.5,25733.8,
20230921,10,40.00,32545.5,25733.8,
20230921,10,40.01,32545.5,25705.1,
20230921,10,41.45,32545.5,25705.0,
20230921,10,41.87,32545.5,25687.0,
20230921,10,42.50,32545.5,25582.9,
20230921,10,42.81,32545.5,25582.6,
20230921,10,45.00,32545.5,25571.4,
20230921,10,45.01,32545.5,25521.8,
20230921,10,45.12,32545.5,25521.7,
20230921,10,50.00,32545.5,25521.4,
20230921,10,50.01,32546.6,25460.2,
20230921,10,50.12,32546.6,25460.2,
20230921,10,50.90,32546.6,25459.1,
20230921,10,60.00,32546.6,25458.4,
20230921,10,61.00,32546.6,25405.2,
20230921,10,62.00,32546.6,25394.6,
20230921,10,67.94,32546.6,25357.1,
20230921,10,70.00,32546.6,25327.9,
20230921,10,77.80,32546.6,25249.7,
20230921,10,79.90,32546.6,25221.8,
20230921,10,79.98,32566.6,25221.1,
20230921,10,80.00,32566.6,25221.1,
20230921,10,80.01,32566.6,24925.1,
20230921,10,80.02,32566.6,24717.8,
20230921,10,80.10,32566.6,24712.8,
20230921,10,80.20,32566.6,24703.0,
20230921,10,80.21,32586.5,24694.9,
20230921,10,80.50,32586.5,24694.9,
20230921,10,81.00,32586.5,24694.7,
20230921,10,82.01,32586.5,24661.4,
20230921,10,85.00,32586.5,24607.9,
20230921,10,90.00,32586.5,24596.8,
20230921,10,99.90,32586.5,24573.9,
20230921,10,100.00,32586.5,24573.6,
20230921,10,100.01,32598.0,23063.2,
20230921,10,101.00,32598.0,23063.2,
20230921,10,102.00,32598.0,22917.3,
20230921,10,105.00,32598.0,22868.6,
20230921,10,120.10,32598.0,22868.5,
20230921,10,130.00,32598.0,22831.3,
20230921,10,138.00,32598.0,22827.9,
20230921,10,150.00,32598.0,22739.4,
20230921,10,190.00,32598.0,22737.0,
20230921,10,200.00,32598.0,22736.3,
20230921,10,200.01,32598.0,21456.4,
20230921,10,200.10,32598.0,20155.6,
20230921,10,200.50,32598.0,20127.9,
20230921,10,200.98,32598.0,20122.6,
20230921,10,200.99,32598.0,20122.5,
20230921,10,201.00,32598.0,20122.4,
20230921,10,210.00,32598.0,20052.5,
20230921,10,250.00,32598.0,19865.5,
20230921,10,300.00,32598.0,19691.2,
20230921,10,500.00,32598.0,19167.4,
20230921,10,548.66,32598.0,19165.4,
20230921,10,550.02,32598.0,19115.0,
20230921,10,999.00,32598.0,18909.8,
20230921,10,999.99,32598.0,0.0,
20230921,11,0.00,0.0,37987.2,
20230921,11,0.00,11016.4,37987.2,
20230921,11,0.01,28463.5,37987.2,
20230921,11,0.02,28687.4,37985.0,
20230921,11,0.03,28687.4,37972.6,
20230921,11,0.04,28704.9,37947.2,
20230921,11,0.10,28704.9,37947.2,
20230921,11,0.20,28704.9,37827.1,
20230921,11,0.30,28704.9,37752.1,
20230921,11,0.59,28951.9,37748.1,
20230921,11,0.62,28951.9,37748.1,
20230921,11,1.00,29575.6,37668.1,
20230921,11,1.01,29575.6,37503.0,
20230921,11,1.12,29575.6,37473.0,
20230921,11,2.00,29576.3,37443.0,
20230921,11,2.01,29576.3,37443.0,
20230921,11,2.03,29578.1,37403.0,
20230921,11,2.09,29585.1,37403.0,
20230921,11,2.10,29585.1,37403.0,
20230921,11,2.12,29585.1,37397.0,
20230921,11,2.15,29701.9,37337.0,
20230921,11,2.21,29706.9,37337.0,
20230921,11,2.35,29708.5,37337.0,
20230921,11,3.00,29712.1,37337.0,
20230921,11,3.01,29712.1,37276.9,
20230921,11,3.10,29712.1,37226.9,
20230921,11,3.12,29712.1,37181.9,
20230921,11,3.59,29719.1,37091.9,
20230921,11,4.04,29720.9,37091.9,
20230921,11,4.41,29728.2,37091.9,
20230921,11,4.65,29733.2,37091.9,
20230921,11,4.70,29734.7,37091.9,
20230921,11,5.00,29906.8,37091.9,
20230921,11,5.01,29906.8,36810.7,
20230921,11,5.04,29906.8,36740.7,
20230921,11,5.09,29913.8,36040.7,
20230921,11,5.11,29913.8,36040.7,
20230921,11,5.12,29914.9,36032.8,
20230921,11,5.50,29915.0,35972.8,
20230921,11,6.00,29956.1,35972.8,
20230921,11,6.01,29956.1,35908.5,
20230921,11,6.02,29963.5,35906.3,
20230921,11,6.06,29965.4,35906.3,
20230921,11,6.26,29965.4,35906.3,
20230921,11,6.50,29975.4,35898.7,
20230921,11,6.59,29983.4,35898.7,
20230921,11,6.60,29990.7,35898.7,
20230921,11,6.94,30002.4,35898.7,
20230921,11,7.00,30042.7,35898.7,
20230921,11,7.01,30042.7,35898.6,
20230921,11,7.04,30044.2,35786.8,
20230921,11,7.12,30044.2,35786.8,
20230921,11,7.47,30044.2,35726.8,
20230921,11,7.50,30078.8,35610.8,
20230921,11,7.90,30078.8,35610.8,
20230921,11,8.00,30107.9,35603.3,
20230921,11,8.02,30118.8,35508.6,
20230921,11,8.08,30120.6,35508.6,
20230921,11,8.09,30128.6,35508.6,
20230921,11,8.50,30129.9,35508.6,
20230921,11,8.59,30129.9,35498.6,
20230921,11,8.80,30137.2,35497.6,
20230921,11,9.00,30137.2,35497.6,
20230921,11,9.09,30137.2,35490.7,
20230921,11,9.23,30137.2,35333.7,
20230921,11,9.36,30137.2,35186.7,
20230921,11,9.39,30138.8,35039.7,
20230921,11,9.50,30138.8,35039.7,
20230921,11,9.59,30147.8,34892.7,
20230921,11,9.60,30147.8,34882.7,
20230921,11,9.66,30147.8,34826.7,
20230921,11,9.67,30147.8,34679.7,
20230921,11,9.70,30147.8,34666.2,
20230921,11,9.79,30147.8,34636.2,
20230921,11,9.80,30147.8,34631.0,
20230921,11,9.81,30147.8,34581.0,
20230921,11,9.82,30147.8,34531.0,
20230921,11,10.00,30238.0,34471.0,
20230921,11,10.05,30259.0,34380.0,
20230921,11,10.09,30260.8,34380.0,
20230921,11,10.17,30260.8,34380.0,
20230921,11,10.20,30260.8,34350.0,
20230921,11,10.21,30260.8,34226.0,
20230921,11,10.22,30260.8,34194.0,
20230921,11,10.23,30260.8,34144.0,
20230921,11,10.27,30261.4,34094.0,
20230921,11,10.30,30262.0,34094.0,
20230921,11,10.31,30269.2,34094.0,
20230921,11,10.33,30269.2,34094.0,
20230921,11,10.38,30269.2,34074.0,
20230921,11,10.46,30269.8,33950.0,
20230921,11,10.51,30269.8,33826.0,
20230921,11,10.64,30270.4,33702.0,
20230921,11,10.65,30270.4,33702.0,
20230921,11,10.75,30270.4,33692.0,
20230921,11,10.78,30270.4,33642.0,
20230921,11,10.82,30271.0,33592.0,
20230921,11,11.00,30290.9,33592.0,
20230921,11,11.09,30299.9,33471.9,
20230921,11,11.19,30299.9,33471.9,
20230921,11,11.20,30351.1,33335.7,
20230921,11,11.33,30351.1,33335.7,
20230921,11,11.40,30351.1,33335.4,
20230921,11,11.50,30351.1,33184.4,
20230921,11,11.53,30360.7,33134.1,
20230921,11,11.59,30360.7,33134.1,
20230921,11,11.61,30360.7,33114.1,
20230921,11,11.64,30360.7,32949.1,
20230921,11,11.67,30360.7,32927.8,
20230921,11,11.69,30360.7,32776.6,
20230921,11,11.70,30360.7,32576.6,
20230921,11,11.72,30360.7,32546.6,
20230921,11,11.73,30362.2,32546.3,
20230921,11,11.77,30362.2,32546.3,
20230921,11,11.78,30362.2,32346.3,
20230921,11,11.80,30362.2,32344.1,
20230921,11,11.81,30362.2,32344.0,
20230921,11,11.83,30365.5,32343.7,
20230921,11,11.86,30365.5,32343.7,
20230921,11,11.91,30365.5,32143.7,
20230921,11,11.95,30366.0,31943.7,
20230921,11,11.98,30366.0,31943.0,
20230921,11,12.00,30396.0,31743.0,
20230921,11,12.06,30396.0,31738.6,
20230921,11,12.10,30396.0,31538.6,
20230921,11,12.15,30396.0,31538.3,
20230921,11,12.18,30396.5,31338.3,
20230921,11,12.21,30399.2,31338.3,
20230921,11,12.23,30399.2,31338.3,
20230921,11,12.26,30449.6,31138.3,
20230921,11,12.31,30449.6,31138.3,
20230921,11,12.33,30449.6,31138.1,
20230921,11,12.35,30449.6,31118.1,
20230921,11,12.36,30449.6,30918.1,
20230921,11,12.37,30449.6,30913.5,
20230921,11,12.39,30449.6,30700.8,
20230921,11,12.40,30450.1,30700.5,
20230921,11,12.50,30488.1,30700.5,
20230921,11,12.51,30488.1,30700.4,
20230921,11,12.63,30488.6,30500.4,
20230921,11,12.65,30488.6,30500.4,
20230921,11,12.66,30488.6,30485.4,
20230921,11,12.67,30488.6,30427.4,
20230921,11,12.85,30489.1,30426.7,
20230921,11,12.86,30489.1,30392.9,
20230921,11,12.89,30489.1,30383.6,
20230921,11,13.00,30613.5,30383.4,
20230921,11,13.01,30613.5,30373.4,
20230921,11,13.02,30767.6,30322.7,
20230921,11,13.03,30767.6,30322.7,
20230921,11,13.04,30767.6,30314.0,
20230921,11,13.05,30797.6,30310.9,
20230921,11,13.09,30797.6,30310.9,
20230921,11,13.18,30797.6,30297.8,
20230921,11,13.20,30797.6,30297.7,
20230921,11,13.32,30797.6,30297.6,
20230921,11,13.39,30855.4,30289.3,
20230921,11,13.47,30855.4,30289.3,
20230921,11,13.50,30865.4,30289.1,
20230921,11,13.51,30865.8,30286.7,
20230921,11,13.56,30865.8,30286.7,
20230921,11,13.59,30865.8,30279.5,
20230921,11,13.70,30865.8,30249.5,
20230921,11,13.95,30865.8,30194.5,
20230921,11,14.00,30865.8,30186.1,
20230921,11,14.02,30865.8,30025.4,
20230921,11,14.06,30865.8,29942.4,
20230921,11,14.09,30865.8,29942.2,
20230921,11,14.10,30865.8,29941.3,
20230921,11,14.30,30868.3,29940.7,
20230921,11,14.33,30868.3,29939.3,
20230921,11,14.50,30868.3,29889.3,
20230921,11,14.53,30868.3,29888.6,
20230921,11,14.55,30868.3,29538.6,
20230921,11,14.64,30868.3,29538.0,
20230921,11,14.65,30868.3,29537.1,
20230921,11,14.67,30868.3,29512.1,
20230921,11,14.70,30868.3,29502.1,
20230921,11,14.83,30868.3,29501.6,
20230921,11,14.91,30868.3,29501.5,
20230921,11,14.99,30868.3,29496.9,
20230921,11,15.00,30872.3,29496.8,
20230921,11,15.01,30872.3,29489.8,
20230921,11,15.11,30872.3,29488.8,
20230921,11,15.13,30872.3,29488.7,
20230921,11,15.17,30968.3,29488.5,
20230921,11,15.20,30968.3,29488.5,
20230921,11,15.22,30968.3,29488.3,
20230921,11,15.27,30968.3,29474.8,
20230921,11,15.45,30968.3,29474.2,
20230921,11,15.50,30976.2,29436.2,
20230921,11,15.58,30976.2,29436.0,
20230921,11,15.59,30976.2,29435.3,
20230921,11,15.65,31040.2,29429.8,
20230921,11,15.67,31040.2,29429.8,
20230921,11,15.70,31060.2,29408.8,
20230921,11,15.80,31060.2,29408.8,
20230921,11,15.83,31124.2,29408.5,
20230921,11,15.90,31132.2,29408.5,
20230921,11,15.91,31132.2,29408.5,
20230921,11,15.95,31182.2,29408.3,
20230921,11,15.98,31246.2,29408.3,
20230921,11,16.00,31247.2,29408.3,
20230921,11,16.03,31247.2,29290.8,
20230921,11,16.05,31247.2,29269.8,
20230921,11,16.06,31297.2,29261.6,
20230921,11,16.08,31297.2,29261.6,
20230921,11,16.10,31298.2,29257.1,
20230921,11,16.12,31362.2,29257.1,
20230921,11,16.14,31362.2,29257.1,
20230921,11,16.20,31363.2,29254.8,
20230921,11,16.27,31491.2,29254.8,
20230921,11,16.30,31492.2,29254.8,
20230921,11,16.40,31492.2,29254.8,
20230921,11,16.47,31556.2,29248.8,
20230921,11,16.50,31556.2,29248.8,
20230921,11,16.57,31620.2,29247.3,
20230921,11,16.66,31684.2,29247.3,
20230921,11,16.67,31684.2,29247.3,
20230921,11,16.70,31684.2,29246.5,
20230921,11,16.72,31684.2,29246.4,
20230921,11,16.75,31748.2,29246.1,
20230921,11,16.94,31812.2,29246.1,
20230921,11,16.99,31812.2,29246.1,
20230921,11,17.00,31812.2,29246.0,
20230921,11,17.03,31876.2,29226.0,
20230921,11,17.09,31876.2,29226.0,
20230921,11,17.16,31930.7,29223.0,
20230921,11,17.18,31930.7,29223.0,
20230921,11,17.25,31930.7,29206.8,
20230921,11,17.32,31930.7,29206.3,
20230921,11,17.38,31930.7,29154.3,
20230921,11,17.45,31930.7,29124.3,
20230921,11,17.50,31930.7,29124.1,
20230921,11,17.53,31930.7,29124.0,
20230921,11,17.63,31930.7,29094.0,
20230921,11,17.65,32005.7,29091.0,
20230921,11,17.68,32005.7,29091.0,
20230921,11,17.69,32005.7,29061.0,
20230921,11,17.70,32053.5,29051.0,
20230921,11,17.84,32053.5,29051.0,
20230921,11,17.97,32053.5,29021.0,
20230921,11,17.99,32053.5,29014.6,
20230921,11,18.00,32053.5,28984.6,
20230921,11,18.03,32053.5,28984.4,
20230921,11,18.13,32053.5,28984.3,
20230921,11,18.14,32053.5,28983.3,
20230921,11,18.29,32053.5,28953.3,
20230921,11,18.30,32053.5,28909.6,
20230921,11,18.32,32053.5,28909.5,
20230921,11,18.33,32063.4,28899.5,
20230921,11,18.45,32063.4,28899.5,
20230921,11,18.59,32063.4,28869.5,
20230921,11,18.62,32063.4,28866.5,
20230921,11,18.65,32093.3,28856.7,
20230921,11,18.81,32093.3,28856.7,
20230921,11,19.00,32093.3,28797.7,
20230921,11,19.21,32093.3,28649.2,
20230921,11,19.44,32093.3,28648.7,
20230921,11,19.54,32093.3,28611.9,
20230921,11,19.59,32093.3,28536.3,
20230921,11,19.71,32302.3,28535.6,
20230921,11,19.91,32302.3,28535.6,
20230921,11,20.00,32302.3,28493.3,
20230921,11,20.09,32302.3,28442.1,
20230921,11,20.10,32302.3,28440.7,
20230921,11,20.11,32313.8,28438.9,
20230921,11,20.20,32313.8,28437.4,
20230921,11,20.27,32313.8,28436.9,
20230921,11,20.29,32313.8,28435.4,
20230921,11,20.34,32313.9,28431.0,
20230921,11,21.00,32313.9,28431.0,
20230921,11,21.12,32313.9,28430.9,
20230921,11,21.50,32313.9,27040.9,
20230921,11,21.67,32313.9,27038.5,
20230921,11,21.72,32313.9,27031.2,
20230921,11,21.96,32313.9,27027.9,
20230921,11,22.28,32363.9,27025.8,
20230921,11,22.94,32363.9,27025.8,
20230921,11,23.00,32376.9,27025.0,
20230921,11,23.03,32376.9,27025.0,
20230921,11,23.72,32376.9,27024.9,
20230921,11,23.91,32376.9,27024.3,
20230921,11,24.00,32376.9,27023.7,
20230921,11,24.06,32376.9,27022.5,
20230921,11,24.35,32376.9,26990.5,
20230921,11,24.49,32376.9,26689.5,
20230921,11,25.00,32376.9,26685.1,
20230921,11,26.73,32376.9,26684.5,
20230921,11,26.79,32376.9,26684.0,
20230921,11,27.00,32376.9,26683.3,
20230921,11,27.01,32376.9,26643.1,
20230921,11,27.29,32376.9,26631.4,
20230921,11,27.98,32376.9,26626.9,
20230921,11,27.99,32376.9,26626.4,
20230921,11,28.23,32376.9,26625.8,
20230921,11,28.46,32376.9,26620.8,
20230921,11,28.60,32376.9,26249.4,
20230921,11,28.69,32376.9,26230.4,
20230921,11,29.10,32376.9,26229.0,
20230921,11,29.97,32376.9,26228.5,
20230921,11,30.00,32376.9,26224.6,
20230921,11,30.36,32376.9,26196.7,
20230921,11,30.56,32376.9,26183.9,
20230921,11,32.00,32376.9,26183.0,
20230921,11,32.70,32377.8,26054.7,
20230921,11,33.03,32377.8,26054.7,
20230921,11,33.33,32377.8,26054.5,
20230921,11,34.00,32377.8,26024.5,
20230921,11,35.00,32377.8,26007.9,
20230921,11,36.00,32377.8,25985.0,
20230921,11,36.84,32377.8,25972.2,
20230921,11,39.98,32437.8,25952.1,
20230921,11,40.00,32437.8,25952.1,
20230921,11,40.01,32437.8,25922.9,
20230921,11,40.50,32437.8,25922.8,
20230921,11,41.42,32437.8,25922.7,
20230921,11,42.79,32437.8,25903.8,
20230921,11,44.50,32437.8,25892.1,
20230921,11,45.00,32437.8,25891.8,
20230921,11,45.12,32437.8,25839.3,
20230921,11,50.00,32437.8,25838.9,
20230921,11,50.01,32438.9,25776.2,
20230921,11,50.12,32438.9,25776.2,
20230921,11,50.87,32438.9,25775.0,
20230921,11,50.90,32438.9,25669.1,
20230921,11,60.00,32438.9,25668.4,
20230921,11,61.00,32438.9,25614.2,
20230921,11,62.00,32438.9,25602.7,
20230921,11,67.94,32438.9,25564.6,
20230921,11,70.00,32438.9,25533.5,
20230921,11,77.80,32438.9,25453.2,
20230921,11,79.90,32438.9,25421.8,
20230921,11,79.98,32458.9,25420.8,
20230921,11,80.00,32458.9,25420.8,
20230921,11,80.01,32458.9,25116.6,
20230921,11,80.02,32458.9,24902.2,
20230921,11,80.10,32458.9,24897.2,
20230921,11,80.20,32458.9,24887.0,
20230921,11,80.21,32478.8,24878.9,
20230921,11,80.50,32478.8,24878.9,
20230921,11,81.00,32478.8,24878.7,
20230921,11,82.01,32478.8,24837.7,
20230921,11,85.00,32478.8,24781.7,
20230921,11,90.00,32478.8,24770.5,
20230921,11,99.90,32478.8,24747.1,
20230921,11,100.00,32478.8,24746.7,
20230921,11,100.01,32490.4,23227.4,
20230921,11,101.00,32490.4,23227.4,
20230921,11,102.00,32490.4,23081.5,
20230921,11,105.00,32490.4,23028.9,
20230921,11,120.10,32490.4,23028.8,
20230921,11,130.00,32490.4,22990.6,
20230921,11,138.00,32490.4,22987.2,
20230921,11,150.00,32490.4,22897.8,
20230921,11,190.00,32490.4,22895.5,
20230921,11,200.00,32490.4,22894.8,
20230921,11,200.01,32490.4,21599.6,
20230921,11,200.10,32490.4,20285.0,
20230921,11,200.50,32490.4,20257.5,
20230921,11,200.98,32490.4,20252.2,
20230921,11,200.99,32490.4,20252.1,
20230921,11,201.00,32490.4,20252.0,
20230921,11,210.00,32490.4,20180.4,
20230921,11,250.00,32490.4,19991.4,
20230921,11,300.00,32490.4,19817.0,
20230921,11,500.00,32490.4,19293.6,
20230921,11,548.66,32490.4,19291.6,
20230921,11,550.02,32490.4,19241.2,
20230921,11,999.00,32490.4,19036.0,
20230921,11,999.99,32490.4,0.0,
20230921,12,0.00,0.0,38244.8,
20230921,12,0.00,11078.1,38244.8,
20230921,12,0.01,28730.9,38244.8,
20230921,12,0.02,29006.5,38242.3,
20230921,12,0.03,29006.5,38229.9,
20230921,12,0.04,29023.1,38204.1,
20230921,12,0.09,29023.1,38204.1,
20230921,12,0.10,29023.1,38203.5,
20230921,12,0.20,29023.1,38083.4,
20230921,12,0.30,29023.1,38008.4,
20230921,12,0.60,29160.5,38004.4,
20230921,12,0.62,29160.5,38004.4,
20230921,12,1.00,29765.3,37924.4,
20230921,12,1.01,29765.3,37755.5,
20230921,12,1.12,29765.3,37725.5,
20230921,12,2.00,29765.8,37695.5,
20230921,12,2.01,29765.8,37695.5,
20230921,12,2.09,29767.6,37655.5,
20230921,12,2.10,29773.6,37655.5,
20230921,12,2.12,29773.6,37649.5,
20230921,12,2.15,29890.4,37589.5,
20230921,12,2.35,29892.0,37589.5,
20230921,12,2.60,29899.2,37589.5,
20230921,12,3.00,29902.7,37589.5,
20230921,12,3.01,29902.7,37529.4,
20230921,12,3.10,29902.7,37479.4,
20230921,12,3.12,29902.7,37434.4,
20230921,12,3.60,29908.7,37344.4,
20230921,12,4.17,29910.5,37344.4,
20230921,12,4.65,29917.7,37344.4,
20230921,12,4.68,29919.2,37344.4,
20230921,12,5.00,30089.1,37344.4,
20230921,12,5.01,30089.1,37060.5,
20230921,12,5.04,30089.1,36990.5,
20230921,12,5.10,30095.3,36290.5,
20230921,12,5.12,30095.3,36290.5,
20230921,12,5.19,30102.6,36230.5,
20230921,12,5.50,30102.7,36230.5,
20230921,12,5.64,30103.3,36230.5,
20230921,12,6.00,30142.1,36230.5,
20230921,12,6.01,30142.1,36164.7,
20230921,12,6.02,30149.7,36162.4,
20230921,12,6.18,30149.7,36162.4,
20230921,12,6.19,30150.1,36160.7,
20230921,12,6.25,30152.0,36160.7,
20230921,12,6.26,30152.2,36154.1,
20230921,12,6.50,30162.2,36146.5,
20230921,12,6.60,30170.1,36146.5,
20230921,12,6.94,30181.4,36146.5,
20230921,12,7.00,30221.5,36146.5,
20230921,12,7.01,30221.5,36146.4,
20230921,12,7.02,30223.0,36026.7,
20230921,12,7.12,30223.0,36026.7,
20230921,12,7.47,30223.0,35966.7,
20230921,12,7.50,30247.0,35850.7,
20230921,12,7.79,30254.3,35850.7,
20230921,12,7.90,30254.3,35850.7,
20230921,12,8.00,30283.8,35843.6,
20230921,12,8.02,30295.2,35747.5,
20230921,12,8.10,30303.2,35747.5,
20230921,12,8.33,30305.0,35747.5,
20230921,12,8.50,30306.3,35747.5,
20230921,12,8.59,30306.3,35737.5,
20230921,12,9.00,30306.3,35736.4,
20230921,12,9.09,30306.3,35729.5,
20230921,12,9.23,30306.3,35572.5,
20230921,12,9.35,30307.9,35425.5,
20230921,12,9.36,30307.9,35425.5,
20230921,12,9.50,30307.9,35278.5,
20230921,12,9.58,30307.9,35131.5,
20230921,12,9.60,30316.9,35111.5,
20230921,12,9.66,30316.9,35053.5,
20230921,12,9.79,30316.9,34906.5,
20230921,12,9.80,30316.9,34900.8,
20230921,12,9.81,30316.9,34850.8,
20230921,12,9.82,30316.9,34800.8,
20230921,12,10.00,30403.7,34740.8,
20230921,12,10.05,30424.7,34650.2,
20230921,12,10.17,30424.7,34650.2,
20230921,12,10.20,30424.7,34620.2,
20230921,12,10.21,30424.7,34496.2,
20230921,12,10.22,30424.7,34464.2,
20230921,12,10.23,30424.7,34404.2,
20230921,12,10.28,30424.7,34354.2,
20230921,12,10.30,30425.2,34324.2,
20230921,12,10.38,30432.5,34324.2,
20230921,12,10.41,30434.3,34200.2,
20230921,12,10.46,30434.3,34200.2,
20230921,12,10.51,30434.3,34076.2,
20230921,12,10.67,30434.9,33942.2,
20230921,12,10.86,30434.9,33942.2,
20230921,12,10.90,30434.9,33892.2,
20230921,12,10.92,30435.5,33842.2,
20230921,12,10.94,30435.5,33842.2,
20230921,12,11.00,30435.5,33828.5,
20230921,12,11.10,30444.5,33708.7,
20230921,12,11.18,30445.1,33708.7,
20230921,12,11.40,30445.1,33708.7,
20230921,12,11.44,30445.7,33557.7,
20230921,12,11.50,30445.7,33557.7,
20230921,12,11.58,30445.7,33507.4,
20230921,12,11.61,30445.7,33487.4,
20230921,12,11.67,30445.7,33322.4,
20230921,12,11.69,30447.2,33171.4,
20230921,12,11.70,30447.8,33171.4,
20230921,12,11.71,30447.8,33169.1,
20230921,12,11.73,30447.8,33164.2,
20230921,12,11.77,30454.9,32964.2,
20230921,12,11.78,30465.0,32941.9,
20230921,12,11.80,30465.0,32941.9,
20230921,12,11.81,30465.0,32941.8,
20230921,12,11.88,30465.0,32741.8,
20230921,12,11.90,30465.5,32541.8,
20230921,12,11.95,30465.5,32541.8,
20230921,12,11.98,30465.5,32341.1,
20230921,12,11.99,30469.0,32319.1,
20230921,12,12.00,30499.0,32319.1,
20230921,12,12.02,30499.0,32315.1,
20230921,12,12.10,30499.0,32115.1,
20230921,12,12.11,30499.5,31915.1,
20230921,12,12.18,30499.5,31915.1,
20230921,12,12.21,30502.3,31715.1,
20230921,12,12.22,30502.3,31715.1,
20230921,12,12.26,30552.8,31695.1,
20230921,12,12.28,30552.8,31695.1,
20230921,12,12.30,30552.8,31665.1,
20230921,12,12.32,30553.3,31465.1,
20230921,12,12.44,30553.3,31465.1,
20230921,12,12.50,30591.3,31265.1,
20230921,12,12.51,30591.3,31264.9,
20230921,12,12.54,30591.8,31249.9,
20230921,12,12.65,30591.8,31249.9,
20230921,12,12.66,30591.8,31049.9,
20230921,12,12.70,30591.8,30991.9,
20230921,12,12.75,30592.3,30772.3,
20230921,12,12.76,30592.3,30772.3,
20230921,12,12.77,30592.3,30772.1,
20230921,12,12.81,30592.3,30762.2,
20230921,12,12.88,30592.3,30740.1,
20230921,12,12.96,30592.3,30687.8,
20230921,12,12.97,30611.6,30674.8,
20230921,12,13.00,30612.4,30674.3,
20230921,12,13.01,30612.4,30664.4,
20230921,12,13.02,30805.5,30663.4,
20230921,12,13.03,30805.5,30663.4,
20230921,12,13.04,30805.5,30654.7,
20230921,12,13.05,30835.5,30651.1,
20230921,12,13.14,30838.0,30651.1,
20230921,12,13.18,30838.0,30651.1,
20230921,12,13.20,30838.0,30651.0,
20230921,12,13.23,30838.0,30650.9,
20230921,12,13.30,30838.0,30637.8,
20230921,12,13.39,30900.8,30635.2,
20230921,12,13.40,30900.8,30635.2,
20230921,12,13.41,30900.9,30635.1,
20230921,12,13.47,30900.9,30635.1,
20230921,12,13.49,30900.9,30634.9,
20230921,12,13.50,30910.9,30621.9,
20230921,12,13.51,30911.3,30619.5,
20230921,12,13.58,30911.3,30619.5,
20230921,12,13.64,30911.3,30569.5,
20230921,12,13.76,30911.3,30569.0,
20230921,12,13.95,30911.3,30556.7,
20230921,12,13.97,30911.3,30547.9,
20230921,12,14.00,30911.3,30546.7,
20230921,12,14.02,30911.3,30355.4,
20230921,12,14.10,30911.3,30272.4,
20230921,12,14.17,30911.3,30270.9,
20230921,12,14.28,30911.3,30270.7,
20230921,12,14.30,30911.3,30215.7,
20230921,12,14.38,30911.3,30214.3,
20230921,12,14.45,30913.8,30214.1,
20230921,12,14.50,30913.8,30214.1,
20230921,12,14.51,30913.8,30213.4,
20230921,12,14.53,30913.8,30188.4,
20230921,12,14.55,30913.8,29858.4,
20230921,12,14.67,30913.8,29857.9,
20230921,12,14.83,30913.8,29847.9,
20230921,12,14.88,30913.8,29847.8,
20230921,12,14.99,30913.8,29847.5,
20230921,12,15.00,30941.8,29847.4,
20230921,12,15.01,30941.9,29792.5,
20230921,12,15.17,31037.9,29791.4,
20230921,12,15.20,31037.9,29791.4,
20230921,12,15.22,31037.9,29791.3,
20230921,12,15.31,31037.9,29781.2,
20230921,12,15.36,31037.9,29781.1,
20230921,12,15.44,31037.9,29781.0,
20230921,12,15.45,31037.9,29776.4,
20230921,12,15.50,31037.9,29738.4,
20230921,12,15.58,31037.9,29738.2,
20230921,12,15.59,31045.8,29737.3,
20230921,12,15.60,31045.8,29737.3,
20230921,12,15.67,31045.8,29731.4,
20230921,12,15.80,31045.8,29709.4,
20230921,12,15.83,31109.8,29709.1,
20230921,12,15.90,31117.8,29709.1,
20230921,12,15.91,31117.8,29709.1,
20230921,12,15.95,31167.8,29708.9,
20230921,12,15.98,31231.8,29708.9,
20230921,12,16.00,31232.8,29708.9,
20230921,12,16.05,31232.8,29583.4,
20230921,12,16.06,31282.8,29575.2,
20230921,12,16.10,31283.8,29575.2,
20230921,12,16.12,31347.8,29575.2,
20230921,12,16.20,31348.8,29575.2,
20230921,12,16.27,31476.8,29575.2,
20230921,12,16.28,31496.8,29575.2,
20230921,12,16.29,31496.8,29575.2,
20230921,12,16.30,31497.8,29574.3,
20230921,12,16.40,31497.8,29574.3,
20230921,12,16.41,31497.8,29567.9,
20230921,12,16.47,31561.8,29566.8,
20230921,12,16.49,31561.8,29566.8,
20230921,12,16.50,31561.8,29562.3,
20230921,12,16.51,31561.8,29561.4,
20230921,12,16.57,31625.8,29558.6,
20230921,12,16.66,31689.8,29558.6,
20230921,12,16.67,31689.8,29558.6,
20230921,12,16.70,31689.8,29558.3,
20230921,12,16.84,31689.8,29558.2,
20230921,12,16.85,31753.8,29557.5,
20230921,12,16.94,31817.8,29557.5,
20230921,12,16.99,31817.8,29557.5,
20230921,12,17.00,31817.8,29557.4,
20230921,12,17.03,31881.8,29537.4,
20230921,12,17.10,31881.8,29537.4,
20230921,12,17.16,31928.5,29534.4,
20230921,12,17.18,31928.5,29534.4,
20230921,12,17.25,31928.5,29518.2,
20230921,12,17.32,31928.5,29517.6,
20230921,12,17.38,31928.5,29465.6,
20230921,12,17.45,31928.5,29435.6,
20230921,12,17.50,31928.5,29435.4,
20230921,12,17.53,31928.5,29433.8,
20230921,12,17.57,31928.5,29403.8,
20230921,12,17.58,31938.6,29394.0,
20230921,12,17.63,31938.6,29394.0,
20230921,12,17.65,32013.6,29392.0,
20230921,12,17.68,32013.6,29392.0,
20230921,12,17.84,32013.6,29362.0,
20230921,12,17.93,32013.6,29332.0,
20230921,12,17.97,32013.6,29331.0,
20230921,12,17.99,32013.6,29324.4,
20230921,12,18.00,32013.6,29294.4,
20230921,12,18.03,32013.6,29294.2,
20230921,12,18.14,32013.6,29294.1,
20230921,12,18.21,32013.6,29264.1,
20230921,12,18.27,32013.6,29250.1,
20230921,12,18.28,32061.7,29240.4,
20230921,12,18.29,32061.7,29240.4,
20230921,12,18.30,32061.7,29210.4,
20230921,12,18.38,32061.7,29210.3,
20230921,12,18.45,32061.7,29169.1,
20230921,12,18.50,32061.7,29139.1,
20230921,12,18.51,32091.6,29138.1,
20230921,12,18.60,32091.6,29138.1,
20230921,12,18.62,32091.6,29135.1,
20230921,12,18.81,32091.6,29125.3,
20230921,12,19.00,32091.6,29067.3,
20230921,12,19.10,32091.6,29058.8,
20230921,12,19.69,32091.6,29057.0,
20230921,12,19.71,32300.6,29042.0,
20230921,12,19.79,32300.6,29042.0,
20230921,12,19.88,32300.6,28998.0,
20230921,12,19.98,32300.6,28911.1,
20230921,12,20.00,32300.6,28905.2,
20230921,12,20.10,32300.6,28838.8,
20230921,12,20.11,32312.1,28837.3,
20230921,12,20.31,32312.1,28580.3,
20230921,12,20.36,32312.1,28578.7,
20230921,12,20.44,32312.1,28578.1,
20230921,12,20.47,32312.1,28535.8,
20230921,12,20.50,32312.1,28534.6,
20230921,12,20.96,32312.1,28533.1,
20230921,12,21.00,32312.1,28531.7,
20230921,12,21.05,32312.1,28531.6,
20230921,12,21.11,32312.1,28527.2,
20230921,12,21.12,32312.1,28525.9,
20230921,12,21.59,32312.1,27135.9,
20230921,12,21.60,32312.1,26834.9,
20230921,12,21.67,32312.1,26834.4,
20230921,12,21.84,32312.1,26831.2,
20230921,12,22.28,32362.1,26824.3,
20230921,12,22.94,32362.1,26824.3,
20230921,12,23.00,32375.1,26823.5,
20230921,12,23.03,32375.1,26823.5,
20230921,12,24.44,32375.1,26823.4,
20230921,12,24.54,32375.1,26821.2,
20230921,12,25.00,32375.1,26820.0,
20230921,12,25.61,32375.1,26819.3,
20230921,12,26.00,32375.1,26814.9,
20230921,12,27.00,32375.1,26813.6,
20230921,12,27.01,32375.1,26771.1,
20230921,12,27.25,32375.1,26759.8,
20230921,12,28.38,32375.1,26758.6,
20230921,12,28.61,32375.1,26757.5,
20230921,12,28.64,32375.1,26751.6,
20230921,12,29.10,32375.1,26747.1,
20230921,12,29.72,32375.1,26746.6,
20230921,12,29.86,32375.1,26663.6,
20230921,12,29.91,32375.1,26360.6,
20230921,12,29.97,32375.1,26358.4,
20230921,12,30.00,32375.1,26350.9,
20230921,12,30.36,32375.1,26321.6,
20230921,12,30.56,32375.1,26309.2,
20230921,12,32.00,32375.1,26308.3,
20230921,12,32.70,32376.0,26175.0,
20230921,12,33.03,32376.0,26175.0,
20230921,12,33.33,32376.0,26174.8,
20230921,12,34.00,32376.0,26144.8,
20230921,12,35.00,32376.0,26127.2,
20230921,12,36.00,32376.0,26103.3,
20230921,12,36.84,32376.0,26088.0,
20230921,12,39.98,32436.0,26066.5,
20230921,12,40.00,32436.0,26066.5,
20230921,12,40.01,32436.0,26036.4,
20230921,12,40.50,32436.0,26036.3,
20230921,12,41.67,32436.0,26036.2,
20230921,12,42.87,32436.0,26016.4,
20230921,12,44.50,32436.0,26004.2,
20230921,12,45.00,32436.0,26003.9,
20230921,12,45.01,32436.0,25950.3,
20230921,12,45.12,32436.0,25681.9,
20230921,12,50.00,32436.0,25681.3,
20230921,12,50.01,32437.7,25617.1,
20230921,12,50.12,32437.7,25617.1,
20230921,12,50.90,32437.7,25615.6,
20230921,12,60.00,32437.7,25614.8,
20230921,12,60.74,32437.7,25560.2,
20230921,12,61.00,32437.7,25451.9,
20230921,12,62.00,32437.7,25439.9,
20230921,12,67.94,32437.7,25400.7,
20230921,12,70.00,32437.7,25370.2,
20230921,12,77.80,32437.7,25287.0,
20230921,12,79.90,32437.7,25250.8,
20230921,12,79.98,32457.7,25249.4,
20230921,12,80.00,32457.7,25249.4,
20230921,12,80.01,32457.7,24934.8,
20230921,12,80.02,32457.7,24712.7,
20230921,12,80.10,32457.7,24707.7,
20230921,12,80.20,32457.7,24696.8,
20230921,12,80.21,32477.7,24688.8,
20230921,12,80.50,32477.7,24688.8,
20230921,12,81.00,32477.7,24688.6,
20230921,12,82.01,32477.7,24634.2,
20230921,12,85.00,32477.7,24574.8,
20230921,12,90.00,32477.7,24563.2,
20230921,12,99.90,32477.7,24538.9,
20230921,12,100.00,32477.7,24538.5,
20230921,12,100.01,32489.3,22999.2,
20230921,12,101.00,32489.3,22999.2,
20230921,12,102.00,32489.3,22853.3,
20230921,12,105.00,32489.3,22794.6,
20230921,12,120.10,32489.3,22794.5,
20230921,12,130.00,32489.3,22756.2,
20230921,12,138.00,32489.3,22752.6,
20230921,12,150.00,32489.3,22664.0,
20230921,12,190.00,32489.3,22661.7,
20230921,12,200.00,32489.3,22661.0,
20230921,12,200.01,32489.3,21353.4,
20230921,12,200.10,32489.3,19959.4,
20230921,12,200.50,32489.3,19931.9,
20230921,12,200.98,32489.3,19926.6,
20230921,12,200.99,32489.3,19926.5,
20230921,12,201.00,32489.3,19926.4,
20230921,12,210.00,32489.3,19852.3,
20230921,12,250.00,32489.3,19659.7,
20230921,12,300.00,32489.3,19484.4,
20230921,12,500.00,32489.3,18961.2,
20230921,12,548.66,32489.3,18959.2,
20230921,12,550.02,32489.3,18908.8,
20230921,12,999.00,32489.3,18703.6,
20230921,12,999.99,32489.3,0.0,
20230921,13,0.00,0.0,37170.2,
20230921,13,0.00,11299.1,37170.2,
20230921,13,0.01,26582.9,37170.2,
20230921,13,0.02,26768.5,37167.4,
20230921,13,0.03,26768.5,37155.0,
20230921,13,0.04,26783.9,37127.7,
20230921,13,0.09,26783.9,37127.7,
20230921,13,0.10,26783.9,37122.7,
20230921,13,0.20,26783.9,37002.6,
20230921,13,0.21,26884.0,36927.6,
20230921,13,0.30,26884.0,36927.6,
20230921,13,0.55,26905.0,36923.6,
20230921,13,0.62,26905.0,36923.6,
20230921,13,1.00,27630.5,36843.6,
20230921,13,1.01,27630.5,36528.7,
20230921,13,1.12,27630.5,36498.7,
20230921,13,1.93,27632.3,36468.7,
20230921,13,1.96,27636.3,36468.7,
20230921,13,2.00,27636.5,36468.7,
20230921,13,2.01,27636.5,36468.7,
20230921,13,2.08,27643.7,36428.7,
20230921,13,2.10,27643.7,36428.7,
20230921,13,2.12,27643.7,36422.7,
20230921,13,2.15,27760.0,36362.7,
20230921,13,2.30,27762.0,36362.7,
20230921,13,2.37,27762.7,36362.7,
20230921,13,2.94,27762.7,36362.7,
20230921,13,2.95,27764.0,36353.7,
20230921,13,3.00,27767.3,36353.7,
20230921,13,3.01,27767.3,36113.6,
20230921,13,3.10,27767.3,36063.6,
20230921,13,3.12,27767.3,36018.6,
20230921,13,3.71,27771.3,35928.6,
20230921,13,3.85,27773.1,35928.6,
20230921,13,4.05,27775.2,35928.6,
20230921,13,4.14,27782.5,35928.6,
20230921,13,4.65,27792.7,35928.6,
20230921,13,4.73,27794.2,35928.6,
20230921,13,5.00,27950.2,35928.6,
20230921,13,5.01,27950.2,35820.4,
20230921,13,5.04,27950.2,35750.4,
20230921,13,5.12,27950.2,35100.4,
20230921,13,5.46,27955.1,35040.4,
20230921,13,5.50,27955.2,35040.4,
20230921,13,5.77,27957.1,35040.4,
20230921,13,5.80,27960.1,35040.4,
20230921,13,6.00,27995.3,35040.4,
20230921,13,6.01,27995.3,34974.2,
20230921,13,6.02,28003.4,34971.8,
20230921,13,6.21,28010.7,34971.8,
20230921,13,6.26,28010.7,34971.8,
20230921,13,6.50,28020.7,34964.2,
20230921,13,6.94,28031.5,34964.2,
20230921,13,7.00,28074.3,34964.2,
20230921,13,7.01,28074.3,34964.1,
20230921,13,7.10,28075.8,34839.6,
20230921,13,7.12,28075.8,34839.6,
20230921,13,7.21,28080.8,34779.6,
20230921,13,7.47,28080.8,34779.6,
20230921,13,7.50,28120.8,34663.6,
20230921,13,7.55,28123.8,34663.6,
20230921,13,7.69,28125.6,34663.6,
20230921,13,7.71,28125.6,34663.6,
20230921,13,7.90,28125.6,34653.6,
20230921,13,8.00,28154.9,34646.3,
20230921,13,8.02,28167.1,34547.8,
20230921,13,8.19,28167.1,34547.8,
20230921,13,8.27,28174.4,34517.8,
20230921,13,8.50,28175.7,34517.8,
20230921,13,8.59,28175.7,34487.8,
20230921,13,8.96,28181.5,34486.7,
20230921,13,9.00,28181.5,34486.7,
20230921,13,9.09,28181.5,34479.6,
20230921,13,9.23,28181.5,34322.6,
20230921,13,9.30,28184.5,34175.6,
20230921,13,9.34,28184.5,34175.6,
20230921,13,9.36,28184.5,34165.6,
20230921,13,9.46,28186.1,34018.6,
20230921,13,9.48,28186.1,34018.6,
20230921,13,9.50,28186.1,34004.7,
20230921,13,9.51,28193.0,33857.7,
20230921,13,9.60,28193.0,33857.7,
20230921,13,9.61,28194.8,33795.7,
20230921,13,9.66,28194.8,33795.7,
20230921,13,9.68,28195.4,33648.7,
20230921,13,9.71,28195.4,33648.7,
20230921,13,9.75,28196.0,33628.7,
20230921,13,9.79,28196.0,33628.7,
20230921,13,9.80,28196.0,33623.1,
20230921,13,9.81,28196.0,33573.1,
20230921,13,9.82,28196.6,33523.1,
20230921,13,9.90,28197.2,33462.1,
20230921,13,9.97,28197.8,33462.1,
20230921,13,10.00,28267.4,33462.1,
20230921,13,10.05,28288.0,33361.8,
20230921,13,10.17,28288.0,33361.8,
20230921,13,10.19,28288.0,33331.8,
20230921,13,10.20,28288.0,33301.8,
20230921,13,10.21,28288.0,33177.8,
20230921,13,10.22,28288.0,33145.8,
20230921,13,10.23,28288.0,33095.8,
20230921,13,10.30,28288.3,33045.8,
20230921,13,10.34,28295.5,33045.8,
20230921,13,10.38,28295.5,33045.8,
20230921,13,10.46,28295.5,32921.8,
20230921,13,10.48,28303.4,32797.8,
20230921,13,10.50,28303.4,32797.8,
20230921,13,10.51,28303.4,32687.8,
20230921,13,10.58,28503.2,32563.8,
20230921,13,10.59,28759.2,32509.5,
20230921,13,10.61,28761.7,32509.5,
20230921,13,10.71,28767.7,32509.5,
20230921,13,10.89,28770.1,32509.5,
20230921,13,11.00,28770.1,32509.5,
20230921,13,11.05,28773.1,32439.6,
20230921,13,11.06,28773.1,32389.6,
20230921,13,11.13,28773.1,32389.4,
20230921,13,11.16,28775.6,32365.2,
20230921,13,11.19,29197.6,32365.2,
20230921,13,11.25,29197.6,32365.2,
20230921,13,11.34,29197.6,32362.8,
20230921,13,11.40,29197.6,32347.8,
20230921,13,11.43,29200.0,32196.8,
20230921,13,11.50,29200.0,32196.8,
20230921,13,11.56,29203.8,32146.5,
20230921,13,11.61,29203.8,32146.5,
20230921,13,11.63,29203.8,31981.5,
20230921,13,11.64,29203.8,31981.3,
20230921,13,11.67,29203.8,31781.3,
20230921,13,11.70,29206.1,31630.3,
20230921,13,11.71,29206.1,31629.8,
20230921,13,11.72,29206.5,31600.2,
20230921,13,11.74,29206.5,31600.2,
20230921,13,11.80,29206.5,31400.2,
20230921,13,11.81,29206.5,31400.1,
20230921,13,11.82,29208.0,31200.1,
20230921,13,11.88,29208.0,31200.1,
20230921,13,11.95,29208.0,30987.1,
20230921,13,11.98,29208.0,30786.4,
20230921,13,12.00,29238.5,30764.4,
20230921,13,12.01,29238.5,30760.4,
20230921,13,12.02,29238.5,30747.3,
20230921,13,12.03,29238.6,30547.3,
20230921,13,12.12,29238.6,30547.3,
20230921,13,12.14,29238.6,30347.3,
20230921,13,12.16,29238.6,30334.3,
20230921,13,12.17,29239.1,30333.7,
20230921,13,12.19,29239.1,30333.7,
20230921,13,12.20,29239.2,30078.8,
20230921,13,12.21,29242.3,29841.2,
20230921,13,12.26,29292.8,29841.2,
20230921,13,12.27,29292.8,29841.2,
20230921,13,12.30,29292.8,29815.1,
20230921,13,12.33,29292.8,29615.1,
20230921,13,12.35,29293.3,29614.9,
20230921,13,12.46,29293.3,29614.9,
20230921,13,12.50,29331.3,29414.9,
20230921,13,12.51,29331.6,29365.1,
20230921,13,12.52,29332.1,29365.1,
20230921,13,12.61,29332.1,29365.1,
20230921,13,12.62,29332.1,29364.6,
20230921,13,12.66,29332.1,29357.2,
20230921,13,12.70,29332.6,29247.3,
20230921,13,12.71,29332.6,29247.3,
20230921,13,12.72,29333.0,29247.2,
20230921,13,12.73,29333.1,29247.2,
20230921,13,12.77,29333.1,29247.2,
20230921,13,12.81,29333.1,29222.8,
20230921,13,12.85,29531.1,29165.1,
20230921,13,13.00,29531.6,29142.1,
20230921,13,13.01,29531.6,29131.5,
20230921,13,13.02,29533.9,29130.4,
20230921,13,13.03,29533.9,29130.4,
20230921,13,13.04,29533.9,29121.7,
20230921,13,13.05,29562.9,29116.7,
20230921,13,13.07,29562.9,29116.7,
20230921,13,13.18,29562.9,29115.5,
20230921,13,13.19,29562.9,29115.4,
20230921,13,13.20,29562.9,29114.9,
20230921,13,13.31,29563.1,29114.3,
20230921,13,13.34,29563.1,29114.3,
20230921,13,13.37,29565.6,29089.3,
20230921,13,13.39,29628.4,29089.3,
20230921,13,13.50,29638.4,29089.3,
20230921,13,13.51,29638.9,29086.6,
20230921,13,13.52,29639.0,29086.5,
20230921,13,13.53,29703.0,29086.5,
20230921,13,13.74,29703.0,29086.5,
20230921,13,13.95,29703.0,29086.3,
20230921,13,14.00,29703.0,29076.9,
20230921,13,14.01,29703.2,28864.8,
20230921,13,14.02,29703.2,28864.8,
20230921,13,14.10,29703.2,28781.8,
20230921,13,14.19,29723.2,28781.2,
20230921,13,14.21,29723.2,28781.2,
20230921,13,14.26,29723.2,28780.6,
20230921,13,14.30,29723.2,28761.6,
20230921,13,14.44,29723.2,28760.2,
20230921,13,14.50,29723.2,28759.2,
20230921,13,14.53,29723.2,28758.3,
20230921,13,14.55,29723.2,28638.3,
20230921,13,14.71,29725.7,28637.4,
20230921,13,14.83,29725.7,28637.4,
20230921,13,14.84,29725.7,28637.3,
20230921,13,14.85,29725.8,28587.4,
20230921,13,14.99,29725.8,28587.4,
20230921,13,15.00,29798.8,28587.3,
20230921,13,15.01,29798.8,28491.2,
20230921,13,15.17,29886.8,28490.1,
20230921,13,15.20,29886.8,28490.1,
20230921,13,15.22,29886.8,28490.0,
20230921,13,15.31,29886.8,28479.3,
20230921,13,15.32,29886.8,28479.2,
20230921,13,15.37,29886.8,28479.1,
20230921,13,15.40,29886.8,28267.1,
20230921,13,15.45,29886.8,28262.5,
20230921,13,15.50,29886.8,28224.5,
20230921,13,15.54,29950.8,28223.2,
20230921,13,15.58,29950.8,28223.2,
20230921,13,15.65,30014.8,28222.4,
20230921,13,15.67,30014.8,28222.4,
20230921,13,15.80,30014.8,28177.4,
20230921,13,15.83,30078.8,28177.1,
20230921,13,15.90,30086.8,28177.1,
20230921,13,15.91,30086.8,28176.0,
20230921,13,15.96,30086.8,28175.8,
20230921,13,15.98,30150.8,28172.4,
20230921,13,16.00,30151.8,28172.4,
20230921,13,16.05,30151.8,28047.2,
20230921,13,16.10,30152.8,28039.1,
20230921,13,16.11,30152.8,28039.1,
20230921,13,16.12,30216.8,28033.1,
20230921,13,16.18,30216.8,28033.1,
20230921,13,16.19,30267.9,28026.4,
20230921,13,16.20,30268.9,28026.4,
20230921,13,16.22,30318.9,28026.4,
20230921,13,16.24,30318.9,28026.4,
20230921,13,16.25,30368.9,28021.9,
20230921,13,16.27,30432.9,28021.9,
20230921,13,16.30,30433.9,28021.9,
20230921,13,16.37,30497.9,28019.0,
20230921,13,16.40,30497.9,28019.0,
20230921,13,16.47,30561.9,28011.8,
20230921,13,16.49,30561.9,28011.8,
20230921,13,16.50,30572.6,28002.6,
20230921,13,16.57,30636.6,28002.6,
20230921,13,16.66,30700.6,28002.6,
20230921,13,16.79,30700.6,28002.6,
20230921,13,16.81,30700.6,28002.3,
20230921,13,16.85,30764.6,27925.3,
20230921,13,16.91,30764.6,27925.3,
20230921,13,16.92,30764.6,27918.2,
20230921,13,16.94,30828.6,27917.5,
20230921,13,16.99,30828.6,27917.5,
20230921,13,17.00,30828.6,27917.4,
20230921,13,17.03,30892.6,27896.5,
20230921,13,17.10,30892.6,27896.5,
20230921,13,17.16,30934.6,27894.7,
20230921,13,17.18,30934.6,27894.7,
20230921,13,17.25,30934.6,27878.5,
20230921,13,17.27,30934.6,27877.9,
20230921,13,17.34,30964.5,27825.9,
20230921,13,17.38,30964.5,27825.9,
20230921,13,17.45,30964.5,27781.9,
20230921,13,17.50,30964.5,27781.7,
20230921,13,17.60,30978.5,27781.6,
20230921,13,17.65,31081.5,27781.6,
20230921,13,17.71,31081.5,27781.6,
20230921,13,17.77,31081.5,27780.2,
20230921,13,17.92,31081.5,27750.2,
20230921,13,17.93,31081.5,27749.1,
20230921,13,18.00,31081.5,27574.1,
20230921,13,18.03,31081.5,27573.9,
20230921,13,18.05,31081.5,27573.8,
20230921,13,18.30,31081.5,27496.8,
20230921,13,18.37,31081.5,27496.7,
20230921,13,18.40,31081.5,27488.3,
20230921,13,18.62,31081.5,27438.6,
20230921,13,18.81,31081.5,27428.8,
20230921,13,18.87,31081.5,27373.8,
20230921,13,19.00,31081.5,27091.8,
20230921,13,19.46,31081.5,27091.3,
20230921,13,19.71,31290.5,27090.3,
20230921,13,19.80,31290.5,27090.3,
20230921,13,19.88,31290.5,27088.3,
20230921,13,19.98,31290.5,26977.2,
20230921,13,20.00,31290.5,26961.3,
20230921,13,20.11,31302.0,26883.4,
20230921,13,20.31,31302.0,26883.4,
20230921,13,20.32,31302.0,26881.8,
20230921,13,20.40,31302.0,26881.2,
20230921,13,20.50,31302.0,26839.1,
20230921,13,20.62,31302.0,26837.5,
20230921,13,21.00,31302.0,26836.3,
20230921,13,21.12,31302.0,26836.2,
20230921,13,21.21,31302.0,25446.2,
20230921,13,21.55,31302.0,25445.5,
20230921,13,21.66,31302.0,25444.3,
20230921,13,21.79,31302.0,25442.1,
20230921,13,21.92,31302.0,25438.9,
20230921,13,22.28,31352.0,25432.5,
20230921,13,22.52,31352.0,25432.5,
20230921,13,22.54,31352.0,25429.6,
20230921,13,22.80,31801.1,25428.0,
20230921,13,22.86,31801.1,25428.0,
20230921,13,22.94,31801.1,25423.6,
20230921,13,23.00,31814.1,25422.7,
20230921,13,23.03,31814.1,25422.7,
20230921,13,23.30,31814.1,25422.6,
20230921,13,23.50,31814.1,25421.6,
20230921,13,25.00,31814.1,25178.6,
20230921,13,25.05,31814.1,25178.0,
20230921,13,25.34,31814.1,25177.4,
20230921,13,27.00,31814.1,25176.2,
20230921,13,27.01,31814.1,24979.0,
20230921,13,28.49,31814.1,24968.2,
20230921,13,28.92,31814.1,24967.0,
20230921,13,29.10,31814.1,24965.2,
20230921,13,29.48,31814.1,24964.7,
20230921,13,29.80,31814.1,24960.3,
20230921,13,29.97,31814.1,24959.2,
20230921,13,30.00,31814.1,24951.9,
20230921,13,30.06,31814.1,24921.5,
20230921,13,30.36,31814.1,24913.6,
20230921,13,30.56,31814.1,24901.1,
20230921,13,32.00,31814.1,24900.1,
20230921,13,32.70,31815.0,24756.6,
20230921,13,33.03,31815.0,24756.6,
20230921,13,33.33,31815.0,24756.3,
20230921,13,33.89,31815.0,24727.3,
20230921,13,34.00,31815.0,24722.8,
20230921,13,35.00,31815.0,24704.1,
20230921,13,35.73,31815.0,24675.7,
20230921,13,36.00,31815.0,24671.9,
20230921,13,37.40,31815.0,24651.7,
20230921,13,39.98,31875.0,24628.0,
20230921,13,40.00,31875.0,24628.0,
20230921,13,40.01,31875.0,24595.2,
20230921,13,41.78,31875.0,24595.1,
20230921,13,42.50,31875.0,24573.9,
20230921,13,43.01,31875.0,24573.8,
20230921,13,45.00,31875.0,24560.6,
20230921,13,45.01,31875.0,24501.4,
20230921,13,45.12,31875.0,24158.7,
20230921,13,46.50,31875.0,24157.9,
20230921,13,50.00,31875.0,24157.6,
20230921,13,50.01,31877.8,24091.0,
20230921,13,50.90,31877.8,24091.0,
20230921,13,60.00,31877.8,24090.3,
20230921,13,60.12,31877.8,24033.7,
20230921,13,61.00,31877.8,24031.6,
20230921,13,62.00,31877.8,24018.9,
20230921,13,67.94,31877.8,23976.8,
20230921,13,70.00,31877.8,23945.6,
20230921,13,77.80,31877.8,23831.7,
20230921,13,79.90,31877.8,23790.9,
20230921,13,79.98,31897.8,23789.3,
20230921,13,80.00,31897.8,23789.3,
20230921,13,80.01,31897.8,23366.3,
20230921,13,80.02,31897.8,23131.5,
20230921,13,80.10,31897.8,23126.5,
20230921,13,80.20,31897.8,23115.9,
20230921,13,80.21,31917.8,23107.9,
20230921,13,80.50,31917.8,23107.9,
20230921,13,81.00,31917.8,23107.7,
20230921,13,82.01,31917.8,23027.9,
20230921,13,85.00,31917.8,22960.1,
20230921,13,90.00,31917.8,22947.9,
20230921,13,99.90,31917.8,22922.6,
20230921,13,100.00,31917.8,22922.3,
20230921,13,100.01,31929.9,20911.7,
20230921,13,101.00,31929.9,20911.7,
20230921,13,102.00,31929.9,20765.8,
20230921,13,105.00,31929.9,20697.8,
20230921,13,120.10,31929.9,20697.7,
20230921,13,130.00,31929.9,20657.0,
20230921,13,138.00,31929.9,20653.0,
20230921,13,150.00,31929.9,20565.1,
20230921,13,190.00,31929.9,20562.8,
20230921,13,200.00,31929.9,20562.1,
20230921,13,200.01,31929.9,19229.3,
20230921,13,200.10,31929.9,17823.3,
20230921,13,200.50,31929.9,17796.3,
20230921,13,200.98,31929.9,17762.0,
20230921,13,200.99,31929.9,17761.9,
20230921,13,201.00,31929.9,17761.8,
20230921,13,210.00,31929.9,17678.6,
20230921,13,250.00,31929.9,17083.3,
20230921,13,300.00,31929.9,16907.0,
20230921,13,500.00,31929.9,16383.7,
20230921,13,548.66,31929.9,16381.7,
20230921,13,550.02,31929.9,16331.1,
20230921,13,999.00,31929.9,16125.8,
20230921,13,999.99,31929.9,0.0,
20230921,14,0.00,0.0,37546.6,
20230921,14,0.00,11915.1,37546.6,
20230921,14,0.01,26710.1,37546.6,
20230921,14,0.02,26890.7,37543.5,
20230921,14,0.03,26890.7,37529.2,
20230921,14,0.04,26905.4,37500.2,
20230921,14,0.09,26905.4,37500.2,
20230921,14,0.10,26905.4,37486.6,
20230921,14,0.20,26905.4,37366.5,
20230921,14,0.26,26977.3,37291.5,
20230921,14,0.30,26977.3,37291.5,
20230921,14,0.62,26977.3,37287.5,
20230921,14,0.68,27000.3,37207.5,
20230921,14,1.00,27687.9,37207.5,
20230921,14,1.01,27688.3,37023.4,
20230921,14,1.12,27688.3,36993.4,
20230921,14,1.44,27688.3,36963.4,
20230921,14,1.45,27689.4,36955.6,
20230921,14,1.92,27698.4,36955.6,
20230921,14,2.00,27698.6,36955.6,
20230921,14,2.01,27698.6,36955.6,
20230921,14,2.10,27698.6,36915.6,
20230921,14,2.12,27698.6,36909.6,
20230921,14,2.15,27814.9,36849.6,
20230921,14,2.26,27818.9,36849.6,
20230921,14,2.68,27820.9,36849.6,
20230921,14,3.00,27824.1,36849.6,
20230921,14,3.01,27824.1,36609.5,
20230921,14,3.10,27824.1,36559.5,
20230921,14,3.12,27824.1,36514.5,
20230921,14,3.84,27833.2,36424.5,
20230921,14,4.26,27838.1,36424.5,
20230921,14,4.65,27852.8,36424.5,
20230921,14,4.68,27855.8,36424.5,
20230921,14,5.00,28004.3,36424.5,
20230921,14,5.01,28005.0,36311.6,
20230921,14,5.04,28005.0,36241.6,
20230921,14,5.12,28005.0,35591.6,
20230921,14,5.50,28005.1,35531.6,
20230921,14,5.75,28014.3,35531.6,
20230921,14,6.00,28044.4,35531.6,
20230921,14,6.01,28044.4,35460.7,
20230921,14,6.02,28053.1,35458.1,
20230921,14,6.26,28058.1,35458.1,
20230921,14,6.50,28068.1,35450.5,
20230921,14,6.68,28071.1,35450.5,
20230921,14,6.69,28071.1,35450.5,
20230921,14,6.94,28081.2,35440.5,
20230921,14,7.00,28119.6,35440.5,
20230921,14,7.01,28119.6,35440.4,
20230921,14,7.07,28120.0,35306.9,
20230921,14,7.12,28120.0,35306.9,
20230921,14,7.41,28120.0,35246.9,
20230921,14,7.47,28120.0,35216.9,
20230921,14,7.50,28160.0,35100.9,
20230921,14,7.66,28169.1,35100.9,
20230921,14,7.71,28169.1,35100.9,
20230921,14,7.90,28169.1,35080.9,
20230921,14,8.00,28198.2,35073.4,
20230921,14,8.02,28211.3,34972.1,
20230921,14,8.16,28211.3,34972.1,
20230921,14,8.26,28216.9,34962.1,
20230921,14,8.50,28218.3,34962.1,
20230921,14,8.59,28218.3,34952.1,
20230921,14,8.68,28221.3,34950.9,
20230921,14,8.69,28221.3,34950.9,
20230921,14,9.00,28221.3,34930.9,
20230921,14,9.09,28221.3,34924.0,
20230921,14,9.23,28221.3,34767.0,
20230921,14,9.36,28221.3,34620.0,
20230921,14,9.41,28221.3,34473.0,
20230921,14,9.42,28222.9,34443.0,
20230921,14,9.50,28222.9,34443.0,
20230921,14,9.58,28231.9,34296.0,
20230921,14,9.60,28231.9,34296.0,
20230921,14,9.66,28231.9,34230.0,
20230921,14,9.71,28231.9,34083.0,
20230921,14,9.79,28231.9,34063.0,
20230921,14,9.80,28231.9,34057.4,
20230921,14,9.81,28231.9,34007.4,
20230921,14,9.82,28231.9,33957.4,
20230921,14,9.85,28238.6,33895.4,
20230921,14,9.90,28239.2,33895.4,
20230921,14,9.94,28241.7,33895.4,
20230921,14,10.00,28300.7,33895.4,
20230921,14,10.05,28321.2,33794.8,
20230921,14,10.16,28321.2,33794.8,
20230921,14,10.17,28321.2,33779.8,
20230921,14,10.19,28321.2,33749.8,
20230921,14,10.20,28321.2,33558.6,
20230921,14,10.21,28329.0,33434.6,
20230921,14,10.22,28329.6,33402.6,
20230921,14,10.23,28329.6,33352.6,
20230921,14,10.26,28335.6,33302.6,
20230921,14,10.30,28335.7,33302.6,
20230921,14,10.31,28338.1,33302.6,
20230921,14,10.38,28338.1,33302.6,
20230921,14,10.46,28338.1,33178.6,
20230921,14,10.50,28338.1,33054.6,
20230921,14,10.51,28338.1,32914.6,
20230921,14,10.55,28338.7,32790.6,
20230921,14,10.58,28338.7,32790.6,
20230921,14,10.59,28473.1,32538.5,
20230921,14,10.67,28475.6,32417.1,
20230921,14,10.68,28478.6,32417.1,
20230921,14,10.69,28478.6,32417.1,
20230921,14,10.70,28480.4,32388.9,
20230921,14,10.78,28480.4,32388.9,
20230921,14,10.80,28492.2,32348.3,
20230921,14,10.87,28492.8,32348.3,
20230921,14,11.00,28492.8,32348.3,
20230921,14,11.03,28495.2,32328.3,
20230921,14,11.07,28495.2,32328.3,
20230921,14,11.15,28499.3,32325.8,
20230921,14,11.19,28912.0,32325.8,
20230921,14,11.26,28912.0,32325.8,
20230921,14,11.28,28912.0,32275.8,
20230921,14,11.40,28914.3,32225.8,
20230921,14,11.41,28914.3,32074.3,
20230921,14,11.42,28914.4,32019.4,
20230921,14,11.50,28914.4,32019.4,
20230921,14,11.57,28914.5,32019.1,
20230921,14,11.61,28914.5,32019.1,
20230921,14,11.67,28914.5,31854.1,
20230921,14,11.69,28914.5,31703.1,
20230921,14,11.70,28914.9,31690.1,
20230921,14,11.71,28915.3,31690.1,
20230921,14,11.72,28916.6,31641.4,
20230921,14,11.75,28916.6,31641.2,
20230921,14,11.77,28918.1,31441.2,
20230921,14,11.80,28918.1,31441.2,
20230921,14,11.83,28918.1,31441.1,
20230921,14,11.85,28918.1,31241.1,
20230921,14,11.89,28918.1,31228.0,
20230921,14,11.95,28918.6,31028.0,
20230921,14,11.96,28918.6,31027.2,
20230921,14,11.98,28918.6,30827.2,
20230921,14,12.00,28986.6,30804.2,
20230921,14,12.01,28986.6,30799.4,
20230921,14,12.03,28986.6,30786.4,
20230921,14,12.12,28987.1,30586.4,
20230921,14,12.15,28987.1,30386.4,
20230921,14,12.16,28987.1,30087.8,
20230921,14,12.17,28987.1,30062.8,
20230921,14,12.21,28987.1,30036.7,
20230921,14,12.26,29037.7,29836.7,
20230921,14,12.30,29038.2,29836.7,
20230921,14,12.32,29038.2,29830.8,
20230921,14,12.35,29038.2,29630.8,
20230921,14,12.40,29038.2,29628.8,
20230921,14,12.41,29038.2,29627.3,
20230921,14,12.44,29038.2,29625.8,
20230921,14,12.45,29038.7,29625.7,
20230921,14,12.46,29038.8,29625.7,
20230921,14,12.47,29039.3,29425.7,
20230921,14,12.50,29039.3,29425.7,
20230921,14,12.52,29039.5,29425.6,
20230921,14,12.56,29039.5,29425.6,
20230921,14,12.61,29039.5,29362.3,
20230921,14,12.65,29040.0,29361.8,
20230921,14,12.66,29040.0,29361.8,
20230921,14,12.71,29040.0,29256.8,
20230921,14,12.72,29040.4,29256.6,
20230921,14,12.73,29040.8,29256.4,
20230921,14,12.75,29040.8,29256.4,
20230921,14,12.81,29040.8,29056.4,
20230921,14,12.85,29193.3,29056.1,
20230921,14,12.86,29193.3,29056.1,
20230921,14,13.00,29193.4,29031.1,
20230921,14,13.01,29193.4,29019.9,
20230921,14,13.02,29195.8,29018.8,
20230921,14,13.04,29195.8,29018.8,
20230921,14,13.05,29195.8,29010.1,
20230921,14,13.18,29195.8,28976.4,
20230921,14,13.20,29195.8,28976.3,
20230921,14,13.21,29195.8,28976.2,
20230921,14,13.22,29196.0,28926.2,
20230921,14,13.39,29258.8,28925.0,
20230921,14,13.41,29278.8,28925.0,
20230921,14,13.50,29288.8,28925.0,
20230921,14,13.51,29289.4,28920.4,
20230921,14,13.66,29289.4,28920.4,
20230921,14,13.67,29289.6,28870.6,
20230921,14,13.91,29289.6,28870.6,
20230921,14,13.95,29289.6,28870.4,
20230921,14,13.96,29289.6,28860.2,
20230921,14,14.00,29289.6,28860.1,
20230921,14,14.02,29289.6,28696.2,
20230921,14,14.10,29289.6,28613.2,
20230921,14,14.14,29292.1,28612.6,
20230921,14,14.26,29292.1,28612.6,
20230921,14,14.29,29292.1,28593.0,
20230921,14,14.30,29292.1,28592.9,
20230921,14,14.50,29292.1,28590.5,
20230921,14,14.53,29292.1,28588.6,
20230921,14,14.55,29292.1,28308.6,
20230921,14,14.67,29292.1,28308.0,
20230921,14,14.68,29292.1,28303.4,
20230921,14,14.83,29292.1,28303.1,
20230921,14,14.99,29292.1,28303.0,
20230921,14,15.00,29417.1,28302.9,
20230921,14,15.01,29417.1,28299.4,
20230921,14,15.17,29505.1,28297.9,
20230921,14,15.20,29505.1,28297.9,
20230921,14,15.22,29505.1,28297.8,
20230921,14,15.40,29505.1,28289.9,
20230921,14,15.41,29562.0,28289.0,
20230921,14,15.42,29562.1,28289.0,
20230921,14,15.45,29562.1,28289.0,
20230921,14,15.50,29562.1,28251.0,
20230921,14,15.58,29562.1,28250.5,
20230921,14,15.70,29562.1,28249.7,
20230921,14,15.71,29573.6,28241.3,
20230921,14,15.80,29573.6,28241.3,
20230921,14,15.83,29637.6,28241.0,
20230921,14,15.90,29644.6,28241.0,
20230921,14,15.91,29644.6,28241.0,
20230921,14,15.98,29708.6,28240.8,
20230921,14,15.99,29708.6,28240.8,
20230921,14,16.00,29709.6,28102.8,
20230921,14,16.05,29709.6,27973.5,
20230921,14,16.07,29759.6,27966.0,
20230921,14,16.10,29760.6,27966.0,
20230921,14,16.12,29824.6,27963.8,
20230921,14,16.16,29854.5,27963.8,
20230921,14,16.18,29904.5,27963.8,
20230921,14,16.20,29905.5,27963.8,
20230921,14,16.26,29905.5,27963.8,
20230921,14,16.27,29969.5,27960.2,
20230921,14,16.30,29970.5,27960.2,
20230921,14,16.37,30034.5,27960.2,
20230921,14,16.40,30034.5,27960.2,
20230921,14,16.41,30034.5,27952.0,
20230921,14,16.47,30098.5,27951.7,
20230921,14,16.49,30098.5,27951.7,
20230921,14,16.55,30098.5,27950.6,
20230921,14,16.57,30162.5,27928.9,
20230921,14,16.68,30162.5,27928.9,
20230921,14,16.72,30162.5,27926.0,
20230921,14,16.73,30162.5,27921.5,
20230921,14,16.75,30226.5,27920.9,
20230921,14,16.85,30290.5,27920.9,
20230921,14,16.99,30290.5,27920.9,
20230921,14,17.00,30290.5,27920.8,
20230921,14,17.03,30354.5,27823.8,
20230921,14,17.08,30418.5,27823.8,
20230921,14,17.16,30439.2,27823.8,
20230921,14,17.18,30439.2,27823.8,
20230921,14,17.20,30439.2,27807.6,
20230921,14,17.21,30439.2,27806.5,
20230921,14,17.25,30439.2,27798.8,
20230921,14,17.31,30439.2,27798.2,
20230921,14,17.45,30439.2,27746.2,
20230921,14,17.49,30439.2,27746.0,
20230921,14,17.50,30439.2,27702.0,
20230921,14,17.62,30445.2,27701.9,
20230921,14,17.65,30551.2,27701.9,
20230921,14,17.77,30551.2,27701.9,
20230921,14,17.90,30551.2,27671.9,
20230921,14,18.00,30551.2,27430.9,
20230921,14,18.03,30551.2,27372.0,
20230921,14,18.05,30551.2,27356.9,
20230921,14,18.26,30551.2,27355.7,
20230921,14,18.29,30551.2,27353.8,
20230921,14,18.30,30551.2,27345.0,
20230921,14,18.62,30551.2,27344.9,
20230921,14,18.68,30551.2,27335.1,
20230921,14,18.81,30551.2,27333.1,
20230921,14,18.96,30551.2,27281.1,
20230921,14,19.00,30551.2,27279.5,
20230921,14,19.06,30551.2,27279.0,
20230921,14,19.29,30551.2,26978.0,
20230921,14,19.67,30551.2,26977.5,
20230921,14,19.71,30760.2,26935.2,
20230921,14,19.75,30760.2,26935.2,
20230921,14,19.86,30760.2,26799.5,
20230921,14,20.00,30760.2,26774.8,
20230921,14,20.11,30771.7,26726.2,
20230921,14,20.26,30771.7,26726.2,
20230921,14,20.68,30771.7,26725.2,
20230921,14,20.79,30771.7,26723.2,
20230921,14,21.12,30771.7,26720.9,
20230921,14,21.41,30771.7,25330.9,
20230921,14,21.73,30771.7,25327.8,
20230921,14,21.95,30771.7,25321.5,
20230921,14,22.26,30771.7,25320.3,
20230921,14,22.28,30821.7,25319.4,
20230921,14,22.68,30821.7,25319.4,
20230921,14,22.94,30821.7,25318.2,
20230921,14,23.00,30834.7,25317.2,
20230921,14,23.03,30834.7,25317.2,
20230921,14,23.85,30834.7,25317.1,
20230921,14,24.32,30834.7,25305.7,
20230921,14,24.38,30834.7,25301.3,
20230921,14,24.68,30834.7,25017.3,
20230921,14,25.00,30834.7,25016.3,
20230921,14,25.80,30834.7,25015.6,
20230921,14,26.68,30834.7,25013.3,
20230921,14,27.00,30834.7,25012.3,
20230921,14,27.01,30834.7,24828.4,
20230921,14,27.41,30834.7,24818.3,
20230921,14,28.68,30834.7,24817.1,
20230921,14,29.00,30834.7,24816.3,
20230921,14,29.10,30834.7,24814.1,
20230921,14,29.97,30834.7,24813.6,
20230921,14,30.00,30834.7,24805.3,
20230921,14,30.36,30834.7,24730.0,
20230921,14,30.56,30834.7,24716.1,
20230921,14,31.05,30834.7,24715.1,
20230921,14,31.15,30834.7,24713.9,
20230921,14,31.92,30834.7,24711.1,
20230921,14,32.00,30834.7,24706.7,
20230921,14,32.57,30834.7,24550.0,
20230921,14,32.70,30835.6,24548.9,
20230921,14,32.87,30835.6,24548.9,
20230921,14,33.03,30835.6,24539.1,
20230921,14,34.00,30835.6,24538.7,
20230921,14,34.70,30835.6,24518.2,
20230921,14,35.00,30835.6,24492.4,
20230921,14,36.00,30835.6,24458.6,
20230921,14,36.01,30835.6,24432.6,
20230921,14,36.98,30835.6,24429.8,
20230921,14,38.04,30835.6,24425.3,
20230921,14,39.09,30835.6,24425.1,
20230921,14,39.51,30835.6,24420.7,
20230921,14,39.98,30895.6,24420.0,
20230921,14,40.00,30895.6,24420.0,
20230921,14,40.01,30895.6,24383.8,
20230921,14,41.34,30895.6,24383.7,
20230921,14,42.68,30895.6,24361.1,
20230921,14,45.00,30895.6,24347.2,
20230921,14,45.01,30895.6,24276.5,
20230921,14,45.12,30895.6,23869.9,
20230921,14,46.00,30895.6,23868.9,
20230921,14,50.00,30895.6,23867.4,
20230921,14,50.01,30899.5,23797.0,
20230921,14,50.90,30899.5,23797.0,
20230921,14,52.50,30899.5,23796.2,
20230921,14,56.50,30899.5,23796.1,
20230921,14,60.00,30899.5,23795.8,
20230921,14,60.12,30899.5,23735.4,
20230921,14,61.00,30899.5,23732.4,
20230921,14,62.00,30899.5,23718.4,
20230921,14,67.94,30899.5,23673.4,
20230921,14,77.80,30899.5,23642.5,
20230921,14,79.90,30899.5,23596.1,
20230921,14,79.98,30919.5,23593.6,
20230921,14,80.00,30919.5,23593.6,
20230921,14,80.01,30919.5,23014.1,
20230921,14,80.02,30919.5,22773.5,
20230921,14,80.10,30919.5,22768.5,
20230921,14,80.20,30919.5,22757.6,
20230921,14,80.21,30939.5,22749.6,
20230921,14,80.50,30939.5,22749.6,
20230921,14,81.00,30939.5,22749.4,
20230921,14,82.01,30939.5,22642.9,
20230921,14,85.00,30939.5,22565.9,
20230921,14,90.00,30939.5,22551.1,
20230921,14,99.90,30939.5,22524.3,
20230921,14,100.00,30939.5,22524.1,
20230921,14,100.01,30952.9,21208.5,
20230921,14,101.00,30952.9,21208.5,
20230921,14,102.00,30952.9,21062.6,
20230921,14,105.00,30952.9,20968.0,
20230921,14,120.10,30952.9,20967.9,
20230921,14,130.00,30952.9,20923.4,
20230921,14,138.00,30952.9,20918.9,
20230921,14,150.00,30952.9,20831.1,
20230921,14,190.00,30952.9,20828.8,
20230921,14,200.00,30952.9,20828.0,
20230921,14,200.01,30952.9,19422.8,
20230921,14,200.10,30952.9,17987.9,
20230921,14,200.50,30952.9,17960.9,
20230921,14,200.98,30952.9,17921.3,
20230921,14,200.99,30952.9,17921.2,
20230921,14,201.00,30952.9,17921.1,
20230921,14,210.00,30952.9,17830.4,
20230921,14,250.00,30952.9,17227.4,
20230921,14,300.00,30952.9,17049.4,
20230921,14,500.00,30952.9,16525.9,
20230921,14,548.66,30952.9,16523.9,
20230921,14,550.02,30952.9,16464.9,
20230921,14,999.00,30952.9,16257.8,
20230921,14,999.99,30952.9,0.0,
20230921,15,0.00,0.0,39097.0,
20230921,15,0.00,12893.5,39097.0,
20230921,15,0.01,27728.0,39097.0,
20230921,15,0.02,27906.2,39093.6,
20230921,15,0.03,27906.4,39066.5,
20230921,15,0.04,27917.7,39035.3,
20230921,15,0.09,27917.7,39035.3,
20230921,15,0.10,27917.7,39008.1,
20230921,15,0.20,27917.7,38888.0,
20230921,15,0.30,27917.7,38813.0,
20230921,15,0.62,27917.7,38809.0,
20230921,15,0.90,27918.7,38729.0,
20230921,15,0.96,27979.3,38729.0,
20230921,15,1.00,28628.7,38729.0,
20230921,15,1.01,28630.5,38531.5,
20230921,15,1.12,28630.5,38501.5,
20230921,15,1.45,28655.6,38471.5,
20230921,15,1.90,28657.4,38471.5,
20230921,15,1.95,28664.6,38471.5,
20230921,15,2.00,28665.1,38471.5,
20230921,15,2.01,28665.1,38471.5,
20230921,15,2.10,28665.1,38431.5,
20230921,15,2.12,28665.1,38425.5,
20230921,15,2.15,28783.2,38365.5,
20230921,15,3.00,28785.0,38365.5,
20230921,15,3.01,28785.0,38125.4,
20230921,15,3.10,28785.0,38075.4,
20230921,15,3.12,28785.0,38030.4,
20230921,15,3.21,28789.7,37940.4,
20230921,15,3.70,28792.4,37940.4,
20230921,15,3.78,28794.2,37940.4,
20230921,15,3.90,28801.5,37940.4,
20230921,15,4.65,28823.1,37940.4,
20230921,15,5.00,28965.6,37940.4,
20230921,15,5.01,28968.4,37819.6,
20230921,15,5.04,28968.4,37749.6,
20230921,15,5.12,28968.4,37099.6,
20230921,15,5.46,28973.4,37039.6,
20230921,15,5.50,28973.5,37039.6,
20230921,15,5.67,28975.4,37039.6,
20230921,15,5.84,28982.7,37039.6,
20230921,15,5.95,28985.7,37039.6,
20230921,15,6.00,29009.2,37039.6,
20230921,15,6.01,29009.2,36961.9,
20230921,15,6.02,29018.7,36959.1,
20230921,15,6.26,29018.7,36959.1,
20230921,15,6.50,29028.7,36951.5,
20230921,15,6.94,29037.9,36951.5,
20230921,15,7.00,29070.8,36951.5,
20230921,15,7.01,29070.8,36951.4,
20230921,15,7.12,29070.8,36803.5,
20230921,15,7.19,29070.8,36743.5,
20230921,15,7.44,29070.8,36733.5,
20230921,15,7.47,29070.8,36723.5,
20230921,15,7.50,29110.8,36607.5,
20230921,15,7.55,29112.6,36607.5,
20230921,15,7.63,29112.6,36607.5,
20230921,15,7.71,29117.9,36597.5,
20230921,15,7.79,29125.2,36597.5,
20230921,15,7.90,29125.2,36597.5,
20230921,15,7.94,29125.2,36589.8,
20230921,15,8.00,29154.1,36473.8,
20230921,15,8.02,29168.6,36368.1,
20230921,15,8.20,29171.6,36368.1,
20230921,15,8.21,29172.0,36368.1,
20230921,15,8.29,29172.0,36368.1,
20230921,15,8.50,29173.5,36338.1,
20230921,15,8.59,29173.5,36328.1,
20230921,15,8.80,29174.0,36326.7,
20230921,15,8.87,29174.0,36326.7,
20230921,15,9.00,29174.0,36316.7,
20230921,15,9.09,29174.0,36309.7,
20230921,15,9.19,29174.0,36152.7,
20230921,15,9.23,29174.0,36142.7,
20230921,15,9.36,29174.0,35995.7,
20230921,15,9.44,29175.8,35848.7,
20230921,15,9.48,29175.8,35828.7,
20230921,15,9.50,29175.8,35813.8,
20230921,15,9.60,29175.8,35666.8,
20230921,15,9.63,29175.8,35595.8,
20230921,15,9.66,29175.8,35585.8,
20230921,15,9.73,29183.0,35438.8,
20230921,15,9.75,29183.6,35438.8,
20230921,15,9.78,29189.7,35438.8,
20230921,15,9.79,29189.7,35438.8,
20230921,15,9.80,29189.7,35433.2,
20230921,15,9.81,29189.7,35383.2,
20230921,15,9.82,29189.7,35333.2,
20230921,15,9.96,29195.7,35270.2,
20230921,15,10.00,29239.4,35270.2,
20230921,15,10.05,29259.4,35169.2,
20230921,15,10.06,29260.0,35169.2,
20230921,15,10.09,29262.5,35169.2,
20230921,15,10.17,29262.5,35169.2,
20230921,15,10.19,29262.5,35139.2,
20230921,15,10.20,29262.5,34948.0,
20230921,15,10.22,29262.5,34824.0,
20230921,15,10.23,29262.5,34775.0,
20230921,15,10.25,29262.5,34725.0,
20230921,15,10.29,29262.5,34724.9,
20230921,15,10.37,29263.1,34694.9,
20230921,15,10.38,29263.1,34694.9,
20230921,15,10.45,29268.5,34570.9,
20230921,15,10.46,29268.5,34570.9,
20230921,15,10.50,29268.5,34446.9,
20230921,15,10.51,29268.5,34306.9,
20230921,15,10.58,29268.5,34182.9,
20230921,15,10.59,29268.5,33930.8,
20230921,15,10.68,29269.1,33677.2,
20230921,15,10.78,29269.1,33677.2,
20230921,15,10.80,29281.7,33649.0,
20230921,15,10.81,29284.2,33649.0,
20230921,15,10.87,29284.2,33649.0,
20230921,15,10.90,29284.2,33634.0,
20230921,15,10.99,29284.8,33631.3,
20230921,15,11.00,29284.8,33631.3,
20230921,15,11.01,29285.4,33610.8,
20230921,15,11.10,29285.4,33608.8,
20230921,15,11.11,29286.0,33608.7,
20230921,15,11.12,29286.1,33608.7,
20230921,15,11.15,29290.3,33608.7,
20230921,15,11.17,29292.7,33608.7,
20230921,15,11.19,29704.8,33608.7,
20230921,15,11.25,29705.0,33578.7,
20230921,15,11.40,29705.0,33578.7,
20230921,15,11.44,29705.0,33427.7,
20230921,15,11.45,29709.6,33402.3,
20230921,15,11.48,29709.6,33402.3,
20230921,15,11.49,29709.6,33352.3,
20230921,15,11.50,29709.6,33302.3,
20230921,15,11.53,29711.9,33302.0,
20230921,15,11.61,29711.9,33301.5,
20230921,15,11.63,29711.9,33136.5,
20230921,15,11.64,29714.4,33118.7,
20230921,15,11.67,29714.4,33118.7,
20230921,15,11.69,29714.4,32967.7,
20230921,15,11.75,29714.4,32942.7,
20230921,15,11.80,29714.4,32742.7,
20230921,15,11.83,29714.4,32742.6,
20230921,15,11.84,29714.4,32542.6,
20230921,15,11.89,29714.4,32531.8,
20230921,15,11.95,29714.4,32331.8,
20230921,15,11.96,29714.4,32330.9,
20230921,15,12.00,29782.4,32120.0,
20230921,15,12.03,29782.4,32111.8,
20230921,15,12.08,29782.4,31911.8,
20230921,15,12.12,29782.4,31901.0,
20230921,15,12.13,29782.4,31701.0,
20230921,15,12.15,29782.4,31700.4,
20230921,15,12.19,29782.4,31673.0,
20230921,15,12.20,29782.4,31672.5,
20230921,15,12.21,29782.4,31650.3,
20230921,15,12.24,29782.4,31450.3,
20230921,15,12.26,29895.8,31438.0,
20230921,15,12.29,29895.8,31438.0,
20230921,15,12.30,29897.8,31385.0,
20230921,15,12.32,29897.8,31378.9,
20230921,15,12.34,29897.8,31178.9,
20230921,15,12.44,29898.0,31111.1,
20230921,15,12.45,29899.1,30911.1,
20230921,15,12.46,29900.2,30911.1,
20230921,15,12.47,29900.2,30911.1,
20230921,15,12.50,29902.7,30908.9,
20230921,15,12.60,29910.5,30908.8,
20230921,15,12.64,29911.2,30908.8,
20230921,15,12.65,29911.9,30906.6,
20230921,15,12.66,29911.9,30906.6,
20230921,15,12.68,29911.9,30801.6,
20230921,15,12.69,29911.9,30771.6,
20230921,15,12.72,29911.9,30721.6,
20230921,15,12.73,29911.9,30721.1,
20230921,15,12.80,29911.9,30226.7,
20230921,15,12.85,30014.9,30224.5,
20230921,15,12.87,30014.9,30224.5,
20230921,15,12.93,30014.9,30199.5,
20230921,15,12.97,30014.9,30199.3,
20230921,15,13.00,30014.9,30194.9,
20230921,15,13.01,30014.9,30182.4,
20230921,15,13.02,30017.6,30181.2,
20230921,15,13.04,30017.6,30181.2,
20230921,15,13.05,30017.6,30172.5,
20230921,15,13.14,30017.8,30138.8,
20230921,15,13.18,30017.8,30138.8,
20230921,15,13.20,30017.8,30138.7,
20230921,15,13.30,30020.7,30138.6,
20230921,15,13.31,30023.6,30138.6,
20230921,15,13.32,30023.6,30138.6,
20230921,15,13.39,30023.6,30137.4,
20230921,15,13.50,30033.6,30037.4,
20230921,15,13.75,30036.1,30035.8,
20230921,15,13.95,30036.1,30035.8,
20230921,15,14.00,30036.1,30024.2,
20230921,15,14.02,30036.1,29860.5,
20230921,15,14.10,30036.1,29777.5,
20230921,15,14.23,30036.1,29776.9,
20230921,15,14.24,30036.1,29776.7,
20230921,15,14.26,30036.1,29776.6,
20230921,15,14.29,30056.1,29757.6,
20230921,15,14.30,30056.1,29757.6,
20230921,15,14.37,30056.1,29757.2,
20230921,15,14.38,30056.5,29707.6,
20230921,15,14.45,30056.5,29707.6,
20230921,15,14.46,30056.5,29702.9,
20230921,15,14.50,30056.5,29702.3,
20230921,15,14.53,30056.5,29700.4,
20230921,15,14.55,30056.5,29410.4,
20230921,15,14.73,30056.5,29409.8,
20230921,15,14.92,30056.5,29409.7,
20230921,15,14.95,30056.5,29367.7,
20230921,15,14.99,30056.5,29367.4,
20230921,15,15.00,30295.6,29367.3,
20230921,15,15.10,30295.6,29363.8,
20230921,15,15.17,30383.6,29151.8,
20230921,15,15.18,30383.6,29151.8,
20230921,15,15.19,30386.6,29144.9,
20230921,15,15.20,30386.6,29144.9,
20230921,15,15.22,30386.6,29144.8,
20230921,15,15.45,30386.6,29138.3,
20230921,15,15.50,30386.6,29100.3,
20230921,15,15.53,30386.6,29099.7,
20230921,15,15.58,30386.6,29099.3,
20230921,15,15.63,30396.6,29098.5,
20230921,15,15.65,30460.6,29098.5,
20230921,15,15.80,30460.6,29098.5,
20230921,15,15.83,30524.6,29098.2,
20230921,15,15.85,30524.6,29098.2,
20230921,15,15.90,30533.6,29097.9,
20230921,15,15.91,30533.6,29097.9,
20230921,15,15.98,30597.6,29097.7,
20230921,15,16.00,30648.6,29097.7,
20230921,15,16.05,30648.6,28936.1,
20230921,15,16.10,30699.6,28929.1,
20230921,15,16.12,30763.6,28927.0,
20230921,15,16.20,30764.6,28927.0,
20230921,15,16.27,30892.6,28927.0,
20230921,15,16.29,30950.4,28927.0,
20230921,15,16.30,30951.4,28927.0,
20230921,15,16.40,30951.4,28927.0,
20230921,15,16.47,31015.4,28918.2,
20230921,15,16.57,31079.4,28918.2,
20230921,15,16.60,31079.4,28918.2,
20230921,15,16.64,31079.4,28841.2,
20230921,15,16.66,31143.4,28840.1,
20230921,15,16.70,31143.4,28840.1,
20230921,15,16.71,31143.4,28840.0,
20230921,15,16.75,31207.4,28836.2,
20230921,15,16.76,31207.4,28836.2,
20230921,15,16.82,31207.4,28835.5,
20230921,15,16.83,31207.4,28832.7,
20230921,15,16.87,31237.3,28832.5,
20230921,15,16.94,31301.3,28832.5,
20230921,15,16.98,31301.3,28832.5,
20230921,15,16.99,31301.3,28813.6,
20230921,15,17.00,31301.3,28813.5,
20230921,15,17.03,31365.3,28793.5,
20230921,15,17.06,31365.3,28793.5,
20230921,15,17.16,31419.9,28741.5,
20230921,15,17.18,31419.9,28741.5,
20230921,15,17.20,31419.9,28725.3,
20230921,15,17.21,31419.9,28722.4,
20230921,15,17.25,31419.9,28713.9,
20230921,15,17.45,31419.9,28669.2,
20230921,15,17.47,31471.9,28669.0,
20230921,15,17.50,31471.9,28669.0,
20230921,15,17.65,31577.9,28668.9,
20230921,15,17.77,31577.9,28668.9,
20230921,15,17.90,31577.9,28638.9,
20230921,15,17.96,31577.9,28634.4,
20230921,15,18.00,31577.9,28509.4,
20230921,15,18.03,31577.9,28439.9,
20230921,15,18.09,31577.9,28439.8,
20230921,15,18.10,31577.9,28308.8,
20230921,15,18.13,31577.9,28298.9,
20230921,15,18.29,31577.9,28297.8,
20230921,15,18.30,31577.9,28296.4,
20230921,15,18.60,31577.9,28296.3,
20230921,15,18.62,31577.9,28296.2,
20230921,15,18.80,31577.9,28286.4,
20230921,15,18.81,31577.9,27985.4,
20230921,15,18.96,31577.9,27941.4,
20230921,15,19.00,31577.9,27939.4,
20230921,15,19.24,31577.9,27938.6,
20230921,15,19.45,31577.9,27937.1,
20230921,15,19.50,31577.9,27892.7,
20230921,15,19.71,31786.9,27891.6,
20230921,15,19.73,31786.9,27891.6,
20230921,15,19.86,31786.9,27890.8,
20230921,15,20.00,31786.9,27861.6,
20230921,15,20.01,31786.9,27813.4,
20230921,15,20.11,31798.4,27812.0,
20230921,15,20.46,31798.4,27812.0,
20230921,15,20.51,31798.4,27656.7,
20230921,15,20.85,31798.4,27653.3,
20230921,15,21.00,31798.4,27649.8,
20230921,15,21.12,31798.4,27649.7,
20230921,15,21.21,31798.4,26259.7,
20230921,15,21.70,31798.4,26258.3,
20230921,15,21.76,31798.4,26256.3,
20230921,15,22.02,31798.4,26250.0,
20230921,15,22.17,31798.4,26082.0,
20230921,15,22.28,31848.4,26080.8,
20230921,15,22.94,31848.4,26080.8,
20230921,15,23.00,31861.4,26079.3,
20230921,15,23.03,31861.4,26079.3,
20230921,15,23.46,31861.4,26079.2,
20230921,15,23.95,31861.4,26078.2,
20230921,15,24.00,31861.4,26076.8,
20230921,15,24.53,31861.4,26076.4,
20230921,15,24.95,31861.4,26073.5,
20230921,15,25.00,31861.4,26068.9,
20230921,15,26.11,31861.4,26062.5,
20230921,15,26.20,31861.4,26058.1,
20230921,15,27.00,31861.4,26057.1,
20230921,15,27.01,31861.4,25872.6,
20230921,15,27.20,31861.4,25863.4,
20230921,15,27.70,31861.4,25861.0,
20230921,15,28.45,31861.4,25859.8,
20230921,15,29.00,31861.4,25858.8,
20230921,15,29.10,31861.4,25855.9,
20230921,15,29.97,31861.4,25855.4,
20230921,15,30.00,31861.4,25838.5,
20230921,15,30.01,31861.4,25748.5,
20230921,15,30.36,31861.4,25747.7,
20230921,15,30.56,31861.4,25731.3,
20230921,15,30.70,31861.4,25730.2,
20230921,15,31.39,31861.4,25729.2,
20230921,15,32.00,31861.4,25728.0,
20230921,15,32.23,31861.4,25550.0,
20230921,15,32.70,31862.3,25547.2,
20230921,15,32.93,31862.3,25547.2,
20230921,15,32.95,31862.3,25546.1,
20230921,15,33.03,31862.3,25545.3,
20230921,15,33.23,31862.3,25544.9,
20230921,15,34.00,31862.3,25533.1,
20230921,15,34.33,31862.3,25509.3,
20230921,15,34.54,31862.3,25504.9,
20230921,15,35.00,31862.3,25478.0,
20230921,15,36.00,31862.3,25435.2,
20230921,15,37.37,31862.3,25399.4,
20230921,15,39.51,31862.3,25396.6,
20230921,15,39.80,31862.3,25393.8,
20230921,15,39.94,31862.3,25389.3,
20230921,15,39.98,31922.3,25349.7,
20230921,15,40.00,31922.3,25349.7,
20230921,15,40.01,31922.3,25307.3,
20230921,15,41.11,31922.3,25307.2,
20230921,15,42.08,31922.3,25282.4,
20230921,15,42.49,31922.3,25278.0,
20230921,15,42.54,31922.3,25262.8,
20230921,15,45.00,31922.3,25252.6,
20230921,15,45.01,31922.3,25167.3,
20230921,15,45.12,31922.3,24715.7,
20230921,15,46.00,31922.3,24714.3,
20230921,15,50.00,31922.3,24703.1,
20230921,15,50.01,31926.6,24626.3,
20230921,15,50.90,31926.6,24626.3,
20230921,15,52.50,31926.6,24625.6,
20230921,15,56.50,31926.6,24625.5,
20230921,15,60.00,31926.6,24625.2,
20230921,15,60.12,31926.6,24558.6,
20230921,15,61.00,31926.6,24554.6,
20230921,15,62.00,31926.6,24538.6,
20230921,15,67.94,31926.6,24488.7,
20230921,15,75.00,31926.6,24455.3,
20230921,15,77.24,31926.6,24323.5,
20230921,15,77.80,31926.6,24271.7,
20230921,15,79.90,31926.6,24216.2,
20230921,15,79.98,31946.6,24212.1,
20230921,15,80.00,31946.6,24212.1,
20230921,15,80.01,31946.6,23674.8,
20230921,15,80.02,31946.6,23397.7,
20230921,15,80.10,31946.6,23392.7,
20230921,15,80.12,31946.6,23380.1,
20230921,15,80.20,31946.6,23379.7,
20230921,15,80.21,31966.6,23371.7,
20230921,15,80.50,31966.6,23371.7,
20230921,15,81.00,31966.6,23371.5,
20230921,15,82.01,31966.6,23259.6,
20230921,15,85.00,31966.6,23174.3,
20230921,15,90.00,31966.6,23153.2,
20230921,15,99.90,31966.6,23123.9,
20230921,15,100.00,31966.6,23123.4,
20230921,15,100.01,31981.9,21580.1,
20230921,15,101.00,31981.9,21580.1,
20230921,15,102.00,31981.9,21434.2,
20230921,15,105.00,31981.9,21307.6,
20230921,15,120.10,31981.9,21307.5,
20230921,15,130.00,31981.9,21256.7,
20230921,15,138.00,31981.9,21251.3,
20230921,15,150.00,31981.9,21162.6,
20230921,15,190.00,31981.9,21160.2,
20230921,15,200.00,31981.9,21159.2,
20230921,15,200.01,31981.9,19549.8,
20230921,15,200.10,31981.9,18079.1,
20230921,15,200.50,31981.9,18046.7,
20230921,15,200.98,31981.9,17997.9,
20230921,15,200.99,31981.9,17997.8,
20230921,15,201.00,31981.9,17997.7,
20230921,15,210.00,31981.9,17898.5,
20230921,15,250.00,31981.9,17287.8,
20230921,15,300.00,31981.9,17108.0,
20230921,15,500.00,31981.9,16584.2,
20230921,15,548.66,31981.9,16582.2,
20230921,15,550.02,31981.9,16498.7,
20230921,15,999.00,31981.9,16287.8,
20230921,15,999.99,31981.9,0.0,
20230921,16,0.00,0.0,39399.3,
20230921,16,0.00,13870.8,39399.3,
20230921,16,0.01,29063.5,39399.3,
20230921,16,0.02,29234.2,39395.4,
20230921,16,0.03,29234.7,39366.6,
20230921,16,0.04,29243.1,39332.8,
20230921,16,0.09,29243.1,39332.8,
20230921,16,0.10,29243.1,39287.8,
20230921,16,0.20,29243.1,39167.7,
20230921,16,0.30,29243.1,39092.7,
20230921,16,0.60,29257.1,39088.7,
20230921,16,0.62,29257.1,39088.7,
20230921,16,0.70,29258.1,39008.7,
20230921,16,0.80,29259.1,39008.7,
20230921,16,0.90,29260.1,39008.7,
20230921,16,1.00,29858.1,39008.7,
20230921,16,1.01,29860.3,38790.6,
20230921,16,1.02,29862.1,38760.6,
20230921,16,1.12,29929.3,38760.6,
20230921,16,1.60,29954.2,38730.6,
20230921,16,1.93,29961.4,38730.6,
20230921,16,2.00,29962.3,38730.6,
20230921,16,2.01,29962.3,38730.6,
20230921,16,2.02,29964.1,38690.6,
20230921,16,2.10,29964.1,38690.6,
20230921,16,2.12,29964.1,38684.6,
20230921,16,2.15,30082.2,38624.6,
20230921,16,2.33,30084.7,38624.6,
20230921,16,3.00,30084.7,38624.6,
20230921,16,3.01,30084.7,38384.5,
20230921,16,3.03,30086.6,38334.5,
20230921,16,3.10,30086.6,38334.5,
20230921,16,3.12,30086.6,38289.5,
20230921,16,3.37,30091.1,38199.5,
20230921,16,3.85,30100.4,38199.5,
20230921,16,4.03,30102.2,38199.5,
20230921,16,4.65,30133.1,38199.5,
20230921,16,5.00,30267.7,38199.5,
20230921,16,5.01,30272.6,38060.6,
20230921,16,5.04,30274.4,37990.6,
20230921,16,5.12,30274.4,37340.6,
20230921,16,5.46,30275.0,37280.6,
20230921,16,5.50,30275.1,37280.6,
20230921,16,5.62,30280.1,37280.6,
20230921,16,5.69,30280.1,37280.6,
20230921,16,5.77,30287.4,37270.6,
20230921,16,5.88,30288.0,37270.6,
20230921,16,6.00,30305.0,37270.6,
20230921,16,6.01,30305.0,37185.0,
20230921,16,6.02,30315.5,37181.8,
20230921,16,6.10,30318.1,37181.8,
20230921,16,6.26,30318.1,37181.8,
20230921,16,6.29,30318.7,37174.2,
20230921,16,6.50,30324.3,37174.2,
20230921,16,6.71,30324.9,37174.2,
20230921,16,6.94,30333.3,37174.2,
20230921,16,6.97,30335.8,37174.2,
20230921,16,7.00,30366.2,37174.2,
20230921,16,7.01,30366.2,37174.1,
20230921,16,7.06,30366.2,37000.9,
20230921,16,7.12,30366.2,36990.9,
20230921,16,7.13,30366.8,36930.9,
20230921,16,7.38,30366.8,36930.9,
20230921,16,7.39,30366.8,36920.9,
20230921,16,7.47,30366.8,36910.9,
20230921,16,7.50,30406.8,36794.9,
20230921,16,7.68,30414.1,36794.9,
20230921,16,7.69,30414.1,36794.9,
20230921,16,7.74,30414.1,36774.9,
20230921,16,7.87,30419.1,36744.9,
20230921,16,7.90,30419.1,36744.9,
20230921,16,7.94,30419.1,36736.8,
20230921,16,8.00,30447.6,36620.8,
20230921,16,8.02,30461.8,36508.0,
20230921,16,8.35,30464.8,36508.0,
20230921,16,8.50,30466.4,36508.0,
20230921,16,8.59,30466.4,36498.0,
20230921,16,9.00,30466.4,36496.2,
20230921,16,9.06,30466.4,36489.3,
20230921,16,9.09,30466.4,36479.3,
20230921,16,9.23,30466.4,36322.3,
20230921,16,9.29,30469.0,36175.3,
20230921,16,9.36,30469.0,36175.3,
20230921,16,9.38,30469.0,36028.3,
20230921,16,9.39,30469.0,36018.3,
20230921,16,9.40,30474.3,36003.3,
20230921,16,9.50,30474.3,36003.3,
20230921,16,9.60,30481.5,35856.3,
20230921,16,9.66,30481.5,35776.3,
20230921,16,9.69,30481.5,35629.3,
20230921,16,9.70,30490.3,35608.1,
20230921,16,9.74,30490.3,35608.1,
20230921,16,9.79,30490.3,35578.1,
20230921,16,9.80,30490.3,35572.5,
20230921,16,9.81,30490.3,35522.5,
20230921,16,9.82,30490.3,35472.5,
20230921,16,9.96,30492.8,35407.5,
20230921,16,10.00,30535.6,35407.5,
20230921,16,10.05,30555.6,35305.4,
20230921,16,10.10,30555.6,35305.4,
20230921,16,10.12,30561.0,35303.2,
20230921,16,10.17,30561.0,35303.2,
20230921,16,10.19,30561.0,35273.2,
20230921,16,10.20,30561.0,35082.0,
20230921,16,10.21,30561.0,34958.0,
20230921,16,10.22,30561.0,34931.0,
20230921,16,10.23,30561.0,34882.0,
20230921,16,10.25,30561.0,34832.0,
20230921,16,10.32,30563.4,34831.9,
20230921,16,10.38,30563.4,34831.9,
20230921,16,10.41,30563.4,34707.9,
20230921,16,10.46,30563.4,34707.7,
20230921,16,10.50,30563.4,34583.7,
20230921,16,10.51,30563.4,34443.7,
20230921,16,10.56,30571.1,34356.7,
20230921,16,10.58,30571.1,34356.7,
20230921,16,10.59,30764.7,34106.6,
20230921,16,10.60,30767.7,34049.0,
20230921,16,10.63,30767.7,34049.0,
20230921,16,10.68,30770.2,34046.8,
20230921,16,10.70,30772.3,34046.8,
20230921,16,10.71,30774.4,34046.8,
20230921,16,10.75,30787.3,34046.8,
20230921,16,11.00,30787.3,34046.8,
20230921,16,11.01,30787.9,34025.1,
20230921,16,11.04,30790.3,34025.1,
20230921,16,11.06,30790.3,34025.1,
20230921,16,11.07,30790.3,33995.1,
20230921,16,11.09,30790.5,33992.1,
20230921,16,11.10,30790.5,33992.1,
20230921,16,11.13,30903.9,33976.0,
20230921,16,11.17,30903.9,33947.4,
20230921,16,11.19,31316.0,33945.2,
20230921,16,11.30,31320.2,33945.2,
20230921,16,11.38,31320.2,33945.2,
20230921,16,11.39,31326.4,33929.1,
20230921,16,11.40,31326.9,33904.1,
20230921,16,11.47,31326.9,33753.1,
20230921,16,11.49,31326.9,33703.1,
20230921,16,11.50,31326.9,33653.1,
20230921,16,11.61,31329.4,33652.8,
20230921,16,11.66,31329.4,33487.8,
20230921,16,11.67,31329.4,33475.6,
20230921,16,11.69,31330.3,33324.6,
20230921,16,11.70,31330.3,33324.6,
20230921,16,11.73,31330.3,33320.2,
20230921,16,11.74,31330.3,33319.9,
20230921,16,11.75,31339.7,33274.3,
20230921,16,11.77,31340.5,33274.3,
20230921,16,11.80,31340.5,33274.3,
20230921,16,11.81,31340.5,33274.2,
20230921,16,11.84,31341.4,33068.2,
20230921,16,11.88,31341.4,33068.2,
20230921,16,11.92,31342.2,32868.2,
20230921,16,11.95,31342.2,32868.2,
20230921,16,11.99,31342.2,32667.0,
20230921,16,12.00,31411.0,32666.4,
20230921,16,12.02,31411.0,32648.0,
20230921,16,12.03,31411.0,32448.0,
20230921,16,12.05,31411.0,32409.0,
20230921,16,12.06,31411.0,32408.2,
20230921,16,12.11,31411.0,32407.4,
20230921,16,12.13,31411.0,32207.4,
20230921,16,12.19,31411.2,32197.9,
20230921,16,12.21,31411.2,31997.1,
20230921,16,12.26,31411.2,31993.0,
20230921,16,12.30,31411.2,31983.6,
20230921,16,12.39,31412.2,31783.6,
20230921,16,12.40,31413.3,31763.8,
20230921,16,12.41,31413.4,31736.6,
20230921,16,12.44,31413.4,31736.6,
20230921,16,12.50,31413.4,31536.6,
20230921,16,12.54,31413.4,31536.5,
20230921,16,12.56,31413.4,31534.5,
20230921,16,12.58,31413.4,31484.5,
20230921,16,12.59,31413.4,31483.7,
20230921,16,12.63,31413.4,31483.2,
20230921,16,12.64,31413.4,31333.2,
20230921,16,12.65,31414.1,31333.1,
20230921,16,12.66,31414.2,31133.1,
20230921,16,12.75,31418.9,31028.1,
20230921,16,12.76,31423.6,31028.1,
20230921,16,12.78,31423.6,31028.1,
20230921,16,12.81,31423.6,31026.4,
20230921,16,12.96,31423.6,30688.1,
20230921,16,13.00,31423.6,30635.1,
20230921,16,13.01,31423.7,30621.0,
20230921,16,13.02,31426.7,30619.5,
20230921,16,13.04,31426.7,30619.5,
20230921,16,13.05,31426.7,30610.8,
20230921,16,13.06,31426.7,30577.1,
20230921,16,13.16,31426.7,30576.9,
20230921,16,13.18,31426.7,30508.2,
20230921,16,13.19,31426.7,30508.1,
20230921,16,13.20,31426.7,30506.9,
20230921,16,13.39,31426.7,30506.8,
20230921,16,13.50,31436.7,30406.8,
20230921,16,13.74,31456.7,30403.0,
20230921,16,13.95,31456.7,30403.0,
20230921,16,14.00,31456.7,30388.8,
20230921,16,14.02,31456.7,30223.9,
20230921,16,14.06,31456.7,30147.9,
20230921,16,14.09,31456.7,30147.8,
20230921,16,14.10,31456.7,29947.8,
20230921,16,14.26,31456.7,29947.2,
20230921,16,14.30,31456.7,29928.2,
20230921,16,14.35,31456.7,29927.8,
20230921,16,14.40,31456.7,29923.1,
20230921,16,14.50,31456.7,29922.8,
20230921,16,14.53,31456.7,29921.8,
20230921,16,14.55,31456.7,29621.8,
20230921,16,14.60,31456.7,29621.2,
20230921,16,14.62,31456.7,29621.1,
20230921,16,14.78,31456.9,29620.5,
20230921,16,14.99,31456.9,29620.5,
20230921,16,15.00,31695.9,29620.4,
20230921,16,15.05,31695.9,29616.0,
20230921,16,15.06,31700.9,29611.1,
20230921,16,15.10,31700.9,29611.1,
20230921,16,15.15,31700.9,29610.8,
20230921,16,15.17,31773.4,29595.3,
20230921,16,15.20,31773.4,29595.3,
20230921,16,15.22,31773.4,29595.1,
20230921,16,15.33,31773.4,29585.0,
20230921,16,15.38,31783.4,29584.6,
20230921,16,15.39,31813.3,29584.6,
20230921,16,15.45,31813.3,29584.6,
20230921,16,15.50,31813.3,29546.6,
20230921,16,15.58,31813.3,29544.2,
20230921,16,15.74,31871.1,29543.3,
20230921,16,15.80,31871.1,29543.1,
20230921,16,15.90,31879.1,29542.8,
20230921,16,15.91,31879.1,29542.8,
20230921,16,16.00,31880.1,29542.6,
20230921,16,16.05,31880.1,29353.5,
20230921,16,16.10,31881.1,29347.0,
20230921,16,16.12,32009.1,29347.0,
20230921,16,16.14,32059.1,29347.0,
20230921,16,16.20,32060.1,29347.0,
20230921,16,16.22,32110.1,29347.0,
20230921,16,16.27,32174.1,29347.0,
20230921,16,16.30,32175.1,29347.0,
20230921,16,16.37,32239.1,29347.0,
20230921,16,16.40,32239.1,29347.0,
20230921,16,16.57,32303.1,29338.2,
20230921,16,16.66,32367.1,29338.2,
20230921,16,16.70,32367.1,29338.2,
20230921,16,16.75,32431.1,29338.1,
20230921,16,16.77,32431.1,29338.1,
20230921,16,16.81,32431.1,29333.6,
20230921,16,16.87,32431.1,29331.9,
20230921,16,16.94,32495.1,29327.9,
20230921,16,16.99,32495.1,29327.9,
20230921,16,17.00,32495.1,29327.8,
20230921,16,17.03,32559.1,29307.8,
20230921,16,17.07,32559.1,29307.8,
20230921,16,17.13,32559.1,29306.6,
20230921,16,17.16,32625.5,29254.6,
20230921,16,17.18,32625.5,29254.6,
20230921,16,17.25,32625.5,29238.4,
20230921,16,17.26,32625.5,29237.7,
20230921,16,17.33,32625.5,29237.4,
20230921,16,17.35,32625.5,29218.5,
20230921,16,17.45,32625.5,29215.6,
20230921,16,17.50,32625.5,29215.4,
20230921,16,17.53,32670.5,29215.3,
20230921,16,17.65,32776.5,29215.3,
20230921,16,17.77,32776.5,29215.3,
20230921,16,18.00,32776.5,29185.3,
20230921,16,18.03,32776.5,29185.0,
20230921,16,18.15,32776.5,29184.9,
20230921,16,18.16,32776.5,29183.2,
20230921,16,18.25,32776.5,29173.6,
20230921,16,18.28,32776.5,29167.6,
20230921,16,18.30,32776.5,29098.5,
20230921,16,18.50,32776.5,28841.4,
20230921,16,18.60,32776.5,28840.4,
20230921,16,18.62,32776.5,28840.3,
20230921,16,18.81,32776.5,28830.5,
20230921,16,19.00,32776.5,28708.5,
20230921,16,19.05,32776.5,28696.1,
20230921,16,19.06,32776.5,28559.1,
20230921,16,19.12,32776.5,28557.8,
20230921,16,19.18,32776.5,28555.8,
20230921,16,19.20,32776.5,28396.8,
20230921,16,19.35,32776.5,28274.8,
20230921,16,19.50,32776.5,28232.1,
20230921,16,19.55,32779.5,28232.0,
20230921,16,19.60,32779.5,28232.0,
20230921,16,19.71,32988.5,28228.8,
20230921,16,19.90,32988.5,28228.8,
20230921,16,20.00,32988.5,28228.7,
20230921,16,20.01,32988.5,28169.9,
20230921,16,20.11,33000.0,28168.4,
20230921,16,20.30,33000.0,28168.4,
20230921,16,20.33,33000.0,28168.3,
20230921,16,21.00,33000.0,28164.0,
20230921,16,21.12,33000.0,28163.9,
20230921,16,21.37,33000.0,26773.9,
20230921,16,21.81,33000.0,26772.1,
20230921,16,21.85,33000.0,26766.0,
20230921,16,21.94,33000.0,26764.0,
20230921,16,22.28,33050.0,26605.8,
20230921,16,22.69,33050.0,26605.8,
20230921,16,22.84,33050.0,26577.6,
20230921,16,22.86,33050.0,26576.9,
20230921,16,22.94,33050.0,26576.4,
20230921,16,23.00,33063.0,26573.5,
20230921,16,23.03,33063.0,26573.5,
20230921,16,23.48,33063.0,26573.4,
20230921,16,23.62,33063.0,26568.5,
20230921,16,24.00,33063.0,26567.5,
20230921,16,24.10,33063.0,26566.7,
20230921,16,25.00,33063.0,26565.3,
20230921,16,25.23,33063.0,26557.9,
20230921,16,25.56,33063.0,26553.5,
20230921,16,25.61,33063.0,26534.6,
20230921,16,25.87,33063.0,26531.9,
20230921,16,26.24,33063.0,26531.8,
20230921,16,26.35,33063.0,26463.8,
20230921,16,26.65,33063.0,26462.8,
20230921,16,27.00,33063.0,26137.8,
20230921,16,27.01,33063.0,25956.9,
20230921,16,28.00,33063.0,25948.5,
20230921,16,28.60,33063.0,25943.5,
20230921,16,28.88,33063.0,25942.5,
20230921,16,28.90,33063.0,25941.9,
20230921,16,29.10,33063.0,25941.3,
20230921,16,29.97,33063.0,25940.8,
20230921,16,30.00,33063.0,25920.2,
20230921,16,30.01,33063.0,25816.4,
20230921,16,30.36,33063.0,25808.1,
20230921,16,30.56,33063.0,25787.8,
20230921,16,30.85,33063.0,25786.7,
20230921,16,32.00,33063.0,25785.7,
20230921,16,32.70,33067.6,25569.6,
20230921,16,32.90,33067.6,25569.6,
20230921,16,32.94,33067.6,25568.9,
20230921,16,33.03,33067.6,25568.4,
20230921,16,33.10,33067.6,25567.9,
20230921,16,33.68,33067.6,25566.9,
20230921,16,33.79,33067.6,25562.5,
20230921,16,34.00,33067.6,25543.5,
20230921,16,34.58,33067.6,25514.2,
20230921,16,34.61,33067.6,25513.6,
20230921,16,34.92,33067.6,25513.1,
20230921,16,34.95,33067.6,25502.0,
20230921,16,35.00,33067.6,25498.3,
20230921,16,35.10,33067.6,25439.2,
20230921,16,36.00,33067.6,25413.0,
20230921,16,39.27,33067.6,25363.8,
20230921,16,39.32,33067.6,25357.1,
20230921,16,39.98,33127.6,25352.6,
20230921,16,40.00,33127.6,25352.6,
20230921,16,40.01,33127.6,25300.5,
20230921,16,41.02,33127.6,25300.4,
20230921,16,41.67,33127.6,25272.4,
20230921,16,42.14,33127.6,25268.0,
20230921,16,42.47,33127.6,25238.1,
20230921,16,45.00,33127.6,25221.7,
20230921,16,45.01,33127.6,25124.6,
20230921,16,45.12,33127.6,24691.1,
20230921,16,46.00,33127.6,24689.3,
20230921,16,50.00,33127.6,24666.0,
20230921,16,50.01,33132.9,24577.5,
20230921,16,50.90,33132.9,24577.5,
20230921,16,54.50,33132.9,24576.9,
20230921,16,58.50,33132.9,24576.8,
20230921,16,60.00,33132.9,24576.5,
20230921,16,60.01,33132.9,24498.8,
20230921,16,60.12,33132.9,24498.7,
20230921,16,61.00,33132.9,24492.5,
20230921,16,62.00,33132.9,24473.9,
20230921,16,67.94,33132.9,24418.5,
20230921,16,77.80,33132.9,24383.3,
20230921,16,79.90,33132.9,24315.8,
20230921,16,79.98,33152.9,24307.9,
20230921,16,80.00,33152.9,24307.9,
20230921,16,80.01,33152.9,23516.1,
20230921,16,80.02,33152.9,23207.8,
20230921,16,80.10,33152.9,23202.8,
20230921,16,80.12,33152.9,23184.0,
20230921,16,80.20,33152.9,23177.5,
20230921,16,80.21,33172.9,23169.5,
20230921,16,80.50,33172.9,23169.5,
20230921,16,81.00,33172.9,23169.3,
20230921,16,82.01,33172.9,23044.0,
20230921,16,85.00,33172.9,22955.7,
20230921,16,90.00,33172.9,22922.8,
20230921,16,99.90,33172.9,22889.9,
20230921,16,100.00,33172.9,22889.4,
20230921,16,100.01,33190.2,21540.7,
20230921,16,101.00,33190.2,21540.7,
20230921,16,102.00,33190.2,21394.8,
20230921,16,105.00,33190.2,21219.3,
20230921,16,120.10,33190.2,21219.2,
20230921,16,130.00,33190.2,21161.0,
20230921,16,138.00,33190.2,21155.2,
20230921,16,150.00,33190.2,21066.1,
20230921,16,190.00,33190.2,21063.6,
20230921,16,200.00,33190.2,21062.5,
20230921,16,200.01,33190.2,19305.6,
20230921,16,200.10,33190.2,17803.0,
20230921,16,200.50,33190.2,17762.7,
20230921,16,200.98,33190.2,17697.7,
20230921,16,200.99,33190.2,17697.6,
20230921,16,201.00,33190.2,17697.5,
20230921,16,210.00,33190.2,17587.9,
20230921,16,250.00,33190.2,16969.8,
20230921,16,300.00,33190.2,16787.4,
20230921,16,500.00,33190.2,16263.6,
20230921,16,548.66,33190.2,16261.6,
20230921,16,550.02,33190.2,16126.3,
20230921,16,999.00,33190.2,15912.3,
20230921,16,999.99,33190.2,0.0,
20230921,17,0.00,0.0,41029.8,
20230921,17,0.00,15098.8,41029.8,
20230921,17,0.01,31395.9,41029.8,
20230921,17,0.02,31574.6,41013.7,
20230921,17,0.03,31575.3,40980.0,
20230921,17,0.04,31580.6,40946.5,
20230921,17,0.09,31580.6,40946.5,
20230921,17,0.10,31580.6,40883.2,
20230921,17,0.20,31580.6,40763.1,
20230921,17,0.30,31580.6,40688.1,
20230921,17,0.60,31582.6,40684.1,
20230921,17,0.62,31582.6,40684.1,
20230921,17,0.70,31583.6,40604.1,
20230921,17,0.80,31584.6,40604.1,
20230921,17,0.90,31585.6,40604.1,
20230921,17,1.00,32247.5,40604.1,
20230921,17,1.01,32248.5,40350.6,
20230921,17,1.12,32248.5,40320.6,
20230921,17,1.51,32257.5,40290.6,
20230921,17,1.82,32336.0,40290.6,
20230921,17,2.00,32337.4,40290.6,
20230921,17,2.01,32337.4,40290.6,
20230921,17,2.10,32337.4,40250.6,
20230921,17,2.11,32362.0,40244.6,
20230921,17,2.12,32362.0,40244.6,
20230921,17,2.15,32478.6,40184.6,
20230921,17,2.31,32481.1,40184.6,
20230921,17,3.00,32481.1,40184.6,
20230921,17,3.01,32490.2,39944.6,
20230921,17,3.10,32490.2,39894.6,
20230921,17,3.12,32490.2,39849.6,
20230921,17,4.07,32494.3,39759.6,
20230921,17,4.36,32497.1,39759.6,
20230921,17,4.51,32506.3,39759.6,
20230921,17,4.61,32508.9,39759.6,
20230921,17,4.65,32545.5,39759.6,
20230921,17,5.00,32755.0,39759.6,
20230921,17,5.01,32762.3,39525.4,
20230921,17,5.03,32762.3,39455.4,
20230921,17,5.04,32762.3,39445.4,
20230921,17,5.12,32762.3,39145.4,
20230921,17,5.50,32762.4,39085.4,
20230921,17,6.00,32772.2,39085.4,
20230921,17,6.01,32781.3,39025.2,
20230921,17,6.02,32788.5,39016.5,
20230921,17,6.26,32788.5,39016.5,
20230921,17,6.32,32793.5,39008.9,
20230921,17,6.61,32796.5,39008.9,
20230921,17,6.69,32804.1,39008.9,
20230921,17,6.75,32804.1,39008.9,
20230921,17,6.79,32804.1,38998.9,
20230921,17,6.92,32806.6,38968.9,
20230921,17,7.00,32836.3,38968.9,
20230921,17,7.01,32836.3,38968.8,
20230921,17,7.03,32836.3,38769.8,
20230921,17,7.12,32836.3,38749.8,
20230921,17,7.47,32836.3,38689.8,
20230921,17,7.50,32876.3,38573.8,
20230921,17,7.51,32885.3,38573.6,
20230921,17,7.54,32885.3,38573.6,
20230921,17,7.77,32885.9,38563.6,
20230921,17,7.78,32888.4,38563.6,
20230921,17,7.80,32888.4,38563.6,
20230921,17,7.90,32888.4,38553.6,
20230921,17,7.94,32888.4,38544.5,
20230921,17,8.00,32915.9,38428.5,
20230921,17,8.01,32915.9,38368.4,
20230921,17,8.02,32928.1,38361.5,
20230921,17,8.03,32928.7,38361.5,
20230921,17,8.05,32931.1,38361.5,
20230921,17,8.30,32931.7,38361.5,
20230921,17,8.32,32934.2,38361.5,
20230921,17,8.50,32934.2,38361.5,
20230921,17,8.56,32934.8,38351.5,
20230921,17,8.57,32939.8,38351.5,
20230921,17,8.59,32942.2,38351.5,
20230921,17,8.75,32942.2,38349.3,
20230921,17,8.79,32942.2,38339.3,
20230921,17,8.82,32942.8,38309.3,
20230921,17,8.86,32948.1,38309.3,
20230921,17,9.00,32948.1,38308.8,
20230921,17,9.03,32948.1,38308.2,
20230921,17,9.04,32962.1,38292.2,
20230921,17,9.12,32962.1,38292.2,
20230921,17,9.22,32964.7,38262.2,
20230921,17,9.23,32964.7,38262.2,
20230921,17,9.31,32964.7,38115.2,
20230921,17,9.36,32969.3,38114.6,
20230921,17,9.50,32969.3,37967.6,
20230921,17,9.54,32969.3,37820.6,
20230921,17,9.60,32969.3,37810.6,
20230921,17,9.66,32969.3,37717.6,
20230921,17,9.76,32969.3,37570.6,
20230921,17,9.79,32969.3,37570.1,
20230921,17,9.80,32969.3,37564.1,
20230921,17,9.81,32969.3,37499.1,
20230921,17,9.82,32969.3,37449.1,
20230921,17,9.99,33093.8,37381.1,
20230921,17,10.00,33152.6,37381.1,
20230921,17,10.03,33156.0,37276.6,
20230921,17,10.04,33159.4,37276.6,
20230921,17,10.05,33179.4,37276.6,
20230921,17,10.19,33179.4,37276.6,
20230921,17,10.20,33179.4,37061.0,
20230921,17,10.21,33179.4,36937.0,
20230921,17,10.22,33179.4,36935.8,
20230921,17,10.23,33179.4,36886.8,
20230921,17,10.38,33179.4,36836.8,
20230921,17,10.46,33179.4,36712.8,
20230921,17,10.50,33179.4,36588.8,
20230921,17,10.51,33179.4,36448.8,
20230921,17,10.58,33179.4,36361.8,
20230921,17,10.59,33304.4,36113.9,
20230921,17,10.75,33304.4,35990.1,
20230921,17,10.79,33304.4,35960.1,
20230921,17,10.80,33320.6,35921.3,
20230921,17,10.82,33325.6,35921.3,
20230921,17,10.86,33325.6,35921.3,
20230921,17,11.00,33325.6,35914.3,
20230921,17,11.04,33338.7,35912.7,
20230921,17,11.05,33338.9,35912.7,
20230921,17,11.11,33341.9,35912.7,
20230921,17,11.19,33390.3,35912.7,
20230921,17,11.22,33390.3,35912.7,
20230921,17,11.23,33390.3,35912.5,
20230921,17,11.26,33390.3,35906.9,
20230921,17,11.28,33390.3,35904.9,
20230921,17,11.30,33390.8,35904.8,
20230921,17,11.36,33390.8,35904.8,
20230921,17,11.37,33391.4,35904.7,
20230921,17,11.38,33391.5,35904.7,
20230921,17,11.40,33391.5,35904.7,
20230921,17,11.45,33395.8,35753.7,
20230921,17,11.50,33395.8,35753.7,
20230921,17,11.52,33398.3,35753.4,
20230921,17,11.54,33398.3,35753.4,
20230921,17,11.55,33403.4,35738.5,
20230921,17,11.61,33403.4,35738.5,
20230921,17,11.63,33404.3,35573.5,
20230921,17,11.65,33404.3,35573.5,
20230921,17,11.66,33404.3,35523.5,
20230921,17,11.67,33404.3,35520.0,
20230921,17,11.74,33405.1,35369.0,
20230921,17,11.75,33405.1,35367.9,
20230921,17,11.80,33411.6,35316.8,
20230921,17,11.81,33418.1,35291.8,
20230921,17,11.83,33418.1,35291.8,
20230921,17,11.85,33419.0,35263.8,
20230921,17,11.89,33419.0,35246.4,
20230921,17,11.95,33419.8,35046.4,
20230921,17,11.96,33419.8,35044.9,
20230921,17,12.00,33487.8,34844.9,
20230921,17,12.01,33488.4,34837.3,
20230921,17,12.04,33488.4,34837.3,
20230921,17,12.06,33489.2,34625.3,
20230921,17,12.07,33489.2,34615.9,
20230921,17,12.09,33489.2,34563.9,
20230921,17,12.13,33489.2,34561.7,
20230921,17,12.22,33489.2,34361.7,
20230921,17,12.24,33489.2,34161.7,
20230921,17,12.25,33489.2,34152.2,
20230921,17,12.32,33489.2,34102.2,
20230921,17,12.43,33489.2,33902.2,
20230921,17,12.47,33489.2,33892.8,
20230921,17,12.53,33489.2,33692.8,
20230921,17,12.54,33490.5,33690.6,
20230921,17,12.55,33491.8,33690.6,
20230921,17,12.61,33491.8,33690.6,
20230921,17,12.66,33491.8,33671.7,
20230921,17,12.67,33491.8,33566.7,
20230921,17,12.79,33511.8,33566.4,
20230921,17,12.80,33511.8,33566.3,
20230921,17,12.97,33511.8,33566.2,
20230921,17,12.98,33511.8,33539.6,
20230921,17,13.00,33511.8,33337.4,
20230921,17,13.01,33511.8,33297.5,
20230921,17,13.02,33515.3,33294.7,
20230921,17,13.04,33515.3,33294.7,
20230921,17,13.05,33515.5,33286.0,
20230921,17,13.30,33515.5,33252.3,
20230921,17,13.31,33520.9,33203.2,
20230921,17,13.39,33520.9,33135.3,
20230921,17,13.42,33520.9,33035.3,
20230921,17,13.50,33530.9,33030.9,
20230921,17,13.65,33530.9,33030.9,
20230921,17,13.95,33530.9,32633.7,
20230921,17,14.00,33530.9,32615.5,
20230921,17,14.01,33532.3,32455.7,
20230921,17,14.10,33532.3,32455.7,
20230921,17,14.11,33532.4,32455.1,
20230921,17,14.16,33532.4,32455.1,
20230921,17,14.21,33532.4,32454.8,
20230921,17,14.26,33532.4,32454.2,
20230921,17,14.27,33532.4,32435.2,
20230921,17,14.30,33532.4,32434.1,
20230921,17,14.50,33532.4,32433.7,
20230921,17,14.53,33532.4,32431.6,
20230921,17,14.58,33532.9,32161.6,
20230921,17,14.74,33533.1,32161.6,
20230921,17,14.75,33539.9,32158.5,
20230921,17,14.79,33597.7,32157.9,
20230921,17,14.99,33597.7,32157.9,
20230921,17,15.00,33835.7,32157.8,
20230921,17,15.01,33835.7,32145.1,
20230921,17,15.04,33836.2,32141.7,
20230921,17,15.07,33836.2,32141.7,
20230921,17,15.15,33836.2,32141.6,
20230921,17,15.17,33849.4,32066.8,
20230921,17,15.19,33849.4,32066.8,
20230921,17,15.20,33849.4,32066.7,
20230921,17,15.22,33849.4,32066.5,
20230921,17,15.32,33849.4,32051.2,
20230921,17,15.41,33849.4,32050.6,
20230921,17,15.45,33849.4,32046.0,
20230921,17,15.50,33849.4,32008.0,
20230921,17,15.51,33849.9,32006.3,
20230921,17,15.54,33859.9,32006.3,
20230921,17,15.58,33859.9,32006.3,
20230921,17,15.60,33859.9,32005.4,
20230921,17,15.61,33859.9,31805.4,
20230921,17,15.65,33859.9,31805.1,
20230921,17,15.80,33889.8,31804.8,
20230921,17,15.81,33889.8,31804.5,
20230921,17,15.90,33900.8,31804.4,
20230921,17,15.91,33900.8,31804.4,
20230921,17,15.96,33900.8,31804.2,
20230921,17,16.00,33901.8,31604.2,
20230921,17,16.05,33901.8,31590.6,
20230921,17,16.10,33902.8,31583.3,
20230921,17,16.20,33903.8,31583.3,
20230921,17,16.22,33953.8,31583.3,
20230921,17,16.23,34003.8,31583.3,
20230921,17,16.27,34053.8,31583.3,
20230921,17,16.30,34054.8,31583.3,
20230921,17,16.57,34118.8,31583.3,
20230921,17,16.66,34182.8,31583.3,
20230921,17,16.70,34182.8,31583.3,
20230921,17,16.85,34246.8,31583.1,
20230921,17,16.94,34310.8,31583.1,
20230921,17,16.99,34310.8,31583.1,
20230921,17,17.00,34310.8,31583.0,
20230921,17,17.03,34374.8,31563.0,
20230921,17,17.10,34374.8,31563.0,
20230921,17,17.14,34374.8,31562.8,
20230921,17,17.16,34413.5,31562.6,
20230921,17,17.18,34413.5,31562.0,
20230921,17,17.20,34413.5,31545.8,
20230921,17,17.25,34413.5,31526.9,
20230921,17,17.30,34413.5,31526.0,
20230921,17,17.33,34413.5,31525.9,
20230921,17,17.40,34413.5,31473.9,
20230921,17,17.45,34413.5,31465.3,
20230921,17,17.50,34413.5,31465.1,
20230921,17,17.57,34413.5,31464.6,
20230921,17,17.65,34519.5,31460.1,
20230921,17,17.77,34519.5,31460.1,
20230921,17,17.79,34519.5,31430.1,
20230921,17,17.86,34519.5,31425.6,
20230921,17,18.00,34519.5,31422.8,
20230921,17,18.03,34519.5,31199.0,
20230921,17,18.30,34519.5,31198.9,
20230921,17,18.38,34519.5,31198.8,
20230921,17,18.45,34519.5,31187.4,
20230921,17,18.60,34519.5,31183.6,
20230921,17,18.62,34519.5,31183.5,
20230921,17,18.63,34519.5,31181.9,
20230921,17,18.64,34519.5,31180.5,
20230921,17,18.65,34536.3,31176.9,
20230921,17,19.00,34536.3,31176.9,
20230921,17,19.17,34536.3,31176.1,
20230921,17,19.30,34536.3,31110.0,
20230921,17,19.50,34536.3,31108.2,
20230921,17,19.58,34536.3,31108.1,
20230921,17,19.71,34760.3,31056.1,
20230921,17,19.75,34760.3,31056.1,
20230921,17,19.82,34760.3,31050.4,
20230921,17,19.90,34760.3,31048.4,
20230921,17,19.95,34761.3,31048.3,
20230921,17,20.00,34761.3,31048.3,
20230921,17,20.01,34761.3,30987.8,
20230921,17,20.07,34761.3,30985.9,
20230921,17,20.10,34761.3,30984.8,
20230921,17,20.11,34761.3,30984.4,
20230921,17,20.19,34761.3,30982.4,
20230921,17,20.30,34761.3,30980.9,
20230921,17,20.41,34761.3,30980.8,
20230921,17,20.51,34779.5,30938.6,
20230921,17,20.62,34810.9,30938.6,
20230921,17,21.00,34810.9,30938.6,
20230921,17,21.05,34810.9,30938.5,
20230921,17,21.12,34810.9,30937.3,
20230921,17,22.00,34810.9,29547.3,
20230921,17,22.07,34810.9,29547.2,
20230921,17,22.16,34810.9,29545.2,
20230921,17,22.28,34860.9,29539.2,
20230921,17,22.36,34860.9,29539.2,
20230921,17,22.80,35310.0,29537.2,
20230921,17,22.84,35310.0,29537.2,
20230921,17,22.92,35310.0,29512.4,
20230921,17,23.00,35323.0,29506.2,
20230921,17,23.03,35323.0,29506.0,
20230921,17,24.04,35323.0,29505.9,
20230921,17,24.32,35323.0,29258.9,
20230921,17,24.61,35323.0,29257.8,
20230921,17,24.85,35323.0,29256.3,
20230921,17,25.00,35323.0,29237.4,
20230921,17,25.07,35323.0,29229.8,
20230921,17,26.24,35323.0,29225.4,
20230921,17,26.57,35323.0,29202.4,
20230921,17,26.86,35323.0,29202.2,
20230921,17,27.00,35323.0,29201.2,
20230921,17,27.83,35323.0,29018.1,
20230921,17,27.95,35323.0,29016.9,
20230921,17,28.44,35323.0,29013.9,
20230921,17,28.62,35323.0,29008.9,
20230921,17,28.76,35323.0,28755.9,
20230921,17,29.11,35323.0,28626.9,
20230921,17,29.97,35323.0,28625.9,
20230921,17,30.00,35323.0,28611.4,
20230921,17,30.01,35323.0,28540.5,
20230921,17,30.34,35323.0,28514.9,
20230921,17,30.56,35323.0,28361.9,
20230921,17,31.36,35323.0,28360.6,
20230921,17,32.00,35323.0,28359.6,
20230921,17,32.35,35323.0,28080.6,
20230921,17,32.36,35323.0,28079.4,
20230921,17,32.51,35323.0,28075.0,
20230921,17,32.70,35326.5,28056.0,
20230921,17,32.78,35326.5,28056.0,
20230921,17,33.03,35326.5,28031.4,
20230921,17,33.33,35326.5,28030.8,
20230921,17,33.61,35326.5,27995.8,
20230921,17,34.00,35326.5,27994.8,
20230921,17,34.23,35326.5,27957.4,
20230921,17,34.61,35326.5,27956.3,
20230921,17,35.00,35326.5,27937.8,
20230921,17,35.86,35326.5,27865.5,
20230921,17,36.00,35326.5,27864.6,
20230921,17,37.21,35326.5,27813.5,
20230921,17,37.61,35326.5,27809.0,
20230921,17,39.23,35326.5,27790.1,
20230921,17,39.64,35326.5,27785.7,
20230921,17,39.74,35326.5,27726.3,
20230921,17,39.98,35386.5,27707.4,
20230921,17,40.00,35386.5,27707.4,
20230921,17,40.01,35386.5,27641.5,
20230921,17,40.16,35386.5,27641.4,
20230921,17,41.24,35386.5,27636.5,
20230921,17,42.60,35386.5,27610.7,
20230921,17,45.00,35386.5,27593.4,
20230921,17,45.01,35386.5,27486.7,
20230921,17,45.12,35386.5,27177.5,
20230921,17,46.00,35386.5,27174.9,
20230921,17,50.00,35386.5,27129.0,
20230921,17,50.01,35393.1,27033.9,
20230921,17,50.90,35393.1,27033.9,
20230921,17,51.00,35393.1,27033.4,
20230921,17,54.50,35393.1,27032.6,
20230921,17,58.50,35393.1,27032.5,
20230921,17,60.00,35393.1,27032.2,
20230921,17,60.12,35393.1,26931.5,
20230921,17,61.00,35393.1,26921.2,
20230921,17,62.00,35393.1,26898.0,
20230921,17,65.00,35393.1,26825.4,
20230921,17,67.94,35393.1,26824.7,
20230921,17,77.80,35393.1,26791.4,
20230921,17,79.90,35393.1,26720.9,
20230921,17,79.98,35413.1,26707.3,
20230921,17,80.00,35413.1,26707.3,
20230921,17,80.01,35413.1,25852.8,
20230921,17,80.10,35413.1,25511.5,
20230921,17,80.12,35413.1,25486.3,
20230921,17,80.20,35413.1,25406.9,
20230921,17,80.21,35433.1,25398.9,
20230921,17,80.50,35433.1,25398.9,
20230921,17,81.00,35433.1,25398.8,
20230921,17,82.01,35433.1,25296.5,
20230921,17,85.00,35433.1,25200.9,
20230921,17,90.00,35433.1,25150.4,
20230921,17,99.90,35433.1,25111.6,
20230921,17,100.00,35433.1,25111.2,
20230921,17,100.01,35452.6,22752.4,
20230921,17,101.00,35452.6,22752.4,
20230921,17,102.00,35452.6,22606.8,
20230921,17,105.00,35452.6,22349.0,
20230921,17,120.10,35452.6,22348.9,
20230921,17,130.00,35452.6,22282.1,
20230921,17,138.00,35452.6,22275.3,
20230921,17,150.00,35452.6,22172.7,
20230921,17,190.00,35452.6,22170.2,
20230921,17,200.00,35452.6,22168.7,
20230921,17,200.01,35452.6,20112.8,
20230921,17,200.10,35452.6,18555.5,
20230921,17,200.50,35452.6,18489.9,
20230921,17,201.00,35452.6,18479.3,
20230921,17,210.00,35452.6,18354.2,
20230921,17,250.00,35452.6,17756.2,
20230921,17,300.00,35452.6,17559.2,
20230921,17,500.00,35452.6,17033.1,
20230921,17,548.66,35452.6,17031.1,
20230921,17,550.02,35452.6,16742.3,
20230921,17,999.00,35452.6,16525.6,
20230921,17,999.99,35452.6,0.0,
20230921,18,0.00,0.0,47637.8,
20230921,18,0.00,16098.5,47637.8,
20230921,18,0.01,32471.4,47637.8,
20230921,18,0.02,32651.4,47619.4,
20230921,18,0.03,32652.3,47582.6,
20230921,18,0.04,32657.0,47546.5,
20230921,18,0.09,32657.0,47546.5,
20230921,18,0.10,32657.0,47464.5,
20230921,18,0.20,32657.0,47344.4,
20230921,18,0.21,32658.8,47269.4,
20230921,18,0.30,32658.8,47269.4,
20230921,18,0.41,32660.6,47265.4,
20230921,18,0.60,32663.5,47265.4,
20230921,18,0.62,32663.5,47265.4,
20230921,18,0.70,32664.5,47185.4,
20230921,18,0.80,32667.3,47185.4,
20230921,18,0.90,32668.3,47185.4,
20230921,18,0.93,32690.6,47185.4,
20230921,18,1.00,33353.4,47185.4,
20230921,18,1.01,33354.6,46905.1,
20230921,18,1.12,33354.6,46875.1,
20230921,18,1.19,33436.7,46845.1,
20230921,18,1.93,33437.3,46845.1,
20230921,18,2.00,33439.1,46845.1,
20230921,18,2.01,33439.1,46845.1,
20230921,18,2.10,33439.1,46805.1,
20230921,18,2.12,33439.1,46799.1,
20230921,18,2.15,33555.7,46739.1,
20230921,18,2.31,33562.9,46739.1,
20230921,18,2.35,33565.4,46739.1,
20230921,18,2.87,33566.0,46739.1,
20230921,18,3.00,33566.0,46739.1,
20230921,18,3.01,33566.0,46499.1,
20230921,18,3.10,33566.0,46449.1,
20230921,18,3.12,33566.0,46404.1,
20230921,18,3.18,33568.0,46314.1,
20230921,18,3.44,33572.0,46314.1,
20230921,18,3.80,33572.6,46314.1,
20230921,18,4.61,33579.9,46314.1,
20230921,18,4.65,33624.4,46314.1,
20230921,18,4.69,33627.0,46314.1,
20230921,18,4.73,33627.6,46314.1,
20230921,18,5.00,33803.2,46314.1,
20230921,18,5.01,33812.8,46052.4,
20230921,18,5.04,33812.8,45982.4,
20230921,18,5.12,33812.8,45682.4,
20230921,18,5.35,33812.8,45622.4,
20230921,18,5.43,33814.8,45612.4,
20230921,18,5.50,33814.9,45612.4,
20230921,18,5.66,33815.5,45612.4,
20230921,18,5.69,33819.5,45612.4,
20230921,18,6.00,33824.0,45612.4,
20230921,18,6.01,33824.0,45550.0,
20230921,18,6.02,33832.1,45540.2,
20230921,18,6.26,33832.1,45540.2,
20230921,18,6.62,33832.1,45532.6,
20230921,18,6.90,33839.4,45522.6,
20230921,18,7.00,33869.8,45522.6,
20230921,18,7.01,33869.8,45522.5,
20230921,18,7.03,33872.3,45295.4,
20230921,18,7.12,33872.3,45295.4,
20230921,18,7.35,33872.3,45275.4,
20230921,18,7.50,33912.3,45255.4,
20230921,18,7.68,33914.3,45255.4,
20230921,18,7.90,33914.3,45255.4,
20230921,18,7.94,33918.8,45250.3,
20230921,18,8.00,33945.7,45103.3,
20230921,18,8.01,33945.7,45043.2,
20230921,18,8.02,33959.4,45035.3,
20230921,18,8.14,33959.4,45035.3,
20230921,18,8.50,33959.4,45025.3,
20230921,18,8.56,33967.0,45014.7,
20230921,18,8.57,33967.0,45014.7,
20230921,18,8.59,33967.0,44984.7,
20230921,18,8.62,33967.0,44982.0,
20230921,18,9.00,33967.0,44972.0,
20230921,18,9.04,33967.0,44971.9,
20230921,18,9.12,33967.0,44961.9,
20230921,18,9.20,33974.3,44937.9,
20230921,18,9.23,33974.3,44937.9,
20230921,18,9.35,33974.3,44790.9,
20230921,18,9.36,33994.3,44780.9,
20230921,18,9.37,33996.9,44633.9,
20230921,18,9.50,33996.9,44633.9,
20230921,18,9.60,33996.9,44486.9,
20230921,18,9.66,33996.9,44382.9,
20230921,18,9.79,33996.9,44258.9,
20230921,18,9.80,33996.9,44253.8,
20230921,18,9.81,33996.9,44203.8,
20230921,18,9.82,33996.9,44153.8,
20230921,18,9.93,33999.7,44103.8,
20230921,18,9.99,34124.3,44095.8,
20230921,18,10.00,34180.5,44095.8,
20230921,18,10.05,34200.5,43991.3,
20230921,18,10.14,34200.5,43991.3,
20230921,18,10.19,34205.5,43981.3,
20230921,18,10.20,34205.5,43765.7,
20230921,18,10.22,34205.5,43641.7,
20230921,18,10.23,34205.5,43592.7,
20230921,18,10.35,34210.5,43542.7,
20230921,18,10.36,34215.5,43542.7,
20230921,18,10.38,34215.5,43542.7,
20230921,18,10.46,34215.5,43418.7,
20230921,18,10.50,34215.5,43331.7,
20230921,18,10.51,34215.5,43191.7,
20230921,18,10.57,34215.5,43040.7,
20230921,18,10.58,34215.5,43010.7,
20230921,18,10.59,34215.5,42767.2,
20230921,18,10.62,34215.5,42521.1,
20230921,18,11.00,34215.5,42491.1,
20230921,18,11.01,34215.7,42489.0,
20230921,18,11.04,34215.7,42489.0,
20230921,18,11.19,34264.1,42474.0,
20230921,18,11.26,34264.1,42474.0,
20230921,18,11.28,34264.1,42472.0,
20230921,18,11.35,34264.1,42471.9,
20230921,18,11.36,34264.8,42466.4,
20230921,18,11.37,34264.9,42466.4,
20230921,18,11.40,34264.9,42466.4,
20230921,18,11.45,34268.8,42315.4,
20230921,18,11.50,34276.0,42315.4,
20230921,18,11.51,34289.3,42315.4,
20230921,18,11.53,34289.3,42315.4,
20230921,18,11.56,34289.3,42150.4,
20230921,18,11.61,34289.3,42143.4,
20230921,18,11.62,34289.3,42142.0,
20230921,18,11.67,34289.3,42140.6,
20230921,18,11.71,34291.8,42018.6,
20230921,18,11.80,34294.3,42018.6,
20230921,18,11.82,34295.2,42018.6,
20230921,18,11.83,34299.5,42018.6,
20230921,18,11.91,34299.5,42018.6,
20230921,18,11.92,34300.3,41818.6,
20230921,18,11.95,34300.3,41818.6,
20230921,18,11.98,34300.3,41816.8,
20230921,18,12.00,34368.3,41616.8,
20230921,18,12.01,34369.1,41558.8,
20230921,18,12.03,34370.0,41558.8,
20230921,18,12.05,34370.0,41558.8,
20230921,18,12.06,34370.0,41508.8,
20230921,18,12.10,34372.4,41304.9,
20230921,18,12.14,34373.2,41304.9,
20230921,18,12.15,34379.6,41279.4,
20230921,18,12.18,34382.6,41079.4,
20230921,18,12.23,34382.6,41079.4,
20230921,18,12.25,34383.4,40879.4,
20230921,18,12.35,34383.4,40870.0,
20230921,18,12.40,34385.9,40670.0,
20230921,18,12.42,34385.9,40670.0,
20230921,18,12.44,34390.9,40660.5,
20230921,18,12.51,34390.9,40660.5,
20230921,18,12.54,34390.9,40460.5,
20230921,18,12.57,34390.9,40432.8,
20230921,18,12.58,34413.5,40381.6,
20230921,18,12.60,34413.5,40381.6,
20230921,18,12.64,34413.5,40372.2,
20230921,18,12.66,34413.5,40311.2,
20230921,18,12.70,34415.9,40206.2,
20230921,18,12.71,34415.9,40206.2,
20230921,18,12.78,34415.9,39763.7,
20230921,18,12.94,34415.9,39744.8,
20230921,18,12.97,34415.9,39744.6,
20230921,18,13.00,34418.2,39723.6,
20230921,18,13.01,34418.2,39642.4,
20230921,18,13.02,34422.1,39637.7,
20230921,18,13.04,34422.1,39637.7,
20230921,18,13.05,34423.1,39605.0,
20230921,18,13.15,34424.7,39571.3,
20230921,18,13.16,34426.3,39571.3,
20230921,18,13.21,34426.3,39571.3,
20230921,18,13.26,34426.3,39571.0,
20230921,18,13.39,34426.3,39503.7,
20230921,18,13.50,34436.3,39283.7,
20230921,18,13.51,34436.3,39283.4,
20230921,18,13.58,34444.3,39083.4,
20230921,18,13.59,34452.3,39083.4,
20230921,18,13.66,34452.3,39083.4,
20230921,18,13.76,34452.3,39081.2,
20230921,18,13.82,34452.5,39080.9,
20230921,18,13.95,34452.5,39080.9,
20230921,18,14.00,34452.5,39059.5,
20230921,18,14.01,34454.1,38948.9,
20230921,18,14.05,34454.3,38948.9,
20230921,18,14.06,34454.5,38948.9,
20230921,18,14.10,34454.5,38948.9,
20230921,18,14.12,34454.5,38948.3,
20230921,18,14.21,34454.5,38922.2,
20230921,18,14.26,34454.5,38921.5,
20230921,18,14.30,34454.5,38900.3,
20230921,18,14.50,34454.5,38899.9,
20230921,18,14.53,34454.5,38898.1,
20230921,18,14.57,34474.5,38578.1,
20230921,18,14.58,34474.5,38578.1,
20230921,18,14.61,34474.5,38577.9,
20230921,18,14.62,34483.0,38576.5,
20230921,18,14.86,34483.0,38576.5,
20230921,18,14.99,34483.0,38574.3,
20230921,18,15.00,34721.0,38574.2,
20230921,18,15.01,34721.0,38561.3,
20230921,18,15.15,34721.0,38557.4,
20230921,18,15.20,34721.0,38469.1,
20230921,18,15.22,34721.0,38468.9,
20230921,18,15.33,34721.0,38452.3,
20230921,18,15.39,34721.0,38451.7,
20230921,18,15.45,34721.0,38451.2,
20230921,18,15.46,34721.0,38413.2,
20230921,18,15.58,34721.0,38408.8,
20230921,18,15.63,34721.0,38407.9,
20230921,18,15.70,34721.0,38407.8,
20230921,18,15.80,34721.0,38207.7,
20230921,18,15.81,34721.0,38207.4,
20230921,18,15.90,34733.0,38207.3,
20230921,18,15.91,34733.0,38207.3,
20230921,18,15.96,34733.0,38207.1,
20230921,18,16.00,34734.0,38007.1,
20230921,18,16.05,34734.0,37991.9,
20230921,18,16.10,34735.0,37983.7,
20230921,18,16.14,34745.0,37983.7,
20230921,18,16.20,34746.0,37983.7,
20230921,18,16.26,34796.0,37983.7,
20230921,18,16.30,34847.0,37983.7,
20230921,18,16.40,34847.0,37983.7,
20230921,18,16.57,34904.8,37983.6,
20230921,18,16.66,34968.8,37983.6,
20230921,18,16.68,34968.8,37983.6,
20230921,18,16.70,34968.8,37983.3,
20230921,18,16.80,34968.8,37983.1,
20230921,18,16.85,35032.8,37983.0,
20230921,18,16.89,35032.8,37983.0,
20230921,18,16.94,35096.8,37978.3,
20230921,18,16.99,35096.8,37977.7,
20230921,18,17.00,35096.8,37977.6,
20230921,18,17.03,35160.8,37956.7,
20230921,18,17.04,35190.7,37956.7,
20230921,18,17.06,35190.7,37956.7,
20230921,18,17.10,35190.7,37955.9,
20230921,18,17.16,35241.0,37955.4,
20230921,18,17.18,35241.0,37955.4,
20230921,18,17.25,35241.0,37939.2,
20230921,18,17.30,35241.0,37937.2,
20230921,18,17.36,35241.0,37937.1,
20230921,18,17.40,35241.0,37936.5,
20230921,18,17.45,35241.0,37878.2,
20230921,18,17.46,35241.0,37877.9,
20230921,18,17.48,35241.0,37859.0,
20230921,18,17.50,35241.0,37807.0,
20230921,18,17.63,35241.0,37806.7,
20230921,18,17.65,35309.3,37769.0,
20230921,18,17.77,35309.3,37769.0,
20230921,18,17.87,35309.3,37741.0,
20230921,18,17.91,35309.3,37619.0,
20230921,18,17.96,35309.3,37617.0,
20230921,18,18.00,35309.3,37616.4,
20230921,18,18.03,35309.3,37297.3,
20230921,18,18.30,35309.3,37297.2,
20230921,18,18.42,35309.6,37297.1,
20230921,18,18.50,35309.6,37297.1,
20230921,18,18.51,35309.9,37296.0,
20230921,18,18.60,35309.9,37296.0,
20230921,18,18.62,35309.9,37295.9,
20230921,18,18.65,35309.9,37294.3,
20230921,18,18.70,35309.9,37275.9,
20230921,18,18.71,35309.9,37225.9,
20230921,18,18.84,35309.9,37225.4,
20230921,18,18.85,35346.8,37212.3,
20230921,18,18.93,35346.8,37212.3,
20230921,18,19.00,35346.8,37209.5,
20230921,18,19.05,35346.8,37208.7,
20230921,18,19.19,35346.8,37208.4,
20230921,18,19.38,35346.8,37203.5,
20230921,18,19.50,35346.8,37202.6,
20230921,18,19.64,35346.8,37202.5,
20230921,18,19.71,35570.8,37198.0,
20230921,18,19.72,35570.8,37198.0,
20230921,18,19.90,35570.8,37146.0,
20230921,18,20.00,35570.8,37145.9,
20230921,18,20.01,35570.8,37077.9,
20230921,18,20.10,35570.8,37059.7,
20230921,18,20.21,35570.8,37059.0,
20230921,18,20.24,35621.8,36407.0,
20230921,18,20.30,35621.8,36407.0,
20230921,18,20.33,35621.8,36406.9,
20230921,18,20.51,35621.9,36400.9,
20230921,18,20.62,35653.3,36400.9,
20230921,18,20.63,35653.3,36400.9,
20230921,18,20.70,35653.3,36400.0,
20230921,18,20.90,35653.3,36398.4,
20230921,18,20.99,35653.3,36334.0,
20230921,18,21.00,35653.3,36333.6,
20230921,18,21.05,35653.3,36333.5,
20230921,18,21.10,35653.3,36331.2,
20230921,18,21.12,35653.3,36219.2,
20230921,18,21.18,35653.3,35149.2,
20230921,18,21.44,35653.3,35147.2,
20230921,18,21.66,35653.3,35145.2,
20230921,18,21.69,35653.3,35139.7,
20230921,18,21.89,35653.3,35138.9,
20230921,18,22.00,35653.3,35096.3,
20230921,18,22.28,35703.3,35096.1,
20230921,18,22.36,35703.3,35096.1,
20230921,18,22.52,35703.3,35090.3,
20230921,18,22.80,36152.4,35068.2,
20230921,18,22.92,36152.4,35068.2,
20230921,18,22.94,36152.4,35059.2,
20230921,18,23.00,36165.4,35057.8,
20230921,18,23.03,36165.4,35057.6,
20230921,18,23.43,36165.4,35057.5,
20230921,18,23.69,36165.4,35055.5,
20230921,18,23.74,36165.4,35053.5,
20230921,18,24.01,36165.4,35052.8,
20230921,18,24.23,36165.4,35051.1,
20230921,18,25.00,36165.4,35050.6,
20230921,18,25.26,36165.4,35042.1,
20230921,18,25.68,36165.4,35023.2,
20230921,18,25.72,36165.4,35021.6,
20230921,18,25.94,36165.4,34870.6,
20230921,18,26.57,36165.4,34869.3,
20230921,18,26.62,36165.4,34867.6,
20230921,18,27.00,36165.4,34863.2,
20230921,18,27.93,36165.4,34667.1,
20230921,18,28.19,36165.4,34666.1,
20230921,18,28.48,36165.4,34665.5,
20230921,18,28.49,36165.4,34316.5,
20230921,18,28.61,36165.4,34309.9,
20230921,18,29.51,36165.4,34278.9,
20230921,18,29.76,36165.4,34278.3,
20230921,18,29.97,36165.4,34277.7,
20230921,18,30.00,36165.4,34263.6,
20230921,18,30.01,36165.4,34180.6,
20230921,18,30.18,36165.4,34146.0,
20230921,18,30.56,36165.4,34145.0,
20230921,18,30.85,36165.4,34143.6,
20230921,18,31.44,36165.4,34141.9,
20230921,18,31.83,36165.4,33992.4,
20230921,18,32.00,36165.4,33968.9,
20230921,18,32.43,36165.4,33635.1,
20230921,18,32.70,36168.9,33634.1,
20230921,18,33.03,36168.9,33634.1,
20230921,18,33.06,36168.9,33633.5,
20230921,18,33.33,36168.9,33614.5,
20230921,18,33.36,36168.9,33577.5,
20230921,18,33.44,36168.9,33576.8,
20230921,18,33.59,36168.9,33576.3,
20230921,18,34.00,36168.9,33571.9,
20230921,18,34.41,36168.9,33526.2,
20230921,18,34.68,36168.9,33523.1,
20230921,18,34.96,36168.9,33522.1,
20230921,18,34.97,36168.9,33521.5,
20230921,18,35.00,36168.9,33521.0,
20230921,18,35.13,36168.9,33429.1,
20230921,18,35.28,36168.9,33427.4,
20230921,18,36.00,36168.9,33405.0,
20230921,18,36.93,36168.9,33353.4,
20230921,18,37.98,36168.9,33352.4,
20230921,18,38.24,36168.9,33350.7,
20230921,18,38.26,36168.9,33346.2,
20230921,18,39.16,36168.9,33327.3,
20230921,18,39.18,36168.9,33327.2,
20230921,18,39.98,36228.9,33326.3,
20230921,18,40.00,36228.9,33326.3,
20230921,18,40.01,36228.9,33245.2,
20230921,18,40.18,36228.9,33245.1,
20230921,18,40.43,36228.9,33240.7,
20230921,18,40.57,36228.9,33221.8,
20230921,18,40.86,36228.9,33137.1,
20230921,18,43.41,36228.9,33092.1,
20230921,18,44.15,36228.9,33063.6,
20230921,18,45.00,36228.9,33042.5,
20230921,18,45.01,36228.9,32923.9,
20230921,18,45.12,36228.9,32753.7,
20230921,18,46.00,36228.9,32750.4,
20230921,18,50.00,36228.9,32700.4,
20230921,18,50.01,36236.5,31702.3,
20230921,18,50.90,36236.5,31702.3,
20230921,18,51.00,36236.5,31701.8,
20230921,18,51.50,36236.5,31700.5,
20230921,18,55.50,36236.5,31700.4,
20230921,18,60.00,36236.5,31700.1,
20230921,18,60.01,36236.5,31582.4,
20230921,18,60.12,36236.5,31582.3,
20230921,18,61.00,36236.5,31569.4,
20230921,18,62.00,36236.5,31541.8,
20230921,18,65.00,36236.5,31462.9,
20230921,18,67.94,36236.5,31459.8,
20230921,18,70.90,36236.5,31422.4,
20230921,18,77.24,36236.5,28949.4,
20230921,18,77.80,36236.5,28839.6,
20230921,18,79.90,36236.5,28744.1,
20230921,18,79.98,36256.5,28727.1,
20230921,18,80.00,36256.5,28727.1,
20230921,18,80.01,36256.5,27709.3,
20230921,18,80.10,36256.5,27316.5,
20230921,18,80.12,36256.5,27283.3,
20230921,18,80.20,36256.5,27206.3,
20230921,18,80.21,36276.5,27198.3,
20230921,18,80.50,36276.5,27198.3,
20230921,18,81.00,36276.5,27198.2,
20230921,18,82.01,36276.5,27085.2,
20230921,18,85.00,36276.5,26981.0,
20230921,18,90.00,36276.5,26918.5,
20230921,18,99.90,36276.5,26876.3,
20230921,18,100.00,36276.5,26875.7,
20230921,18,100.01,36297.5,23670.3,
20230921,18,101.00,36297.5,23670.3,
20230921,18,102.00,36297.5,23524.7,
20230921,18,105.00,36297.5,23230.8,
20230921,18,120.10,36297.5,23230.7,
20230921,18,130.00,36297.5,23156.4,
20230921,18,138.00,36297.5,23148.9,
20230921,18,150.00,36297.5,23044.7,
20230921,18,190.00,36297.5,23042.0,
20230921,18,200.00,36297.5,23040.1,
20230921,18,200.01,36297.5,20781.1,
20230921,18,200.10,36297.5,19186.9,
20230921,18,200.50,36297.5,19072.4,
20230921,18,201.00,36297.5,19061.8,
20230921,18,210.00,36297.5,18923.3,
20230921,18,250.00,36297.5,18313.5,
20230921,18,300.00,36297.5,18113.3,
20230921,18,500.00,36297.5,17586.9,
20230921,18,548.66,36297.5,17584.9,
20230921,18,550.02,36297.5,17219.8,
20230921,18,999.00,36297.5,17000.8,
20230921,18,999.99,36297.5,0.0,
20230921,19,0.00,0.0,51400.5,
20230921,19,0.00,17007.9,51400.5,
20230921,19,0.01,33496.0,51400.5,
20230921,19,0.02,33676.1,51380.6,
20230921,19,0.03,33677.6,51340.1,
20230921,19,0.04,33681.5,51295.8,
20230921,19,0.09,33681.5,51295.8,
20230921,19,0.10,33681.5,51198.9,
20230921,19,0.20,33681.5,51078.8,
20230921,19,0.30,33681.5,50978.8,
20230921,19,0.61,33683.3,50974.8,
20230921,19,0.62,33683.3,50974.8,
20230921,19,0.70,33684.3,50894.8,
20230921,19,0.80,33685.3,50894.8,
20230921,19,0.90,33686.3,50894.8,
20230921,19,1.00,34344.4,50894.8,
20230921,19,1.01,34345.8,50598.5,
20230921,19,1.12,34345.8,50553.5,
20230921,19,1.21,34347.6,50523.5,
20230921,19,1.59,34369.7,50523.5,
20230921,19,1.74,34373.0,50523.5,
20230921,19,1.80,34374.9,50523.5,
20230921,19,2.00,34377.1,50523.5,
20230921,19,2.01,34377.1,50523.5,
20230921,19,2.10,34377.1,50483.5,
20230921,19,2.12,34377.1,50477.5,
20230921,19,2.15,34492.4,50417.5,
20230921,19,2.22,34574.5,50417.5,
20230921,19,2.40,34576.3,50417.5,
20230921,19,2.41,34583.5,50417.5,
20230921,19,3.00,34585.3,50417.5,
20230921,19,3.01,34585.3,50177.5,
20230921,19,3.10,34585.3,50127.5,
20230921,19,3.12,34585.3,50082.5,
20230921,19,3.73,34585.9,49992.5,
20230921,19,3.84,34586.9,49992.5,
20230921,19,3.99,34587.9,49992.5,
20230921,19,4.47,34592.5,49992.5,
20230921,19,4.54,34592.5,49992.5,
20230921,19,4.65,34643.6,49982.5,
20230921,19,4.82,34650.9,49982.5,
20230921,19,5.00,34817.2,49982.5,
20230921,19,5.01,34829.2,49707.2,
20230921,19,5.04,34829.2,49627.2,
20230921,19,5.12,34829.2,49327.2,
20230921,19,5.20,34829.8,49267.2,
20230921,19,5.34,34830.1,49267.2,
20230921,19,5.50,34830.2,49267.2,
20230921,19,5.94,34830.8,49267.2,
20230921,19,6.00,34834.9,49267.2,
20230921,19,6.01,34834.9,49203.5,
20230921,19,6.02,34843.5,49192.9,
20230921,19,6.09,34844.5,49192.9,
20230921,19,6.24,34846.1,49192.9,
20230921,19,6.26,34846.1,49192.9,
20230921,19,6.54,34846.1,49185.3,
20230921,19,6.67,34846.7,49165.3,
20230921,19,6.72,34850.7,49165.3,
20230921,19,7.00,34880.4,49165.3,
20230921,19,7.01,34880.4,49164.9,
20230921,19,7.12,34880.4,48911.0,
20230921,19,7.22,34887.7,48891.0,
20230921,19,7.50,34927.7,48891.0,
20230921,19,7.59,34928.7,48891.0,
20230921,19,7.90,34928.7,48891.0,
20230921,19,7.94,34928.7,48885.7,
20230921,19,8.00,34954.8,48738.7,
20230921,19,8.01,34954.8,48678.6,
20230921,19,8.02,34969.2,48670.1,
20230921,19,8.49,34971.2,48670.1,
20230921,19,8.50,34971.2,48670.1,
20230921,19,8.54,34971.2,48660.1,
20230921,19,8.55,34996.4,48655.3,
20230921,19,8.59,34996.4,48655.3,
20230921,19,8.81,34996.4,48652.5,
20230921,19,8.97,35000.4,48642.5,
20230921,19,8.99,35000.4,48642.5,
20230921,19,9.00,35000.4,48637.3,
20230921,19,9.12,35000.4,48637.2,
20230921,19,9.23,35000.4,48603.2,
20230921,19,9.36,35000.4,48456.2,
20230921,19,9.50,35000.4,48309.2,
20230921,19,9.55,35006.6,48162.2,
20230921,19,9.56,35012.8,48162.2,
20230921,19,9.59,35012.8,48162.2,
20230921,19,9.60,35012.8,48132.2,
20230921,19,9.63,35020.1,48022.2,
20230921,19,9.66,35020.1,48022.2,
20230921,19,9.79,35020.1,47898.2,
20230921,19,9.80,35020.1,47892.7,
20230921,19,9.81,35020.1,47842.7,
20230921,19,9.82,35020.1,47792.7,
20230921,19,9.84,35021.1,47742.7,
20230921,19,9.99,35146.0,47742.7,
20230921,19,10.00,35194.9,47742.7,
20230921,19,10.05,35214.9,47637.8,
20230921,19,10.15,35214.9,47637.8,
20230921,19,10.17,35214.9,47627.8,
20230921,19,10.19,35214.9,47597.8,
20230921,19,10.20,35214.9,47387.5,
20230921,19,10.22,35214.9,47263.5,
20230921,19,10.23,35214.9,47214.5,
20230921,19,10.38,35214.9,47164.5,
20230921,19,10.46,35214.9,47040.5,
20230921,19,10.50,35214.9,46953.5,
20230921,19,10.51,35214.9,46903.5,
20230921,19,10.58,35362.8,46752.5,
20230921,19,10.59,35603.9,46659.8,
20230921,19,10.74,35605.9,46659.7,
20230921,19,10.81,35605.9,46659.7,
20230921,19,10.90,35605.9,46649.7,
20230921,19,11.00,35605.9,46639.7,
20230921,19,11.19,35654.3,46549.6,
20230921,19,11.22,35665.9,46549.6,
20230921,19,11.23,35685.9,46549.6,
20230921,19,11.28,35685.9,46549.6,
20230921,19,11.40,35685.9,46549.5,
20230921,19,11.50,35753.9,46398.5,
20230921,19,11.53,35753.9,46397.1,
20230921,19,11.59,35753.9,46232.1,
20230921,19,11.67,35753.9,46202.1,
20230921,19,11.82,35753.9,46060.7,
20230921,19,11.88,35753.9,46053.7,
20230921,19,11.94,35753.9,45853.7,
20230921,19,11.95,35753.9,45653.7,
20230921,19,11.98,35767.4,45651.7,
20230921,19,12.00,35767.4,45651.7,
20230921,19,12.01,35771.9,45643.5,
20230921,19,12.02,35771.9,45643.5,
20230921,19,12.03,35779.1,45443.5,
20230921,19,12.10,35779.1,45443.5,
20230921,19,12.12,35779.1,45243.5,
20230921,19,12.15,35779.1,45239.2,
20230921,19,12.18,35779.1,45229.2,
20230921,19,12.27,35779.1,45029.2,
20230921,19,12.30,35779.1,44979.2,
20230921,19,12.36,35779.5,44779.2,
20230921,19,12.39,35779.5,44779.2,
20230921,19,12.44,35779.5,44729.2,
20230921,19,12.60,35779.8,44529.2,
20230921,19,12.61,35781.9,44529.2,
20230921,19,12.66,35781.9,44529.2,
20230921,19,12.70,35782.3,44412.3,
20230921,19,12.73,35782.3,44412.3,
20230921,19,12.74,35782.3,44384.5,
20230921,19,12.76,35782.3,44184.5,
20230921,19,12.81,35782.3,43713.4,
20230921,19,12.84,35782.3,43683.4,
20230921,19,12.90,35782.3,43682.7,
20230921,19,12.93,35782.3,43667.7,
20230921,19,12.97,35782.3,43665.7,
20230921,19,12.99,35784.3,43642.7,
20230921,19,13.00,35784.3,43642.7,
20230921,19,13.01,35785.1,43560.3,
20230921,19,13.02,35789.3,43555.3,
20230921,19,13.03,35789.7,43555.3,
20230921,19,13.04,35790.5,43555.2,
20230921,19,13.05,35790.6,43546.5,
20230921,19,13.18,35792.6,43512.8,
20230921,19,13.31,35792.6,43512.8,
20230921,19,13.36,35793.0,43507.7,
20230921,19,13.39,35793.0,43507.7,
20230921,19,13.47,35797.6,43327.7,
20230921,19,13.50,35807.6,43327.7,
20230921,19,13.59,35807.6,43327.1,
20230921,19,13.60,35835.0,43299.5,
20230921,19,13.69,35835.3,43299.5,
20230921,19,13.75,35837.4,43299.3,
20230921,19,13.80,35837.4,43299.3,
20230921,19,13.81,35837.4,43297.7,
20230921,19,13.86,35837.4,43296.1,
20230921,19,13.95,35837.4,43295.7,
20230921,19,14.00,35837.4,43272.9,
20230921,19,14.01,35839.0,43161.9,
20230921,19,14.10,35839.0,43161.9,
20230921,19,14.15,35839.0,43161.3,
20230921,19,14.16,35846.5,43081.5,
20230921,19,14.19,35850.0,43081.5,
20230921,19,14.21,35850.0,43081.5,
20230921,19,14.25,35850.0,43080.8,
20230921,19,14.30,35850.0,43070.8,
20230921,19,14.32,35852.0,43070.4,
20230921,19,14.34,35852.0,43070.4,
20230921,19,14.37,35852.0,43070.3,
20230921,19,14.50,35852.0,43044.4,
20230921,19,14.53,35852.0,43043.3,
20230921,19,14.60,35861.3,42583.3,
20230921,19,14.61,35870.6,42583.3,
20230921,19,14.90,35872.6,42583.3,
20230921,19,14.91,35873.6,42559.0,
20230921,19,14.99,35873.6,42559.0,
20230921,19,15.00,36111.6,42558.9,
20230921,19,15.01,36111.6,42545.3,
20230921,19,15.15,36113.4,42541.1,
20230921,19,15.16,36115.2,42453.1,
20230921,19,15.20,36115.2,42453.1,
20230921,19,15.22,36115.2,42452.9,
20230921,19,15.41,36115.2,42436.0,
20230921,19,15.43,36115.2,42410.0,
20230921,19,15.52,36115.2,42408.6,
20230921,19,15.58,36115.2,42208.6,
20230921,19,15.59,36135.2,42207.7,
20230921,19,15.75,36135.2,42207.7,
20230921,19,15.80,36135.2,42207.0,
20230921,19,15.81,36135.2,42206.7,
20230921,19,15.85,36135.2,42006.6,
20230921,19,15.90,36147.2,42006.3,
20230921,19,15.91,36147.4,42006.3,
20230921,19,15.92,36147.6,42006.1,
20230921,19,16.00,36148.6,41994.5,
20230921,19,16.05,36148.6,41978.1,
20230921,19,16.10,36149.6,41969.9,
20230921,19,16.11,36149.6,41969.9,
20230921,19,16.20,36150.6,41968.5,
20230921,19,16.26,36200.6,41968.5,
20230921,19,16.30,36251.6,41968.5,
20230921,19,16.40,36251.6,41968.5,
20230921,19,16.42,36251.6,41968.4,
20230921,19,16.47,36315.6,41968.1,
20230921,19,16.49,36315.6,41968.1,
20230921,19,16.59,36315.6,41968.0,
20230921,19,16.66,36379.6,41967.0,
20230921,19,16.70,36379.6,41967.0,
20230921,19,16.74,36379.6,41966.8,
20230921,19,16.75,36443.6,41966.6,
20230921,19,16.76,36443.6,41966.6,
20230921,19,16.78,36443.6,41957.1,
20230921,19,16.80,36443.9,41955.7,
20230921,19,16.81,36453.7,41955.2,
20230921,19,16.85,36517.7,41950.5,
20230921,19,16.99,36517.7,41950.5,
20230921,19,17.00,36517.7,41950.4,
20230921,19,17.03,36581.7,41930.4,
20230921,19,17.08,36645.7,41930.4,
20230921,19,17.10,36645.7,41930.4,
20230921,19,17.16,36661.7,41930.1,
20230921,19,17.18,36661.7,41930.1,
20230921,19,17.20,36661.7,41913.9,
20230921,19,17.25,36661.7,41911.7,
20230921,19,17.26,36661.7,41909.0,
20230921,19,17.30,36661.7,41887.0,
20230921,19,17.40,36661.7,41886.9,
20230921,19,17.44,36661.7,41828.8,
20230921,19,17.45,36661.7,41751.8,
20230921,19,17.46,36661.7,41751.5,
20230921,19,17.49,36661.7,41748.7,
20230921,19,17.50,36661.7,41748.5,
20230921,19,17.55,36661.7,41748.4,
20230921,19,17.56,36661.7,41682.4,
20230921,19,17.59,36719.5,41681.6,
20230921,19,17.60,36719.5,41681.6,
20230921,19,17.63,36719.5,41672.2,
20230921,19,17.65,36754.1,41600.8,
20230921,19,17.76,36754.1,41600.8,
20230921,19,17.84,36754.1,41600.1,
20230921,19,17.87,36754.1,41599.5,
20230921,19,17.88,36754.1,41477.5,
20230921,19,17.97,36754.1,41433.5,
20230921,19,18.00,36754.1,41433.0,
20230921,19,18.03,36754.1,41428.2,
20230921,19,18.15,36764.1,41428.1,
20230921,19,18.20,36764.1,41428.1,
20230921,19,18.27,36764.1,41170.1,
20230921,19,18.30,36764.1,41169.6,
20230921,19,18.43,36764.1,41169.5,
20230921,19,18.48,36764.1,41150.6,
20230921,19,18.60,36764.1,41148.4,
20230921,19,18.62,36764.1,41148.3,
20230921,19,18.65,36764.1,41146.7,
20230921,19,18.84,36764.1,41105.9,
20230921,19,18.90,36794.0,41104.9,
20230921,19,18.99,36794.0,41104.9,
20230921,19,19.00,36794.0,41104.6,
20230921,19,19.13,36794.0,41004.7,
20230921,19,19.50,36794.0,40816.7,
20230921,19,19.71,37018.0,40816.6,
20230921,19,19.74,37018.0,40816.6,
20230921,19,19.76,37018.0,40814.6,
20230921,19,19.90,37018.0,40810.2,
20230921,19,19.94,37018.0,40810.1,
20230921,19,20.00,37018.0,40795.1,
20230921,19,20.01,37018.0,40721.1,
20230921,19,20.02,37018.0,40715.8,
20230921,19,20.10,37018.0,40663.8,
20230921,19,20.21,37018.0,40662.8,
20230921,19,20.22,37018.0,39149.8,
20230921,19,20.30,37018.0,39145.5,
20230921,19,20.39,37020.0,39145.4,
20230921,19,20.42,37020.0,39145.4,
20230921,19,20.51,37020.0,39144.8,
20230921,19,20.62,37052.1,39144.5,
20230921,19,20.75,37052.1,39144.5,
20230921,19,20.85,37052.1,39136.7,
20230921,19,21.00,37052.1,39136.2,
20230921,19,21.09,37052.1,39135.0,
20230921,19,21.10,37052.1,39134.0,
20230921,19,21.12,37052.1,39013.0,
20230921,19,21.29,37052.1,38233.0,
20230921,19,21.41,37052.1,38232.1,
20230921,19,21.49,37052.1,38229.3,
20230921,19,21.50,37052.1,38228.5,
20230921,19,21.55,37052.1,38227.0,
20230921,19,21.62,37052.1,38226.7,
20230921,19,21.81,37052.1,38162.0,
20230921,19,21.99,37052.1,38119.2,
20230921,19,22.00,37052.1,38117.2,
20230921,19,22.25,37052.1,37738.0,
20230921,19,22.28,37102.1,37719.1,
20230921,19,22.47,37102.1,37719.1,
20230921,19,22.80,37551.2,37718.0,
20230921,19,22.84,37551.2,37718.0,
20230921,19,22.92,37551.2,37712.0,
20230921,19,22.94,37551.2,37703.0,
20230921,19,23.00,37564.2,37698.5,
20230921,19,23.03,37564.2,37698.3,
20230921,19,23.34,37564.2,37698.2,
20230921,19,23.46,37564.2,37697.7,
20230921,19,23.95,37564.2,37691.2,
20230921,19,24.11,37564.2,37670.3,
20230921,19,24.24,37564.2,37670.0,
20230921,19,24.25,37564.2,37668.0,
20230921,19,24.72,37564.2,37665.1,
20230921,19,24.86,37564.2,37664.1,
20230921,19,25.00,37564.2,37663.4,
20230921,19,25.02,37564.2,37654.5,
20230921,19,25.14,37564.2,37653.7,
20230921,19,26.15,37564.2,37653.2,
20230921,19,26.49,37564.2,37335.2,
20230921,19,26.67,37564.2,37333.5,
20230921,19,26.97,37564.2,37332.0,
20230921,19,27.00,37564.2,37331.0,
20230921,19,28.00,37564.2,37173.6,
20230921,19,28.25,37564.2,37170.4,
20230921,19,28.62,37564.2,37166.0,
20230921,19,28.74,37564.2,37147.1,
20230921,19,28.75,37564.2,37146.1,
20230921,19,28.84,37564.2,37144.4,
20230921,19,29.22,37564.2,37136.8,
20230921,19,29.29,37564.2,37135.8,
20230921,19,29.43,37564.2,37135.2,
20230921,19,29.97,37564.2,37134.6,
20230921,19,30.00,37564.2,37121.0,
20230921,19,30.01,37564.2,37028.4,
20230921,19,30.56,37564.2,36990.7,
20230921,19,30.80,37564.2,36989.3,
20230921,19,30.99,37564.2,36987.6,
20230921,19,32.00,37564.2,36986.6,
20230921,19,32.09,37564.2,36616.0,
20230921,19,32.25,37564.2,36466.3,
20230921,19,32.29,37564.2,36465.6,
20230921,19,32.62,37564.2,36465.1,
20230921,19,32.70,37567.7,36442.3,
20230921,19,33.03,37567.7,36442.3,
20230921,19,33.24,37567.7,36441.6,
20230921,19,33.48,37567.7,36440.6,
20230921,19,33.49,37567.7,36440.0,
20230921,19,33.56,37567.7,36439.5,
20230921,19,33.73,37567.7,36435.1,
20230921,19,34.00,37567.7,36410.8,
20230921,19,34.20,37567.7,36361.0,
20230921,19,34.59,37567.7,36359.3,
20230921,19,34.99,37567.7,36356.5,
20230921,19,35.00,37567.7,36337.5,
20230921,19,35.49,37567.7,36238.2,
20230921,19,36.00,37567.7,36237.2,
20230921,19,37.10,37567.7,36185.4,
20230921,19,37.60,37567.7,36180.9,
20230921,19,37.74,37567.7,36179.2,
20230921,19,38.57,37567.7,36178.2,
20230921,19,38.87,37567.7,36173.8,
20230921,19,38.99,37567.7,36077.0,
20230921,19,39.24,37567.7,36074.2,
20230921,19,39.87,37567.7,36055.3,
20230921,19,39.98,37627.7,36053.6,
20230921,19,39.99,37627.7,36053.6,
20230921,19,40.00,37627.7,36052.6,
20230921,19,40.01,37627.7,35961.2,
20230921,19,40.82,37627.7,35958.0,
20230921,19,41.01,37627.7,35953.5,
20230921,19,41.18,37627.7,35931.2,
20230921,19,41.36,37627.7,35855.9,
20230921,19,42.24,37627.7,35784.0,
20230921,19,42.30,37627.7,35783.4,
20230921,19,43.66,37627.7,35753.9,
20230921,19,44.72,37627.7,35730.7,
20230921,19,45.00,37627.7,35729.0,
20230921,19,45.01,37627.7,35589.1,
20230921,19,45.12,37627.7,35491.1,
20230921,19,46.00,37627.7,35487.2,
20230921,19,50.00,37627.7,35437.2,
20230921,19,50.01,37635.9,33578.7,
20230921,19,50.50,37635.9,33578.7,
20230921,19,50.90,37635.9,33578.6,
20230921,19,51.00,37635.9,33577.8,
20230921,19,54.50,37635.9,33576.5,
20230921,19,60.00,37635.9,33576.1,
20230921,19,60.12,37635.9,33446.1,
20230921,19,61.00,37635.9,33430.8,
20230921,19,62.00,37635.9,33401.5,
20230921,19,65.00,37635.9,33318.9,
20230921,19,67.94,37635.9,33314.6,
20230921,19,70.90,37635.9,33273.4,
20230921,19,77.80,37635.9,29930.4,
20230921,19,79.90,37635.9,29815.0,
20230921,19,79.98,37655.9,29796.5,
20230921,19,80.00,37655.9,29796.5,
20230921,19,80.01,37655.9,28666.6,
20230921,19,80.10,37655.9,28231.2,
20230921,19,80.12,37655.9,28193.2,
20230921,19,80.20,37655.9,28112.4,
20230921,19,80.21,37675.9,28104.4,
20230921,19,80.50,37675.9,28104.4,
20230921,19,81.00,37675.9,28104.3,
20230921,19,82.01,37675.9,28006.3,
20230921,19,85.00,37675.9,27895.3,
20230921,19,90.00,37675.9,27827.1,
20230921,19,99.90,37675.9,27782.2,
20230921,19,100.00,37675.9,27781.8,
20230921,19,100.01,37698.7,24410.3,
20230921,19,101.00,37698.7,24410.3,
20230921,19,102.00,37698.7,24264.7,
20230921,19,105.00,37698.7,23934.4,
20230921,19,120.10,37698.7,23934.2,
20230921,19,130.00,37698.7,23854.1,
20230921,19,138.00,37698.7,23846.2,
20230921,19,150.00,37698.7,23739.5,
20230921,19,190.00,37698.7,23736.7,
20230921,19,200.00,37698.7,23734.3,
20230921,19,200.01,37698.7,21280.5,
20230921,19,200.10,37698.7,19672.1,
20230921,19,200.50,37698.7,19541.4,
20230921,19,201.00,37698.7,19530.8,
20230921,19,210.00,37698.7,19384.5,
20230921,19,250.00,37698.7,18867.4,
20230921,19,300.00,37698.7,18664.9,
20230921,19,500.00,37698.7,18138.2,
20230921,19,548.66,37698.7,18136.2,
20230921,19,550.02,37698.7,17713.2,
20230921,19,999.00,37698.7,17492.3,
20230921,19,999.99,37698.7,0.0,
20230921,20,0.00,0.0,52317.8,
20230921,20,0.00,17642.5,52317.8,
20230921,20,0.01,34154.9,52317.8,
20230921,20,0.02,34334.3,52297.3,
20230921,20,0.03,34336.6,52255.5,
20230921,20,0.04,34340.6,52209.8,
20230921,20,0.09,34340.6,52209.8,
20230921,20,0.10,34340.6,52101.1,
20230921,20,0.16,34414.4,51981.0,
20230921,20,0.20,34414.4,51981.0,
20230921,20,0.30,34414.4,51881.0,
20230921,20,0.62,34436.5,51877.0,
20230921,20,0.64,34586.1,51797.0,
20230921,20,0.70,34587.1,51797.0,
20230921,20,0.80,34588.1,51797.0,
20230921,20,0.90,34589.1,51797.0,
20230921,20,1.00,35214.2,51797.0,
20230921,20,1.01,35215.6,51492.3,
20230921,20,1.12,35215.6,51447.3,
20230921,20,1.87,35217.4,51417.3,
20230921,20,2.00,35220.0,51417.3,
20230921,20,2.01,35220.0,51417.3,
20230921,20,2.10,35220.0,51377.3,
20230921,20,2.12,35220.0,51371.3,
20230921,20,2.15,35335.3,51311.3,
20230921,20,2.41,35343.5,51311.3,
20230921,20,2.87,35344.5,51311.3,
20230921,20,2.89,35348.5,51311.3,
20230921,20,3.00,35348.5,51311.3,
20230921,20,3.01,35348.5,51071.3,
20230921,20,3.10,35348.5,51021.3,
20230921,20,3.12,35348.5,50976.3,
20230921,20,3.72,35350.3,50886.3,
20230921,20,4.65,35406.9,50886.3,
20230921,20,4.66,35407.9,50886.3,
20230921,20,4.82,35415.2,50886.3,
20230921,20,5.00,35561.5,50886.3,
20230921,20,5.01,35575.2,50601.7,
20230921,20,5.04,35575.2,50521.7,
20230921,20,5.12,35576.2,50221.7,
20230921,20,5.14,35580.2,50161.7,
20230921,20,5.50,35580.3,50161.7,
20230921,20,5.58,35582.2,50161.7,
20230921,20,5.69,35582.2,50161.7,
20230921,20,6.00,35587.8,50151.7,
20230921,20,6.01,35587.8,50087.4,
20230921,20,6.02,35596.7,50076.5,
20230921,20,6.26,35596.7,50076.5,
20230921,20,6.91,35598.3,50068.9,
20230921,20,7.00,35629.8,50068.9,
20230921,20,7.01,35629.8,50068.6,
20230921,20,7.12,35629.8,49790.8,
20230921,20,7.22,35637.1,49770.8,
20230921,20,7.25,35638.1,49770.8,
20230921,20,7.39,35642.1,49770.8,
20230921,20,7.44,35643.9,49770.8,
20230921,20,7.50,35683.9,49770.8,
20230921,20,7.69,35683.9,49770.8,
20230921,20,7.90,35683.9,49750.8,
20230921,20,7.94,35683.9,49745.5,
20230921,20,8.00,35710.0,49598.5,
20230921,20,8.01,35710.0,49538.4,
20230921,20,8.02,35725.0,49529.6,
20230921,20,8.50,35725.0,49529.6,
20230921,20,8.57,35725.0,49519.6,
20230921,20,8.59,35725.0,49509.6,
20230921,20,9.00,35725.0,49506.7,
20230921,20,9.12,35725.0,49506.6,
20230921,20,9.16,35727.0,49472.6,
20230921,20,9.23,35727.0,49472.6,
20230921,20,9.27,35727.0,49325.6,
20230921,20,9.30,35728.8,49320.4,
20230921,20,9.36,35728.8,49320.4,
20230921,20,9.50,35729.8,49173.4,
20230921,20,9.60,35729.8,49026.4,
20230921,20,9.62,35729.8,48912.4,
20230921,20,9.63,35737.1,48912.3,
20230921,20,9.64,35741.1,48912.3,
20230921,20,9.66,35741.1,48912.3,
20230921,20,9.69,35741.1,48788.3,
20230921,20,9.70,35770.4,48787.6,
20230921,20,9.79,35770.4,48787.6,
20230921,20,9.80,35770.4,48782.1,
20230921,20,9.81,35770.4,48732.1,
20230921,20,9.82,35770.4,48682.1,
20230921,20,9.89,35771.0,48632.1,
20230921,20,9.99,35890.9,48632.1,
20230921,20,10.00,35937.6,48632.1,
20230921,20,10.05,35957.6,48527.6,
20230921,20,10.17,35957.6,48527.6,
20230921,20,10.19,35957.6,48497.6,
20230921,20,10.20,35957.6,48287.3,
20230921,20,10.22,35957.6,48163.3,
20230921,20,10.23,35957.6,48114.3,
20230921,20,10.38,35957.6,48064.3,
20230921,20,10.46,35957.6,47940.3,
20230921,20,10.48,35958.2,47853.3,
20230921,20,10.50,35958.2,47853.3,
20230921,20,10.51,35958.2,47803.3,
20230921,20,10.57,35958.2,47652.3,
20230921,20,10.58,36068.5,47642.3,
20230921,20,10.59,36309.9,47514.4,
20230921,20,10.70,36317.2,47514.4,
20230921,20,10.71,36324.5,47514.4,
20230921,20,10.93,36324.5,47514.4,
20230921,20,11.00,36324.5,47484.4,
20230921,20,11.07,36325.1,47392.9,
20230921,20,11.19,36373.5,47392.9,
20230921,20,11.28,36373.5,47392.9,
20230921,20,11.40,36373.5,47392.8,
20230921,20,11.41,36375.5,47241.8,
20230921,20,11.50,36443.5,47241.8,
20230921,20,11.53,36443.5,47241.8,
20230921,20,11.58,36443.5,47076.8,
20230921,20,11.67,36444.1,47066.8,
20230921,20,11.73,36464.1,46944.8,
20230921,20,11.81,36464.1,46944.8,
20230921,20,11.82,36464.1,46744.8,
20230921,20,11.87,36464.1,46737.8,
20230921,20,11.88,36464.1,46737.1,
20230921,20,11.89,36468.1,46537.1,
20230921,20,11.94,36468.1,46537.1,
20230921,20,11.95,36468.1,46337.1,
20230921,20,11.99,36468.1,46334.9,
20230921,20,12.00,36468.1,46324.9,
20230921,20,12.02,36468.1,46316.2,
20230921,20,12.03,36475.3,46116.2,
20230921,20,12.04,36475.3,46116.2,
20230921,20,12.11,36475.3,46111.6,
20230921,20,12.19,36475.3,45911.6,
20230921,20,12.26,36475.9,45711.6,
20230921,20,12.31,36475.9,45711.6,
20230921,20,12.39,36475.9,45461.6,
20230921,20,12.44,36475.9,45411.6,
20230921,20,12.47,36476.3,45211.6,
20230921,20,12.50,36476.3,45211.6,
20230921,20,12.55,36480.9,45211.5,
20230921,20,12.57,36480.9,45211.5,
20230921,20,12.63,36480.9,45161.1,
20230921,20,12.66,36480.9,45061.1,
20230921,20,12.69,36480.9,44956.1,
20230921,20,12.70,36494.7,44954.1,
20230921,20,12.74,36494.7,44954.1,
20230921,20,12.77,36496.8,44754.1,
20230921,20,12.79,36496.8,44754.1,
20230921,20,12.80,36497.5,44754.0,
20230921,20,12.81,36497.6,44267.1,
20230921,20,12.92,36498.0,44267.1,
20230921,20,12.93,36498.0,44267.1,
20230921,20,12.96,36498.0,44237.1,
20230921,20,13.00,36498.0,44178.1,
20230921,20,13.01,36498.8,44095.5,
20230921,20,13.02,36503.1,44090.3,
20230921,20,13.04,36503.1,44090.3,
20230921,20,13.05,36503.1,44081.6,
20230921,20,13.31,36503.1,44047.9,
20230921,20,13.36,36503.5,44042.6,
20230921,20,13.39,36503.5,44042.6,
20230921,20,13.47,36503.5,43832.6,
20230921,20,13.50,36513.8,43820.6,
20230921,20,13.51,36515.8,43820.2,
20230921,20,13.57,36515.8,43820.2,
20230921,20,13.58,36515.8,43818.4,
20230921,20,13.59,36516.7,43802.5,
20230921,20,13.63,36516.7,43802.5,
20230921,20,13.66,36518.7,43778.5,
20230921,20,13.80,36519.1,43750.7,
20230921,20,13.95,36519.1,43750.7,
20230921,20,13.99,36519.1,43727.1,
20230921,20,14.00,36519.1,43717.1,
20230921,20,14.01,36520.7,43604.7,
20230921,20,14.10,36520.7,43604.7,
20230921,20,14.14,36524.9,43604.1,
20230921,20,14.21,36524.9,43604.1,
20230921,20,14.24,36527.3,43603.5,
20230921,20,14.30,36527.3,43603.3,
20230921,20,14.43,36553.3,43602.9,
20230921,20,14.50,36553.3,43602.9,
20230921,20,14.53,36553.3,43601.8,
20230921,20,14.78,36556.6,43111.8,
20230921,20,14.80,36556.6,43111.8,
20230921,20,14.93,36556.6,43111.7,
20230921,20,14.94,36587.7,43087.8,
20230921,20,14.98,36589.7,43062.1,
20230921,20,14.99,36589.7,43062.1,
20230921,20,15.00,36827.7,43062.0,
20230921,20,15.01,36827.7,43048.2,
20230921,20,15.05,36827.7,43043.9,
20230921,20,15.10,36827.7,43043.6,
20230921,20,15.12,36827.7,43043.5,
20230921,20,15.15,36827.7,42976.1,
20230921,20,15.20,36827.7,42888.1,
20230921,20,15.22,36827.7,42887.9,
20230921,20,15.41,36827.7,42871.3,
20230921,20,15.55,36827.7,42845.3,
20230921,20,15.58,36827.7,42645.3,
20230921,20,15.59,36828.8,42620.5,
20230921,20,15.66,36836.4,42620.5,
20230921,20,15.72,36838.4,42620.5,
20230921,20,15.79,36838.4,42620.2,
20230921,20,15.80,36838.4,42618.8,
20230921,20,15.81,36838.4,42618.5,
20230921,20,15.90,36849.4,42618.4,
20230921,20,15.91,36849.4,42618.4,
20230921,20,15.92,36849.4,42618.2,
20230921,20,15.93,36859.5,42606.6,
20230921,20,15.94,36869.6,42606.6,
20230921,20,15.99,36869.6,42606.6,
20230921,20,16.00,36879.0,42595.0,
20230921,20,16.05,36879.0,42578.3,
20230921,20,16.10,36880.0,42570.1,
20230921,20,16.12,36944.0,42570.1,
20230921,20,16.20,36945.0,42570.1,
20230921,20,16.25,36945.0,42569.5,
20230921,20,16.26,36995.0,42568.4,
20230921,20,16.27,37059.0,42568.4,
20230921,20,16.30,37110.0,42568.4,
20230921,20,16.37,37174.0,42568.4,
20230921,20,16.40,37174.0,42568.4,
20230921,20,16.43,37174.0,42568.3,
20230921,20,16.47,37238.0,42568.0,
20230921,20,16.57,37247.9,42568.0,
20230921,20,16.58,37248.1,42567.9,
20230921,20,16.59,37248.3,42567.9,
20230921,20,16.66,37312.3,42566.5,
20230921,20,16.70,37312.3,42566.5,
20230921,20,16.75,37376.3,42566.3,
20230921,20,16.79,37376.3,42566.3,
20230921,20,16.80,37376.3,42556.8,
20230921,20,16.93,37396.3,42552.0,
20230921,20,16.94,37460.3,42552.0,
20230921,20,16.95,37460.3,42552.0,
20230921,20,16.99,37460.3,42551.7,
20230921,20,17.00,37462.4,42551.6,
20230921,20,17.01,37464.5,42531.6,
20230921,20,17.03,37528.5,42531.6,
20230921,20,17.10,37528.5,42531.6,
20230921,20,17.16,37595.9,42531.4,
20230921,20,17.18,37595.9,42531.4,
20230921,20,17.25,37595.9,42515.2,
20230921,20,17.30,37595.9,42512.6,
20230921,20,17.35,37595.9,42510.3,
20230921,20,17.40,37595.9,42509.5,
20230921,20,17.45,37595.9,42450.2,
20230921,20,17.50,37595.9,42449.9,
20230921,20,17.55,37595.9,42449.8,
20230921,20,17.63,37595.9,42382.8,
20230921,20,17.65,37615.2,42296.1,
20230921,20,17.66,37615.2,42296.1,
20230921,20,17.83,37615.2,42286.7,
20230921,20,17.87,37615.2,42246.7,
20230921,20,17.91,37615.2,42124.7,
20230921,20,17.92,37623.2,42124.1,
20230921,20,18.00,37623.5,42124.1,
20230921,20,18.03,37623.5,42119.2,
20230921,20,18.06,37623.5,42119.1,
20230921,20,18.16,37623.5,42075.1,
20230921,20,18.17,37623.5,42074.9,
20230921,20,18.21,37623.5,42074.6,
20230921,20,18.30,37623.5,42071.5,
20230921,20,18.36,37623.5,42071.4,
20230921,20,18.50,37623.5,41815.4,
20230921,20,18.53,37623.5,41814.4,
20230921,20,18.58,37623.5,41795.5,
20230921,20,18.60,37623.5,41783.7,
20230921,20,18.62,37623.5,41783.6,
20230921,20,18.64,37623.5,41731.8,
20230921,20,18.68,37623.5,41731.3,
20230921,20,18.93,37681.3,41729.1,
20230921,20,19.00,37681.3,41729.1,
20230921,20,19.10,37681.3,41728.3,
20230921,20,19.23,37681.3,41568.3,
20230921,20,19.40,37681.3,41450.3,
20230921,20,19.50,37681.3,41449.6,
20230921,20,19.58,37711.2,41449.5,
20230921,20,19.71,37935.2,41449.5,
20230921,20,19.90,37935.2,41449.5,
20230921,20,19.99,37945.2,41449.4,
20230921,20,20.00,37945.2,41397.4,
20230921,20,20.01,37945.2,41319.2,
20230921,20,20.05,37945.2,41313.8,
20230921,20,20.10,37945.2,41309.4,
20230921,20,20.21,37945.2,41308.3,
20230921,20,20.26,37945.2,39627.3,
20230921,20,20.30,37945.2,39610.9,
20230921,20,20.38,37951.2,39610.7,
20230921,20,20.41,37951.2,39610.7,
20230921,20,20.51,37951.2,39608.7,
20230921,20,20.62,37983.3,39608.4,
20230921,20,20.75,37983.3,39608.4,
20230921,20,20.82,37983.3,39607.4,
20230921,20,20.89,37983.3,39606.9,
20230921,20,20.91,37983.3,39602.4,
20230921,20,21.00,37983.3,39601.5,
20230921,20,21.10,37983.3,39601.4,
20230921,20,21.12,37983.3,39476.4,
20230921,20,21.20,37983.3,38695.8,
20230921,20,21.25,37983.3,38689.7,
20230921,20,21.38,37983.3,38688.1,
20230921,20,21.57,37983.3,38687.8,
20230921,20,21.60,37983.3,38687.1,
20230921,20,21.80,37983.3,38684.3,
20230921,20,21.89,37983.3,38641.8,
20230921,20,22.00,37983.3,38622.9,
20230921,20,22.28,38033.3,38313.7,
20230921,20,22.30,38033.3,38313.7,
20230921,20,22.34,38033.3,38313.2,
20230921,20,22.56,38033.3,38248.4,
20230921,20,22.66,38033.3,38243.9,
20230921,20,22.80,38482.4,38241.9,
20230921,20,22.91,38482.4,38241.9,
20230921,20,22.92,38482.4,38235.8,
20230921,20,23.00,38495.4,38226.8,
20230921,20,23.03,38495.4,38226.0,
20230921,20,23.14,38495.4,38225.9,
20230921,20,23.46,38495.4,38224.7,
20230921,20,23.98,38495.4,38217.6,
20230921,20,24.00,38495.4,38216.9,
20230921,20,24.47,38495.4,38214.0,
20230921,20,24.55,38495.4,38213.2,
20230921,20,24.77,38495.4,38212.9,
20230921,20,24.82,38495.4,38212.4,
20230921,20,24.91,38495.4,38209.1,
20230921,20,25.00,38495.4,38207.1,
20230921,20,25.03,38495.4,38198.0,
20230921,20,25.39,38495.4,38178.0,
20230921,20,26.75,38495.4,38177.0,
20230921,20,26.84,38495.4,38172.6,
20230921,20,27.00,38495.4,38172.0,
20230921,20,27.16,38495.4,38044.8,
20230921,20,27.24,38495.4,38043.1,
20230921,20,27.25,38495.4,38042.5,
20230921,20,27.29,38495.4,38039.6,
20230921,20,27.49,38495.4,37721.6,
20230921,20,27.64,38495.4,37702.7,
20230921,20,27.71,38495.4,37701.7,
20230921,20,28.00,38495.4,37701.5,
20230921,20,28.04,38495.4,37701.0,
20230921,20,28.75,38495.4,37699.3,
20230921,20,28.84,38495.4,37698.6,
20230921,20,28.88,38495.4,37690.6,
20230921,20,29.41,38495.4,37690.1,
20230921,20,29.50,38495.4,37689.1,
20230921,20,29.55,38495.4,37687.4,
20230921,20,29.57,38495.4,37686.8,
20230921,20,29.70,38495.4,37686.3,
20230921,20,29.89,38495.4,37661.1,
20230921,20,29.97,38495.4,37660.1,
20230921,20,30.00,38495.4,37647.4,
20230921,20,30.01,38495.4,37549.5,
20230921,20,30.56,38495.4,37510.5,
20230921,20,30.88,38495.4,37509.1,
20230921,20,30.93,38495.4,37507.6,
20230921,20,31.66,38495.4,37503.2,
20230921,20,31.95,38495.4,37502.2,
20230921,20,32.00,38495.4,37500.5,
20230921,20,32.12,38495.4,37115.0,
20230921,20,32.14,38495.4,36965.4,
20230921,20,32.62,38495.4,36965.1,
20230921,20,32.70,38498.9,36942.6,
20230921,20,32.90,38498.9,36942.6,
20230921,20,33.03,38498.9,36939.8,
20230921,20,33.10,38498.9,36939.1,
20230921,20,33.72,38498.9,36920.1,
20230921,20,33.91,38498.9,36915.6,
20230921,20,34.00,38498.9,36914.6,
20230921,20,34.39,38498.9,36862.9,
20230921,20,34.89,38498.9,36861.2,
20230921,20,35.00,38498.9,36856.8,
20230921,20,35.12,38498.9,36752.8,
20230921,20,36.00,38498.9,36646.9,
20230921,20,36.02,38498.9,36594.8,
20230921,20,36.16,38498.9,36593.1,
20230921,20,36.67,38498.9,36592.1,
20230921,20,36.70,38498.9,36589.3,
20230921,20,36.83,38498.9,36587.6,
20230921,20,36.84,38498.9,36568.7,
20230921,20,38.24,38498.9,36563.2,
20230921,20,38.39,38498.9,36560.4,
20230921,20,38.41,38498.9,36541.5,
20230921,20,38.55,38498.9,36540.5,
20230921,20,38.70,38498.9,36462.2,
20230921,20,39.98,38558.9,36374.2,
20230921,20,40.00,38558.9,36374.2,
20230921,20,40.01,38558.9,36276.7,
20230921,20,40.66,38558.9,36276.6,
20230921,20,42.79,38558.9,36275.6,
20230921,20,42.91,38558.9,36244.8,
20230921,20,44.15,38558.9,36243.9,
20230921,20,44.72,38558.9,36219.5,
20230921,20,45.00,38558.9,36218.9,
20230921,20,45.01,38558.9,36076.1,
20230921,20,45.12,38558.9,35976.7,
20230921,20,46.00,38558.9,35972.3,
20230921,20,46.32,38558.9,35922.3,
20230921,20,50.00,38558.9,35919.2,
20230921,20,50.01,38567.7,33732.2,
20230921,20,50.12,38567.7,33732.2,
20230921,20,50.50,38567.7,33631.5,
20230921,20,50.90,38567.7,33631.4,
20230921,20,51.00,38567.7,33629.8,
20230921,20,54.50,38567.7,33628.4,
20230921,20,60.00,38567.7,33628.0,
20230921,20,60.01,38567.7,33487.7,
20230921,20,61.00,38567.7,33487.6,
20230921,20,62.00,38567.7,33457.1,
20230921,20,65.00,38567.7,33371.0,
20230921,20,67.94,38567.7,33365.9,
20230921,20,70.90,38567.7,33323.0,
20230921,20,77.80,38567.7,29808.0,
20230921,20,79.90,38567.7,29686.1,
20230921,20,79.98,38587.7,29667.1,
20230921,20,80.00,38587.7,29667.1,
20230921,20,80.01,38587.7,28678.5,
20230921,20,80.10,38587.7,28215.7,
20230921,20,80.20,38587.7,28176.5,
20230921,20,80.21,38607.7,28168.5,
20230921,20,80.50,38607.7,28168.5,
20230921,20,81.00,38607.7,28168.4,
20230921,20,82.00,38607.7,28063.8,
20230921,20,82.01,38607.7,27860.1,
20230921,20,85.00,38607.7,27745.1,
20230921,20,90.00,38607.7,27675.3,
20230921,20,99.90,38607.7,27629.2,
20230921,20,100.00,38607.7,27628.8,
20230921,20,100.01,38631.9,24467.9,
20230921,20,101.00,38631.9,24467.9,
20230921,20,102.00,38631.9,24322.3,
20230921,20,105.00,38631.9,23974.5,
20230921,20,120.10,38631.9,23974.3,
20230921,20,130.00,38631.9,23891.8,
20230921,20,138.00,38631.9,23883.7,
20230921,20,150.00,38631.9,23774.4,
20230921,20,190.00,38631.9,23771.6,
20230921,20,200.00,38631.9,23768.9,
20230921,20,200.01,38631.9,21178.1,
20230921,20,200.10,38631.9,19560.0,
20230921,20,200.50,38631.9,19429.3,
20230921,20,201.00,38631.9,19418.7,
20230921,20,210.00,38631.9,19266.7,
20230921,20,250.00,38631.9,18745.6,
20230921,20,300.00,38631.9,18539.0,
20230921,20,500.00,38631.9,18012.5,
20230921,20,548.66,38631.9,18010.5,
20230921,20,550.02,38631.9,17563.0,
20230921,20,999.00,38631.9,17340.9,
20230921,20,999.99,38631.9,0.0,
20230921,21,0.00,0.0,52895.2,
20230921,21,0.00,18208.4,52895.2,
20230921,21,0.01,34778.2,52895.2,
20230921,21,0.02,34957.1,52874.2,
20230921,21,0.03,34959.8,52831.2,
20230921,21,0.04,34963.8,52784.7,
20230921,21,0.09,34963.8,52784.7,
20230921,21,0.10,34963.8,52665.2,
20230921,21,0.14,35037.5,52545.1,
20230921,21,0.20,35037.5,52545.1,
20230921,21,0.30,35037.5,52445.1,
20230921,21,0.62,35037.5,52441.1,
20230921,21,0.64,35183.9,52361.1,
20230921,21,0.70,35184.9,52361.1,
20230921,21,0.80,35185.9,52361.1,
20230921,21,0.90,35186.9,52361.1,
20230921,21,0.98,35209.0,52361.1,
20230921,21,1.00,35822.9,52361.1,
20230921,21,1.01,35824.3,51878.2,
20230921,21,1.12,35824.3,51833.2,
20230921,21,1.71,35826.1,51803.2,
20230921,21,1.93,35833.3,51803.2,
20230921,21,2.00,35836.3,51803.2,
20230921,21,2.01,35836.3,51803.2,
20230921,21,2.10,35836.3,51763.2,
20230921,21,2.12,35836.3,51757.2,
20230921,21,2.14,35837.3,51697.2,
20230921,21,2.15,35953.1,51697.2,
20230921,21,2.64,35957.1,51697.2,
20230921,21,2.98,35958.1,51697.2,
20230921,21,3.00,35958.1,51697.2,
20230921,21,3.01,35958.1,51457.2,
20230921,21,3.10,35958.1,51407.2,
20230921,21,3.12,35958.1,51362.2,
20230921,21,3.40,35959.9,51272.2,
20230921,21,3.85,35967.2,51272.2,
20230921,21,4.14,35968.2,51272.2,
20230921,21,4.64,35972.2,51272.2,
20230921,21,4.65,36033.0,51272.2,
20230921,21,4.98,36034.0,51272.2,
20230921,21,5.00,36176.7,51272.2,
20230921,21,5.01,36191.5,50985.6,
20230921,21,5.04,36191.5,50905.6,
20230921,21,5.10,36193.4,50605.6,
20230921,21,5.12,36193.4,50605.6,
20230921,21,5.42,36193.7,50545.6,
20230921,21,5.50,36193.8,50545.6,
20230921,21,5.77,36201.1,50545.6,
20230921,21,6.00,36208.6,50545.6,
20230921,21,6.01,36208.6,50480.9,
20230921,21,6.02,36217.7,50469.8,
20230921,21,6.14,36218.7,50469.8,
20230921,21,6.24,36218.7,50469.8,
20230921,21,6.26,36218.7,50459.8,
20230921,21,6.64,36222.7,50452.2,
20230921,21,6.80,36224.5,50452.2,
20230921,21,7.00,36258.3,50452.2,
20230921,21,7.01,36258.3,50451.8,
20230921,21,7.12,36258.3,50160.0,
20230921,21,7.42,36259.3,50140.0,
20230921,21,7.50,36299.3,50140.0,
20230921,21,7.69,36306.6,50140.0,
20230921,21,7.90,36306.6,50140.0,
20230921,21,7.94,36306.6,50134.7,
20230921,21,7.97,36306.6,49987.7,
20230921,21,8.00,36332.7,49977.7,
20230921,21,8.01,36332.7,49917.6,
20230921,21,8.02,36348.0,49908.6,
20230921,21,8.14,36349.8,49908.6,
20230921,21,8.24,36349.8,49908.6,
20230921,21,8.25,36353.2,49892.0,
20230921,21,8.49,36355.0,49892.0,
20230921,21,8.50,36355.0,49892.0,
20230921,21,8.59,36355.0,49882.0,
20230921,21,8.64,36359.0,49879.1,
20230921,21,8.98,36359.0,49879.1,
20230921,21,9.00,36359.0,49879.0,
20230921,21,9.02,36359.6,49878.9,
20230921,21,9.23,36359.6,49878.9,
20230921,21,9.27,36359.6,49731.9,
20230921,21,9.36,36359.6,49726.8,
20230921,21,9.42,36360.6,49579.8,
20230921,21,9.50,36360.6,49579.8,
20230921,21,9.54,36361.2,49432.8,
20230921,21,9.60,36361.2,49432.8,
20230921,21,9.61,36368.4,49316.8,
20230921,21,9.66,36368.4,49316.8,
20230921,21,9.79,36368.4,49192.8,
20230921,21,9.80,36368.4,49187.1,
20230921,21,9.81,36368.4,49137.1,
20230921,21,9.82,36368.4,49087.1,
20230921,21,9.84,36370.9,49037.1,
20230921,21,9.97,36370.9,49037.1,
20230921,21,9.99,36490.9,49027.1,
20230921,21,10.00,36537.0,49027.1,
20230921,21,10.05,36557.0,48922.6,
20230921,21,10.07,36560.0,48922.6,
20230921,21,10.14,36562.0,48922.6,
20230921,21,10.17,36562.0,48922.6,
20230921,21,10.19,36562.0,48892.6,
20230921,21,10.20,36562.0,48686.6,
20230921,21,10.22,36562.0,48562.6,
20230921,21,10.23,36562.0,48513.6,
20230921,21,10.25,36592.0,48463.6,
20230921,21,10.30,36594.5,48463.6,
20230921,21,10.38,36594.5,48463.6,
20230921,21,10.43,36594.5,48339.6,
20230921,21,10.46,36594.5,48309.6,
20230921,21,10.50,36594.5,48222.6,
20230921,21,10.51,36594.5,48172.6,
20230921,21,10.53,36596.9,48021.6,
20230921,21,10.58,36599.5,48021.6,
20230921,21,10.59,36839.5,47787.9,
20230921,21,10.64,36843.5,47787.9,
20230921,21,10.76,36845.8,47787.9,
20230921,21,10.98,36845.8,47787.6,
20230921,21,11.00,36845.8,47786.9,
20230921,21,11.11,36846.4,47695.4,
20230921,21,11.13,36846.4,47695.4,
20230921,21,11.15,36846.4,47685.4,
20230921,21,11.19,36894.8,47685.1,
20230921,21,11.24,36903.1,47685.1,
20230921,21,11.25,36911.4,47685.1,
20230921,21,11.28,36911.4,47685.1,
20230921,21,11.40,36911.4,47685.0,
20230921,21,11.50,36999.4,47534.0,
20230921,21,11.53,36999.4,47534.0,
20230921,21,11.67,36999.4,47368.7,
20230921,21,11.80,36999.4,47246.7,
20230921,21,11.82,36999.4,47046.7,
20230921,21,11.86,36999.4,47039.7,
20230921,21,11.87,36999.4,47029.7,
20230921,21,11.92,36999.4,46829.7,
20230921,21,11.94,36999.4,46829.0,
20230921,21,11.95,36999.4,46629.0,
20230921,21,11.97,36999.4,46626.7,
20230921,21,12.00,36999.4,46596.7,
20230921,21,12.02,36999.4,46587.9,
20230921,21,12.04,36999.4,46387.9,
20230921,21,12.06,36999.4,46383.0,
20230921,21,12.10,36999.4,46362.4,
20230921,21,12.14,37001.4,46162.4,
20230921,21,12.16,37001.4,46162.4,
20230921,21,12.18,37001.4,46161.0,
20230921,21,12.24,37001.4,45961.0,
20230921,21,12.28,37001.4,45911.0,
20230921,21,12.30,37001.4,45901.6,
20230921,21,12.36,37001.4,45701.6,
20230921,21,12.43,37001.4,45651.6,
20230921,21,12.44,37003.8,45624.0,
20230921,21,12.52,37003.8,45424.0,
20230921,21,12.63,37003.8,45422.6,
20230921,21,12.64,37007.8,45122.6,
20230921,21,12.66,37007.8,45122.6,
20230921,21,12.67,37007.8,45017.6,
20230921,21,12.73,37007.8,45008.1,
20230921,21,12.75,37007.8,44808.1,
20230921,21,12.83,37007.8,44314.8,
20230921,21,12.87,37007.8,44314.6,
20230921,21,12.97,37007.8,44313.2,
20230921,21,12.98,37007.8,44311.3,
20230921,21,12.99,37009.6,44309.2,
20230921,21,13.00,37009.6,44309.2,
20230921,21,13.01,37010.4,44224.9,
20230921,21,13.02,37014.8,44219.6,
20230921,21,13.04,37014.8,44219.6,
20230921,21,13.05,37014.8,44210.9,
20230921,21,13.07,37014.8,44177.2,
20230921,21,13.08,37014.8,44167.8,
20230921,21,13.09,37015.6,44167.7,
20230921,21,13.10,37015.7,44167.7,
20230921,21,13.13,37015.7,44167.7,
20230921,21,13.20,37020.5,44152.7,
20230921,21,13.22,37020.5,44152.7,
20230921,21,13.30,37034.4,44149.9,
20230921,21,13.31,37034.4,44149.9,
20230921,21,13.39,37034.4,44144.6,
20230921,21,13.42,37034.4,43894.6,
20230921,21,13.46,37034.4,43894.5,
20230921,21,13.50,37044.7,43875.6,
20230921,21,13.63,37044.7,43875.6,
20230921,21,13.70,37047.9,43851.6,
20230921,21,13.86,37047.9,43851.6,
20230921,21,13.95,37047.9,43841.6,
20230921,21,14.00,37047.9,43818.2,
20230921,21,14.01,37049.5,43706.1,
20230921,21,14.10,37049.5,43706.1,
20230921,21,14.14,37051.5,43705.5,
20230921,21,14.21,37051.5,43705.2,
20230921,21,14.22,37051.5,43704.6,
20230921,21,14.30,37051.5,43692.7,
20230921,21,14.43,37051.5,43692.3,
20230921,21,14.44,37083.1,43668.9,
20230921,21,14.47,37083.1,43668.9,
20230921,21,14.50,37083.1,43641.0,
20230921,21,14.53,37083.1,43638.5,
20230921,21,14.64,37087.1,43137.9,
20230921,21,14.80,37087.1,43137.9,
20230921,21,14.96,37087.1,43137.8,
20230921,21,14.99,37087.1,43135.6,
20230921,21,15.00,37324.1,43135.5,
20230921,21,15.01,37324.1,43121.6,
20230921,21,15.10,37324.1,43091.5,
20230921,21,15.13,37324.1,43091.4,
20230921,21,15.14,37325.3,43067.6,
20230921,21,15.15,37325.3,43067.6,
20230921,21,15.20,37325.3,42978.6,
20230921,21,15.22,37325.3,42973.7,
20230921,21,15.41,37325.3,42957.1,
20230921,21,15.42,37325.3,42931.1,
20230921,21,15.43,37336.2,42930.1,
20230921,21,15.44,37347.1,42930.1,
20230921,21,15.52,37347.1,42929.9,
20230921,21,15.58,37347.1,42729.9,
20230921,21,15.61,37347.1,42729.1,
20230921,21,15.69,37347.1,42661.6,
20230921,21,15.80,37347.1,42661.0,
20230921,21,15.81,37347.1,42660.7,
20230921,21,15.86,37347.1,42660.6,
20230921,21,15.87,37356.4,42649.9,
20230921,21,15.90,37367.4,42649.9,
20230921,21,15.91,37367.4,42649.9,
20230921,21,15.92,37367.4,42649.7,
20230921,21,15.93,37367.4,42648.9,
20230921,21,15.95,37367.4,42646.7,
20230921,21,15.97,37377.3,42646.4,
20230921,21,15.99,37384.9,42646.4,
20230921,21,16.00,37385.9,42646.4,
20230921,21,16.05,37385.9,42630.0,
20230921,21,16.10,37386.9,42621.8,
20230921,21,16.12,37450.9,42621.8,
20230921,21,16.14,37451.1,42621.8,
20230921,21,16.15,37451.3,42621.8,
20230921,21,16.20,37452.3,42621.8,
20230921,21,16.26,37502.3,42621.8,
20230921,21,16.27,37566.3,42621.8,
20230921,21,16.29,37566.3,42621.8,
20230921,21,16.30,37617.3,42498.8,
20230921,21,16.37,37681.3,42498.8,
20230921,21,16.40,37681.3,42498.8,
20230921,21,16.43,37701.3,42498.7,
20230921,21,16.47,37765.3,42498.7,
20230921,21,16.57,37829.3,42498.7,
20230921,21,16.66,37829.3,42498.7,
20230921,21,16.68,37829.3,42495.9,
20230921,21,16.70,37829.3,42495.8,
20230921,21,16.75,37893.3,42495.6,
20230921,21,16.80,37893.3,42495.1,
20230921,21,16.85,37957.3,42495.0,
20230921,21,16.86,37957.3,42495.0,
20230921,21,16.87,37959.6,42494.9,
20230921,21,16.88,37961.9,42494.9,
20230921,21,16.90,37961.9,42494.9,
20230921,21,16.94,38025.9,42492.7,
20230921,21,16.99,38025.9,42492.7,
20230921,21,17.00,38045.9,42492.6,
20230921,21,17.03,38045.9,42472.6,
20230921,21,17.08,38109.9,42395.6,
20230921,21,17.10,38109.9,42395.6,
20230921,21,17.12,38109.9,42395.3,
20230921,21,17.16,38132.7,42376.4,
20230921,21,17.18,38132.7,42376.4,
20230921,21,17.25,38132.7,42360.2,
20230921,21,17.30,38132.7,42357.6,
20230921,21,17.40,38132.7,42357.5,
20230921,21,17.42,38132.7,42299.9,
20230921,21,17.45,38132.7,42298.9,
20230921,21,17.50,38132.7,42298.6,
20230921,21,17.51,38132.7,42298.5,
20230921,21,17.55,38132.7,42254.5,
20230921,21,17.63,38132.7,42187.5,
20230921,21,17.65,38140.8,42089.6,
20230921,21,17.86,38140.8,42089.6,
20230921,21,17.87,38140.8,42085.2,
20230921,21,17.88,38140.8,41963.2,
20230921,21,17.89,38140.8,41915.5,
20230921,21,17.90,38140.8,41865.5,
20230921,21,18.00,38141.1,41609.5,
20230921,21,18.03,38141.1,41604.6,
20230921,21,18.14,38141.1,41604.5,
20230921,21,18.30,38141.1,41604.3,
20230921,21,18.31,38141.1,41604.2,
20230921,21,18.43,38198.9,41603.6,
20230921,21,18.46,38198.9,41603.6,
20230921,21,18.58,38198.9,41603.1,
20230921,21,18.60,38198.9,41584.9,
20230921,21,18.62,38198.9,41584.8,
20230921,21,18.64,38198.9,41583.2,
20230921,21,18.78,38198.9,41532.7,
20230921,21,18.90,38198.9,41482.7,
20230921,21,19.00,38198.9,41482.0,
20230921,21,19.11,38198.9,41481.2,
20230921,21,19.13,38228.8,41188.2,
20230921,21,19.35,38228.8,41188.2,
20230921,21,19.42,38228.8,41187.9,
20230921,21,19.50,38228.8,41186.9,
20230921,21,19.71,38452.8,41186.8,
20230921,21,19.86,38462.8,41186.8,
20230921,21,19.87,38462.8,41186.8,
20230921,21,19.90,38462.8,41185.9,
20230921,21,20.00,38462.8,41185.8,
20230921,21,20.01,38462.8,41105.2,
20230921,21,20.02,38462.8,41099.7,
20230921,21,20.10,38462.8,41047.7,
20230921,21,20.14,38462.8,41046.6,
20230921,21,20.20,38462.8,41044.6,
20230921,21,20.21,38462.8,41002.1,
20230921,21,20.26,38462.8,39328.1,
20230921,21,20.30,38462.8,39310.5,
20230921,21,20.32,38462.8,39310.3,
20230921,21,20.39,38464.8,39305.8,
20230921,21,20.62,38495.4,39305.8,
20230921,21,20.64,38495.4,39305.8,
20230921,21,20.69,38495.4,39301.2,
20230921,21,21.00,38495.4,39295.3,
20230921,21,21.10,38495.4,39295.2,
20230921,21,21.12,38495.4,39143.2,
20230921,21,21.30,38495.4,38363.2,
20230921,21,21.42,38495.4,38362.7,
20230921,21,21.68,38495.4,38362.2,
20230921,21,21.86,38495.4,38361.5,
20230921,21,22.00,38495.4,38360.0,
20230921,21,22.11,38495.4,38034.0,
20230921,21,22.14,38495.4,37968.8,
20230921,21,22.28,38545.4,37966.8,
20230921,21,22.39,38545.4,37966.8,
20230921,21,22.64,38545.4,37963.9,
20230921,21,22.74,38545.4,37962.6,
20230921,21,22.80,38994.5,37962.3,
20230921,21,22.92,38994.5,37962.3,
20230921,21,23.00,39007.5,37953.3,
20230921,21,23.03,39007.5,37946.1,
20230921,21,23.23,39007.5,37946.0,
20230921,21,23.26,39007.5,37927.1,
20230921,21,23.31,39007.5,37926.5,
20230921,21,23.83,39007.5,37920.5,
20230921,21,24.14,39007.5,37919.7,
20230921,21,24.15,39007.5,37917.7,
20230921,21,24.20,39007.5,37917.1,
20230921,21,24.42,39007.5,37913.6,
20230921,21,24.56,39007.5,37909.2,
20230921,21,24.64,39007.5,37889.8,
20230921,21,25.00,39007.5,37888.8,
20230921,21,26.03,39007.5,37877.1,
20230921,21,26.05,39007.5,37570.1,
20230921,21,26.14,39007.5,37569.6,
20230921,21,26.17,39007.5,37567.5,
20230921,21,26.64,39007.5,37566.8,
20230921,21,26.85,39007.5,37565.8,
20230921,21,27.00,39007.5,37565.3,
20230921,21,27.38,39007.5,37423.3,
20230921,21,27.62,39007.5,37422.7,
20230921,21,27.78,39007.5,37404.7,
20230921,21,28.00,39007.5,37403.0,
20230921,21,28.11,39007.5,37402.3,
20230921,21,28.14,39007.5,37399.5,
20230921,21,28.52,39007.5,37398.5,
20230921,21,28.64,39007.5,37394.1,
20230921,21,28.84,39007.5,37393.1,
20230921,21,29.29,39007.5,37384.7,
20230921,21,29.34,39007.5,37383.0,
20230921,21,29.53,39007.5,37364.0,
20230921,21,29.97,39007.5,37363.7,
20230921,21,30.00,39007.5,37353.6,
20230921,21,30.01,39007.5,37253.7,
20230921,21,30.14,39007.5,37215.8,
20230921,21,30.56,39007.5,37214.8,
20230921,21,30.64,39007.5,37213.4,
20230921,21,31.26,39007.5,37213.0,
20230921,21,31.81,39007.5,37208.5,
20230921,21,31.93,39007.5,37206.8,
20230921,21,32.00,39007.5,37204.0,
20230921,21,32.14,39007.5,36807.9,
20230921,21,32.32,39007.5,36806.9,
20230921,21,32.40,39007.5,36656.9,
20230921,21,32.62,39007.5,36652.5,
20230921,21,32.70,39011.0,36543.4,
20230921,21,32.93,39011.0,36543.4,
20230921,21,33.03,39011.0,36542.0,
20230921,21,33.41,39011.0,36541.2,
20230921,21,33.52,39011.0,36522.3,
20230921,21,33.84,39011.0,36519.5,
20230921,21,34.00,39011.0,36441.3,
20230921,21,34.14,39011.0,36389.1,
20230921,21,34.32,39011.0,36388.1,
20230921,21,35.00,39011.0,36386.4,
20230921,21,35.11,39011.0,36283.4,
20230921,21,35.37,39011.0,36264.5,
20230921,21,35.45,39011.0,36242.3,
20230921,21,36.00,39011.0,36147.5,
20230921,21,36.14,39011.0,36093.7,
20230921,21,36.70,39011.0,36092.7,
20230921,21,36.84,39011.0,36091.0,
20230921,21,38.14,39011.0,36085.6,
20230921,21,39.98,39071.0,36084.6,
20230921,21,40.00,39071.0,36084.6,
20230921,21,40.01,39071.0,35983.6,
20230921,21,40.14,39071.0,35983.5,
20230921,21,42.28,39071.0,35982.5,
20230921,21,44.09,39071.0,35951.3,
20230921,21,44.72,39071.0,35926.5,
20230921,21,45.00,39071.0,35926.3,
20230921,21,45.01,39071.0,35782.0,
20230921,21,45.12,39071.0,35678.3,
20230921,21,46.00,39071.0,35673.8,
20230921,21,49.40,39071.0,35623.8,
20230921,21,50.00,39071.0,35620.8,
20230921,21,50.01,39080.2,33474.9,
20230921,21,50.12,39080.2,33474.9,
20230921,21,50.50,39080.2,33371.9,
20230921,21,50.90,39080.2,33371.8,
20230921,21,51.00,39080.2,33369.2,
20230921,21,54.50,39080.2,33367.8,
20230921,21,60.00,39080.2,33367.4,
20230921,21,61.00,39080.2,33221.6,
20230921,21,62.00,39080.2,33190.5,
20230921,21,65.00,39080.2,33103.4,
20230921,21,67.94,39080.2,33098.0,
20230921,21,70.90,39080.2,33054.3,
20230921,21,77.80,39080.2,29519.3,
20230921,21,79.90,39080.2,29399.0,
20230921,21,79.98,39100.2,29379.9,
20230921,21,80.00,39100.2,29379.9,
20230921,21,80.01,39100.2,28358.0,
20230921,21,80.10,39100.2,27882.0,
20230921,21,80.20,39100.2,27843.8,
20230921,21,80.21,39120.2,27835.8,
20230921,21,80.50,39120.2,27835.8,
20230921,21,81.00,39120.2,27835.7,
20230921,21,82.00,39120.2,27705.5,
20230921,21,82.01,39120.2,27500.2,
20230921,21,85.00,39120.2,27383.9,
20230921,21,90.00,39120.2,27312.5,
20230921,21,99.90,39120.2,27266.5,
20230921,21,100.00,39120.2,27266.1,
20230921,21,100.01,39145.2,24094.8,
20230921,21,101.00,39145.2,24094.8,
20230921,21,102.00,39145.2,23949.2,
20230921,21,105.00,39145.2,23601.6,
20230921,21,120.10,39145.2,23601.4,
20230921,21,130.00,39145.2,23517.4,
20230921,21,138.00,39145.2,23509.4,
20230921,21,150.00,39145.2,23398.8,
20230921,21,190.00,39145.2,23396.0,
20230921,21,200.00,39145.2,23393.2,
20230921,21,200.01,39145.2,20753.0,
20230921,21,200.10,39145.2,19135.3,
20230921,21,200.50,39145.2,19004.4,
20230921,21,201.00,39145.2,18993.8,
20230921,21,210.00,39145.2,18841.7,
20230921,21,250.00,39145.2,18317.5,
20230921,21,300.00,39145.2,18108.6,
20230921,21,500.00,39145.2,17582.0,
20230921,21,548.66,39145.2,17580.0,
20230921,21,550.02,39145.2,17118.1,
20230921,21,999.00,39145.2,16895.1,
20230921,21,999.99,39145.2,0.0,
20230921,22,0.00,0.0,53390.4,
20230921,22,0.00,18596.7,53390.4,
20230921,22,0.01,35191.1,53390.4,
20230921,22,0.02,35368.8,53368.7,
20230921,22,0.03,35371.9,53325.0,
20230921,22,0.04,35376.0,53277.6,
20230921,22,0.09,35376.0,53277.6,
20230921,22,0.10,35376.0,53148.2,
20230921,22,0.20,35376.0,53028.1,
20230921,22,0.30,35376.0,52928.1,
20230921,22,0.62,35398.1,52924.1,
20230921,22,0.69,35542.6,52844.1,
20230921,22,0.80,35543.6,52844.1,
20230921,22,0.90,35544.6,52844.1,
20230921,22,1.00,36143.9,52844.1,
20230921,22,1.01,36145.4,52354.2,
20230921,22,1.10,36217.4,52309.2,
20230921,22,1.12,36217.4,52309.2,
20230921,22,1.60,36219.2,52279.2,
20230921,22,2.00,36229.8,52279.2,
20230921,22,2.01,36229.8,52279.2,
20230921,22,2.10,36229.8,52239.2,
20230921,22,2.12,36229.8,52233.2,
20230921,22,2.15,36345.6,52173.2,
20230921,22,2.62,36346.6,52173.2,
20230921,22,2.69,36350.6,52173.2,
20230921,22,3.00,36350.6,52173.2,
20230921,22,3.01,36350.6,51933.2,
20230921,22,3.10,36351.6,51883.2,
20230921,22,3.12,36351.6,51838.2,
20230921,22,3.19,36353.4,51748.2,
20230921,22,3.99,36360.7,51748.2,
20230921,22,4.62,36361.7,51748.2,
20230921,22,4.65,36424.6,51748.2,
20230921,22,4.69,36428.6,51748.2,
20230921,22,4.78,36430.5,51748.2,
20230921,22,5.00,36570.5,51748.2,
20230921,22,5.01,36586.0,51455.3,
20230921,22,5.04,36586.0,51375.3,
20230921,22,5.10,36587.0,51075.3,
20230921,22,5.12,36587.0,51075.3,
20230921,22,5.14,36587.4,51015.3,
20230921,22,5.20,36587.4,51015.3,
20230921,22,5.50,36587.5,51005.3,
20230921,22,5.98,36594.8,51005.3,
20230921,22,6.00,36602.0,51005.3,
20230921,22,6.01,36602.0,50939.7,
20230921,22,6.02,36611.4,50928.3,
20230921,22,6.26,36611.4,50928.3,
20230921,22,6.36,36613.2,50922.7,
20230921,22,6.69,36617.2,50922.7,
20230921,22,7.00,36653.2,50922.7,
20230921,22,7.01,36653.2,50922.3,
20230921,22,7.10,36654.2,50626.6,
20230921,22,7.12,36654.2,50626.6,
20230921,22,7.14,36655.2,50606.6,
20230921,22,7.20,36655.2,50606.6,
20230921,22,7.21,36662.6,50594.0,
20230921,22,7.50,36702.6,50594.0,
20230921,22,7.71,36702.6,50594.0,
20230921,22,7.90,36702.6,50584.0,
20230921,22,7.94,36702.6,50578.7,
20230921,22,7.95,36704.4,50431.7,
20230921,22,7.97,36711.7,50431.7,
20230921,22,8.00,36737.8,50431.7,
20230921,22,8.01,36737.8,50371.6,
20230921,22,8.02,36753.4,50362.4,
20230921,22,8.41,36754.0,50362.4,
20230921,22,8.50,36754.0,50347.4,
20230921,22,8.59,36754.0,50337.4,
20230921,22,8.62,36754.0,50334.4,
20230921,22,8.69,36758.0,50334.3,
20230921,22,8.87,36758.6,50334.3,
20230921,22,9.00,36758.6,50334.3,
20230921,22,9.10,36760.4,50334.2,
20230921,22,9.14,36761.4,50334.2,
20230921,22,9.21,36791.4,50334.2,
20230921,22,9.23,36791.4,50334.2,
20230921,22,9.24,36791.4,50187.2,
20230921,22,9.33,36792.0,50172.2,
20230921,22,9.36,36792.0,50172.2,
20230921,22,9.46,36792.0,50025.2,
20230921,22,9.50,36792.0,50020.1,
20230921,22,9.60,36792.0,49873.1,
20230921,22,9.66,36792.0,49756.1,
20230921,22,9.71,36792.0,49632.1,
20230921,22,9.79,36792.6,49622.1,
20230921,22,9.80,36792.6,49616.5,
20230921,22,9.81,36792.6,49566.5,
20230921,22,9.82,36792.6,49516.5,
20230921,22,9.96,36799.8,49466.5,
20230921,22,9.99,36919.7,49466.5,
20230921,22,10.00,36975.3,49466.5,
20230921,22,10.05,36995.3,49362.0,
20230921,22,10.17,36995.3,49362.0,
20230921,22,10.19,36997.8,49332.0,
20230921,22,10.20,36997.8,49126.0,
20230921,22,10.21,37007.1,49002.0,
20230921,22,10.22,37016.4,49002.0,
20230921,22,10.23,37016.4,48953.0,
20230921,22,10.25,37017.0,48903.0,
20230921,22,10.38,37017.0,48903.0,
20230921,22,10.40,37017.0,48779.0,
20230921,22,10.41,37019.4,48769.0,
20230921,22,10.46,37019.4,48754.0,
20230921,22,10.50,37019.4,48667.0,
20230921,22,10.51,37019.4,48616.5,
20230921,22,10.58,37019.4,48465.5,
20230921,22,10.59,37240.0,48227.4,
20230921,22,10.62,37240.0,48208.6,
20230921,22,10.64,37242.5,48207.9,
20230921,22,10.69,37246.5,48207.9,
20230921,22,10.87,37248.9,48207.9,
20230921,22,11.00,37248.9,48207.9,
20230921,22,11.09,37251.2,48116.4,
20230921,22,11.10,37253.2,48116.1,
20230921,22,11.13,37253.2,48116.1,
20230921,22,11.19,37301.6,48106.1,
20230921,22,11.24,37301.6,48106.1,
20230921,22,11.25,37306.4,48095.9,
20230921,22,11.28,37306.4,48095.9,
20230921,22,11.40,37306.4,48095.8,
20230921,22,11.47,37306.4,47944.8,
20230921,22,11.50,37374.4,47944.5,
20230921,22,11.53,37374.4,47944.5,
20230921,22,11.67,37374.4,47779.5,
20230921,22,11.71,37374.4,47657.5,
20230921,22,11.80,37374.4,47627.5,
20230921,22,11.82,37374.4,47427.5,
20230921,22,11.85,37374.4,47420.5,
20230921,22,11.87,37374.4,47420.2,
20230921,22,11.93,37374.4,47220.2,
20230921,22,11.95,37374.4,47020.2,
20230921,22,12.00,37394.4,47017.9,
20230921,22,12.01,37394.4,47009.5,
20230921,22,12.10,37394.4,46809.5,
20230921,22,12.11,37394.4,46609.5,
20230921,22,12.13,37394.4,46489.5,
20230921,22,12.15,37394.4,46488.1,
20230921,22,12.18,37394.4,46483.1,
20230921,22,12.23,37394.4,46283.1,
20230921,22,12.24,37394.4,46282.4,
20230921,22,12.27,37394.4,46232.4,
20230921,22,12.30,37394.4,46223.0,
20230921,22,12.36,37394.4,46023.0,
20230921,22,12.40,37394.4,45973.0,
20230921,22,12.41,37394.4,45958.0,
20230921,22,12.42,37396.2,45934.8,
20230921,22,12.44,37396.2,45934.8,
20230921,22,12.50,37396.2,45734.8,
20230921,22,12.57,37396.2,45733.4,
20230921,22,12.62,37403.8,45733.2,
20230921,22,12.63,37403.8,45733.2,
20230921,22,12.66,37403.8,45393.2,
20230921,22,12.69,37407.8,45288.2,
20230921,22,12.71,37407.8,45278.7,
20230921,22,12.72,37408.4,44778.2,
20230921,22,12.73,37410.5,44778.2,
20230921,22,12.74,37410.5,44778.2,
20230921,22,12.80,37410.5,44578.2,
20230921,22,12.88,37410.5,44557.0,
20230921,22,13.00,37410.5,44555.6,
20230921,22,13.01,37414.6,44470.6,
20230921,22,13.02,37419.2,44465.1,
20230921,22,13.04,37419.2,44465.1,
20230921,22,13.05,37419.2,44456.4,
20230921,22,13.10,37421.2,44422.7,
20230921,22,13.11,37421.2,44422.7,
20230921,22,13.13,37421.2,44413.3,
20230921,22,13.14,37421.2,44403.3,
20230921,22,13.16,37421.2,44403.2,
20230921,22,13.25,37451.2,44401.2,
20230921,22,13.26,37452.2,44398.2,
20230921,22,13.27,37452.4,44398.2,
20230921,22,13.31,37452.4,44398.2,
20230921,22,13.39,37452.4,44392.9,
20230921,22,13.41,37452.8,44202.9,
20230921,22,13.42,37453.2,44202.9,
20230921,22,13.50,37463.2,44202.9,
20230921,22,13.54,37463.2,44202.4,
20230921,22,13.56,37477.3,44183.5,
20230921,22,13.61,37482.2,44178.8,
20230921,22,13.63,37482.2,44178.8,
20230921,22,13.76,37482.2,44153.8,
20230921,22,13.95,37482.2,44153.5,
20230921,22,14.00,37482.2,44129.5,
20230921,22,14.01,37484.0,44017.4,
20230921,22,14.10,37484.0,44017.4,
20230921,22,14.21,37484.0,44016.8,
20230921,22,14.24,37495.1,44016.2,
20230921,22,14.25,37506.2,44016.2,
20230921,22,14.30,37506.2,43988.0,
20230921,22,14.40,37506.5,43987.5,
20230921,22,14.41,37527.7,43963.7,
20230921,22,14.50,37527.7,43963.7,
20230921,22,14.53,37527.7,43962.3,
20230921,22,14.56,37527.7,43402.3,
20230921,22,14.60,37527.7,43402.0,
20230921,22,14.69,37531.7,43399.2,
20230921,22,14.80,37531.7,43399.2,
20230921,22,14.85,37531.7,43399.1,
20230921,22,14.95,37531.7,43387.1,
20230921,22,14.99,37531.7,43386.9,
20230921,22,15.00,37768.7,43386.8,
20230921,22,15.01,37768.7,43372.6,
20230921,22,15.10,37770.7,43368.1,
20230921,22,15.13,37770.7,43368.0,
20230921,22,15.14,37780.8,43358.1,
20230921,22,15.15,37780.8,43357.1,
20230921,22,15.20,37780.8,43268.1,
20230921,22,15.22,37780.8,43267.9,
20230921,22,15.35,37780.8,43251.3,
20230921,22,15.40,37781.0,43249.1,
20230921,22,15.41,37781.2,43249.1,
20230921,22,15.52,37781.2,43223.1,
20230921,22,15.57,37781.2,43023.1,
20230921,22,15.58,37781.2,42955.0,
20230921,22,15.71,37791.1,42954.2,
20230921,22,15.80,37791.1,42954.2,
20230921,22,15.81,37791.1,42953.9,
20230921,22,15.90,37803.1,42953.8,
20230921,22,15.91,37803.1,42953.8,
20230921,22,16.00,37804.1,42953.6,
20230921,22,16.05,37804.1,42937.2,
20230921,22,16.09,37804.1,42928.4,
20230921,22,16.10,37805.1,42926.2,
20230921,22,16.12,37869.1,42926.2,
20230921,22,16.13,37869.1,42926.2,
20230921,22,16.14,37871.6,42925.7,
20230921,22,16.15,37874.1,42899.9,
20230921,22,16.20,37875.1,42899.9,
20230921,22,16.26,37925.1,42899.9,
20230921,22,16.27,37989.1,42899.9,
20230921,22,16.30,38040.1,42899.9,
20230921,22,16.37,38104.1,42899.9,
20230921,22,16.40,38104.1,42899.9,
20230921,22,16.41,38134.0,42899.8,
20230921,22,16.47,38198.0,42899.8,
20230921,22,16.53,38198.0,42899.8,
20230921,22,16.66,38262.0,42897.0,
20230921,22,16.70,38262.0,42897.0,
20230921,22,16.75,38326.0,42896.8,
20230921,22,16.80,38326.0,42896.8,
20230921,22,16.84,38326.0,42896.7,
20230921,22,16.85,38390.0,42891.5,
20230921,22,16.99,38390.0,42825.5,
20230921,22,17.00,38410.0,42825.4,
20230921,22,17.03,38474.0,42805.3,
20230921,22,17.05,38474.0,42805.3,
20230921,22,17.08,38474.0,42805.2,
20230921,22,17.10,38474.0,42786.3,
20230921,22,17.14,38474.0,42786.1,
20230921,22,17.16,38552.8,42785.1,
20230921,22,17.18,38552.8,42785.1,
20230921,22,17.24,38580.7,42768.9,
20230921,22,17.25,38580.7,42768.9,
20230921,22,17.28,38580.7,42766.6,
20230921,22,17.30,38580.7,42689.6,
20230921,22,17.40,38580.7,42689.5,
20230921,22,17.45,38580.7,42632.0,
20230921,22,17.50,38580.7,42631.7,
20230921,22,17.54,38580.7,42631.6,
20230921,22,17.55,38580.7,42631.4,
20230921,22,17.63,38580.7,42562.4,
20230921,22,17.74,38580.7,42456.4,
20230921,22,17.76,38580.7,42412.4,
20230921,22,17.87,38580.7,42411.9,
20230921,22,17.88,38580.7,42289.9,
20230921,22,17.89,38580.7,42242.2,
20230921,22,18.00,38580.7,42192.2,
20230921,22,18.03,38580.7,42187.2,
20230921,22,18.09,38580.7,42187.1,
20230921,22,18.23,38580.7,41931.1,
20230921,22,18.30,38580.7,41930.5,
20230921,22,18.40,38610.6,41930.4,
20230921,22,18.55,38610.6,41930.4,
20230921,22,18.56,38610.6,41929.7,
20230921,22,18.58,38610.6,41887.0,
20230921,22,18.60,38610.6,41868.7,
20230921,22,18.62,38610.6,41868.6,
20230921,22,18.64,38610.6,41867.0,
20230921,22,18.69,38610.6,41817.0,
20230921,22,18.77,38610.6,41816.5,
20230921,22,18.78,38625.6,41781.5,
20230921,22,18.96,38625.6,41781.5,
20230921,22,19.00,38625.6,41724.5,
20230921,22,19.09,38625.6,41723.7,
20230921,22,19.10,38625.6,41486.7,
20230921,22,19.13,38635.6,41486.5,
20230921,22,19.14,38635.6,41486.5,
20230921,22,19.20,38636.0,41485.5,
20230921,22,19.50,38636.0,41481.0,
20230921,22,19.71,38860.0,41480.9,
20230921,22,19.90,38860.0,41480.9,
20230921,22,20.00,38860.0,41480.8,
20230921,22,20.01,38860.0,41398.3,
20230921,22,20.02,38860.0,41392.7,
20230921,22,20.10,38860.0,41340.7,
20230921,22,20.11,38861.9,41339.6,
20230921,22,20.21,38861.9,41339.6,
20230921,22,20.26,38861.9,39408.6,
20230921,22,20.30,38861.9,39390.5,
20230921,22,20.39,38863.9,39390.3,
20230921,22,20.46,38863.9,39390.3,
20230921,22,20.53,38863.9,39389.8,
20230921,22,20.62,38894.5,39389.4,
20230921,22,20.69,38894.5,39389.4,
20230921,22,21.00,38894.5,39384.8,
20230921,22,21.05,38894.5,39384.7,
20230921,22,21.10,38894.5,39378.8,
20230921,22,21.12,38894.5,39196.8,
20230921,22,21.14,38894.5,38416.8,
20230921,22,21.17,38894.5,38416.2,
20230921,22,21.50,38894.5,38415.3,
20230921,22,21.99,38894.5,38413.4,
20230921,22,22.00,38894.5,38410.5,
20230921,22,22.05,38894.5,38063.8,
20230921,22,22.28,38944.5,38062.2,
20230921,22,22.51,38944.5,38062.2,
20230921,22,22.69,38944.5,38061.6,
20230921,22,22.80,39393.6,38060.2,
20230921,22,22.92,39393.6,38060.2,
20230921,22,22.99,39393.6,38051.2,
20230921,22,23.00,39406.6,38032.3,
20230921,22,23.03,39406.6,38024.1,
20230921,22,23.10,39406.6,38024.0,
20230921,22,23.13,39406.6,38022.0,
20230921,22,23.17,39406.6,38017.6,
20230921,22,23.23,39406.6,38017.0,
20230921,22,23.52,39406.6,38011.1,
20230921,22,23.85,39406.6,38010.8,
20230921,22,24.23,39406.6,37944.5,
20230921,22,24.56,39406.6,37940.8,
20230921,22,24.69,39406.6,37920.7,
20230921,22,24.97,39406.6,37919.7,
20230921,22,25.00,39406.6,37919.2,
20230921,22,25.10,39406.6,37909.9,
20230921,22,25.14,39406.6,37907.9,
20230921,22,25.50,39406.6,37907.2,
20230921,22,25.73,39406.6,37906.4,
20230921,22,25.88,39406.6,37905.9,
20230921,22,26.24,39406.6,37897.5,
20230921,22,26.46,39406.6,37896.9,
20230921,22,26.51,39406.6,37878.7,
20230921,22,26.69,39406.6,37878.4,
20230921,22,27.00,39406.6,37877.4,
20230921,22,27.06,39406.6,37709.5,
20230921,22,27.10,39406.6,37705.1,
20230921,22,27.29,39406.6,37703.2,
20230921,22,27.46,39406.6,37340.2,
20230921,22,28.00,39406.6,37337.4,
20230921,22,28.69,39406.6,37336.5,
20230921,22,28.86,39406.6,37335.5,
20230921,22,28.89,39406.6,37326.9,
20230921,22,29.10,39406.6,37307.9,
20230921,22,29.50,39406.6,37306.9,
20230921,22,29.68,39406.6,37305.5,
20230921,22,29.83,39406.6,37301.0,
20230921,22,29.97,39406.6,37299.3,
20230921,22,30.00,39406.6,37290.6,
20230921,22,30.01,39406.6,37218.7,
20230921,22,30.56,39406.6,37178.2,
20230921,22,30.69,39406.6,37176.8,
20230921,22,30.78,39406.6,37176.4,
20230921,22,30.99,39406.6,37172.0,
20230921,22,31.00,39406.6,37170.3,
20230921,22,31.10,39406.6,37055.8,
20230921,22,32.00,39406.6,37052.0,
20230921,22,32.41,39406.6,36642.5,
20230921,22,32.61,39406.6,36620.5,
20230921,22,32.62,39406.6,36468.1,
20230921,22,32.70,39410.1,36465.3,
20230921,22,32.83,39410.1,36465.3,
20230921,22,32.92,39410.1,36446.4,
20230921,22,32.94,39410.1,36367.6,
20230921,22,33.03,39410.1,36365.9,
20230921,22,33.10,39410.1,36365.1,
20230921,22,33.33,39410.1,36364.1,
20230921,22,34.00,39410.1,36349.1,
20230921,22,34.47,39410.1,36294.5,
20230921,22,34.80,39410.1,36275.6,
20230921,22,34.89,39410.1,36176.0,
20230921,22,35.00,39410.1,36174.3,
20230921,22,35.10,39410.1,36070.4,
20230921,22,36.00,39410.1,36069.4,
20230921,22,36.19,39410.1,36017.2,
20230921,22,36.73,39410.1,36015.5,
20230921,22,36.84,39410.1,36013.8,
20230921,22,37.10,39410.1,36007.5,
20230921,22,39.10,39410.1,36006.5,
20230921,22,39.98,39470.1,36005.5,
20230921,22,40.00,39470.1,36005.5,
20230921,22,40.01,39470.1,35901.4,
20230921,22,41.10,39470.1,35901.3,
20230921,22,42.24,39470.1,35900.1,
20230921,22,44.25,39470.1,35868.3,
20230921,22,44.66,39470.1,35865.4,
20230921,22,44.72,39470.1,35839.4,
20230921,22,45.00,39470.1,35838.1,
20230921,22,45.01,39470.1,35694.5,
20230921,22,45.12,39470.1,35570.1,
20230921,22,46.00,39470.1,35565.4,
20230921,22,50.00,39470.1,35515.4,
20230921,22,50.01,39479.5,33315.4,
20230921,22,50.12,39479.5,33315.4,
20230921,22,50.50,39479.5,33210.1,
20230921,22,50.90,39479.5,33210.0,
20230921,22,51.00,39479.5,33207.4,
20230921,22,54.50,39479.5,33205.9,
20230921,22,60.00,39479.5,33205.5,
20230921,22,60.01,39479.5,33057.2,
20230921,22,61.00,39479.5,33057.1,
20230921,22,62.00,39479.5,33025.4,
20230921,22,65.00,39479.5,32938.1,
20230921,22,67.94,39479.5,32932.4,
20230921,22,70.90,39479.5,32889.1,
20230921,22,77.80,39479.5,29069.1,
20230921,22,79.90,39479.5,28941.9,
20230921,22,79.98,39499.5,28922.7,
20230921,22,80.00,39499.5,28922.7,
20230921,22,80.01,39499.5,27878.6,
20230921,22,80.10,39499.5,27390.9,
20230921,22,80.20,39499.5,27350.3,
20230921,22,80.21,39519.5,27342.3,
20230921,22,80.50,39519.5,27342.3,
20230921,22,81.00,39519.5,27342.2,
20230921,22,82.01,39519.5,27208.3,
20230921,22,85.00,39519.5,27089.8,
20230921,22,90.00,39519.5,27017.4,
20230921,22,99.90,39519.5,26760.2,
20230921,22,100.00,39519.5,26759.9,
20230921,22,100.01,39545.0,23897.0,
20230921,22,101.00,39545.0,23897.0,
20230921,22,102.00,39545.0,23751.4,
20230921,22,105.00,39545.0,23381.6,
20230921,22,120.10,39545.0,23381.4,
20230921,22,130.00,39545.0,23296.7,
20230921,22,138.00,39545.0,23288.6,
20230921,22,150.00,39545.0,23177.6,
20230921,22,190.00,39545.0,23174.8,
20230921,22,200.00,39545.0,23171.8,
20230921,22,200.01,39545.0,20588.7,
20230921,22,200.10,39545.0,18965.3,
20230921,22,200.50,39545.0,18834.4,
20230921,22,201.00,39545.0,18823.8,
20230921,22,210.00,39545.0,18669.4,
20230921,22,250.00,39545.0,18140.2,
20230921,22,300.00,39545.0,17929.0,
20230921,22,500.00,39545.0,17401.9,
20230921,22,548.66,39545.0,17399.9,
20230921,22,550.02,39545.0,16932.7,
20230921,22,999.00,39545.0,16709.6,
20230921,22,999.99,39545.0,0.0,
20230921,23,0.00,0.0,55056.5,
20230921,23,0.00,18931.3,55056.5,
20230921,23,0.01,35575.0,55056.5,
20230921,23,0.02,35750.6,55034.7,
20230921,23,0.03,35754.0,54990.7,
20230921,23,0.04,35758.2,54942.7,
20230921,23,0.09,35758.2,54942.7,
20230921,23,0.10,35758.2,54807.4,
20230921,23,0.20,35758.2,54687.3,
20230921,23,0.30,35758.2,54587.3,
20230921,23,0.43,35901.6,54583.3,
20230921,23,0.49,35923.7,54583.3,
20230921,23,0.62,35923.7,54583.3,
20230921,23,0.80,35924.7,54503.3,
20230921,23,0.90,35925.7,54503.3,
20230921,23,1.00,36506.3,54503.3,
20230921,23,1.01,36507.8,54189.6,
20230921,23,1.12,36507.8,54144.6,
20230921,23,1.32,36575.0,54114.6,
20230921,23,1.50,36576.8,54114.6,
20230921,23,2.00,36580.3,54114.6,
20230921,23,2.01,36580.3,54114.6,
20230921,23,2.07,36587.5,54074.6,
20230921,23,2.10,36587.5,54074.6,
20230921,23,2.12,36587.5,54068.6,
20230921,23,2.15,36701.0,54008.6,
20230921,23,2.43,36705.0,54008.6,
20230921,23,2.49,36706.0,54008.6,
20230921,23,2.99,36707.8,54008.6,
20230921,23,3.00,36707.8,54008.6,
20230921,23,3.01,36707.8,53768.6,
20230921,23,3.10,36707.8,53718.6,
20230921,23,3.12,36707.8,53673.6,
20230921,23,3.32,36708.8,53583.6,
20230921,23,4.13,36716.1,53583.6,
20230921,23,4.43,36720.1,53583.6,
20230921,23,4.48,36722.0,53583.6,
20230921,23,4.49,36723.0,53583.6,
20230921,23,4.65,36786.5,53583.6,
20230921,23,4.97,36786.9,53583.6,
20230921,23,5.00,36926.9,53583.6,
20230921,23,5.01,36942.4,53290.2,
20230921,23,5.04,36942.4,53210.2,
20230921,23,5.12,36942.4,52910.2,
20230921,23,5.32,36943.4,52850.2,
20230921,23,5.50,36943.5,52850.2,
20230921,23,5.56,36943.5,52850.2,
20230921,23,5.98,36945.3,52840.2,
20230921,23,6.00,36945.3,52840.2,
20230921,23,6.01,36945.3,52773.7,
20230921,23,6.02,36954.8,52762.2,
20230921,23,6.20,36962.1,52762.2,
20230921,23,6.26,36962.1,52762.2,
20230921,23,6.43,36966.1,52756.6,
20230921,23,6.94,36970.5,52756.6,
20230921,23,6.97,36971.5,52756.6,
20230921,23,7.00,37007.7,52756.6,
20230921,23,7.01,37007.7,52756.3,
20230921,23,7.12,37007.7,52460.9,
20230921,23,7.31,37007.7,52440.9,
20230921,23,7.32,37008.7,52430.9,
20230921,23,7.47,37010.5,52430.9,
20230921,23,7.50,37050.5,52430.9,
20230921,23,7.56,37050.5,52430.9,
20230921,23,7.57,37060.9,52421.3,
20230921,23,7.90,37060.9,52421.3,
20230921,23,7.93,37061.5,52416.0,
20230921,23,7.94,37061.5,52416.0,
20230921,23,8.00,37087.6,52269.0,
20230921,23,8.01,37087.6,52208.9,
20230921,23,8.02,37103.4,52199.5,
20230921,23,8.26,37110.7,52199.5,
20230921,23,8.40,37111.3,52199.5,
20230921,23,8.43,37115.3,52199.5,
20230921,23,8.46,37115.3,52199.5,
20230921,23,8.49,37115.3,52184.5,
20230921,23,8.50,37115.3,52184.4,
20230921,23,8.59,37115.3,52174.0,
20230921,23,8.70,37115.3,52171.0,
20230921,23,8.87,37115.9,52156.0,
20230921,23,8.97,37116.9,52156.0,
20230921,23,9.00,37116.9,52156.0,
20230921,23,9.23,37116.9,52155.9,
20230921,23,9.31,37116.9,52008.9,
20230921,23,9.32,37117.9,51998.9,
20230921,23,9.34,37118.5,51998.9,
20230921,23,9.36,37118.5,51998.9,
20230921,23,9.50,37118.5,51851.9,
20230921,23,9.57,37148.5,51704.9,
20230921,23,9.60,37148.5,51704.9,
20230921,23,9.66,37148.5,51587.9,
20230921,23,9.79,37148.5,51463.9,
20230921,23,9.80,37149.1,51458.1,
20230921,23,9.81,37149.1,51408.1,
20230921,23,9.82,37149.1,51358.1,
20230921,23,9.87,37149.1,51308.1,
20230921,23,9.99,37269.1,51303.0,
20230921,23,10.00,37329.6,51303.0,
20230921,23,10.05,37349.6,51198.5,
20230921,23,10.17,37349.6,51198.5,
20230921,23,10.19,37349.6,51168.5,
20230921,23,10.20,37349.6,50962.2,
20230921,23,10.21,37349.6,50828.2,
20230921,23,10.22,37349.6,50590.3,
20230921,23,10.23,37349.6,50301.9,
20230921,23,10.32,37356.8,50251.9,
20230921,23,10.38,37356.8,50251.9,
20230921,23,10.43,37360.8,50127.9,
20230921,23,10.46,37360.8,50127.9,
20230921,23,10.49,37360.8,50025.9,
20230921,23,10.50,37360.8,50025.2,
20230921,23,10.51,37360.8,49975.2,
20230921,23,10.57,37370.8,49824.2,
20230921,23,10.58,37380.8,49824.2,
20230921,23,10.59,37383.3,49824.2,
20230921,23,10.70,37383.3,49824.2,
20230921,23,10.71,37388.9,49814.8,
20230921,23,10.86,37391.3,49814.8,
20230921,23,11.00,37391.3,49814.8,
20230921,23,11.13,37393.8,49723.2,
20230921,23,11.19,37442.2,49723.2,
20230921,23,11.28,37442.2,49723.2,
20230921,23,11.31,37442.2,49723.1,
20230921,23,11.32,37444.2,49693.1,
20230921,23,11.39,37446.6,49693.1,
20230921,23,11.40,37446.6,49693.1,
20230921,23,11.50,37514.6,49542.1,
20230921,23,11.53,37514.6,49541.8,
20230921,23,11.66,37516.9,49376.8,
20230921,23,11.67,37516.9,49374.3,
20230921,23,11.79,37516.9,49252.3,
20230921,23,11.82,37516.9,49052.3,
20230921,23,11.86,37516.9,49045.3,
20230921,23,11.92,37516.9,48845.3,
20230921,23,11.95,37516.9,48645.3,
20230921,23,11.99,37516.9,48643.0,
20230921,23,12.00,37516.9,48641.6,
20230921,23,12.08,37516.9,48432.5,
20230921,23,12.11,37516.9,48232.5,
20230921,23,12.15,37516.9,47930.0,
20230921,23,12.17,37516.9,47924.9,
20230921,23,12.18,37516.9,47874.9,
20230921,23,12.20,37516.9,47674.9,
20230921,23,12.22,37516.9,47659.9,
20230921,23,12.23,37516.9,47650.5,
20230921,23,12.29,37516.9,47600.5,
20230921,23,12.30,37516.9,47400.5,
20230921,23,12.31,37517.7,47399.2,
20230921,23,12.32,37519.8,47398.9,
20230921,23,12.43,37523.8,47398.9,
20230921,23,12.44,37523.8,47398.9,
20230921,23,12.46,37523.8,47196.9,
20230921,23,12.47,37525.7,47173.8,
20230921,23,12.50,37525.7,47173.8,
20230921,23,12.54,37525.7,47173.2,
20230921,23,12.55,37526.5,47173.1,
20230921,23,12.56,37526.6,47168.4,
20230921,23,12.57,37526.6,47165.9,
20230921,23,12.63,37526.6,47164.5,
20230921,23,12.64,37526.6,46824.5,
20230921,23,12.66,37526.6,46803.2,
20230921,23,12.71,37556.6,46698.2,
20230921,23,12.73,37556.6,46698.2,
20230921,23,12.80,37556.6,46498.2,
20230921,23,12.86,37556.6,45997.4,
20230921,23,12.97,37556.6,45987.9,
20230921,23,13.00,37556.6,45987.8,
20230921,23,13.01,37557.6,45903.4,
20230921,23,13.02,37562.2,45892.7,
20230921,23,13.03,37562.2,45892.7,
20230921,23,13.04,37562.2,45884.0,
20230921,23,13.05,37562.2,45880.3,
20230921,23,13.12,37562.2,45846.6,
20230921,23,13.16,37562.2,45846.4,
20230921,23,13.31,37562.2,45845.0,
20230921,23,13.32,37564.2,45839.7,
20230921,23,13.39,37564.2,45839.7,
20230921,23,13.46,37564.2,45709.7,
20230921,23,13.47,37564.6,45681.0,
20230921,23,13.48,37565.0,45681.0,
20230921,23,13.49,37565.0,45681.0,
20230921,23,13.50,37575.0,45671.6,
20230921,23,13.57,37578.0,45671.6,
20230921,23,13.63,37578.0,45671.6,
20230921,23,13.70,37589.4,45646.6,
20230921,23,13.71,37600.8,45646.6,
20230921,23,13.74,37600.8,45646.6,
20230921,23,13.93,37600.8,45643.8,
20230921,23,13.95,37600.8,45643.3,
20230921,23,14.00,37600.8,45619.1,
20230921,23,14.01,37602.6,45506.8,
20230921,23,14.05,37602.6,45506.8,
20230921,23,14.10,37602.6,45506.5,
20230921,23,14.13,37602.6,45505.9,
20230921,23,14.20,37602.6,45487.0,
20230921,23,14.21,37603.8,45463.2,
20230921,23,14.23,37623.8,45462.6,
20230921,23,14.30,37638.2,45462.6,
20230921,23,14.43,37642.2,45462.1,
20230921,23,14.45,37647.3,45462.1,
20230921,23,14.46,37667.3,45462.1,
20230921,23,14.50,37667.3,45462.1,
20230921,23,14.53,37667.3,45460.7,
20230921,23,14.77,37667.3,44890.7,
20230921,23,14.80,37667.3,44880.7,
20230921,23,14.81,37667.3,44880.6,
20230921,23,14.97,37667.3,44868.6,
20230921,23,14.99,37667.3,44867.6,
20230921,23,15.00,37904.3,44867.5,
20230921,23,15.01,37904.3,44853.0,
20230921,23,15.06,37911.9,44848.4,
20230921,23,15.10,37911.9,44848.4,
20230921,23,15.15,37911.9,44848.3,
20230921,23,15.20,37911.9,44760.3,
20230921,23,15.21,37912.1,44760.1,
20230921,23,15.22,37912.3,44760.1,
20230921,23,15.31,37922.2,44743.5,
20230921,23,15.32,37924.2,44743.5,
20230921,23,15.39,37924.2,44743.5,
20230921,23,15.41,37924.2,44742.9,
20230921,23,15.42,37924.2,44716.9,
20230921,23,15.55,37924.2,44690.5,
20230921,23,15.58,37924.2,44490.5,
20230921,23,15.80,37924.2,44489.5,
20230921,23,15.81,37924.2,44489.2,
20230921,23,15.90,37935.2,44489.1,
20230921,23,15.91,37935.2,44489.1,
20230921,23,15.93,37935.2,44488.9,
20230921,23,15.95,37935.2,44488.4,
20230921,23,16.00,37936.2,44483.9,
20230921,23,16.05,37936.2,44457.9,
20230921,23,16.10,37937.2,44449.7,
20230921,23,16.12,38001.2,44449.7,
20230921,23,16.20,38002.2,44449.7,
20230921,23,16.26,38052.2,44449.7,
20230921,23,16.27,38116.2,44449.7,
20230921,23,16.30,38167.2,44380.2,
20230921,23,16.37,38231.2,44380.2,
20230921,23,16.40,38231.2,44380.2,
20230921,23,16.46,38261.1,44380.1,
20230921,23,16.47,38325.1,44380.1,
20230921,23,16.66,38389.1,44380.1,
20230921,23,16.69,38389.1,44380.1,
20230921,23,16.70,38417.0,44377.3,
20230921,23,16.75,38481.0,44377.1,
20230921,23,16.77,38481.0,44377.1,
20230921,23,16.80,38481.0,44367.1,
20230921,23,16.81,38481.0,44367.0,
20230921,23,16.83,38481.0,44366.9,
20230921,23,16.84,38481.0,44366.6,
20230921,23,16.85,38545.0,44365.8,
20230921,23,16.97,38545.0,44365.8,
20230921,23,16.98,38545.0,44364.8,
20230921,23,16.99,38545.0,44364.2,
20230921,23,17.00,38565.0,44364.1,
20230921,23,17.01,38575.8,44334.9,
20230921,23,17.03,38639.8,44334.9,
20230921,23,17.10,38639.8,44334.9,
20230921,23,17.16,38715.0,44334.6,
20230921,23,17.18,38715.0,44334.6,
20230921,23,17.23,38715.0,44318.4,
20230921,23,17.25,38715.0,44299.5,
20230921,23,17.30,38715.0,44298.2,
20230921,23,17.40,38715.0,44298.1,
20230921,23,17.45,38715.0,44240.6,
20230921,23,17.50,38715.0,44240.3,
20230921,23,17.55,38715.0,44240.2,
20230921,23,17.62,38715.0,44128.4,
20230921,23,17.63,38715.0,44128.3,
20230921,23,17.87,38715.0,44022.3,
20230921,23,17.88,38715.0,43900.3,
20230921,23,17.89,38715.0,43852.6,
20230921,23,18.00,38715.4,43802.6,
20230921,23,18.03,38715.4,43797.6,
20230921,23,18.20,38745.3,43797.5,
20230921,23,18.30,38745.3,43797.5,
20230921,23,18.42,38745.3,43797.4,
20230921,23,18.43,38745.3,43796.8,
20230921,23,18.58,38745.3,43796.3,
20230921,23,18.60,38745.3,43777.9,
20230921,23,18.62,38745.3,43777.8,
20230921,23,18.64,38745.3,43776.2,
20230921,23,18.78,38745.3,43726.2,
20230921,23,18.97,38745.3,43676.2,
20230921,23,19.00,38745.3,43675.2,
20230921,23,19.28,38745.3,43674.5,
20230921,23,19.32,38745.3,43674.0,
20230921,23,19.37,38745.3,43673.8,
20230921,23,19.50,38745.3,43673.1,
20230921,23,19.61,38745.3,43673.0,
20230921,23,19.71,38969.3,43672.8,
20230921,23,19.78,38971.9,43672.8,
20230921,23,19.79,38974.5,43672.8,
20230921,23,19.90,38974.5,43672.8,
20230921,23,19.94,38974.5,43672.7,
20230921,23,20.00,38974.5,43514.7,
20230921,23,20.01,38974.5,43431.9,
20230921,23,20.10,38974.5,43374.3,
20230921,23,20.11,38976.3,43373.2,
20230921,23,20.14,38976.3,43373.2,
20230921,23,20.21,38976.3,43372.3,
20230921,23,20.26,38976.3,41398.3,
20230921,23,20.30,38976.3,41379.7,
20230921,23,20.39,38979.3,41379.5,
20230921,23,20.43,38979.3,41379.5,
20230921,23,20.62,39011.4,41374.9,
20230921,23,20.87,39011.4,41374.9,
20230921,23,20.89,39011.4,41370.5,
20230921,23,20.97,39011.4,41076.5,
20230921,23,21.00,39011.4,41075.9,
20230921,23,21.10,39011.4,41075.8,
20230921,23,21.12,39011.4,40653.8,
20230921,23,21.32,39011.4,39873.8,
20230921,23,21.50,39011.4,39871.8,
20230921,23,21.59,39011.4,39871.6,
20230921,23,21.81,39011.4,39868.7,
20230921,23,21.98,39011.4,39867.2,
20230921,23,22.00,39011.4,39861.3,
20230921,23,22.28,39061.4,39509.1,
20230921,23,22.40,39061.4,39509.1,
20230921,23,22.43,39061.4,39489.8,
20230921,23,22.62,39061.4,39488.4,
20230921,23,22.77,39071.4,39487.2,
20230921,23,22.80,39520.5,39487.2,
20230921,23,22.92,39520.5,39487.2,
20230921,23,23.00,39533.5,39478.2,
20230921,23,23.03,39533.5,39477.5,
20230921,23,23.32,39533.5,39477.4,
20230921,23,23.34,39533.5,39475.4,
20230921,23,23.42,39533.5,39474.8,
20230921,23,23.44,39533.5,39469.2,
20230921,23,23.46,39533.5,39468.4,
20230921,23,23.85,39533.5,39461.8,
20230921,23,24.00,39533.9,39393.1,
20230921,23,24.23,39533.9,39391.4,
20230921,23,24.43,39533.9,39387.5,
20230921,23,24.85,39533.9,39386.5,
20230921,23,25.00,39533.9,39386.0,
20230921,23,25.18,39533.9,39375.6,
20230921,23,25.32,39533.9,39375.3,
20230921,23,25.78,39533.9,39373.3,
20230921,23,25.96,39533.9,39368.4,
20230921,23,25.99,39533.9,39359.6,
20230921,23,26.00,39533.9,39358.9,
20230921,23,26.43,39533.9,39346.3,
20230921,23,26.50,39533.9,39345.3,
20230921,23,26.75,39533.9,39342.5,
20230921,23,26.95,39533.9,39340.8,
20230921,23,27.00,39533.9,39318.1,
20230921,23,27.01,39533.9,39181.1,
20230921,23,27.10,39533.9,39176.7,
20230921,23,27.32,39533.9,39176.1,
20230921,23,27.57,39533.9,39155.7,
20230921,23,27.96,39533.9,39136.7,
20230921,23,28.00,39533.9,39135.3,
20230921,23,28.19,39533.9,39134.2,
20230921,23,28.43,39533.9,39132.5,
20230921,23,28.86,39533.9,39131.5,
20230921,23,29.05,39533.9,39123.0,
20230921,23,29.32,39533.9,39118.5,
20230921,23,29.77,39533.9,39117.5,
20230921,23,29.97,39533.9,39114.7,
20230921,23,30.00,39533.9,39105.4,
20230921,23,30.01,39533.9,39032.3,
20230921,23,30.42,39533.9,38989.5,
20230921,23,30.43,39533.9,38985.1,
20230921,23,30.56,39533.9,38936.6,
20230921,23,30.57,39533.9,38935.2,
20230921,23,30.61,39533.9,38606.2,
20230921,23,30.69,39533.9,38604.5,
20230921,23,31.02,39533.9,38486.7,
20230921,23,31.14,39533.9,38467.8,
20230921,23,31.32,39533.9,38465.0,
20230921,23,31.41,39533.9,38464.0,
20230921,23,32.00,39533.9,38386.1,
20230921,23,32.28,39533.9,37970.9,
20230921,23,32.45,39533.9,37811.9,
20230921,23,32.70,39537.4,37793.0,
20230921,23,32.74,39537.4,37793.0,
20230921,23,33.02,39537.4,37691.9,
20230921,23,33.03,39537.4,37690.2,
20230921,23,33.32,39537.4,37689.4,
20230921,23,34.00,39537.4,37688.4,
20230921,23,34.22,39537.4,37632.5,
20230921,23,34.63,39537.4,37610.2,
20230921,23,35.00,39537.4,37608.5,
20230921,23,35.30,39537.4,37504.9,
20230921,23,35.32,39537.4,37503.2,
20230921,23,35.43,39537.4,37502.2,
20230921,23,36.00,39537.4,37496.2,
20230921,23,37.32,39537.4,37444.0,
20230921,23,39.32,39537.4,37443.0,
20230921,23,39.98,39597.4,37442.0,
20230921,23,40.00,39597.4,37442.0,
20230921,23,40.01,39597.4,37336.8,
20230921,23,41.32,39597.4,37336.7,
20230921,23,41.94,39597.4,37335.3,
20230921,23,44.67,39597.4,37332.5,
20230921,23,45.00,39597.4,37300.5,
20230921,23,45.01,39597.4,37153.2,
20230921,23,45.12,39597.4,37004.0,
20230921,23,46.00,39597.4,36999.2,
20230921,23,46.58,39597.4,36949.2,
20230921,23,50.00,39597.4,36922.4,
20230921,23,50.01,39606.9,34077.1,
20230921,23,50.12,39606.9,34077.1,
20230921,23,50.50,39606.9,33970.6,
20230921,23,50.90,39606.9,33970.5,
20230921,23,51.00,39606.9,33967.8,
20230921,23,54.50,39606.9,33966.2,
20230921,23,60.00,39606.9,33965.7,
20230921,23,61.00,39606.9,33815.7,
20230921,23,62.00,39606.9,33783.5,
20230921,23,65.00,39606.9,33696.1,
20230921,23,67.94,39606.9,33690.4,
20230921,23,70.90,39606.9,33647.0,
20230921,23,77.24,39606.9,29542.0,
20230921,23,77.80,39606.9,29537.8,
20230921,23,79.90,39606.9,29402.3,
20230921,23,79.98,39626.9,29383.1,
20230921,23,80.00,39626.9,29383.1,
20230921,23,80.01,39626.9,28332.4,
20230921,23,80.05,39626.9,27839.8,
20230921,23,80.10,39626.9,27839.0,
20230921,23,80.20,39626.9,27798.1,
20230921,23,80.21,39646.9,27790.1,
20230921,23,80.50,39646.9,27790.1,
20230921,23,81.00,39646.9,27790.0,
20230921,23,82.01,39646.9,27669.3,
20230921,23,85.00,39646.9,27548.8,
20230921,23,90.00,39646.9,27264.0,
20230921,23,99.90,39646.9,27217.0,
20230921,23,100.00,39646.9,27216.6,
20230921,23,100.01,39672.6,24278.9,
20230921,23,101.00,39672.6,24278.9,
20230921,23,102.00,39672.6,24133.3,
20230921,23,105.00,39672.6,23758.1,
20230921,23,120.10,39672.6,23757.9,
20230921,23,130.00,39672.6,23672.8,
20230921,23,138.00,39672.6,23664.9,
20230921,23,150.00,39672.6,23553.3,
20230921,23,190.00,39672.6,23550.5,
20230921,23,200.00,39672.6,23547.4,
20230921,23,200.01,39672.6,20955.1,
20230921,23,200.10,39672.6,19329.5,
20230921,23,200.50,39672.6,19198.5,
20230921,23,201.00,39672.6,19187.9,
20230921,23,210.00,39672.6,19034.7,
20230921,23,250.00,39672.6,18502.7,
20230921,23,300.00,39672.6,18290.5,
20230921,23,500.00,39672.6,17763.6,
20230921,23,548.66,39672.6,17761.6,
20230921,23,550.02,39672.6,17281.4,
20230921,23,999.00,39672.6,17058.7,
20230921,23,999.99,39672.6,0.0,
20230921,24,0.00,0.0,54303.6,
20230921,24,0.00,19113.2,54303.6,
20230921,24,0.01,35773.3,54303.6,
20230921,24,0.02,35945.9,54282.0,
20230921,24,0.03,35949.5,54238.0,
20230921,24,0.04,35953.7,54189.5,
20230921,24,0.09,35953.7,54189.5,
20230921,24,0.10,35953.7,54051.4,
20230921,24,0.20,35953.7,53931.3,
20230921,24,0.30,35953.7,53831.3,
20230921,24,0.62,35953.7,53827.3,
20230921,24,0.80,35954.7,53747.3,
20230921,24,0.90,35955.7,53747.3,
20230921,24,1.00,36527.6,53747.3,
20230921,24,1.01,36529.1,53256.8,
20230921,24,1.06,36536.3,53211.8,
20230921,24,1.12,36536.3,53211.8,
20230921,24,1.38,36538.1,53181.8,
20230921,24,1.60,36597.2,53181.8,
20230921,24,1.77,36620.3,53181.8,
20230921,24,2.00,36623.8,53181.8,
20230921,24,2.01,36765.2,53181.8,
20230921,24,2.10,36765.2,53141.8,
20230921,24,2.11,36772.5,53135.8,
20230921,24,2.12,36772.5,53135.8,
20230921,24,2.15,36886.0,53075.8,
20230921,24,2.75,36887.8,53075.8,
20230921,24,3.00,36887.8,53075.8,
20230921,24,3.01,36887.8,52835.8,
20230921,24,3.10,36887.8,52785.8,
20230921,24,3.12,36887.8,52740.8,
20230921,24,3.15,36895.1,52650.8,
20230921,24,3.60,36896.1,52650.8,
20230921,24,3.77,36897.1,52650.8,
20230921,24,4.01,36901.1,52650.8,
20230921,24,4.13,36903.0,52650.8,
20230921,24,4.20,36910.3,52650.8,
20230921,24,4.65,36973.1,52650.8,
20230921,24,4.66,36973.5,52650.8,
20230921,24,5.00,37114.9,52650.8,
20230921,24,5.01,37129.9,52359.8,
20230921,24,5.04,37129.9,52279.8,
20230921,24,5.12,37129.9,51979.8,
20230921,24,5.25,37137.1,51919.8,
20230921,24,5.50,37139.0,51919.8,
20230921,24,5.60,37140.0,51919.8,
20230921,24,5.77,37142.5,51919.8,
20230921,24,6.00,37142.5,51919.8,
20230921,24,6.01,37146.5,51855.3,
20230921,24,6.02,37156.1,51843.8,
20230921,24,6.26,37156.1,51843.8,
20230921,24,6.30,37158.5,51838.2,
20230921,24,6.66,37159.5,51838.2,
20230921,24,6.72,37159.5,51838.2,
20230921,24,6.82,37162.0,51828.2,
20230921,24,6.87,37163.8,51828.2,
20230921,24,6.94,37167.9,51828.2,
20230921,24,7.00,37204.4,51828.2,
20230921,24,7.01,37204.4,51828.1,
20230921,24,7.12,37204.4,51533.0,
20230921,24,7.35,37206.8,51513.0,
20230921,24,7.42,37207.4,51513.0,
20230921,24,7.50,37247.4,51513.0,
20230921,24,7.60,37248.4,51512.8,
20230921,24,7.77,37248.4,51512.8,
20230921,24,7.87,37250.7,51512.7,
20230921,24,7.90,37250.7,51512.4,
20230921,24,7.94,37250.7,51507.1,
20230921,24,7.97,37251.3,51360.1,
20230921,24,8.00,37277.4,51360.1,
20230921,24,8.01,37281.4,51300.0,
20230921,24,8.02,37297.3,51290.6,
20230921,24,8.50,37297.3,51290.6,
20230921,24,8.52,37297.9,51280.6,
20230921,24,8.59,37297.9,51280.6,
20230921,24,8.66,37298.9,51277.6,
20230921,24,8.72,37298.9,51277.6,
20230921,24,8.73,37311.1,51269.8,
20230921,24,8.74,37311.1,51269.8,
20230921,24,9.00,37311.1,51269.5,
20230921,24,9.07,37311.7,51269.4,
20230921,24,9.23,37311.7,51269.4,
20230921,24,9.36,37311.7,51122.4,
20230921,24,9.50,37311.7,50975.4,
20230921,24,9.60,37312.7,50828.4,
20230921,24,9.62,37313.3,50711.4,
20230921,24,9.66,37313.3,50711.1,
20230921,24,9.77,37313.3,50587.1,
20230921,24,9.79,37313.3,50586.4,
20230921,24,9.80,37313.3,50580.8,
20230921,24,9.81,37313.3,50530.8,
20230921,24,9.82,37313.3,50480.8,
20230921,24,9.87,37313.3,50429.4,
20230921,24,9.99,37433.3,50424.2,
20230921,24,10.00,37484.8,50424.2,
20230921,24,10.01,37488.8,50319.7,
20230921,24,10.05,37508.8,50319.7,
20230921,24,10.17,37508.8,50319.7,
20230921,24,10.19,37508.8,50289.7,
20230921,24,10.20,37508.8,50083.4,
20230921,24,10.21,37508.8,49959.4,
20230921,24,10.22,37679.5,49721.6,
20230921,24,10.23,37679.5,49604.0,
20230921,24,10.38,37679.5,49554.0,
20230921,24,10.46,37679.5,49430.0,
20230921,24,10.49,37679.5,49343.0,
20230921,24,10.50,37679.5,49342.3,
20230921,24,10.51,37679.5,49292.3,
20230921,24,10.73,37709.5,49141.3,
20230921,24,10.98,37709.5,49141.3,
20230921,24,11.00,37709.5,49141.1,
20230921,24,11.19,37752.5,49047.6,
20230921,24,11.28,37752.5,49047.6,
20230921,24,11.40,37752.5,49047.5,
20230921,24,11.50,37820.5,48896.5,
20230921,24,11.53,37820.5,48896.5,
20230921,24,11.60,37822.4,48731.5,
20230921,24,11.67,37822.4,48731.5,
20230921,24,11.72,37832.9,48609.5,
20230921,24,11.73,37843.4,48609.5,
20230921,24,11.78,37843.4,48609.5,
20230921,24,11.82,37843.4,48409.5,
20230921,24,11.84,37843.4,48402.2,
20230921,24,11.85,37843.4,48352.2,
20230921,24,11.91,37843.4,48150.0,
20230921,24,11.94,37843.4,47950.0,
20230921,24,11.95,37843.4,47945.3,
20230921,24,11.99,37843.4,47893.1,
20230921,24,12.00,37843.4,47693.1,
20230921,24,12.01,37847.4,47684.2,
20230921,24,12.08,37847.4,47684.2,
20230921,24,12.11,37847.4,47484.2,
20230921,24,12.15,37847.4,47014.2,
20230921,24,12.16,37847.4,47009.1,
20230921,24,12.19,37847.4,46809.1,
20230921,24,12.28,37847.4,46807.7,
20230921,24,12.31,37847.4,46607.7,
20230921,24,12.44,37847.4,46605.5,
20230921,24,12.62,37847.4,46405.5,
20230921,24,12.63,37847.4,45909.3,
20230921,24,12.66,37847.4,45548.0,
20230921,24,12.67,37847.4,45442.9,
20230921,24,12.70,37847.4,45442.7,
20230921,24,12.71,37847.4,45432.7,
20230921,24,12.74,37847.4,45402.7,
20230921,24,12.75,37862.2,45202.7,
20230921,24,12.76,37862.2,45202.7,
20230921,24,12.77,37867.5,45200.5,
20230921,24,12.83,37867.5,45200.5,
20230921,24,12.99,37867.5,45191.1,
20230921,24,13.00,37867.5,45161.7,
20230921,24,13.01,37868.5,45077.2,
20230921,24,13.02,37873.2,45062.9,
20230921,24,13.03,37873.2,45029.2,
20230921,24,13.04,37873.2,45025.5,
20230921,24,13.05,37873.2,45021.8,
20230921,24,13.18,37873.2,44988.1,
20230921,24,13.21,37873.2,44987.5,
20230921,24,13.31,37873.2,44983.1,
20230921,24,13.34,37923.2,44968.3,
20230921,24,13.37,37923.2,44968.3,
20230921,24,13.39,37923.2,44965.5,
20230921,24,13.40,37923.2,44865.5,
20230921,24,13.50,37933.2,44865.2,
20230921,24,13.51,37933.2,44865.2,
20230921,24,13.54,37933.2,44864.7,
20230921,24,13.60,37935.2,44854.7,
20230921,24,13.63,37935.2,44854.7,
20230921,24,13.78,37935.2,44829.7,
20230921,24,13.95,37935.2,44820.3,
20230921,24,14.00,37935.2,44796.3,
20230921,24,14.01,37941.9,44684.1,
20230921,24,14.10,37941.9,44684.1,
20230921,24,14.21,37941.9,44683.6,
20230921,24,14.23,37961.9,44683.0,
20230921,24,14.25,37961.9,44683.0,
20230921,24,14.30,37961.9,44664.1,
20230921,24,14.50,37961.9,44663.6,
20230921,24,14.53,37961.9,44662.1,
20230921,24,14.66,37961.9,44102.1,
20230921,24,14.70,37961.9,44101.1,
20230921,24,14.71,37961.9,44091.1,
20230921,24,14.72,37967.5,44066.7,
20230921,24,14.80,37967.5,44066.7,
20230921,24,14.99,37967.5,44066.6,
20230921,24,15.00,38204.5,44066.5,
20230921,24,15.01,38236.4,43996.5,
20230921,24,15.10,38236.4,43991.9,
20230921,24,15.15,38236.4,43991.8,
20230921,24,15.19,38236.4,43903.8,
20230921,24,15.20,38236.4,43876.5,
20230921,24,15.22,38236.4,43876.3,
20230921,24,15.38,38236.4,43864.1,
20230921,24,15.41,38236.4,43852.0,
20230921,24,15.49,38236.4,43826.0,
20230921,24,15.54,38236.4,43825.5,
20230921,24,15.55,38236.4,43810.5,
20230921,24,15.58,38236.4,43610.5,
20230921,24,15.60,38238.4,43609.7,
20230921,24,15.80,38238.4,43609.7,
20230921,24,15.81,38238.4,43609.4,
20230921,24,15.90,38249.4,43609.3,
20230921,24,15.91,38249.4,43609.3,
20230921,24,16.00,38250.4,43609.1,
20230921,24,16.01,38251.6,43560.4,
20230921,24,16.02,38251.6,43560.4,
20230921,24,16.04,38251.6,43555.9,
20230921,24,16.05,38251.6,43555.7,
20230921,24,16.10,38252.6,43547.5,
20230921,24,16.12,38316.6,43547.5,
20230921,24,16.17,38316.6,43547.5,
20230921,24,16.18,38316.6,43544.7,
20230921,24,16.20,38317.6,43473.0,
20230921,24,16.22,38367.6,43473.0,
20230921,24,16.25,38367.6,43473.0,
20230921,24,16.27,38431.6,43463.0,
20230921,24,16.30,38432.6,43463.0,
20230921,24,16.37,38496.6,43463.0,
20230921,24,16.40,38496.6,43463.0,
20230921,24,16.45,38496.6,43462.9,
20230921,24,16.47,38560.6,43462.8,
20230921,24,16.66,38624.6,43462.8,
20230921,24,16.70,38624.6,43461.8,
20230921,24,16.75,38688.6,43461.6,
20230921,24,16.80,38688.6,43461.6,
20230921,24,16.85,38752.6,43461.5,
20230921,24,16.94,38752.6,43461.5,
20230921,24,16.99,38752.6,43418.8,
20230921,24,17.00,38772.6,43418.7,
20230921,24,17.01,38783.8,43379.9,
20230921,24,17.03,38847.8,43379.9,
20230921,24,17.10,38847.8,43379.9,
20230921,24,17.16,38918.6,43379.6,
20230921,24,17.18,38918.6,43379.6,
20230921,24,17.23,38918.6,43363.4,
20230921,24,17.25,38918.6,43344.5,
20230921,24,17.30,38918.6,43343.4,
20230921,24,17.40,38918.6,43343.3,
20230921,24,17.45,38918.6,43285.7,
20230921,24,17.50,38918.6,43285.4,
20230921,24,17.54,38921.6,43285.3,
20230921,24,17.55,38921.6,43285.3,
20230921,24,17.63,38921.6,43217.3,
20230921,24,17.66,38921.6,43110.5,
20230921,24,17.67,38921.6,43109.8,
20230921,24,17.70,38921.6,43030.8,
20230921,24,17.71,38934.1,43029.4,
20230921,24,17.72,38948.0,43029.4,
20230921,24,17.87,38948.0,43029.4,
20230921,24,17.88,38948.0,42907.4,
20230921,24,17.89,38948.0,42859.7,
20230921,24,17.92,38948.0,42809.7,
20230921,24,17.93,38948.7,42809.6,
20230921,24,17.94,38948.8,42809.6,
20230921,24,18.00,38949.2,42809.1,
20230921,24,18.01,38949.2,42804.2,
20230921,24,18.03,38949.2,42803.7,
20230921,24,18.30,38949.2,42803.6,
20230921,24,18.33,38949.2,42803.5,
20230921,24,18.36,38949.2,42803.4,
20230921,24,18.52,38949.2,42547.4,
20230921,24,18.55,38949.5,42546.9,
20230921,24,18.56,38949.8,42546.9,
20230921,24,18.58,38949.8,42546.9,
20230921,24,18.60,38949.8,42528.7,
20230921,24,18.62,38949.8,42528.6,
20230921,24,18.64,38949.8,42527.0,
20230921,24,18.66,38949.8,42477.0,
20230921,24,18.68,38949.8,42476.0,
20230921,24,18.71,38969.8,42475.7,
20230921,24,18.77,38969.8,42475.7,
20230921,24,18.78,39009.8,42465.7,
20230921,24,18.79,39009.8,42465.7,
20230921,24,19.00,39009.8,42465.2,
20230921,24,19.08,39009.8,42464.5,
20230921,24,19.21,39009.8,42299.5,
20230921,24,19.50,39009.8,42170.5,
20230921,24,19.60,39009.8,42170.1,
20230921,24,19.71,39233.8,42169.9,
20230921,24,19.90,39233.8,42169.9,
20230921,24,20.00,39233.8,42169.8,
20230921,24,20.01,39233.8,42085.2,
20230921,24,20.02,39233.8,42075.0,
20230921,24,20.10,39233.8,42023.0,
20230921,24,20.11,39235.7,42021.9,
20230921,24,20.19,39235.7,42021.9,
20230921,24,20.21,39235.7,42003.0,
20230921,24,20.30,39235.7,40029.0,
20230921,24,20.39,39237.7,40028.9,
20230921,24,20.43,39237.7,40028.9,
20230921,24,20.62,39269.8,40028.0,
20230921,24,20.66,39269.8,40028.0,
20230921,24,20.70,39279.7,40027.4,
20230921,24,20.71,39337.5,40023.0,
20230921,24,20.84,39337.5,40023.0,
20230921,24,21.00,39337.5,40020.1,
20230921,24,21.10,39337.5,40020.0,
20230921,24,21.12,39337.5,39662.0,
20230921,24,21.25,39340.2,38882.0,
20230921,24,21.26,39342.9,38882.0,
20230921,24,21.33,39342.9,38882.0,
20230921,24,21.45,39342.9,38881.8,
20230921,24,21.54,39372.8,38880.7,
20230921,24,21.60,39372.8,38880.7,
20230921,24,21.98,39372.8,38878.7,
20230921,24,22.00,39372.8,38806.8,
20230921,24,22.01,39372.8,38457.4,
20230921,24,22.09,39372.8,38455.9,
20230921,24,22.15,39372.8,38455.3,
20230921,24,22.20,39372.8,38454.7,
20230921,24,22.28,39422.8,38435.8,
20230921,24,22.56,39430.4,38435.8,
20230921,24,22.80,39879.5,38435.8,
20230921,24,22.92,39879.5,38435.8,
20230921,24,22.94,39879.5,38426.8,
20230921,24,23.00,39892.5,38421.5,
20230921,24,23.03,39892.5,38421.3,
20230921,24,23.14,39892.5,38421.2,
20230921,24,23.22,39892.5,38417.3,
20230921,24,23.33,39892.5,38416.5,
20230921,24,23.46,39892.5,38416.0,
20230921,24,23.50,39892.5,38409.5,
20230921,24,23.52,39892.5,38382.6,
20230921,24,23.60,39892.5,38377.2,
20230921,24,23.97,39892.5,38375.2,
20230921,24,24.00,39892.9,38374.9,
20230921,24,24.01,39892.9,38374.9,
20230921,24,24.25,39902.9,38373.9,
20230921,24,24.29,39902.9,38373.9,
20230921,24,25.00,39902.9,38373.4,
20230921,24,25.13,39902.9,38363.2,
20230921,24,25.20,39902.9,38362.5,
20230921,24,25.37,39902.9,38362.0,
20230921,24,25.39,39902.9,38357.6,
20230921,24,25.51,39902.9,38348.2,
20230921,24,25.60,39902.9,38345.4,
20230921,24,26.00,39902.9,38343.4,
20230921,24,26.01,39902.9,38331.0,
20230921,24,26.02,39902.9,38330.0,
20230921,24,26.38,39902.9,38328.3,
20230921,24,26.61,39902.9,38327.7,
20230921,24,26.63,39902.9,38326.3,
20230921,24,27.00,39902.9,38307.7,
20230921,24,27.01,39902.9,38184.0,
20230921,24,27.17,39902.9,38179.9,
20230921,24,27.60,39902.9,38160.9,
20230921,24,27.82,39902.9,38159.1,
20230921,24,28.00,39902.9,38157.4,
20230921,24,28.01,39902.9,38156.1,
20230921,24,28.49,39902.9,38155.1,
20230921,24,28.63,39902.9,38150.6,
20230921,24,29.22,39902.9,38140.2,
20230921,24,29.60,39902.9,37763.2,
20230921,24,29.79,39902.9,37762.2,
20230921,24,29.92,39902.9,37757.8,
20230921,24,29.97,39902.9,37755.0,
20230921,24,30.00,39902.9,37746.8,
20230921,24,30.01,39902.9,37674.7,
20230921,24,30.05,39902.9,37631.0,
20230921,24,30.18,39902.9,37512.2,
20230921,24,30.48,39902.9,37434.5,
20230921,24,30.56,39902.9,37415.6,
20230921,24,30.83,39902.9,37414.3,
20230921,24,31.60,39902.9,37412.6,
20230921,24,31.86,39902.9,37411.6,
20230921,24,32.00,39902.9,37392.7,
20230921,24,32.14,39902.9,36977.7,
20230921,24,32.28,39902.9,36879.8,
20230921,24,32.70,39906.4,36711.1,
20230921,24,33.03,39906.4,36711.1,
20230921,24,33.33,39906.4,36710.3,
20230921,24,33.60,39906.4,36670.3,
20230921,24,33.83,39906.4,36669.3,
20230921,24,34.00,39906.4,36667.6,
20230921,24,34.22,39906.4,36612.1,
20230921,24,35.00,39906.4,36589.3,
20230921,24,35.60,39906.4,36486.8,
20230921,24,35.84,39906.4,36485.8,
20230921,24,36.00,39906.4,36484.1,
20230921,24,36.67,39906.4,36431.9,
20230921,24,36.84,39906.4,36430.2,
20230921,24,37.60,39906.4,36425.9,
20230921,24,39.60,39906.4,36424.9,
20230921,24,39.92,39906.4,36423.9,
20230921,24,39.98,39966.4,36421.1,
20230921,24,40.00,39966.4,36421.1,
20230921,24,40.01,39966.4,36314.4,
20230921,24,41.60,39966.4,36314.3,
20230921,24,44.65,39966.4,36312.7,
20230921,24,44.72,39966.4,36280.1,
20230921,24,45.00,39966.4,36279.2,
20230921,24,45.01,39966.4,36131.9,
20230921,24,45.12,39966.4,35975.3,
20230921,24,46.00,39966.4,35970.5,
20230921,24,46.58,39966.4,35918.7,
20230921,24,48.50,39966.4,35890.6,
20230921,24,50.00,39966.4,35890.5,
20230921,24,50.01,39975.9,33324.9,
20230921,24,50.12,39975.9,33324.9,
20230921,24,50.90,39975.9,33217.7,
20230921,24,51.00,39975.9,33214.9,
20230921,24,52.50,39975.9,33213.3,
20230921,24,59.90,39975.9,33212.8,
20230921,24,60.00,39975.9,33211.8,
20230921,24,61.00,39975.9,33061.3,
20230921,24,62.00,39975.9,33028.8,
20230921,24,65.00,39975.9,32941.4,
20230921,24,67.94,39975.9,32935.9,
20230921,24,70.90,39975.9,32892.6,
20230921,24,77.80,39975.9,28851.6,
20230921,24,79.90,39975.9,28715.9,
20230921,24,79.98,39995.9,28696.9,
20230921,24,80.00,39995.9,28696.9,
20230921,24,80.01,39995.9,27660.2,
20230921,24,80.05,39995.9,27168.3,
20230921,24,80.10,39995.9,27161.5,
20230921,24,80.20,39995.9,27122.1,
20230921,24,80.21,40015.9,27114.1,
20230921,24,80.50,40015.9,27114.1,
20230921,24,81.00,40015.9,27114.0,
20230921,24,82.01,40015.9,26989.7,
20230921,24,85.00,40015.9,26867.7,
20230921,24,90.00,40015.9,26795.8,
20230921,24,99.90,40015.9,26749.1,
20230921,24,100.00,40015.9,26748.7,
20230921,24,100.01,40041.6,23887.1,
20230921,24,101.00,40041.6,23887.1,
20230921,24,102.00,40041.6,23741.5,
20230921,24,105.00,40041.6,23379.4,
20230921,24,118.11,40041.6,23379.2,
20230921,24,120.10,40041.6,23168.5,
20230921,24,130.00,40041.6,23084.5,
20230921,24,138.00,40041.6,23076.5,
20230921,24,150.00,40041.6,22962.8,
20230921,24,190.00,40041.6,22960.0,
20230921,24,200.00,40041.6,22957.1,
20230921,24,200.01,40041.6,20351.2,
20230921,24,200.10,40041.6,18724.7,
20230921,24,200.50,40041.6,18593.7,
20230921,24,201.00,40041.6,18583.1,
20230921,24,210.00,40041.6,18433.2,
20230921,24,250.00,40041.6,17904.7,
20230921,24,300.00,40041.6,17692.2,
20230921,24,500.00,40041.6,17165.6,
20230921,24,548.66,40041.6,17163.6,
20230921,24,550.02,40041.6,16666.4,
20230921,24,999.00,40041.6,16444.5,
20230921,24,999.99,40041.6,0.0,
20230921,25,0.00,0.0,52271.0,
20230921,25,0.00,18938.3,52271.0,
20230921,25,0.01,35408.2,52271.0,
20230921,25,0.02,35577.9,52250.6,
20230921,25,0.03,35581.4,52208.0,
20230921,25,0.04,35585.5,52160.6,
20230921,25,0.09,35585.5,52160.6,
20230921,25,0.10,35585.5,52023.4,
20230921,25,0.12,35632.9,51903.3,
20230921,25,0.19,35767.2,51903.3,
20230921,25,0.20,35767.2,51903.3,
20230921,25,0.30,35767.2,51803.3,
20230921,25,0.62,35767.2,51799.3,
20230921,25,0.90,35768.2,51719.3,
20230921,25,1.00,36344.2,51719.3,
20230921,25,1.01,36345.6,51237.4,
20230921,25,1.12,36345.6,51192.4,
20230921,25,1.29,36347.4,51152.4,
20230921,25,1.77,36370.6,51152.4,
20230921,25,1.96,36377.8,51152.4,
20230921,25,2.00,36381.4,51152.4,
20230921,25,2.01,36381.4,51152.4,
20230921,25,2.10,36381.4,51112.4,
20230921,25,2.12,36382.4,51106.4,
20230921,25,2.15,36495.0,51026.4,
20230921,25,2.19,36499.0,51026.4,
20230921,25,2.57,36500.8,51026.4,
20230921,25,3.00,36500.8,51026.4,
20230921,25,3.01,36500.8,50786.4,
20230921,25,3.10,36500.8,50736.4,
20230921,25,3.12,36500.8,50691.4,
20230921,25,3.77,36501.8,50571.4,
20230921,25,3.85,36503.7,50571.4,
20230921,25,3.91,36511.0,50571.4,
20230921,25,4.12,36512.0,50571.4,
20230921,25,4.19,36516.0,50571.4,
20230921,25,4.56,36516.8,50571.4,
20230921,25,4.65,36577.9,50571.4,
20230921,25,5.00,36741.2,50571.4,
20230921,25,5.01,36755.4,50287.8,
20230921,25,5.04,36755.4,50207.8,
20230921,25,5.12,36757.2,49907.8,
20230921,25,5.50,36757.3,49827.8,
20230921,25,5.87,36764.6,49827.8,
20230921,25,6.00,36764.6,49817.8,
20230921,25,6.01,36764.6,49757.3,
20230921,25,6.02,36773.7,49746.2,
20230921,25,6.12,36774.7,49746.2,
20230921,25,6.19,36778.7,49746.2,
20230921,25,6.26,36778.7,49746.2,
20230921,25,6.40,36780.5,49740.6,
20230921,25,6.56,36781.5,49740.6,
20230921,25,6.94,36782.1,49740.6,
20230921,25,7.00,36818.3,49740.6,
20230921,25,7.01,36818.3,49740.5,
20230921,25,7.12,36818.3,49450.0,
20230921,25,7.48,36818.9,49410.0,
20230921,25,7.50,36858.9,49410.0,
20230921,25,7.71,36858.9,49409.8,
20230921,25,7.77,36858.9,49379.8,
20230921,25,7.82,36866.2,49379.7,
20230921,25,7.87,36866.2,49379.7,
20230921,25,7.88,36879.0,49372.5,
20230921,25,7.90,36879.0,49372.5,
20230921,25,7.94,36879.0,49367.2,
20230921,25,8.00,36905.1,49220.2,
20230921,25,8.01,36905.1,49159.7,
20230921,25,8.02,36920.6,49151.0,
20230921,25,8.03,36921.2,49151.0,
20230921,25,8.12,36922.2,49151.0,
20230921,25,8.19,36926.2,49151.0,
20230921,25,8.31,36926.2,49151.0,
20230921,25,8.50,36926.2,49141.0,
20230921,25,8.56,36927.2,49131.0,
20230921,25,8.57,36927.8,49131.0,
20230921,25,8.59,36927.8,49131.0,
20230921,25,9.00,36927.8,49128.2,
20230921,25,9.11,36928.4,49128.1,
20230921,25,9.23,36928.4,49128.1,
20230921,25,9.36,36928.4,48981.1,
20230921,25,9.50,36928.4,48834.1,
20230921,25,9.52,36928.4,48687.1,
20230921,25,9.60,36928.4,48686.9,
20230921,25,9.63,36928.4,48574.9,
20230921,25,9.66,36928.4,48569.5,
20230921,25,9.71,36928.4,48445.5,
20230921,25,9.72,36932.6,48419.7,
20230921,25,9.77,36939.8,48419.7,
20230921,25,9.79,36939.8,48419.0,
20230921,25,9.80,36939.8,48413.5,
20230921,25,9.81,36939.8,48363.5,
20230921,25,9.82,36939.8,48313.5,
20230921,25,9.88,36969.8,48263.5,
20230921,25,9.93,36972.3,48263.5,
20230921,25,9.99,37092.3,48263.5,
20230921,25,10.00,37141.5,48263.5,
20230921,25,10.05,37161.5,47954.1,
20230921,25,10.10,37163.9,47954.1,
20230921,25,10.12,37165.3,47954.1,
20230921,25,10.17,37165.3,47954.1,
20230921,25,10.19,37169.3,47924.1,
20230921,25,10.20,37169.3,47924.1,
20230921,25,10.21,37169.3,47800.1,
20230921,25,10.22,37288.6,47564.4,
20230921,25,10.23,37288.6,47395.5,
20230921,25,10.26,37291.1,47345.5,
20230921,25,10.31,37291.1,47345.5,
20230921,25,10.38,37291.1,47330.5,
20230921,25,10.42,37293.5,47206.5,
20230921,25,10.46,37293.5,47206.5,
20230921,25,10.50,37293.5,47119.5,
20230921,25,10.51,37293.5,47068.6,
20230921,25,10.58,37295.8,46917.6,
20230921,25,10.85,37295.8,46915.1,
20230921,25,10.86,37299.0,46912.6,
20230921,25,10.88,37309.6,46912.6,
20230921,25,10.89,37320.2,46907.9,
20230921,25,11.00,37320.2,46907.9,
20230921,25,11.13,37320.2,46846.8,
20230921,25,11.19,37363.2,46844.3,
20230921,25,11.28,37363.2,46844.3,
20230921,25,11.40,37363.2,46844.2,
20230921,25,11.48,37363.2,46688.1,
20230921,25,11.50,37431.2,46687.9,
20230921,25,11.53,37431.2,46687.3,
20230921,25,11.67,37431.2,46522.3,
20230921,25,11.71,37431.2,46400.3,
20230921,25,11.72,37463.2,46377.3,
20230921,25,11.76,37463.2,46377.3,
20230921,25,11.79,37463.2,46177.3,
20230921,25,11.82,37463.2,46127.3,
20230921,25,11.84,37463.2,46120.3,
20230921,25,11.90,37463.2,45870.3,
20230921,25,11.95,37463.2,45670.3,
20230921,25,11.98,37463.2,45668.5,
20230921,25,12.00,37465.5,45468.5,
20230921,25,12.01,37465.5,45431.2,
20230921,25,12.07,37465.5,45426.1,
20230921,25,12.08,37465.5,45226.1,
20230921,25,12.11,37465.5,45205.4,
20230921,25,12.12,37467.5,44625.4,
20230921,25,12.15,37467.5,44625.4,
20230921,25,12.19,37471.5,44425.4,
20230921,25,12.25,37471.5,44425.4,
20230921,25,12.31,37471.5,44225.4,
20230921,25,12.32,37472.9,44201.8,
20230921,25,12.38,37492.9,44201.8,
20230921,25,12.40,37492.9,44201.8,
20230921,25,12.46,37492.9,44001.8,
20230921,25,12.48,37492.9,44001.3,
20230921,25,12.50,37492.9,43991.3,
20230921,25,12.56,37492.9,43990.8,
20230921,25,12.63,37492.9,43990.7,
20230921,25,12.66,37492.9,43650.7,
20230921,25,12.68,37492.9,43545.7,
20230921,25,12.72,37504.3,42871.3,
20230921,25,12.73,37515.7,42871.3,
20230921,25,12.74,37530.8,42871.0,
20230921,25,12.77,37536.2,42871.0,
20230921,25,12.83,37536.2,42871.0,
20230921,25,12.85,37586.2,42840.4,
20230921,25,13.00,37586.2,42840.4,
20230921,25,13.01,37586.2,42762.3,
20230921,25,13.02,37590.6,42756.9,
20230921,25,13.03,37590.6,42748.2,
20230921,25,13.04,37598.2,42714.5,
20230921,25,13.05,37598.2,42680.8,
20230921,25,13.10,37598.2,42654.1,
20230921,25,13.11,37598.2,42592.1,
20230921,25,13.19,37648.2,42154.1,
20230921,25,13.21,37648.2,42154.1,
20230921,25,13.23,37648.2,42090.1,
20230921,25,13.27,37648.2,42031.1,
20230921,25,13.31,37648.5,42030.5,
20230921,25,13.32,37648.8,42025.4,
20230921,25,13.39,37648.8,42025.4,
20230921,25,13.50,37658.8,41925.4,
20230921,25,13.63,37658.8,41925.4,
20230921,25,13.71,37678.8,41902.4,
20230921,25,13.80,37678.8,41902.4,
20230921,25,13.95,37678.8,41897.9,
20230921,25,13.98,37708.8,41876.3,
20230921,25,14.00,37708.8,41876.3,
20230921,25,14.01,37711.4,41858.8,
20230921,25,14.10,37711.4,41601.8,
20230921,25,14.12,37713.4,41601.3,
20230921,25,14.15,37713.4,41601.3,
20230921,25,14.19,37717.4,41600.8,
20230921,25,14.21,37717.4,41600.8,
20230921,25,14.26,37747.4,41600.2,
20230921,25,14.30,37747.4,41600.2,
20230921,25,14.43,37764.4,41599.7,
20230921,25,14.48,37764.4,41599.7,
20230921,25,14.50,37764.4,41589.7,
20230921,25,14.53,37764.4,41588.2,
20230921,25,14.56,37764.4,41218.2,
20230921,25,14.62,37764.4,41217.2,
20230921,25,14.66,37764.4,40933.2,
20230921,25,14.80,37764.4,40931.8,
20230921,25,14.99,37764.4,40931.7,
20230921,25,15.00,38000.4,40931.6,
20230921,25,15.01,38000.4,40885.3,
20230921,25,15.10,38000.4,40881.0,
20230921,25,15.12,38000.4,40880.9,
20230921,25,15.15,38000.4,40871.5,
20230921,25,15.19,38000.4,40783.5,
20230921,25,15.20,38000.4,40755.3,
20230921,25,15.21,38000.4,40755.1,
20230921,25,15.22,38000.4,40754.8,
20230921,25,15.41,38000.4,40747.9,
20230921,25,15.44,38000.4,40721.9,
20230921,25,15.51,38000.4,40720.5,
20230921,25,15.52,38000.4,40712.9,
20230921,25,15.58,38000.4,40512.9,
20230921,25,15.59,38000.4,40512.0,
20230921,25,15.71,38058.2,40499.9,
20230921,25,15.73,38058.2,40499.9,
20230921,25,15.78,38058.2,40492.1,
20230921,25,15.79,38058.8,40492.0,
20230921,25,15.80,38058.9,40492.0,
20230921,25,15.81,38058.9,40482.2,
20230921,25,15.88,38058.9,40482.1,
20230921,25,15.90,38062.9,40439.8,
20230921,25,15.91,38062.9,40389.8,
20230921,25,16.00,38065.9,40389.6,
20230921,25,16.05,38065.9,40369.9,
20230921,25,16.09,38065.9,40363.4,
20230921,25,16.10,38068.9,40288.8,
20230921,25,16.12,38134.9,40288.8,
20230921,25,16.20,38138.3,40288.8,
20230921,25,16.22,38138.3,40288.8,
20230921,25,16.27,38202.3,40287.4,
20230921,25,16.30,38205.3,40287.4,
20230921,25,16.31,38235.2,40287.4,
20230921,25,16.37,38299.2,40277.4,
20230921,25,16.39,38299.2,40277.4,
20230921,25,16.40,38299.2,40276.7,
20230921,25,16.47,38363.2,40275.9,
20230921,25,16.48,38363.2,40275.9,
20230921,25,16.56,38363.2,40266.5,
20230921,25,16.66,38427.2,40265.5,
20230921,25,16.69,38427.2,40265.5,
20230921,25,16.70,38427.2,40265.4,
20230921,25,16.75,38491.2,40265.1,
20230921,25,16.80,38491.2,40265.1,
20230921,25,16.85,38555.2,40265.0,
20230921,25,16.98,38555.2,40265.0,
20230921,25,16.99,38555.2,40264.5,
20230921,25,17.00,38555.2,40264.4,
20230921,25,17.01,38566.5,40222.1,
20230921,25,17.03,38630.5,40222.1,
20230921,25,17.10,38630.5,40222.1,
20230921,25,17.15,38630.5,40221.9,
20230921,25,17.16,38708.4,40203.0,
20230921,25,17.18,38708.4,40203.0,
20230921,25,17.25,38708.4,40186.8,
20230921,25,17.30,38708.4,40185.7,
20230921,25,17.40,38708.4,40185.6,
20230921,25,17.45,38708.4,40177.8,
20230921,25,17.47,38708.4,40177.6,
20230921,25,17.48,38708.8,40176.0,
20230921,25,17.49,38710.8,40176.0,
20230921,25,17.50,38730.8,40176.0,
20230921,25,17.63,38730.8,40175.8,
20230921,25,17.65,38768.3,40107.3,
20230921,25,17.68,38768.3,40107.3,
20230921,25,17.82,38768.3,40107.1,
20230921,25,17.86,38768.3,40102.7,
20230921,25,17.87,38768.3,40102.2,
20230921,25,17.88,38768.3,39980.2,
20230921,25,17.89,38768.3,39932.5,
20230921,25,17.91,38774.3,39882.5,
20230921,25,18.00,38774.3,39882.5,
20230921,25,18.03,38774.3,39877.1,
20230921,25,18.19,38774.3,39877.0,
20230921,25,18.30,38774.3,39876.5,
20230921,25,18.50,38774.3,39876.4,
20230921,25,18.56,38774.3,39875.7,
20230921,25,18.58,38774.3,39874.7,
20230921,25,18.60,38774.3,39856.7,
20230921,25,18.62,38774.3,39856.6,
20230921,25,18.63,38774.4,39855.1,
20230921,25,18.64,38774.4,39855.1,
20230921,25,18.77,38774.4,39805.1,
20230921,25,18.78,38812.4,39793.1,
20230921,25,18.81,38812.4,39793.1,
20230921,25,19.00,38812.4,39790.3,
20230921,25,19.26,38812.4,39789.6,
20230921,25,19.27,38812.4,39788.7,
20230921,25,19.50,38812.4,39769.8,
20230921,25,19.52,38812.4,39769.7,
20230921,25,19.71,39036.4,39769.1,
20230921,25,19.81,39036.4,39769.1,
20230921,25,19.90,39036.4,39768.5,
20230921,25,20.00,39036.4,39768.4,
20230921,25,20.01,39036.4,39685.6,
20230921,25,20.02,39036.4,39680.2,
20230921,25,20.10,39036.4,39628.2,
20230921,25,20.11,39038.4,39627.2,
20230921,25,20.12,39038.4,39627.2,
20230921,25,20.16,39038.4,39627.0,
20230921,25,20.19,39038.4,39626.7,
20230921,25,20.21,39038.4,39622.1,
20230921,25,20.30,39038.4,37903.1,
20230921,25,20.36,39038.4,37903.0,
20230921,25,20.39,39040.4,37884.4,
20230921,25,20.48,39050.3,37884.4,
20230921,25,20.56,39050.3,37884.4,
20230921,25,20.62,39082.9,37883.8,
20230921,25,20.64,39082.9,37883.8,
20230921,25,21.00,39082.9,37806.4,
20230921,25,21.10,39082.9,37806.3,
20230921,25,21.12,39082.9,37625.3,
20230921,25,21.31,39085.7,36845.3,
20230921,25,21.32,39088.5,36845.3,
20230921,25,21.40,39088.5,36845.3,
20230921,25,21.52,39088.5,36838.6,
20230921,25,21.60,39088.9,36837.8,
20230921,25,21.69,39088.9,36837.1,
20230921,25,21.70,39088.9,36836.7,
20230921,25,21.83,39088.9,36836.2,
20230921,25,22.00,39088.9,36828.9,
20230921,25,22.12,39088.9,36511.7,
20230921,25,22.19,39088.9,36509.7,
20230921,25,22.28,39138.9,36508.2,
20230921,25,22.47,39138.9,36508.2,
20230921,25,22.48,39138.9,36507.6,
20230921,25,22.64,39138.9,36507.1,
20230921,25,22.80,39588.0,36479.1,
20230921,25,22.81,39588.0,36479.1,
20230921,25,22.86,39588.0,36460.2,
20230921,25,22.92,39588.0,36454.8,
20230921,25,23.00,39601.0,36445.8,
20230921,25,23.03,39601.0,36444.6,
20230921,25,23.31,39601.0,36444.5,
20230921,25,23.79,39601.0,36413.3,
20230921,25,23.93,39601.0,36411.6,
20230921,25,24.00,39601.0,36407.9,
20230921,25,24.12,39601.0,36396.7,
20230921,25,24.19,39601.0,36394.7,
20230921,25,24.31,39611.0,36393.7,
20230921,25,24.50,39611.0,36393.7,
20230921,25,24.84,39611.0,36389.2,
20230921,25,25.00,39611.0,36386.4,
20230921,25,25.11,39611.0,36378.6,
20230921,25,25.14,39611.0,36377.4,
20230921,25,25.62,39611.0,36375.7,
20230921,25,25.84,39611.0,36371.3,
20230921,25,26.12,39611.0,36259.1,
20230921,25,26.19,39611.0,36257.1,
20230921,25,26.34,39611.0,36256.1,
20230921,25,26.86,39611.0,36237.1,
20230921,25,27.00,39611.0,36234.3,
20230921,25,27.38,39611.0,36113.7,
20230921,25,27.69,39611.0,36112.0,
20230921,25,27.86,39611.0,36109.2,
20230921,25,28.00,39611.0,36038.5,
20230921,25,28.12,39611.0,36037.2,
20230921,25,28.19,39611.0,36035.5,
20230921,25,28.63,39611.0,36034.5,
20230921,25,28.69,39611.0,36028.6,
20230921,25,29.63,39611.0,36009.7,
20230921,25,29.67,39611.0,36008.0,
20230921,25,29.87,39611.0,35989.1,
20230921,25,29.97,39611.0,35899.3,
20230921,25,30.00,39611.0,35890.1,
20230921,25,30.01,39611.0,35820.7,
20230921,25,30.12,39611.0,35783.1,
20230921,25,30.19,39611.0,35782.1,
20230921,25,30.56,39611.0,35781.5,
20230921,25,31.13,39611.0,35780.3,
20230921,25,31.76,39611.0,35778.6,
20230921,25,31.88,39611.0,35776.9,
20230921,25,31.98,39611.0,35776.0,
20230921,25,32.00,39611.0,35593.9,
20230921,25,32.12,39611.0,35207.8,
20230921,25,32.70,39614.5,35206.8,
20230921,25,33.03,39614.5,35206.8,
20230921,25,33.33,39614.5,35206.0,
20230921,25,34.00,39614.5,35168.0,
20230921,25,34.12,39614.5,35115.1,
20230921,25,34.22,39614.5,35114.1,
20230921,25,35.00,39614.5,35090.6,
20230921,25,36.00,39614.5,34993.9,
20230921,25,36.12,39614.5,34939.5,
20230921,25,37.67,39614.5,34938.5,
20230921,25,38.12,39614.5,34935.7,
20230921,25,39.95,39614.5,34934.7,
20230921,25,39.98,39674.5,34903.5,
20230921,25,40.00,39674.5,34903.5,
20230921,25,40.01,39674.5,34800.1,
20230921,25,40.12,39674.5,34800.0,
20230921,25,42.12,39674.5,34799.0,
20230921,25,44.50,39674.5,34797.4,
20230921,25,45.00,39674.5,34797.3,
20230921,25,45.01,39674.5,34654.7,
20230921,25,45.12,39674.5,34426.3,
20230921,25,45.52,39674.5,34421.5,
20230921,25,46.00,39674.5,34394.8,
20230921,25,48.50,39674.5,34344.8,
20230921,25,50.00,39674.5,34344.3,
20230921,25,50.01,39683.9,32348.0,
20230921,25,50.12,39683.9,32348.0,
20230921,25,50.90,39683.9,32242.9,
20230921,25,51.00,39683.9,32239.9,
20230921,25,59.90,39683.9,32238.3,
20230921,25,60.00,39683.9,32237.3,
20230921,25,61.00,39683.9,32092.7,
20230921,25,62.00,39683.9,32060.7,
20230921,25,65.00,39683.9,31974.8,
20230921,25,67.94,39683.9,31970.0,
20230921,25,70.90,39683.9,31930.5,
20230921,25,77.80,39683.9,28321.5,
20230921,25,79.90,39683.9,28174.2,
20230921,25,79.98,39703.9,28155.6,
20230921,25,80.00,39703.9,28155.6,
20230921,25,80.01,39703.9,27171.5,
20230921,25,80.05,39703.9,26698.6,
20230921,25,80.10,39703.9,26689.9,
20230921,25,80.20,39703.9,26658.0,
20230921,25,80.21,39723.9,26650.0,
20230921,25,80.50,39723.9,26650.0,
20230921,25,81.00,39723.9,26649.9,
20230921,25,82.00,39723.9,26518.9,
20230921,25,82.01,39723.9,26331.0,
20230921,25,85.00,39723.9,26210.0,
20230921,25,90.00,39723.9,26141.0,
20230921,25,99.90,39723.9,26096.7,
20230921,25,100.00,39723.9,26096.3,
20230921,25,100.01,39749.0,22834.0,
20230921,25,101.00,39749.0,22834.0,
20230921,25,102.00,39749.0,22688.4,
20230921,25,105.00,39749.0,22404.9,
20230921,25,120.10,39749.0,22404.7,
20230921,25,130.00,39749.0,22323.5,
20230921,25,138.00,39749.0,22315.9,
20230921,25,150.00,39749.0,22202.6,
20230921,25,190.00,39749.0,22199.9,
20230921,25,200.00,39749.0,22197.3,
20230921,25,200.01,39749.0,19660.9,
20230921,25,200.10,39749.0,18058.2,
20230921,25,200.50,39749.0,17927.3,
20230921,25,201.00,39749.0,17916.7,
20230921,25,210.00,39749.0,17786.7,
20230921,25,250.00,39749.0,17262.8,
20230921,25,300.00,39749.0,17050.2,
20230921,25,500.00,39749.0,16524.2,
20230921,25,548.66,39749.0,16522.2,
20230921,25,550.02,39749.0,16066.2,
20230921,25,999.00,39749.0,15845.7,
20230921,25,999.99,39749.0,0.0,
20230921,26,0.00,0.0,52520.2,
20230921,26,0.00,18680.6,52520.2,
20230921,26,0.01,35146.5,52520.2,
20230921,26,0.02,35316.8,52499.9,
20230921,26,0.03,35320.1,52457.0,
20230921,26,0.04,35324.2,52409.8,
20230921,26,0.09,35324.2,52409.8,
20230921,26,0.10,35324.2,52276.9,
20230921,26,0.12,35372.3,52156.8,
20230921,26,0.20,35372.3,52156.8,
20230921,26,0.30,35372.3,52056.8,
20230921,26,0.60,35501.7,52052.8,
20230921,26,0.62,35501.7,52052.8,
20230921,26,0.90,35502.7,51972.8,
20230921,26,1.00,36071.2,51972.8,
20230921,26,1.01,36072.6,51671.3,
20230921,26,1.12,36072.6,51626.3,
20230921,26,1.32,36074.4,51586.3,
20230921,26,1.79,36096.5,51586.3,
20230921,26,1.93,36103.7,51586.3,
20230921,26,2.00,36107.3,51586.3,
20230921,26,2.01,36107.3,51586.3,
20230921,26,2.10,36107.3,51546.3,
20230921,26,2.12,36108.3,51540.3,
20230921,26,2.15,36220.9,51460.3,
20230921,26,2.60,36224.9,51460.3,
20230921,26,2.63,36226.7,51460.3,
20230921,26,3.00,36226.7,51460.3,
20230921,26,3.01,36226.7,51220.3,
20230921,26,3.10,36226.7,51170.3,
20230921,26,3.12,36226.7,51125.3,
20230921,26,3.79,36227.7,51005.3,
20230921,26,3.85,36235.0,51005.3,
20230921,26,3.94,36236.9,51005.3,
20230921,26,4.12,36237.9,51005.3,
20230921,26,4.56,36238.7,51005.3,
20230921,26,4.60,36242.7,51005.3,
20230921,26,4.65,36300.3,51005.3,
20230921,26,5.00,36461.9,51005.3,
20230921,26,5.01,36475.5,50724.6,
20230921,26,5.04,36475.5,50644.6,
20230921,26,5.12,36475.5,50344.6,
20230921,26,5.24,36477.3,50264.6,
20230921,26,5.35,36477.3,50264.6,
20230921,26,5.50,36477.4,50254.6,
20230921,26,5.77,36484.7,50254.6,
20230921,26,5.79,36485.7,50254.6,
20230921,26,6.00,36485.7,50254.6,
20230921,26,6.01,36485.7,50193.9,
20230921,26,6.02,36494.8,50182.9,
20230921,26,6.12,36495.8,50182.9,
20230921,26,6.26,36495.8,50182.9,
20230921,26,6.55,36497.6,50177.3,
20230921,26,6.56,36498.6,50177.3,
20230921,26,6.60,36502.6,50177.3,
20230921,26,6.80,36502.6,50177.3,
20230921,26,6.94,36506.7,50162.3,
20230921,26,7.00,36543.5,50162.3,
20230921,26,7.01,36543.5,50162.2,
20230921,26,7.11,36544.1,49886.5,
20230921,26,7.12,36544.1,49886.5,
20230921,26,7.35,36544.1,49846.5,
20230921,26,7.36,36556.5,49838.9,
20230921,26,7.50,36596.5,49838.9,
20230921,26,7.58,36596.5,49838.6,
20230921,26,7.67,36597.1,49823.6,
20230921,26,7.69,36604.4,49823.6,
20230921,26,7.90,36604.4,49823.6,
20230921,26,7.94,36604.4,49818.7,
20230921,26,8.00,36630.9,49671.7,
20230921,26,8.01,36630.9,49611.2,
20230921,26,8.02,36646.4,49602.5,
20230921,26,8.12,36647.4,49602.5,
20230921,26,8.22,36648.0,49602.5,
20230921,26,8.41,36648.0,49602.5,
20230921,26,8.50,36648.0,49592.5,
20230921,26,8.56,36649.0,49582.5,
20230921,26,8.59,36649.0,49582.5,
20230921,26,8.60,36653.0,49579.6,
20230921,26,8.66,36653.0,49579.6,
20230921,26,8.78,36653.6,49578.2,
20230921,26,8.80,36653.6,49578.2,
20230921,26,9.00,36653.6,49563.2,
20230921,26,9.23,36653.6,49563.1,
20230921,26,9.34,36654.2,49416.1,
20230921,26,9.36,36684.2,49416.1,
20230921,26,9.50,36684.2,49269.1,
20230921,26,9.58,36684.2,49122.1,
20230921,26,9.59,36685.8,49108.5,
20230921,26,9.60,36685.8,49108.5,
20230921,26,9.61,36693.0,48998.5,
20230921,26,9.66,36693.0,48998.5,
20230921,26,9.79,36693.0,48874.5,
20230921,26,9.80,36693.0,48869.3,
20230921,26,9.81,36695.5,48819.3,
20230921,26,9.82,36695.5,48769.3,
20230921,26,9.97,36703.1,48719.3,
20230921,26,9.99,36823.1,48719.3,
20230921,26,10.00,36871.8,48717.9,
20230921,26,10.01,36874.2,48613.4,
20230921,26,10.05,36894.2,48613.4,
20230921,26,10.12,36895.2,48613.4,
20230921,26,10.16,36898.4,48613.4,
20230921,26,10.17,36898.4,48613.4,
20230921,26,10.19,36898.4,48583.4,
20230921,26,10.20,36898.4,48378.5,
20230921,26,10.21,36900.9,48254.5,
20230921,26,10.22,36900.9,48254.5,
20230921,26,10.23,36900.9,48205.5,
20230921,26,10.36,36911.5,48155.5,
20230921,26,10.37,36922.1,48155.5,
20230921,26,10.38,36922.1,48155.5,
20230921,26,10.41,36924.5,48031.5,
20230921,26,10.46,36924.5,48016.5,
20230921,26,10.48,36924.5,47929.5,
20230921,26,10.50,36924.5,47929.2,
20230921,26,10.51,36924.5,47878.7,
20230921,26,10.58,36924.5,47727.7,
20230921,26,10.59,36924.5,47492.6,
20230921,26,10.60,36928.5,47253.6,
20230921,26,10.61,36930.8,47253.6,
20230921,26,10.80,36930.8,47251.1,
20230921,26,10.81,36932.8,47222.8,
20230921,26,10.94,36932.8,47222.8,
20230921,26,10.97,36932.8,47220.3,
20230921,26,11.00,37052.3,47215.6,
20230921,26,11.19,37095.3,47093.3,
20230921,26,11.28,37095.3,47093.3,
20230921,26,11.33,37095.3,47090.7,
20230921,26,11.38,37095.3,47089.3,
20230921,26,11.40,37095.3,47089.1,
20230921,26,11.44,37095.3,46938.1,
20230921,26,11.50,37163.3,46937.7,
20230921,26,11.53,37163.3,46937.7,
20230921,26,11.59,37193.3,46772.7,
20230921,26,11.61,37193.3,46772.7,
20230921,26,11.67,37193.3,46767.6,
20230921,26,11.75,37193.3,46645.6,
20230921,26,11.79,37193.3,46445.6,
20230921,26,11.80,37193.3,46444.9,
20230921,26,11.81,37193.8,46394.9,
20230921,26,11.82,37194.3,46394.9,
20230921,26,11.83,37194.3,46387.9,
20230921,26,11.85,37194.3,46187.9,
20230921,26,11.89,37194.3,46167.2,
20230921,26,11.90,37194.3,46117.2,
20230921,26,11.94,37194.3,45917.2,
20230921,26,11.95,37194.3,45907.8,
20230921,26,11.98,37194.3,45905.9,
20230921,26,12.00,37196.6,45705.9,
20230921,26,12.06,37196.6,45668.5,
20230921,26,12.11,37196.6,45468.5,
20230921,26,12.12,37198.4,45038.5,
20230921,26,12.15,37198.4,45038.5,
20230921,26,12.25,37198.4,44833.4,
20230921,26,12.28,37198.4,44633.4,
20230921,26,12.40,37198.4,44558.9,
20230921,26,12.41,37198.4,44349.4,
20230921,26,12.42,37199.6,44325.6,
20230921,26,12.56,37199.6,44325.6,
20230921,26,12.59,37209.9,44325.5,
20230921,26,12.60,37224.2,44325.5,
20230921,26,12.63,37224.2,44325.5,
20230921,26,12.66,37224.2,43985.5,
20230921,26,12.67,37224.2,43880.5,
20230921,26,12.68,37224.2,43877.7,
20230921,26,12.69,37224.2,43677.7,
20230921,26,12.80,37244.2,43207.4,
20230921,26,12.85,37294.2,43207.4,
20230921,26,12.87,37294.2,43207.4,
20230921,26,13.00,37294.2,43198.0,
20230921,26,13.01,37294.2,43119.2,
20230921,26,13.02,37298.6,43113.9,
20230921,26,13.03,37298.6,43105.2,
20230921,26,13.04,37298.6,43071.5,
20230921,26,13.05,37298.6,43037.8,
20230921,26,13.15,37298.6,43009.1,
20230921,26,13.16,37318.6,42509.1,
20230921,26,13.28,37318.6,42509.1,
20230921,26,13.29,37333.7,42493.1,
20230921,26,13.31,37333.7,42493.1,
20230921,26,13.34,37333.7,42488.0,
20230921,26,13.35,37333.7,42469.1,
20230921,26,13.37,37383.7,42468.5,
20230921,26,13.38,37389.1,42468.5,
20230921,26,13.39,37389.1,42468.5,
20230921,26,13.42,37389.4,42368.5,
20230921,26,13.43,37389.7,42368.5,
20230921,26,13.44,37389.7,42368.5,
20230921,26,13.46,37389.7,42368.3,
20230921,26,13.50,37399.7,42337.2,
20230921,26,13.63,37399.7,42337.2,
20230921,26,13.90,37399.7,42314.2,
20230921,26,13.92,37429.7,42313.7,
20230921,26,13.95,37429.7,42313.7,
20230921,26,14.00,37429.7,42292.1,
20230921,26,14.01,37432.3,42274.6,
20230921,26,14.03,37432.3,42274.6,
20230921,26,14.10,37432.3,42270.1,
20230921,26,14.12,37434.3,42269.5,
20230921,26,14.13,37434.3,42269.5,
20230921,26,14.21,37434.3,42012.5,
20230921,26,14.22,37464.3,42011.9,
20230921,26,14.28,37464.3,42011.9,
20230921,26,14.30,37464.3,42001.9,
20230921,26,14.43,37486.3,42001.4,
20230921,26,14.50,37486.3,42001.4,
20230921,26,14.53,37486.3,41999.7,
20230921,26,14.56,37486.3,41629.7,
20230921,26,14.60,37491.2,41628.7,
20230921,26,14.77,37491.2,41628.7,
20230921,26,14.80,37521.1,41301.7,
20230921,26,14.92,37521.1,41301.6,
20230921,26,14.99,37521.1,41273.5,
20230921,26,15.00,37757.1,41273.4,
20230921,26,15.01,37757.1,41226.8,
20230921,26,15.10,37757.1,41222.5,
20230921,26,15.15,37757.1,41222.4,
20230921,26,15.20,37757.1,41134.4,
20230921,26,15.22,37757.1,41134.2,
20230921,26,15.29,37757.1,41123.5,
20230921,26,15.41,37757.1,41120.7,
20230921,26,15.44,37757.1,41094.7,
20230921,26,15.51,37757.1,41094.4,
20230921,26,15.52,37757.1,41086.8,
20230921,26,15.55,37757.1,40886.8,
20230921,26,15.58,37785.0,40874.9,
20230921,26,15.73,37785.0,40874.0,
20230921,26,15.80,37785.0,40866.2,
20230921,26,15.81,37785.0,40865.9,
20230921,26,15.90,37789.0,40865.8,
20230921,26,15.91,37789.0,40815.8,
20230921,26,15.97,37789.0,40815.6,
20230921,26,16.00,37792.0,40763.3,
20230921,26,16.03,37792.0,40743.2,
20230921,26,16.04,37792.5,40743.1,
20230921,26,16.05,37792.6,40743.1,
20230921,26,16.10,37795.6,40736.3,
20230921,26,16.12,37861.6,40736.3,
20230921,26,16.17,37861.6,40736.3,
20230921,26,16.20,37864.6,40717.4,
20230921,26,16.23,37864.6,40717.4,
20230921,26,16.24,37864.6,40641.8,
20230921,26,16.27,37928.6,40641.1,
20230921,26,16.30,37931.6,40641.1,
20230921,26,16.37,37995.6,40641.1,
20230921,26,16.40,37995.6,40641.1,
20230921,26,16.41,38025.5,40641.0,
20230921,26,16.47,38089.5,40641.0,
20230921,26,16.52,38089.5,40641.0,
20230921,26,16.56,38089.5,40640.9,
20230921,26,16.61,38089.5,40639.9,
20230921,26,16.66,38153.5,40639.4,
20230921,26,16.70,38153.5,40639.4,
20230921,26,16.75,38217.5,40639.2,
20230921,26,16.80,38217.5,40639.2,
20230921,26,16.82,38217.5,40639.1,
20230921,26,16.85,38281.5,40638.5,
20230921,26,16.86,38281.5,40638.5,
20230921,26,16.99,38281.5,40638.4,
20230921,26,17.00,38281.5,40638.3,
20230921,26,17.01,38292.8,40599.6,
20230921,26,17.03,38356.8,40599.6,
20230921,26,17.10,38356.8,40599.6,
20230921,26,17.16,38434.2,40598.6,
20230921,26,17.18,38434.2,40598.6,
20230921,26,17.24,38434.6,40582.4,
20230921,26,17.25,38434.6,40582.4,
20230921,26,17.27,38434.6,40581.2,
20230921,26,17.28,38434.6,40579.3,
20230921,26,17.29,38436.4,40579.2,
20230921,26,17.30,38436.4,40579.2,
20230921,26,17.40,38436.4,40579.1,
20230921,26,17.44,38436.4,40571.3,
20230921,26,17.45,38436.4,40571.1,
20230921,26,17.50,38456.4,40570.8,
20230921,26,17.63,38456.4,40570.7,
20230921,26,17.65,38492.1,40500.4,
20230921,26,17.87,38492.1,40500.4,
20230921,26,17.88,38492.1,40378.4,
20230921,26,17.89,38492.1,40330.7,
20230921,26,17.91,38498.1,40280.7,
20230921,26,18.00,38498.1,40280.7,
20230921,26,18.03,38498.1,40276.2,
20230921,26,18.06,38498.1,40275.6,
20230921,26,18.30,38498.1,40271.2,
20230921,26,18.56,38498.1,40271.1,
20230921,26,18.58,38498.1,40270.1,
20230921,26,18.60,38498.1,40251.7,
20230921,26,18.62,38498.1,40251.1,
20230921,26,18.63,38498.5,40249.9,
20230921,26,18.64,38498.5,40249.9,
20230921,26,18.77,38498.5,40199.9,
20230921,26,18.78,38520.5,40171.9,
20230921,26,19.00,38520.5,40171.9,
20230921,26,19.14,38520.5,40171.1,
20230921,26,19.23,38520.5,40170.5,
20230921,26,19.32,38520.5,40169.6,
20230921,26,19.45,38520.5,40169.0,
20230921,26,19.50,38520.5,40168.7,
20230921,26,19.66,38520.5,40168.6,
20230921,26,19.71,38744.5,40165.7,
20230921,26,19.90,38744.5,40165.7,
20230921,26,20.00,38744.5,40165.6,
20230921,26,20.01,38744.5,40084.8,
20230921,26,20.02,38744.5,40079.4,
20230921,26,20.10,38744.5,40027.4,
20230921,26,20.11,38746.5,40026.4,
20230921,26,20.12,38746.5,40026.4,
20230921,26,20.21,38746.5,40026.2,
20230921,26,20.28,38756.4,38214.2,
20230921,26,20.30,38756.4,38214.2,
20230921,26,20.39,38757.4,38214.1,
20230921,26,20.50,38757.4,38195.5,
20230921,26,20.56,38757.4,38194.4,
20230921,26,20.60,38757.4,38193.9,
20230921,26,20.62,38790.0,38189.3,
20230921,26,20.88,38790.0,38189.3,
20230921,26,20.98,38792.8,38170.4,
20230921,26,20.99,38795.6,38170.4,
20230921,26,21.00,38795.6,38170.4,
20230921,26,21.07,38795.6,38170.3,
20230921,26,21.10,38795.6,38169.6,
20230921,26,21.12,38795.6,37987.6,
20230921,26,21.13,38795.6,37207.6,
20230921,26,21.37,38795.6,37207.1,
20230921,26,21.45,38795.6,37206.3,
20230921,26,21.52,38795.6,37205.1,
20230921,26,21.82,38795.6,37203.6,
20230921,26,21.86,38795.6,37197.5,
20230921,26,21.87,38795.6,37197.2,
20230921,26,21.88,38795.6,37196.6,
20230921,26,22.00,38795.6,37196.1,
20230921,26,22.03,38795.6,36886.7,
20230921,26,22.09,38795.6,36859.4,
20230921,26,22.12,38795.6,36855.0,
20230921,26,22.16,38795.6,36853.0,
20230921,26,22.28,38845.6,36848.9,
20230921,26,22.47,38845.6,36848.9,
20230921,26,22.60,38845.6,36769.5,
20230921,26,22.80,39294.7,36768.0,
20230921,26,22.92,39294.7,36768.0,
20230921,26,22.98,39295.0,36759.0,
20230921,26,23.00,39308.0,36759.0,
20230921,26,23.03,39308.0,36758.1,
20230921,26,23.50,39308.0,36752.9,
20230921,26,23.67,39308.0,36751.2,
20230921,26,23.97,39318.0,36720.2,
20230921,26,24.00,39318.0,36720.2,
20230921,26,24.03,39318.0,36705.3,
20230921,26,24.12,39318.0,36702.5,
20230921,26,24.15,39318.0,36700.5,
20230921,26,24.60,39318.0,36699.5,
20230921,26,24.77,39318.0,36698.5,
20230921,26,24.78,39318.0,36694.0,
20230921,26,25.00,39318.0,36692.3,
20230921,26,25.60,39318.0,36684.3,
20230921,26,25.89,39318.0,36665.3,
20230921,26,26.12,39318.0,36660.9,
20230921,26,26.60,39318.0,36549.0,
20230921,26,26.93,39318.0,36548.0,
20230921,26,26.94,39318.0,36546.3,
20230921,26,27.00,39318.0,36543.5,
20230921,26,27.01,39318.0,36442.9,
20230921,26,28.00,39318.0,36438.8,
20230921,26,28.12,39318.0,36437.5,
20230921,26,28.16,39318.0,36435.7,
20230921,26,28.40,39318.0,36432.9,
20230921,26,28.57,39318.0,36363.5,
20230921,26,28.60,39318.0,36358.1,
20230921,26,28.74,39318.0,36357.1,
20230921,26,29.07,39318.0,36338.2,
20230921,26,29.97,39318.0,36336.5,
20230921,26,30.00,39318.0,36326.1,
20230921,26,30.01,39318.0,36257.8,
20230921,26,30.05,39318.0,36219.4,
20230921,26,30.12,39318.0,36200.5,
20230921,26,30.31,39318.0,36199.5,
20230921,26,30.50,39318.0,36116.8,
20230921,26,30.56,39318.0,36115.1,
20230921,26,30.60,39318.0,36113.9,
20230921,26,31.09,39318.0,36113.3,
20230921,26,32.00,39318.0,36111.8,
20230921,26,32.07,39318.0,35727.6,
20230921,26,32.12,39318.0,35541.1,
20230921,26,32.18,39318.0,35540.1,
20230921,26,32.70,39321.5,35537.3,
20230921,26,33.03,39321.5,35537.3,
20230921,26,33.33,39321.5,35536.5,
20230921,26,34.00,39321.5,35514.5,
20230921,26,34.12,39321.5,35462.1,
20230921,26,34.62,39321.5,35461.1,
20230921,26,35.00,39321.5,35437.9,
20230921,26,36.00,39321.5,35338.8,
20230921,26,36.12,39321.5,35284.4,
20230921,26,38.12,39321.5,35283.4,
20230921,26,39.98,39381.5,35282.4,
20230921,26,40.00,39381.5,35282.4,
20230921,26,40.01,39381.5,35178.0,
20230921,26,40.04,39381.5,35177.9,
20230921,26,40.12,39381.5,35146.9,
20230921,26,42.12,39381.5,35145.9,
20230921,26,45.00,39381.5,35144.4,
20230921,26,45.01,39381.5,35005.0,
20230921,26,45.12,39381.5,34757.1,
20230921,26,46.00,39381.5,34752.4,
20230921,26,46.21,39381.5,34702.4,
20230921,26,48.50,39381.5,34676.7,
20230921,26,50.00,39381.5,34676.6,
20230921,26,50.01,39390.6,32508.2,
20230921,26,50.12,39390.6,32508.2,
20230921,26,50.90,39390.6,32402.4,
20230921,26,51.00,39390.6,32399.3,
20230921,26,52.50,39390.6,32397.6,
20230921,26,59.90,39390.6,32397.1,
20230921,26,60.00,39390.6,32396.1,
20230921,26,61.00,39390.6,32252.8,
20230921,26,62.00,39390.6,32221.5,
20230921,26,65.00,39390.6,32135.6,
20230921,26,67.94,39390.6,32130.6,
20230921,26,70.90,39390.6,32091.3,
20230921,26,77.80,39390.6,28388.3,
20230921,26,79.90,39390.6,28237.5,
20230921,26,79.98,39410.6,28219.2,
20230921,26,80.00,39410.6,28219.2,
20230921,26,80.01,39410.6,27235.6,
20230921,26,80.05,39410.6,26759.4,
20230921,26,80.10,39410.6,26751.4,
20230921,26,80.20,39410.6,26719.9,
20230921,26,80.21,39430.6,26711.9,
20230921,26,80.50,39430.6,26711.9,
20230921,26,81.00,39430.6,26711.8,
20230921,26,82.01,39430.6,26592.6,
20230921,26,85.00,39430.6,26472.5,
20230921,26,90.00,39430.6,26404.6,
20230921,26,99.90,39430.6,26360.8,
20230921,26,100.00,39430.6,26360.4,
20230921,26,100.01,39453.9,22872.0,
20230921,26,101.00,39453.9,22872.0,
20230921,26,102.00,39453.9,22726.4,
20230921,26,105.00,39453.9,22438.9,
20230921,26,120.10,39453.9,22438.7,
20230921,26,130.00,39453.9,22359.0,
20230921,26,138.00,39453.9,22351.3,
20230921,26,150.00,39453.9,22237.7,
20230921,26,190.00,39453.9,22235.0,
20230921,26,200.00,39453.9,22232.3,
20230921,26,200.01,39453.9,19693.6,
20230921,26,200.10,39453.9,18089.3,
20230921,26,200.50,39453.9,17958.4,
20230921,26,201.00,39453.9,17947.8,
20230921,26,210.00,39453.9,17817.8,
20230921,26,250.00,39453.9,17293.0,
20230921,26,300.00,39453.9,17081.0,
20230921,26,500.00,39453.9,16554.7,
20230921,26,548.66,39453.9,16552.7,
20230921,26,550.02,39453.9,16105.7,
20230921,26,999.00,39453.9,15886.4,
20230921,26,999.99,39453.9,0.0,
20230921,27,0.00,0.0,54596.7,
20230921,27,0.00,18378.7,54596.7,
20230921,27,0.01,35114.0,54596.7,
20230921,27,0.02,35282.9,54575.5,
20230921,27,0.03,35286.1,54531.0,
20230921,27,0.04,35290.0,54482.7,
20230921,27,0.09,35290.0,54482.7,
20230921,27,0.10,35290.0,54356.2,
20230921,27,0.20,35290.0,54236.1,
20230921,27,0.30,35290.0,54136.1,
20230921,27,0.50,35339.9,54132.1,
20230921,27,0.62,35339.9,54132.1,
20230921,27,0.90,35340.9,54052.1,
20230921,27,1.00,35886.7,54052.1,
20230921,27,1.01,35888.2,53583.8,
20230921,27,1.07,35895.4,53538.8,
20230921,27,1.12,35895.4,53538.8,
20230921,27,1.33,35916.2,53498.8,
20230921,27,1.50,35918.0,53498.8,
20230921,27,1.64,36059.2,53498.8,
20230921,27,2.00,36062.7,53498.8,
20230921,27,2.01,36062.7,53498.8,
20230921,27,2.10,36062.7,53458.8,
20230921,27,2.12,36062.7,53452.8,
20230921,27,2.13,36070.0,53372.8,
20230921,27,2.15,36181.8,53372.8,
20230921,27,2.75,36182.8,53372.8,
20230921,27,2.99,36184.6,53372.8,
20230921,27,3.00,36184.6,53372.8,
20230921,27,3.01,36184.6,53132.8,
20230921,27,3.10,36184.6,53082.8,
20230921,27,3.12,36184.6,53037.8,
20230921,27,3.20,36191.9,52917.8,
20230921,27,3.58,36192.9,52917.8,
20230921,27,3.89,36196.9,52917.8,
20230921,27,4.24,36197.3,52917.8,
20230921,27,4.26,36204.6,52917.8,
20230921,27,4.49,36206.5,52917.8,
20230921,27,4.65,36260.5,52917.8,
20230921,27,5.00,36411.3,52917.8,
20230921,27,5.01,36423.5,52646.4,
20230921,27,5.04,36423.5,52566.4,
20230921,27,5.12,36423.5,52266.4,
20230921,27,5.32,36430.7,52186.4,
20230921,27,5.50,36430.8,52186.4,
20230921,27,5.83,36431.8,52186.4,
20230921,27,5.85,36434.3,52186.4,
20230921,27,5.98,36436.1,52186.4,
20230921,27,6.00,36436.1,52186.4,
20230921,27,6.01,36436.1,52121.4,
20230921,27,6.02,36445.7,52110.0,
20230921,27,6.14,36449.7,52110.0,
20230921,27,6.26,36449.7,52110.0,
20230921,27,6.36,36449.7,52104.4,
20230921,27,6.38,36452.1,52094.4,
20230921,27,6.49,36453.1,52094.4,
20230921,27,6.91,36455.6,52094.4,
20230921,27,6.94,36459.6,52094.4,
20230921,27,7.00,36497.2,52094.4,
20230921,27,7.01,36497.2,52094.3,
20230921,27,7.12,36497.2,51816.6,
20230921,27,7.25,36498.2,51776.6,
20230921,27,7.44,36500.6,51776.6,
20230921,27,7.47,36502.4,51776.6,
20230921,27,7.50,36542.4,51776.6,
20230921,27,7.67,36542.4,51776.4,
20230921,27,7.70,36543.2,51746.4,
20230921,27,7.72,36550.8,51746.4,
20230921,27,7.90,36550.8,51746.4,
20230921,27,7.94,36550.8,51741.7,
20230921,27,7.98,36553.1,51594.7,
20230921,27,8.00,36579.8,51594.4,
20230921,27,8.01,36579.8,51534.3,
20230921,27,8.02,36596.0,51525.0,
20230921,27,8.06,36596.6,51525.0,
20230921,27,8.08,36597.6,51525.0,
20230921,27,8.27,36597.6,51525.0,
20230921,27,8.36,36597.6,51515.0,
20230921,27,8.37,36609.0,51506.4,
20230921,27,8.39,36613.0,51506.4,
20230921,27,8.46,36613.0,51506.4,
20230921,27,8.50,36613.0,51496.4,
20230921,27,8.59,36613.0,51485.9,
20230921,27,8.65,36613.6,51482.8,
20230921,27,8.74,36614.6,51482.8,
20230921,27,8.86,36614.6,51482.8,
20230921,27,9.00,36614.6,51482.5,
20230921,27,9.23,36614.6,51482.4,
20230921,27,9.25,36615.2,51335.4,
20230921,27,9.36,36615.2,51335.4,
20230921,27,9.50,36616.2,51188.4,
20230921,27,9.60,36616.2,51041.4,
20230921,27,9.66,36616.2,50928.4,
20230921,27,9.67,36616.2,50804.4,
20230921,27,9.75,36616.2,50774.4,
20230921,27,9.79,36616.2,50774.1,
20230921,27,9.80,36616.2,50768.8,
20230921,27,9.81,36616.2,50718.8,
20230921,27,9.82,36616.2,50668.8,
20230921,27,9.84,36616.8,50618.8,
20230921,27,9.99,36736.8,50618.8,
20230921,27,10.00,36789.2,50618.8,
20230921,27,10.05,36809.2,50519.6,
20230921,27,10.17,36809.2,50519.6,
20230921,27,10.19,36809.2,50489.6,
20230921,27,10.20,36809.2,50283.2,
20230921,27,10.21,36809.2,50159.2,
20230921,27,10.22,36809.2,50159.0,
20230921,27,10.23,36809.2,50110.0,
20230921,27,10.27,36809.2,50060.0,
20230921,27,10.31,36809.2,50045.0,
20230921,27,10.37,36839.2,50035.0,
20230921,27,10.38,36839.2,50035.0,
20230921,27,10.43,36839.8,49911.0,
20230921,27,10.46,36839.8,49911.0,
20230921,27,10.51,36839.8,49814.0,
20230921,27,10.58,36839.8,49663.0,
20230921,27,10.59,36997.5,49428.5,
20230921,27,10.63,36997.5,49349.4,
20230921,27,10.64,37001.5,49348.7,
20230921,27,10.84,37001.5,49348.7,
20230921,27,11.00,37001.5,49348.4,
20230921,27,11.20,37001.5,49286.7,
20230921,27,11.28,37001.5,49284.7,
20230921,27,11.30,37001.5,49284.6,
20230921,27,11.31,37001.9,49284.5,
20230921,27,11.36,37012.2,49284.5,
20230921,27,11.37,37022.5,49284.5,
20230921,27,11.40,37022.5,49284.5,
20230921,27,11.44,37022.5,49133.5,
20230921,27,11.47,37022.5,49128.8,
20230921,27,11.48,37022.5,49123.5,
20230921,27,11.53,37022.5,49123.3,
20230921,27,11.67,37022.5,48958.3,
20230921,27,11.68,37053.0,48811.8,
20230921,27,11.75,37054.0,48811.8,
20230921,27,11.82,37054.0,48611.8,
20230921,27,11.83,37054.0,48604.8,
20230921,27,11.84,37054.0,48404.8,
20230921,27,11.89,37054.0,48354.8,
20230921,27,11.92,37054.0,48154.8,
20230921,27,11.95,37054.0,48104.8,
20230921,27,11.97,37054.0,48102.6,
20230921,27,12.00,37056.2,47902.6,
20230921,27,12.04,37056.2,47864.7,
20230921,27,12.05,37056.2,47864.4,
20230921,27,12.11,37056.2,47664.4,
20230921,27,12.13,37056.2,47653.9,
20230921,27,12.25,37056.2,47453.9,
20230921,27,12.27,37056.2,47252.5,
20230921,27,12.28,37057.4,47228.7,
20230921,27,12.31,37057.4,47228.7,
20230921,27,12.32,37060.4,47218.7,
20230921,27,12.37,37060.4,47218.7,
20230921,27,12.38,37060.4,47213.5,
20230921,27,12.44,37060.4,47013.5,
20230921,27,12.46,37060.4,47011.3,
20230921,27,12.49,37060.4,46981.3,
20230921,27,12.50,37060.4,46959.9,
20230921,27,12.58,37060.4,46959.4,
20230921,27,12.63,37060.4,46959.3,
20230921,27,12.66,37060.4,46619.3,
20230921,27,12.68,37070.4,46514.3,
20230921,27,12.69,37080.4,46514.3,
20230921,27,12.73,37080.4,46514.3,
20230921,27,12.75,37080.4,46314.3,
20230921,27,12.89,37084.4,45821.6,
20230921,27,13.00,37084.4,45821.6,
20230921,27,13.01,37084.4,45709.7,
20230921,27,13.02,37084.4,45699.6,
20230921,27,13.03,37084.4,45665.9,
20230921,27,13.04,37084.4,45632.2,
20230921,27,13.05,37084.4,45596.3,
20230921,27,13.16,37084.4,45576.5,
20230921,27,13.24,37084.4,45567.1,
20230921,27,13.28,37084.6,45567.0,
20230921,27,13.29,37084.8,45567.0,
20230921,27,13.36,37084.8,45567.0,
20230921,27,13.39,37084.8,45566.4,
20230921,27,13.45,37084.8,45456.4,
20230921,27,13.46,37084.8,45454.6,
20230921,27,13.47,37085.7,45453.7,
20230921,27,13.48,37085.7,45453.7,
20230921,27,13.50,37095.7,45217.7,
20230921,27,13.63,37095.7,45217.7,
20230921,27,13.64,37095.7,44980.7,
20230921,27,13.66,37095.7,44978.5,
20230921,27,13.67,37115.7,44969.0,
20230921,27,13.76,37115.7,44969.0,
20230921,27,13.79,37165.7,44967.6,
20230921,27,13.95,37165.7,44967.6,
20230921,27,14.00,37166.7,44943.8,
20230921,27,14.01,37169.5,44929.1,
20230921,27,14.07,37199.5,44777.1,
20230921,27,14.10,37199.5,44777.1,
20230921,27,14.17,37199.5,44776.5,
20230921,27,14.23,37199.5,44767.1,
20230921,27,14.25,37199.5,44766.8,
20230921,27,14.30,37199.5,44762.4,
20230921,27,14.31,37199.5,44761.9,
20230921,27,14.32,37210.6,44753.0,
20230921,27,14.36,37240.6,44753.0,
20230921,27,14.43,37247.6,44753.0,
20230921,27,14.49,37247.6,44753.0,
20230921,27,14.50,37315.6,44752.5,
20230921,27,14.51,37315.6,44751.0,
20230921,27,14.53,37315.6,44748.2,
20230921,27,14.67,37315.6,44378.2,
20230921,27,14.80,37315.6,44359.3,
20230921,27,14.81,37331.0,44359.2,
20230921,27,14.83,37331.0,44359.2,
20230921,27,14.93,37331.0,44358.5,
20230921,27,14.99,37331.0,44327.3,
20230921,27,15.00,37567.0,44327.2,
20230921,27,15.01,37567.0,44309.7,
20230921,27,15.02,37571.7,44299.6,
20230921,27,15.10,37571.7,44299.6,
20230921,27,15.14,37575.7,44299.5,
20230921,27,15.15,37575.7,44299.5,
20230921,27,15.20,37575.7,44211.5,
20230921,27,15.22,37575.7,44211.3,
20230921,27,15.30,37575.7,44194.7,
20230921,27,15.31,37578.4,43962.7,
20230921,27,15.32,37581.1,43962.7,
20230921,27,15.33,37581.1,43962.7,
20230921,27,15.41,37581.1,43801.7,
20230921,27,15.44,37586.6,43775.7,
20230921,27,15.49,37586.6,43775.7,
20230921,27,15.51,37586.6,43774.7,
20230921,27,15.55,37586.6,43761.8,
20230921,27,15.58,37586.6,43561.8,
20230921,27,15.67,37644.4,43560.9,
20230921,27,15.73,37644.4,43560.9,
20230921,27,15.80,37644.4,43553.1,
20230921,27,15.81,37644.4,43552.8,
20230921,27,15.90,37655.4,43552.7,
20230921,27,15.91,37655.4,43474.6,
20230921,27,16.00,37656.4,43474.4,
20230921,27,16.05,37656.4,43425.7,
20230921,27,16.08,37656.4,43417.6,
20230921,27,16.10,37657.4,43405.6,
20230921,27,16.12,37721.4,43405.6,
20230921,27,16.20,37722.4,43405.6,
20230921,27,16.25,37774.4,43405.6,
20230921,27,16.27,37868.3,43405.6,
20230921,27,16.30,37869.3,43405.6,
20230921,27,16.37,37933.3,43405.6,
20230921,27,16.40,37933.3,43405.6,
20230921,27,16.41,37933.3,43405.4,
20230921,27,16.44,37933.3,43405.2,
20230921,27,16.46,37943.2,43362.8,
20230921,27,16.47,38007.2,43362.8,
20230921,27,16.60,38007.2,43362.8,
20230921,27,16.63,38007.2,43362.7,
20230921,27,16.66,38071.2,43155.7,
20230921,27,16.70,38071.2,43155.7,
20230921,27,16.75,38135.2,43155.6,
20230921,27,16.80,38135.2,43155.6,
20230921,27,16.83,38135.2,43155.5,
20230921,27,16.85,38199.2,43079.4,
20230921,27,16.87,38199.2,43079.4,
20230921,27,16.99,38199.2,43074.9,
20230921,27,17.00,38199.2,43074.8,
20230921,27,17.03,38263.2,43054.6,
20230921,27,17.10,38263.2,43054.6,
20230921,27,17.16,38334.2,43054.5,
20230921,27,17.18,38334.2,43054.5,
20230921,27,17.19,38334.2,43038.3,
20230921,27,17.24,38334.5,43038.2,
20230921,27,17.25,38334.5,43038.2,
20230921,27,17.29,38334.5,43036.9,
20230921,27,17.30,38334.5,43034.1,
20230921,27,17.45,38334.5,43034.0,
20230921,27,17.50,38354.5,43033.7,
20230921,27,17.59,38354.5,43033.6,
20230921,27,17.63,38354.5,42965.6,
20230921,27,17.65,38359.7,42864.8,
20230921,27,17.74,38359.7,42864.8,
20230921,27,17.87,38359.7,42863.8,
20230921,27,17.88,38359.7,42741.8,
20230921,27,17.89,38359.7,42675.2,
20230921,27,17.91,38359.7,42625.2,
20230921,27,17.93,38369.7,42624.5,
20230921,27,18.00,38369.7,42624.5,
20230921,27,18.03,38369.7,42618.9,
20230921,27,18.17,38369.7,42618.8,
20230921,27,18.30,38369.7,42618.7,
20230921,27,18.31,38379.7,42618.6,
20230921,27,18.47,38379.7,42618.6,
20230921,27,18.50,38379.7,41928.1,
20230921,27,18.54,38379.7,41927.2,
20230921,27,18.58,38379.7,41926.6,
20230921,27,18.60,38379.7,41908.2,
20230921,27,18.62,38379.7,41907.8,
20230921,27,18.64,38379.7,41906.2,
20230921,27,18.78,38379.7,41856.2,
20230921,27,19.00,38379.7,41806.2,
20230921,27,19.47,38379.7,41804.3,
20230921,27,19.50,38379.7,41803.8,
20230921,27,19.64,38379.7,41803.7,
20230921,27,19.66,38379.7,41803.2,
20230921,27,19.71,38603.7,41802.4,
20230921,27,19.80,38603.7,41802.4,
20230921,27,19.90,38603.7,41794.5,
20230921,27,19.99,38603.7,41794.4,
20230921,27,20.00,38603.7,41793.4,
20230921,27,20.01,38603.7,41711.0,
20230921,27,20.02,38603.7,41705.4,
20230921,27,20.10,38603.7,41653.4,
20230921,27,20.11,38605.2,41652.1,
20230921,27,20.21,38605.2,41652.1,
20230921,27,20.30,38605.2,39891.1,
20230921,27,20.39,38607.2,39891.0,
20230921,27,20.50,38607.2,39891.0,
20230921,27,20.62,38640.4,39872.0,
20230921,27,20.75,38640.4,39872.0,
20230921,27,20.79,38640.4,39871.8,
20230921,27,21.00,38640.4,39871.4,
20230921,27,21.10,38640.4,39871.2,
20230921,27,21.12,38640.4,39684.2,
20230921,27,21.23,38640.4,38914.2,
20230921,27,21.24,38640.4,38909.8,
20230921,27,21.57,38640.4,38908.9,
20230921,27,21.89,38640.4,38829.1,
20230921,27,21.92,38640.4,38824.5,
20230921,27,22.00,38640.4,38821.6,
20230921,27,22.19,38640.4,38465.3,
20230921,27,22.24,38640.4,38463.6,
20230921,27,22.28,38690.4,38463.0,
20230921,27,22.44,38690.4,38463.0,
20230921,27,22.46,38690.4,38462.4,
20230921,27,22.50,38690.4,38461.8,
20230921,27,22.80,39139.5,38461.1,
20230921,27,22.92,39139.5,38461.1,
20230921,27,22.97,39139.5,38452.1,
20230921,27,22.98,39139.8,38450.8,
20230921,27,23.00,39152.8,38450.8,
20230921,27,23.03,39152.8,38448.8,
20230921,27,23.22,39152.8,38448.7,
20230921,27,23.46,39152.8,38429.8,
20230921,27,23.50,39152.8,38424.0,
20230921,27,23.54,39152.8,38423.0,
20230921,27,24.00,39152.8,38417.6,
20230921,27,24.14,39152.8,38386.3,
20230921,27,24.15,39152.8,38384.8,
20230921,27,24.48,39152.8,38383.8,
20230921,27,24.63,39152.8,38383.0,
20230921,27,24.66,39152.8,38379.1,
20230921,27,25.00,39152.8,38371.9,
20230921,27,25.09,39152.8,38350.5,
20230921,27,25.25,39152.8,38350.0,
20230921,27,25.50,39152.8,38348.0,
20230921,27,25.60,39152.8,38347.3,
20230921,27,26.19,39152.8,38342.9,
20230921,27,26.39,39152.8,38342.4,
20230921,27,26.41,39152.8,38341.4,
20230921,27,26.55,39152.8,38331.9,
20230921,27,26.76,39152.8,38329.1,
20230921,27,27.00,39152.8,38328.5,
20230921,27,27.01,39152.8,38224.0,
20230921,27,27.02,39152.8,38220.0,
20230921,27,27.50,39152.8,38201.7,
20230921,27,27.71,39152.8,38199.7,
20230921,27,28.00,39152.8,38198.0,
20230921,27,28.51,39152.8,38196.8,
20230921,27,28.54,39152.8,38192.3,
20230921,27,28.57,39152.8,38186.2,
20230921,27,28.64,39152.8,38167.2,
20230921,27,29.23,39152.8,38166.2,
20230921,27,29.64,39152.8,38164.5,
20230921,27,29.72,39152.8,38161.7,
20230921,27,29.75,39152.8,38157.3,
20230921,27,29.96,39152.8,38155.5,
20230921,27,29.97,39152.8,38036.5,
20230921,27,30.00,39152.8,38025.4,
20230921,27,30.01,39152.8,37954.2,
20230921,27,30.56,39152.8,37916.1,
20230921,27,30.89,39152.8,37914.8,
20230921,27,30.92,39152.8,37913.8,
20230921,27,31.18,39152.8,37911.0,
20230921,27,31.77,39152.8,37833.7,
20230921,27,32.00,39152.8,37832.0,
20230921,27,32.13,39152.8,37418.9,
20230921,27,32.70,39156.3,37400.0,
20230921,27,32.77,39156.3,37400.0,
20230921,27,33.03,39156.3,37211.3,
20230921,27,33.14,39156.3,37210.4,
20230921,27,33.62,39156.3,37209.8,
20230921,27,33.92,39156.3,37190.9,
20230921,27,34.00,39156.3,37101.3,
20230921,27,34.25,39156.3,37044.4,
20230921,27,34.30,39156.3,37043.4,
20230921,27,34.46,39156.3,37041.7,
20230921,27,35.00,39156.3,37038.7,
20230921,27,35.22,39156.3,36932.4,
20230921,27,35.99,39156.3,36909.3,
20230921,27,36.00,39156.3,36907.6,
20230921,27,36.50,39156.3,36855.4,
20230921,27,36.70,39156.3,36854.4,
20230921,27,36.84,39156.3,36852.7,
20230921,27,38.75,39156.3,36847.7,
20230921,27,39.98,39216.3,36846.7,
20230921,27,40.00,39216.3,36846.7,
20230921,27,40.01,39216.3,36733.6,
20230921,27,41.00,39216.3,36733.5,
20230921,27,43.00,39216.3,36732.5,
20230921,27,43.25,39216.3,36699.8,
20230921,27,44.72,39216.3,36698.8,
20230921,27,45.00,39216.3,36698.5,
20230921,27,45.01,39216.3,36566.0,
20230921,27,45.12,39216.3,36373.3,
20230921,27,45.50,39216.3,36368.4,
20230921,27,46.00,39216.3,36366.6,
20230921,27,47.08,39216.3,36316.6,
20230921,27,50.00,39216.3,36288.5,
20230921,27,50.01,39225.5,33849.2,
20230921,27,50.12,39225.5,33849.2,
20230921,27,50.90,39225.5,33735.2,
20230921,27,51.00,39225.5,33732.0,
20230921,27,52.50,39225.5,33730.2,
20230921,27,56.50,39225.5,33730.1,
20230921,27,60.00,39225.5,33729.6,
20230921,27,61.00,39225.5,33577.4,
20230921,27,62.00,39225.5,33545.5,
20230921,27,65.00,39225.5,33457.7,
20230921,27,67.94,39225.5,33452.0,
20230921,27,70.90,39225.5,33409.4,
20230921,27,77.80,39225.5,29752.4,
20230921,27,79.90,39225.5,29604.5,
20230921,27,79.98,39245.5,29584.6,
20230921,27,80.00,39245.5,29584.6,
20230921,27,80.01,39245.5,28552.2,
20230921,27,80.05,39245.5,28087.2,
20230921,27,80.10,39245.5,28078.3,
20230921,27,80.20,39245.5,28039.3,
20230921,27,80.21,39265.5,28031.3,
20230921,27,80.50,39265.5,28031.3,
20230921,27,81.00,39265.5,28031.2,
20230921,27,82.00,39265.5,27913.5,
20230921,27,82.01,39265.5,27899.5,
20230921,27,85.00,39265.5,27777.0,
20230921,27,90.00,39265.5,27704.8,
20230921,27,99.90,39265.5,27664.8,
20230921,27,100.00,39265.5,27664.5,
20230921,27,100.01,39289.0,24258.6,
20230921,27,101.00,39289.0,24258.6,
20230921,27,102.00,39289.0,24113.0,
20230921,27,105.00,39289.0,23760.9,
20230921,27,118.11,39289.0,23760.7,
20230921,27,120.10,39289.0,23548.6,
20230921,27,130.00,39289.0,23468.8,
20230921,27,138.00,39289.0,23460.9,
20230921,27,150.00,39289.0,23345.4,
20230921,27,190.00,39289.0,23342.8,
20230921,27,200.00,39289.0,23339.9,
20230921,27,200.01,39289.0,20751.5,
20230921,27,200.10,39289.0,19114.5,
20230921,27,200.50,39289.0,18973.8,
20230921,27,201.00,39289.0,18963.2,
20230921,27,210.00,39289.0,18822.8,
20230921,27,250.00,39289.0,18281.8,
20230921,27,300.00,39289.0,18070.7,
20230921,27,500.00,39289.0,17543.9,
20230921,27,548.66,39289.0,17541.9,
20230921,27,550.02,39289.0,17041.7,
20230921,27,999.00,39289.0,16823.6,
20230921,27,999.99,39289.0,0.0,
20230921,28,0.00,0.0,55460.0,
20230921,28,0.00,17803.0,55460.0,
20230921,28,0.01,34669.2,55460.0,
20230921,28,0.02,34836.9,55438.8,
20230921,28,0.03,34839.6,55394.0,
20230921,28,0.04,34843.5,55345.3,
20230921,28,0.09,34843.5,55345.3,
20230921,28,0.10,34843.5,55227.1,
20230921,28,0.20,34843.5,55107.0,
20230921,28,0.30,34843.5,55007.0,
20230921,28,0.48,34862.2,55003.0,
20230921,28,0.62,34862.2,55003.0,
20230921,28,0.90,34863.2,54923.0,
20230921,28,1.00,35400.5,54923.0,
20230921,28,1.01,35402.0,54631.1,
20230921,28,1.12,35402.0,54586.1,
20230921,28,1.23,35539.4,54546.1,
20230921,28,1.56,35699.7,54546.1,
20230921,28,1.67,35701.5,54546.1,
20230921,28,2.00,35704.8,54546.1,
20230921,28,2.01,35704.8,54546.1,
20230921,28,2.10,35704.8,54506.1,
20230921,28,2.12,35704.8,54500.1,
20230921,28,2.15,35816.6,54420.1,
20230921,28,2.39,35826.3,54420.1,
20230921,28,2.73,35827.3,54420.1,
20230921,28,3.00,35827.3,54420.1,
20230921,28,3.01,35827.3,54180.1,
20230921,28,3.10,35827.3,54130.1,
20230921,28,3.12,35827.3,54085.1,
20230921,28,3.33,35829.1,53965.1,
20230921,28,3.48,35833.1,53965.1,
20230921,28,3.81,35835.1,53965.1,
20230921,28,4.65,35885.1,53965.1,
20230921,28,4.78,35895.0,53965.1,
20230921,28,4.98,35896.0,53965.1,
20230921,28,4.99,35897.9,53965.1,
20230921,28,5.00,36045.0,53965.1,
20230921,28,5.01,36055.4,53689.8,
20230921,28,5.04,36055.4,53609.8,
20230921,28,5.12,36055.4,53309.8,
20230921,28,5.24,36055.6,53229.8,
20230921,28,5.50,36055.7,53229.8,
20230921,28,5.73,36059.7,53229.8,
20230921,28,6.00,36063.9,53229.8,
20230921,28,6.01,36063.9,53162.3,
20230921,28,6.02,36073.5,53150.7,
20230921,28,6.06,36075.5,53150.7,
20230921,28,6.26,36075.5,53150.7,
20230921,28,6.66,36077.3,53145.1,
20230921,28,6.90,36077.3,53145.1,
20230921,28,6.94,36081.2,53135.1,
20230921,28,7.00,36119.3,53135.1,
20230921,28,7.01,36119.3,53135.0,
20230921,28,7.12,36119.3,52854.6,
20230921,28,7.16,36129.1,52814.6,
20230921,28,7.23,36130.1,52814.6,
20230921,28,7.49,36131.1,52814.6,
20230921,28,7.50,36171.1,52814.6,
20230921,28,7.70,36171.6,52813.9,
20230921,28,7.80,36171.6,52813.9,
20230921,28,7.90,36171.6,52803.9,
20230921,28,7.93,36179.2,52799.4,
20230921,28,7.98,36183.2,52799.4,
20230921,28,8.00,36210.1,52799.4,
20230921,28,8.01,36210.1,52739.3,
20230921,28,8.02,36226.5,52729.9,
20230921,28,8.31,36228.5,52729.9,
20230921,28,8.32,36230.3,52729.9,
20230921,28,8.50,36230.3,52729.9,
20230921,28,8.59,36230.3,52719.8,
20230921,28,8.70,36230.3,52716.7,
20230921,28,8.90,36230.3,52686.7,
20230921,28,8.91,36240.3,52676.7,
20230921,28,9.07,36240.9,52676.7,
20230921,28,9.25,36240.9,52676.7,
20230921,28,9.36,36240.9,52666.7,
20230921,28,9.48,36241.9,52519.7,
20230921,28,9.50,36241.9,52519.7,
20230921,28,9.55,36251.8,52372.7,
20230921,28,9.60,36251.8,52372.7,
20230921,28,9.66,36251.8,52258.7,
20230921,28,9.74,36252.8,52134.7,
20230921,28,9.79,36252.8,52134.7,
20230921,28,9.80,36252.8,52129.1,
20230921,28,9.81,36252.8,52069.1,
20230921,28,9.82,36253.4,52019.1,
20230921,28,9.99,36373.4,51969.1,
20230921,28,10.00,36424.4,51969.1,
20230921,28,10.05,36444.4,51869.3,
20230921,28,10.17,36444.4,51869.3,
20230921,28,10.19,36444.4,51839.3,
20230921,28,10.20,36444.4,51632.9,
20230921,28,10.22,36444.4,51508.9,
20230921,28,10.23,36448.4,51459.9,
20230921,28,10.38,36448.4,51409.9,
20230921,28,10.46,36448.4,51285.9,
20230921,28,10.51,36448.4,51198.9,
20230921,28,10.56,36450.4,51047.9,
20230921,28,10.57,36451.0,51037.9,
20230921,28,10.58,36554.0,51037.9,
20230921,28,10.59,36790.7,50908.4,
20230921,28,10.60,36790.7,50908.4,
20230921,28,10.69,36790.7,50906.4,
20230921,28,10.70,36791.0,50906.3,
20230921,28,10.91,36821.0,50876.3,
20230921,28,11.00,36821.0,50876.3,
20230921,28,11.19,36821.0,50815.1,
20230921,28,11.25,36821.0,50814.9,
20230921,28,11.28,36821.0,50799.9,
20230921,28,11.32,36821.6,50799.8,
20230921,28,11.40,36821.6,50799.8,
20230921,28,11.53,36821.6,50648.8,
20230921,28,11.67,36821.6,50483.8,
20230921,28,11.73,36822.6,50361.8,
20230921,28,11.75,36822.6,50361.8,
20230921,28,11.80,36822.6,50161.5,
20230921,28,11.82,36822.6,50131.5,
20230921,28,11.83,36822.6,50124.5,
20230921,28,11.89,36822.6,49924.5,
20230921,28,11.91,36832.5,49724.5,
20230921,28,11.92,36842.4,49724.5,
20230921,28,11.93,36852.1,49724.5,
20230921,28,11.95,36852.1,49724.5,
20230921,28,11.96,36852.1,49722.3,
20230921,28,12.00,36854.3,49522.3,
20230921,28,12.04,36854.3,49484.3,
20230921,28,12.07,36854.9,49284.3,
20230921,28,12.13,36854.9,49284.3,
20230921,28,12.16,36854.9,49084.3,
20230921,28,12.23,36854.9,49034.3,
20230921,28,12.28,36855.8,48834.3,
20230921,28,12.29,36858.3,48834.3,
20230921,28,12.31,36858.3,48812.7,
20230921,28,12.32,36858.3,48762.7,
20230921,28,12.37,36858.3,48762.5,
20230921,28,12.38,36858.3,48757.3,
20230921,28,12.44,36858.3,48557.3,
20230921,28,12.48,36862.3,48552.6,
20230921,28,12.50,36862.3,48552.6,
20230921,28,12.56,36862.3,48552.1,
20230921,28,12.60,36862.3,48542.1,
20230921,28,12.64,36863.1,48041.9,
20230921,28,12.66,36865.5,48041.9,
20230921,28,12.70,36865.5,47938.9,
20230921,28,12.71,36892.5,47910.9,
20230921,28,12.73,36892.5,47910.9,
20230921,28,12.79,36892.5,47710.9,
20230921,28,12.80,36892.5,47709.3,
20230921,28,12.81,36894.5,47707.7,
20230921,28,12.88,36894.5,47707.7,
20230921,28,12.99,36895.4,47707.2,
20230921,28,13.00,36895.4,47707.2,
20230921,28,13.01,36895.4,47594.9,
20230921,28,13.02,36897.9,47586.2,
20230921,28,13.03,36897.9,47552.5,
20230921,28,13.04,36897.9,47518.8,
20230921,28,13.05,36897.9,47485.1,
20230921,28,13.25,36897.9,47451.4,
20230921,28,13.26,36899.0,47427.5,
20230921,28,13.34,36899.8,47427.5,
20230921,28,13.38,36902.2,47427.5,
20230921,28,13.39,36902.2,47427.5,
20230921,28,13.50,36912.2,47107.5,
20230921,28,13.60,36912.2,47107.5,
20230921,28,13.63,36912.2,47102.3,
20230921,28,13.69,36913.0,47077.3,
20230921,28,13.71,36922.2,47067.1,
20230921,28,13.72,36931.4,47067.1,
20230921,28,13.74,36933.7,47067.1,
20230921,28,13.87,36933.7,47064.6,
20230921,28,13.95,36933.7,47064.3,
20230921,28,13.99,36936.7,47040.1,
20230921,28,14.00,36936.7,47040.1,
20230921,28,14.01,36939.5,47025.4,
20230921,28,14.10,36939.5,47025.4,
20230921,28,14.18,36969.5,47024.8,
20230921,28,14.24,36969.5,47024.8,
20230921,28,14.26,36969.7,47024.7,
20230921,28,14.27,36969.9,47024.7,
20230921,28,14.28,36969.9,47024.7,
20230921,28,14.30,36969.9,47014.3,
20230921,28,14.35,36969.9,47013.8,
20230921,28,14.43,36995.9,47011.3,
20230921,28,14.50,37063.9,47011.3,
20230921,28,14.53,37063.9,47009.9,
20230921,28,14.56,37063.9,46839.9,
20230921,28,14.57,37074.2,46830.2,
20230921,28,14.70,37094.2,46830.2,
20230921,28,14.73,37098.2,46830.2,
20230921,28,14.80,37098.2,46830.2,
20230921,28,14.87,37098.2,46830.1,
20230921,28,14.95,37098.2,46819.9,
20230921,28,14.99,37098.2,46817.4,
20230921,28,15.00,37334.2,46817.3,
20230921,28,15.01,37334.2,46799.8,
20230921,28,15.02,37338.9,46789.6,
20230921,28,15.06,37340.9,46789.6,
20230921,28,15.10,37340.9,46789.6,
20230921,28,15.15,37340.9,46789.5,
20230921,28,15.20,37340.9,46701.5,
20230921,28,15.22,37340.9,46701.3,
20230921,28,15.23,37340.9,46684.7,
20230921,28,15.29,37356.5,46653.6,
20230921,28,15.35,37356.5,46653.6,
20230921,28,15.37,37362.0,46653.1,
20230921,28,15.41,37362.0,46653.1,
20230921,28,15.46,37362.0,46627.1,
20230921,28,15.51,37362.0,46606.5,
20230921,28,15.55,37362.0,46593.4,
20230921,28,15.56,37362.0,46393.4,
20230921,28,15.57,37364.5,46388.3,
20230921,28,15.58,37367.0,46388.3,
20230921,28,15.61,37367.0,46387.4,
20230921,28,15.73,37367.0,46387.1,
20230921,28,15.79,37367.0,46379.3,
20230921,28,15.80,37376.5,46378.9,
20230921,28,15.81,37376.5,46378.6,
20230921,28,15.83,37376.5,46378.5,
20230921,28,15.90,37387.5,46350.5,
20230921,28,15.91,37387.5,46300.5,
20230921,28,16.00,37388.5,46300.3,
20230921,28,16.05,37388.5,46274.6,
20230921,28,16.10,37389.5,46266.4,
20230921,28,16.12,37453.5,46266.4,
20230921,28,16.20,37454.5,46266.4,
20230921,28,16.23,37454.5,46266.4,
20230921,28,16.26,37504.5,46266.3,
20230921,28,16.27,37568.5,46266.3,
20230921,28,16.30,37619.5,46266.3,
20230921,28,16.37,37683.5,46266.3,
20230921,28,16.40,37683.5,46266.3,
20230921,28,16.47,37747.5,46266.1,
20230921,28,16.49,37747.5,46266.1,
20230921,28,16.60,37747.5,46265.1,
20230921,28,16.66,37811.5,46265.0,
20230921,28,16.70,37869.3,46265.0,
20230921,28,16.75,37933.3,46264.9,
20230921,28,16.80,37933.3,46264.9,
20230921,28,16.85,37997.3,46264.8,
20230921,28,16.91,37997.3,46264.8,
20230921,28,16.98,38001.4,46073.8,
20230921,28,16.99,38001.4,46073.8,
20230921,28,17.00,38001.4,46073.7,
20230921,28,17.03,38065.4,46053.7,
20230921,28,17.10,38065.4,46053.7,
20230921,28,17.16,38135.4,46053.6,
20230921,28,17.18,38135.4,46053.6,
20230921,28,17.25,38165.3,46037.4,
20230921,28,17.30,38165.3,46036.2,
20230921,28,17.31,38167.3,46036.1,
20230921,28,17.35,38167.3,46036.1,
20230921,28,17.44,38167.3,46035.9,
20230921,28,17.45,38167.3,45993.6,
20230921,28,17.50,38167.3,45993.3,
20230921,28,17.62,38167.3,45993.2,
20230921,28,17.63,38167.3,45871.2,
20230921,28,17.73,38167.3,45765.2,
20230921,28,17.87,38167.3,45604.2,
20230921,28,17.88,38167.3,45482.2,
20230921,28,17.89,38167.3,45433.9,
20230921,28,17.91,38172.3,45383.9,
20230921,28,18.00,38172.3,45383.9,
20230921,28,18.03,38172.3,45366.1,
20230921,28,18.07,38172.3,45366.0,
20230921,28,18.12,38172.3,45364.3,
20230921,28,18.17,38172.3,45290.8,
20230921,28,18.21,38172.3,45290.7,
20230921,28,18.30,38172.3,45168.7,
20230921,28,18.32,38172.3,45168.6,
20230921,28,18.47,38172.3,45092.0,
20230921,28,18.48,38172.3,41606.0,
20230921,28,18.50,38172.3,41605.3,
20230921,28,18.56,38182.3,41603.6,
20230921,28,18.58,38182.3,41603.6,
20230921,28,18.60,38182.3,41585.3,
20230921,28,18.62,38182.3,41585.2,
20230921,28,18.64,38182.3,41583.6,
20230921,28,18.74,38182.3,41533.6,
20230921,28,18.78,38182.3,41532.6,
20230921,28,18.84,38182.3,41482.6,
20230921,28,18.86,38182.3,41470.7,
20230921,28,19.00,38182.3,41451.8,
20230921,28,19.16,38182.3,41449.5,
20230921,28,19.24,38182.3,41448.9,
20230921,28,19.36,38182.3,41200.9,
20230921,28,19.47,38182.3,41154.9,
20230921,28,19.49,38182.3,41153.9,
20230921,28,19.50,38182.3,41153.6,
20230921,28,19.71,38406.3,41153.5,
20230921,28,19.80,38406.3,41153.5,
20230921,28,19.90,38406.3,41145.6,
20230921,28,20.00,38406.3,41145.5,
20230921,28,20.01,38406.3,41062.2,
20230921,28,20.02,38406.3,41056.5,
20230921,28,20.10,38406.3,41004.5,
20230921,28,20.11,38407.7,41003.1,
20230921,28,20.21,38407.7,41003.1,
20230921,28,20.30,38407.7,39029.1,
20230921,28,20.39,38409.7,39029.0,
20230921,28,20.50,38409.7,39029.0,
20230921,28,20.55,38409.7,39028.4,
20230921,28,20.62,38442.9,39009.5,
20230921,28,20.74,38442.9,39009.4,
20230921,28,20.88,38443.1,39008.7,
20230921,28,20.99,38443.1,39008.7,
20230921,28,21.00,38443.1,39007.7,
20230921,28,21.10,38443.1,39007.5,
20230921,28,21.12,38443.1,38471.5,
20230921,28,21.48,38443.1,37741.5,
20230921,28,21.68,38443.1,37741.0,
20230921,28,21.75,38443.1,37740.7,
20230921,28,21.81,38443.1,37740.0,
20230921,28,21.96,38443.1,37739.8,
20230921,28,22.00,38443.1,37660.1,
20230921,28,22.28,38493.1,37660.0,
20230921,28,22.39,38493.1,37660.0,
20230921,28,22.44,38493.1,37655.6,
20230921,28,22.80,38942.2,37653.9,
20230921,28,22.92,38942.2,37653.9,
20230921,28,23.00,38955.2,37644.9,
20230921,28,23.03,38955.2,37644.9,
20230921,28,23.24,38955.2,37644.8,
20230921,28,23.58,38955.2,37644.2,
20230921,28,23.73,38955.2,37642.0,
20230921,28,23.88,38955.2,37637.4,
20230921,28,24.00,38955.2,37635.9,
20230921,28,24.06,38955.2,37635.7,
20230921,28,24.16,38955.2,37633.7,
20230921,28,24.54,38955.2,37627.8,
20230921,28,24.71,38955.2,37608.9,
20230921,28,24.84,38955.2,37602.4,
20230921,28,25.00,38975.2,37571.8,
20230921,28,25.12,38975.2,37490.5,
20230921,28,25.52,38975.5,37486.7,
20230921,28,25.62,38975.5,37486.7,
20230921,28,25.74,38975.5,37485.7,
20230921,28,25.98,38975.5,37478.6,
20230921,28,26.31,38975.5,37477.0,
20230921,28,26.32,38975.5,37475.0,
20230921,28,26.65,38975.5,37474.5,
20230921,28,26.80,38975.5,37470.1,
20230921,28,27.00,38975.5,37468.4,
20230921,28,27.01,38975.5,37362.2,
20230921,28,27.46,38975.5,37358.3,
20230921,28,27.69,38975.5,37357.8,
20230921,28,28.00,38975.5,37348.9,
20230921,28,28.20,38975.5,37041.4,
20230921,28,28.23,38975.5,37039.7,
20230921,28,28.56,38975.5,37038.7,
20230921,28,28.60,38975.5,37036.7,
20230921,28,29.28,38975.5,37030.6,
20230921,28,29.49,38975.5,37030.0,
20230921,28,29.50,38975.5,37010.9,
20230921,28,29.71,38975.5,37006.4,
20230921,28,29.97,38975.5,37004.7,
20230921,28,30.00,38985.5,36997.4,
20230921,28,30.01,38985.5,36924.6,
20230921,28,30.21,38985.5,36887.9,
20230921,28,30.48,38985.5,36868.9,
20230921,28,30.56,38985.5,36867.9,
20230921,28,30.69,38985.5,36866.5,
20230921,28,30.81,38985.5,36862.1,
20230921,28,30.92,38985.5,36860.3,
20230921,28,30.93,38985.5,36736.1,
20230921,28,31.17,38985.5,36734.4,
20230921,28,31.19,38985.5,36727.9,
20230921,28,32.00,38985.5,36352.9,
20230921,28,32.70,38989.0,35927.0,
20230921,28,32.73,38989.0,35927.0,
20230921,28,33.03,38989.0,35926.0,
20230921,28,33.06,38989.0,35925.1,
20230921,28,33.48,38989.0,35924.1,
20230921,28,34.00,38989.0,35732.6,
20230921,28,34.98,38989.0,35655.9,
20230921,28,35.00,38989.0,35655.3,
20230921,28,35.31,38989.0,35545.6,
20230921,28,35.57,38989.0,35544.6,
20230921,28,35.82,38989.0,35525.7,
20230921,28,35.89,38989.0,35522.6,
20230921,28,36.00,38989.0,35448.9,
20230921,28,37.56,38989.0,35396.5,
20230921,28,37.66,38989.0,35395.5,
20230921,28,39.81,38989.0,35372.7,
20230921,28,39.98,39049.0,35371.7,
20230921,28,40.00,39049.0,35371.7,
20230921,28,40.01,39049.0,35256.7,
20230921,28,42.06,39049.0,35256.6,
20230921,28,43.75,39049.0,35255.6,
20230921,28,44.31,39049.0,35222.6,
20230921,28,44.72,39049.0,35221.6,
20230921,28,45.00,39049.0,35220.5,
20230921,28,45.01,39049.0,35087.6,
20230921,28,45.12,39049.0,34896.9,
20230921,28,46.00,39049.0,34892.0,
20230921,28,46.56,39049.0,34842.0,
20230921,28,50.00,39049.0,34840.1,
20230921,28,50.01,39058.5,34688.9,
20230921,28,50.12,39058.5,34688.9,
20230921,28,50.33,39058.5,34581.3,
20230921,28,50.90,39058.5,34552.0,
20230921,28,51.00,39058.5,34548.7,
20230921,28,57.50,39058.5,34546.9,
20230921,28,60.00,39058.5,34546.8,
20230921,28,61.00,39058.5,34392.2,
20230921,28,61.50,39058.5,34360.5,
20230921,28,62.00,39058.5,34360.0,
20230921,28,65.00,39058.5,34271.3,
20230921,28,67.94,39058.5,34264.8,
20230921,28,70.90,39058.5,34219.2,
20230921,28,77.80,39058.5,30019.2,
20230921,28,79.90,39058.5,29861.6,
20230921,28,79.98,39078.5,29840.6,
20230921,28,80.00,39078.5,29840.6,
20230921,28,80.01,39078.5,28788.0,
20230921,28,80.05,39078.5,28334.6,
20230921,28,80.10,39078.5,28326.0,
20230921,28,80.20,39078.5,28282.5,
20230921,28,80.21,39098.5,28274.5,
20230921,28,80.50,39098.5,28274.5,
20230921,28,81.00,39098.5,28274.4,
20230921,28,82.01,39098.5,28169.7,
20230921,28,85.00,39098.5,28047.0,
20230921,28,90.00,39098.5,27972.1,
20230921,28,99.90,39098.5,27931.4,
20230921,28,100.00,39098.5,27931.1,
20230921,28,100.01,39121.6,24852.7,
20230921,28,101.00,39121.6,24852.7,
20230921,28,102.00,39121.6,24707.1,
20230921,28,105.00,39121.6,24316.3,
20230921,28,120.10,39121.6,24316.1,
20230921,28,130.00,39121.6,24235.7,
20230921,28,138.00,39121.6,24227.6,
20230921,28,150.00,39121.6,23892.7,
20230921,28,190.00,39121.6,23889.9,
20230921,28,200.00,39121.6,23887.1,
20230921,28,200.01,39121.6,21263.2,
20230921,28,200.10,39121.6,19705.9,
20230921,28,200.50,39121.6,19561.0,
20230921,28,201.00,39121.6,19550.4,
20230921,28,210.00,39121.6,19406.0,
20230921,28,250.00,39121.6,18864.2,
20230921,28,300.00,39121.6,18653.6,
20230921,28,500.00,39121.6,18126.9,
20230921,28,548.66,39121.6,18124.9,
20230921,28,550.02,39121.6,17622.1,
20230921,28,999.00,39121.6,17405.6,
20230921,28,999.99,39121.6,0.0,
20230921,29,0.00,0.0,55694.8,
20230921,29,0.00,17002.8,55694.8,
20230921,29,0.01,33915.8,55694.8,
20230921,29,0.02,34082.5,55673.5,
20230921,29,0.03,34084.5,55628.8,
20230921,29,0.04,34088.3,55581.0,
20230921,29,0.09,34088.3,55581.0,
20230921,29,0.10,34088.3,55473.9,
20230921,29,0.20,34088.3,55353.8,
20230921,29,0.30,34088.3,55253.8,
20230921,29,0.62,34088.3,55249.8,
20230921,29,0.90,34089.3,55169.8,
20230921,29,1.00,34623.7,55169.8,
20230921,29,1.01,34625.2,54878.3,
20230921,29,1.12,34625.2,54833.3,
20230921,29,1.30,34627.7,54793.3,
20230921,29,1.56,34835.3,54793.3,
20230921,29,1.81,34837.1,54793.3,
20230921,29,1.83,34855.6,54793.3,
20230921,29,2.00,34858.5,54793.3,
20230921,29,2.01,34858.5,54793.3,
20230921,29,2.10,34858.5,54753.3,
20230921,29,2.12,34858.5,54747.3,
20230921,29,2.15,34969.4,54667.3,
20230921,29,2.59,34979.2,54667.3,
20230921,29,3.00,34979.2,54667.3,
20230921,29,3.01,34979.2,54427.3,
20230921,29,3.10,34979.2,54377.3,
20230921,29,3.12,34979.2,54312.3,
20230921,29,3.60,34981.0,54192.3,
20230921,29,3.81,34987.0,54192.3,
20230921,29,3.88,34989.5,54192.3,
20230921,29,4.08,34990.5,54192.3,
20230921,29,4.65,35035.6,54192.3,
20230921,29,5.00,35182.8,54192.3,
20230921,29,5.01,35190.9,53914.6,
20230921,29,5.04,35190.9,53834.6,
20230921,29,5.12,35190.9,53534.6,
20230921,29,5.17,35200.8,53454.6,
20230921,29,5.40,35202.7,53454.6,
20230921,29,5.50,35202.8,53454.6,
20230921,29,6.00,35205.4,53454.6,
20230921,29,6.01,35205.4,53387.6,
20230921,29,6.02,35215.0,53376.0,
20230921,29,6.06,35221.0,53376.0,
20230921,29,6.26,35221.0,53376.0,
20230921,29,6.33,35222.0,53370.4,
20230921,29,6.47,35224.5,53370.4,
20230921,29,6.48,35224.6,53370.4,
20230921,29,6.94,35228.8,53370.4,
20230921,29,7.00,35265.5,53370.4,
20230921,29,7.01,35265.5,53370.3,
20230921,29,7.11,35266.4,53090.5,
20230921,29,7.12,35266.4,53090.5,
20230921,29,7.19,35268.2,53050.5,
20230921,29,7.49,35268.2,53050.5,
20230921,29,7.50,35308.2,53040.5,
20230921,29,7.70,35308.8,53040.5,
20230921,29,7.76,35316.9,53040.5,
20230921,29,7.90,35316.9,53040.5,
20230921,29,8.00,35344.8,53037.0,
20230921,29,8.01,35344.8,52976.9,
20230921,29,8.02,35361.3,52967.5,
20230921,29,8.31,35367.3,52967.5,
20230921,29,8.40,35368.2,52967.5,
20230921,29,8.50,35368.2,52967.5,
20230921,29,8.58,35369.2,52957.5,
20230921,29,8.59,35369.2,52957.5,
20230921,29,8.73,35370.2,52954.4,
20230921,29,8.87,35370.2,52954.4,
20230921,29,8.99,35372.0,52944.4,
20230921,29,9.05,35372.8,52944.4,
20230921,29,9.12,35372.8,52944.4,
20230921,29,9.36,35372.8,52909.4,
20230921,29,9.49,35372.8,52762.4,
20230921,29,9.50,35380.2,52749.8,
20230921,29,9.60,35380.2,52602.8,
20230921,29,9.66,35380.2,52488.8,
20230921,29,9.67,35380.8,52364.8,
20230921,29,9.69,35381.6,52364.8,
20230921,29,9.81,35381.6,52355.4,
20230921,29,9.82,35381.6,52316.4,
20230921,29,9.99,35501.5,52266.4,
20230921,29,10.00,35552.3,52266.4,
20230921,29,10.05,35572.3,52167.2,
20230921,29,10.17,35572.3,52167.2,
20230921,29,10.19,35572.3,52137.2,
20230921,29,10.20,35572.3,51933.4,
20230921,29,10.22,35572.3,51809.4,
20230921,29,10.23,35572.3,51760.4,
20230921,29,10.34,35579.6,51710.4,
20230921,29,10.36,35580.2,51710.4,
20230921,29,10.38,35580.2,51710.4,
20230921,29,10.46,35580.2,51586.4,
20230921,29,10.51,35580.2,51499.4,
20230921,29,10.56,35586.2,51348.4,
20230921,29,10.58,35710.4,51348.4,
20230921,29,10.59,35945.0,51225.2,
20230921,29,10.60,35952.6,51225.2,
20230921,29,10.67,35952.6,51225.2,
20230921,29,10.68,35952.6,51210.2,
20230921,29,10.69,35952.6,51200.2,
20230921,29,10.77,35952.6,51190.2,
20230921,29,10.83,35953.6,51180.7,
20230921,29,10.87,35953.6,51180.7,
20230921,29,10.98,35954.6,51170.7,
20230921,29,11.00,35954.6,51170.7,
20230921,29,11.04,35955.2,51109.5,
20230921,29,11.28,35955.2,51109.5,
20230921,29,11.40,35955.2,51109.4,
20230921,29,11.50,35985.2,50958.4,
20230921,29,11.53,35985.2,50958.4,
20230921,29,11.56,35985.2,50793.4,
20230921,29,11.67,35985.2,50786.4,
20230921,29,11.73,35985.8,50664.4,
20230921,29,11.75,35985.8,50664.4,
20230921,29,11.81,35985.8,50464.4,
20230921,29,11.84,35985.8,50264.4,
20230921,29,11.88,35985.8,50255.0,
20230921,29,11.95,35985.8,50055.0,
20230921,29,11.96,35985.8,50052.9,
20230921,29,12.00,35987.8,49852.9,
20230921,29,12.04,35987.8,49814.9,
20230921,29,12.13,35987.8,49614.9,
20230921,29,12.17,35987.8,49414.9,
20230921,29,12.23,35987.8,49364.9,
20230921,29,12.28,35987.8,49164.9,
20230921,29,12.36,35987.8,49114.9,
20230921,29,12.42,35988.4,48914.7,
20230921,29,12.50,35997.7,48914.7,
20230921,29,12.51,36007.0,48914.2,
20230921,29,12.58,36007.0,48914.2,
20230921,29,12.59,36007.0,48899.2,
20230921,29,12.66,36007.0,48894.1,
20230921,29,12.67,36007.0,48813.1,
20230921,29,12.68,36007.0,48798.1,
20230921,29,12.69,36007.0,48783.1,
20230921,29,12.73,36007.0,48773.1,
20230921,29,12.81,36013.0,48573.1,
20230921,29,12.83,36013.0,48573.1,
20230921,29,12.87,36013.0,48071.8,
20230921,29,12.92,36020.2,48020.1,
20230921,29,13.00,36020.2,48001.2,
20230921,29,13.01,36020.2,47888.1,
20230921,29,13.02,36020.2,47879.4,
20230921,29,13.03,36050.2,47845.7,
20230921,29,13.04,36050.2,47812.0,
20230921,29,13.05,36050.2,47778.3,
20230921,29,13.08,36051.2,47744.6,
20230921,29,13.26,36051.2,47744.6,
20230921,29,13.30,36053.7,47744.3,
20230921,29,13.39,36053.7,47744.3,
20230921,29,13.49,36053.7,47344.3,
20230921,29,13.50,36063.7,47339.7,
20230921,29,13.53,36063.7,47339.7,
20230921,29,13.63,36063.7,47334.5,
20230921,29,13.68,36066.1,47309.5,
20230921,29,13.82,36066.1,47309.5,
20230921,29,13.86,36066.1,47307.5,
20230921,29,13.87,36066.1,47306.2,
20230921,29,13.88,36096.1,47304.9,
20230921,29,13.92,36096.1,47304.9,
20230921,29,13.93,36096.4,47304.8,
20230921,29,13.95,36096.4,47304.8,
20230921,29,14.00,36096.4,47280.6,
20230921,29,14.01,36097.2,47265.8,
20230921,29,14.05,36099.7,47265.8,
20230921,29,14.10,36099.7,47265.8,
20230921,29,14.16,36099.7,47265.2,
20230921,29,14.18,36129.7,47265.0,
20230921,29,14.30,36129.7,47265.0,
20230921,29,14.43,36158.1,47264.5,
20230921,29,14.50,36226.1,47264.5,
20230921,29,14.53,36226.1,47263.0,
20230921,29,14.58,36226.1,47223.0,
20230921,29,14.59,36227.7,47199.6,
20230921,29,14.67,36227.7,47199.6,
20230921,29,14.68,36248.9,47190.8,
20230921,29,14.69,36249.8,47166.7,
20230921,29,14.70,36259.0,47155.9,
20230921,29,14.73,36259.0,47155.9,
20230921,29,14.75,36259.0,47155.1,
20230921,29,14.80,36259.0,47154.8,
20230921,29,14.81,36261.3,47154.7,
20230921,29,14.83,36261.3,47152.2,
20230921,29,14.99,36261.3,47152.1,
20230921,29,15.00,36497.3,47152.0,
20230921,29,15.01,36499.1,47145.3,
20230921,29,15.02,36503.8,47135.1,
20230921,29,15.06,36509.8,47135.1,
20230921,29,15.07,36509.8,47135.1,
20230921,29,15.10,36509.8,47134.6,
20230921,29,15.15,36509.8,47134.5,
20230921,29,15.20,36509.8,47042.5,
20230921,29,15.22,36509.8,47042.3,
20230921,29,15.25,36513.0,47025.7,
20230921,29,15.34,36513.0,47025.7,
20230921,29,15.41,36513.0,47024.8,
20230921,29,15.44,36513.0,46998.8,
20230921,29,15.48,36513.0,46996.3,
20230921,29,15.51,36513.0,46996.2,
20230921,29,15.55,36513.0,46983.2,
20230921,29,15.58,36513.4,46783.2,
20230921,29,15.59,36513.8,46782.3,
20230921,29,15.68,36521.6,46782.3,
20230921,29,15.69,36531.9,46782.3,
20230921,29,15.70,36534.4,46782.3,
20230921,29,15.73,36534.4,46782.3,
20230921,29,15.80,36534.4,46774.5,
20230921,29,15.81,36534.4,46774.2,
20230921,29,15.90,36545.4,46774.1,
20230921,29,15.91,36545.4,46774.1,
20230921,29,15.94,36545.4,46773.9,
20230921,29,16.00,36546.4,46773.1,
20230921,29,16.05,36546.4,46735.8,
20230921,29,16.07,36546.4,46727.6,
20230921,29,16.10,36547.4,46725.1,
20230921,29,16.12,36611.4,46725.1,
20230921,29,16.20,36612.4,46725.1,
20230921,29,16.27,36676.4,46725.1,
20230921,29,16.28,36726.4,46725.1,
20230921,29,16.30,36727.4,46725.1,
20230921,29,16.32,36777.4,46725.1,
20230921,29,16.37,36841.4,46725.1,
20230921,29,16.40,36841.4,46725.1,
20230921,29,16.47,36905.4,46724.9,
20230921,29,16.55,36905.4,46724.9,
20230921,29,16.58,36925.4,46723.2,
20230921,29,16.60,36925.4,46723.2,
20230921,29,16.66,36989.4,46723.1,
20230921,29,16.70,36989.4,46723.1,
20230921,29,16.74,36989.4,46717.9,
20230921,29,16.75,37053.4,46503.9,
20230921,29,16.80,37053.4,46503.9,
20230921,29,16.82,37053.4,46503.8,
20230921,29,16.85,37117.4,46503.5,
20230921,29,16.86,37117.4,46503.5,
20230921,29,16.87,37125.4,46501.6,
20230921,29,16.99,37125.4,46501.6,
20230921,29,17.00,37125.4,46501.5,
20230921,29,17.03,37189.4,46481.5,
20230921,29,17.08,37189.4,46481.5,
20230921,29,17.10,37189.4,46462.6,
20230921,29,17.16,37260.2,46462.5,
20230921,29,17.18,37260.2,46462.5,
20230921,29,17.25,37260.2,46445.8,
20230921,29,17.30,37260.2,46444.6,
20230921,29,17.31,37266.2,46444.5,
20230921,29,17.45,37266.2,46444.5,
20230921,29,17.50,37266.2,46444.2,
20230921,29,17.58,37266.2,46444.1,
20230921,29,17.61,37266.2,46444.0,
20230921,29,17.62,37266.2,46283.0,
20230921,29,17.63,37266.2,46161.0,
20230921,29,17.73,37266.2,46055.0,
20230921,29,17.87,37266.2,46054.0,
20230921,29,17.88,37266.2,45932.0,
20230921,29,17.89,37266.2,45884.3,
20230921,29,17.91,37272.2,45834.3,
20230921,29,18.00,37272.2,45834.3,
20230921,29,18.03,37272.2,45831.4,
20230921,29,18.12,37272.2,45831.3,
20230921,29,18.17,37272.2,45763.3,
20230921,29,18.21,37272.2,45763.2,
20230921,29,18.30,37272.2,45641.2,
20230921,29,18.47,37272.2,45641.1,
20230921,29,18.49,37272.2,41919.1,
20230921,29,18.58,37302.1,41876.8,
20230921,29,18.60,37302.1,41858.4,
20230921,29,18.62,37302.1,41858.3,
20230921,29,18.64,37302.1,41856.7,
20230921,29,18.67,37330.0,41806.7,
20230921,29,18.68,37359.9,41806.7,
20230921,29,18.69,37369.9,41806.7,
20230921,29,18.78,37369.9,41806.7,
20230921,29,18.89,37369.9,41756.7,
20230921,29,19.00,37369.9,41755.8,
20230921,29,19.18,37369.9,41753.8,
20230921,29,19.19,37369.9,41749.3,
20230921,29,19.23,37369.9,41524.3,
20230921,29,19.29,37369.9,41496.4,
20230921,29,19.32,37369.9,41494.7,
20230921,29,19.46,37369.9,41425.7,
20230921,29,19.47,37369.9,41425.1,
20230921,29,19.50,37369.9,41424.6,
20230921,29,19.71,37593.9,41424.0,
20230921,29,19.78,37593.9,41424.0,
20230921,29,19.80,37593.9,41372.0,
20230921,29,19.83,37593.9,41364.1,
20230921,29,19.90,37593.9,41363.3,
20230921,29,19.97,37593.9,41363.2,
20230921,29,19.98,37593.9,41331.7,
20230921,29,20.00,37593.9,41330.7,
20230921,29,20.01,37593.9,41251.5,
20230921,29,20.06,37609.5,41245.8,
20230921,29,20.10,37609.5,41245.8,
20230921,29,20.11,37611.0,41244.5,
20230921,29,20.14,37611.0,41244.4,
20230921,29,20.17,37616.5,41232.6,
20230921,29,20.21,37616.5,41232.6,
20230921,29,20.27,37658.5,39258.6,
20230921,29,20.30,37658.5,39258.6,
20230921,29,20.43,37658.5,39258.5,
20230921,29,20.44,37658.5,39256.1,
20230921,29,20.45,37658.5,39206.1,
20230921,29,20.46,37658.5,39156.1,
20230921,29,20.47,37658.5,39106.1,
20230921,29,20.48,37658.5,39056.1,
20230921,29,20.49,37658.5,39006.1,
20230921,29,20.50,37658.5,38956.1,
20230921,29,20.51,37658.5,38906.1,
20230921,29,20.52,37658.5,38856.1,
20230921,29,20.62,37692.4,38778.9,
20230921,29,20.65,37692.4,38778.9,
20230921,29,20.70,37692.4,38760.1,
20230921,29,20.88,37692.5,38759.6,
20230921,29,20.97,37692.5,38759.6,
20230921,29,21.00,37692.5,38759.2,
20230921,29,21.10,37692.5,38759.0,
20230921,29,21.12,37692.5,37968.0,
20230921,29,21.81,37692.5,37268.0,
20230921,29,22.00,37692.5,37267.3,
20230921,29,22.03,37692.5,37252.4,
20230921,29,22.15,37692.5,37251.7,
20230921,29,22.23,37692.5,37170.5,
20230921,29,22.28,37742.5,37169.5,
20230921,29,22.36,37742.5,37169.5,
20230921,29,22.53,37742.5,37169.4,
20230921,29,22.80,38191.6,37168.7,
20230921,29,22.90,38191.6,37168.7,
20230921,29,22.92,38191.6,37118.7,
20230921,29,23.00,38204.6,37109.7,
20230921,29,23.03,38204.6,37109.7,
20230921,29,23.04,38204.6,37109.6,
20230921,29,23.33,38204.6,37109.4,
20230921,29,23.86,38204.6,37105.0,
20230921,29,24.00,38204.6,37103.3,
20230921,29,24.01,38204.6,37103.1,
20230921,29,24.06,38204.6,37084.2,
20230921,29,24.21,38204.6,37077.6,
20230921,29,24.46,38204.6,37077.0,
20230921,29,24.48,38204.6,37070.7,
20230921,29,25.00,38224.6,37070.1,
20230921,29,25.11,38224.6,37000.3,
20230921,29,25.18,38224.6,36997.4,
20230921,29,25.42,38224.6,36967.3,
20230921,29,25.52,38227.2,36960.3,
20230921,29,25.61,38227.2,36960.3,
20230921,29,25.85,38227.2,36956.5,
20230921,29,26.00,38227.2,36906.5,
20230921,29,26.18,38227.2,36893.8,
20230921,29,26.31,38227.2,36893.2,
20230921,29,26.56,38227.2,36889.7,
20230921,29,27.00,38227.2,36889.2,
20230921,29,27.01,38227.2,36785.4,
20230921,29,27.03,38227.2,36781.2,
20230921,29,27.36,38227.2,36774.0,
20230921,29,27.47,38227.2,36773.5,
20230921,29,27.53,38227.2,36769.1,
20230921,29,27.73,38227.2,36768.6,
20230921,29,27.84,38229.7,36760.0,
20230921,29,28.00,38229.7,36760.0,
20230921,29,28.20,38229.7,36452.5,
20230921,29,28.44,38229.7,36451.4,
20230921,29,28.56,38229.7,36449.7,
20230921,29,28.61,38229.7,36446.7,
20230921,29,29.63,38229.7,36446.0,
20230921,29,29.83,38229.7,36445.4,
20230921,29,29.97,38229.7,36425.7,
20230921,29,30.00,38239.7,36418.7,
20230921,29,30.01,38239.7,36345.8,
20230921,29,30.23,38239.7,36304.9,
20230921,29,30.56,38239.7,36300.4,
20230921,29,30.57,38239.7,36299.0,
20230921,29,30.81,38239.7,35923.0,
20230921,29,30.95,38239.7,35920.1,
20230921,29,31.38,38239.7,35901.1,
20230921,29,31.48,38239.7,35896.7,
20230921,29,31.61,38239.7,35895.0,
20230921,29,31.93,38239.7,35769.8,
20230921,29,32.00,38239.7,35763.6,
20230921,29,32.70,38243.2,35343.0,
20230921,29,32.76,38243.2,35343.0,
20230921,29,33.01,38243.2,35341.3,
20230921,29,33.03,38243.2,35335.5,
20230921,29,33.06,38243.2,35334.6,
20230921,29,34.00,38243.2,35332.6,
20230921,29,35.00,38243.2,35274.2,
20230921,29,35.31,38243.2,35165.2,
20230921,29,35.57,38243.2,35163.7,
20230921,29,36.00,38243.2,35144.8,
20230921,29,37.49,38243.2,35091.2,
20230921,29,37.52,38243.2,35072.3,
20230921,29,37.56,38243.2,34877.9,
20230921,29,37.66,38243.2,34876.9,
20230921,29,37.67,38243.2,34854.1,
20230921,29,37.88,38243.2,34850.9,
20230921,29,39.81,38243.2,34782.4,
20230921,29,39.98,38303.2,34781.4,
20230921,29,40.00,38303.2,34781.4,
20230921,29,40.01,38303.2,34672.4,
20230921,29,42.06,38303.2,34672.3,
20230921,29,44.31,38303.2,34671.3,
20230921,29,44.72,38303.2,34670.3,
20230921,29,45.00,38303.2,34669.6,
20230921,29,45.01,38303.2,34535.9,
20230921,29,45.12,38303.2,34339.1,
20230921,29,45.56,38303.2,34334.1,
20230921,29,46.00,38303.2,34302.3,
20230921,29,46.56,38303.2,34252.3,
20230921,29,50.00,38303.2,34250.4,
20230921,29,50.01,38312.6,34095.3,
20230921,29,50.12,38312.6,34095.3,
20230921,29,50.33,38312.6,33988.2,
20230921,29,50.90,38312.6,33959.4,
20230921,29,51.00,38312.6,33956.1,
20230921,29,57.50,38312.6,33954.2,
20230921,29,60.00,38312.6,33954.1,
20230921,29,61.00,38312.6,33799.5,
20230921,29,61.50,38312.6,33768.6,
20230921,29,62.00,38312.6,33768.1,
20230921,29,65.00,38312.6,33680.8,
20230921,29,67.94,38312.6,33673.8,
20230921,29,70.00,38312.6,33627.2,
20230921,29,70.90,38312.6,33621.8,
20230921,29,77.80,38312.6,29166.8,
20230921,29,79.90,38312.6,29010.3,
20230921,29,79.98,38332.6,28989.4,
20230921,29,80.00,38332.6,28989.4,
20230921,29,80.01,38332.6,27953.6,
20230921,29,80.05,38332.6,27585.0,
20230921,29,80.10,38332.6,27582.4,
20230921,29,80.20,38332.6,27538.4,
20230921,29,80.21,38352.6,27530.4,
20230921,29,80.50,38352.6,27530.4,
20230921,29,81.00,38352.6,27530.3,
20230921,29,82.01,38352.6,27442.4,
20230921,29,85.00,38352.6,27319.7,
20230921,29,90.00,38352.6,27244.7,
20230921,29,99.90,38352.6,27203.7,
20230921,29,100.00,38352.6,27203.3,
20230921,29,100.01,38368.3,24073.3,
20230921,29,101.00,38368.3,24073.3,
20230921,29,102.00,38368.3,23927.7,
20230921,29,105.00,38368.3,23542.0,
20230921,29,120.10,38368.3,23541.8,
20230921,29,130.00,38368.3,23462.0,
20230921,29,138.00,38368.3,23453.7,
20230921,29,150.00,38368.3,23118.1,
20230921,29,190.00,38368.3,23115.3,
20230921,29,200.00,38368.3,23112.5,
20230921,29,200.01,38368.3,20493.5,
20230921,29,200.10,38368.3,18926.0,
20230921,29,200.50,38368.3,18785.5,
20230921,29,201.00,38368.3,18774.9,
20230921,29,210.00,38368.3,18623.2,
20230921,29,250.00,38368.3,18079.0,
20230921,29,300.00,38368.3,17869.7,
20230921,29,500.00,38368.3,17342.9,
20230921,29,548.66,38368.3,17340.9,
20230921,29,550.02,38368.3,16845.7,
20230921,29,999.00,38368.3,16631.6,
20230921,29,999.99,38368.3,0.0,
20230921,30,0.00,0.0,56023.1,
20230921,30,0.00,16177.5,56023.1,
20230921,30,0.01,33052.7,56023.1,
20230921,30,0.02,33218.6,56002.0,
20230921,30,0.03,33220.0,55957.6,
20230921,30,0.04,33238.0,55910.0,
20230921,30,0.09,33238.0,55910.0,
20230921,30,0.10,33238.0,55817.1,
20230921,30,0.20,33238.0,55697.0,
20230921,30,0.30,33238.0,55597.0,
20230921,30,0.62,33238.0,55593.0,
20230921,30,0.90,33239.0,55513.0,
20230921,30,1.00,33775.5,55513.0,
20230921,30,1.01,33777.0,55224.3,
20230921,30,1.12,33777.0,55179.3,
20230921,30,1.51,33794.3,55139.3,
20230921,30,1.56,33996.6,55139.3,
20230921,30,1.95,33998.4,55139.3,
20230921,30,2.00,34000.9,55139.3,
20230921,30,2.01,34000.9,55139.3,
20230921,30,2.10,34000.9,55099.3,
20230921,30,2.12,34000.9,55093.3,
20230921,30,2.15,34111.8,55013.3,
20230921,30,2.81,34121.5,55013.3,
20230921,30,3.00,34121.5,55013.3,
20230921,30,3.01,34121.5,54773.3,
20230921,30,3.10,34121.5,54723.3,
20230921,30,3.12,34121.5,54658.3,
20230921,30,3.76,34122.5,54538.3,
20230921,30,3.81,34127.7,54538.3,
20230921,30,3.89,34129.5,54538.3,
20230921,30,4.65,34168.4,54538.3,
20230921,30,5.00,34322.8,54538.3,
20230921,30,5.01,34327.9,54261.1,
20230921,30,5.04,34327.9,54181.1,
20230921,30,5.12,34327.9,53881.1,
20230921,30,5.50,34328.0,53801.1,
20230921,30,5.61,34337.9,53801.1,
20230921,30,5.84,34339.8,53801.1,
20230921,30,6.00,34341.4,53801.1,
20230921,30,6.01,34342.4,53734.3,
20230921,30,6.02,34351.8,53722.9,
20230921,30,6.06,34357.8,53722.9,
20230921,30,6.26,34357.8,53722.9,
20230921,30,6.94,34362.3,53717.3,
20230921,30,7.00,34397.6,53717.3,
20230921,30,7.01,34397.6,53717.2,
20230921,30,7.12,34397.6,53438.5,
20230921,30,7.50,34437.6,53358.5,
20230921,30,7.70,34438.3,53358.5,
20230921,30,7.78,34440.1,53358.5,
20230921,30,7.90,34440.1,53358.5,
20230921,30,8.00,34468.2,53355.2,
20230921,30,8.01,34468.2,53295.1,
20230921,30,8.02,34484.4,53285.7,
20230921,30,8.26,34485.4,53285.7,
20230921,30,8.31,34491.4,53285.7,
20230921,30,8.40,34501.2,53285.7,
20230921,30,8.50,34501.2,53285.7,
20230921,30,8.59,34501.2,53275.7,
20230921,30,9.09,34501.2,53272.6,
20230921,30,9.12,34501.2,53115.6,
20230921,30,9.30,34501.2,53080.6,
20230921,30,9.50,34501.2,53070.6,
20230921,30,9.60,34501.2,52923.6,
20230921,30,9.66,34501.2,52809.6,
20230921,30,9.72,34503.0,52685.6,
20230921,30,9.80,34504.0,52685.6,
20230921,30,9.81,34504.0,52685.6,
20230921,30,9.82,34504.0,52656.6,
20230921,30,9.83,34511.6,52606.6,
20230921,30,9.99,34631.6,52606.6,
20230921,30,10.00,34681.9,52606.6,
20230921,30,10.05,34701.9,52507.4,
20230921,30,10.17,34701.9,52507.4,
20230921,30,10.19,34701.9,52477.4,
20230921,30,10.20,34701.9,52273.6,
20230921,30,10.22,34701.9,52149.6,
20230921,30,10.23,34701.9,52100.6,
20230921,30,10.38,34701.9,52050.6,
20230921,30,10.46,34701.9,51926.6,
20230921,30,10.50,34712.3,51839.6,
20230921,30,10.51,34713.3,51839.6,
20230921,30,10.53,34713.9,51688.6,
20230921,30,10.56,34719.9,51688.6,
20230921,30,10.58,34918.0,51688.6,
20230921,30,10.59,35150.7,51656.1,
20230921,30,10.87,35150.7,51656.1,
20230921,30,11.00,35150.7,51646.1,
20230921,30,11.20,35160.6,51585.9,
20230921,30,11.28,35160.6,51585.9,
20230921,30,11.30,35160.6,51585.8,
20230921,30,11.31,35164.3,51569.5,
20230921,30,11.35,35164.9,51569.5,
20230921,30,11.40,35164.9,51569.5,
20230921,30,11.50,35164.9,51418.5,
20230921,30,11.53,35164.9,51417.2,
20230921,30,11.64,35164.9,51252.2,
20230921,30,11.67,35164.9,51237.2,
20230921,30,11.75,35164.9,51115.2,
20230921,30,11.81,35164.9,50915.2,
20230921,30,11.87,35164.9,50715.2,
20230921,30,11.88,35164.9,50700.2,
20230921,30,11.95,35164.9,50500.2,
20230921,30,11.96,35164.9,50498.1,
20230921,30,12.00,35166.8,50298.1,
20230921,30,12.04,35166.8,50259.7,
20230921,30,12.05,35167.8,50059.7,
20230921,30,12.13,35167.8,50059.7,
20230921,30,12.16,35168.4,49859.7,
20230921,30,12.23,35168.4,49859.7,
20230921,30,12.36,35168.4,49659.7,
20230921,30,12.58,35168.4,49459.7,
20230921,30,12.65,35168.4,49409.7,
20230921,30,12.66,35168.4,49209.7,
20230921,30,12.70,35168.4,49128.7,
20230921,30,12.73,35168.4,49078.7,
20230921,30,12.75,35168.4,48558.9,
20230921,30,12.76,35169.4,48548.9,
20230921,30,12.81,35175.4,48548.9,
20230921,30,12.87,35175.4,48538.9,
20230921,30,12.97,35176.0,48528.9,
20230921,30,13.00,35176.0,48528.9,
20230921,30,13.01,35176.0,48456.2,
20230921,30,13.02,35206.0,48447.5,
20230921,30,13.03,35206.0,48413.8,
20230921,30,13.04,35206.0,48380.1,
20230921,30,13.05,35206.0,48346.4,
20230921,30,13.07,35206.0,48312.7,
20230921,30,13.31,35236.0,48307.6,
20230921,30,13.39,35236.0,48307.6,
20230921,30,13.50,35246.0,48097.6,
20230921,30,13.63,35246.0,48097.6,
20230921,30,13.64,35246.0,48072.6,
20230921,30,13.78,35246.6,48057.6,
20230921,30,13.86,35276.6,48057.6,
20230921,30,13.87,35276.6,48057.6,
20230921,30,13.95,35276.6,48042.6,
20230921,30,14.00,35286.3,48018.6,
20230921,30,14.01,35286.4,48003.1,
20230921,30,14.10,35286.4,48003.1,
20230921,30,14.16,35316.4,48002.5,
20230921,30,14.30,35324.8,48002.5,
20230921,30,14.31,35334.1,48002.1,
20230921,30,14.33,35336.6,48002.1,
20230921,30,14.43,35364.6,48002.1,
20230921,30,14.50,35432.6,48002.1,
20230921,30,14.53,35432.6,48000.6,
20230921,30,14.56,35432.6,47980.6,
20230921,30,14.61,35433.4,47975.9,
20230921,30,14.66,35435.8,47975.9,
20230921,30,14.75,35435.8,47975.9,
20230921,30,14.81,35435.8,47960.9,
20230921,30,14.83,35435.8,47950.9,
20230921,30,14.87,35435.8,47950.8,
20230921,30,14.92,35436.7,47920.8,
20230921,30,14.98,35439.2,47920.8,
20230921,30,14.99,35439.2,47920.8,
20230921,30,15.00,35675.2,47920.7,
20230921,30,15.01,35693.7,47874.5,
20230921,30,15.02,35698.2,47864.4,
20230921,30,15.06,35704.2,47864.4,
20230921,30,15.15,35704.2,47864.4,
20230921,30,15.22,35705.0,47772.4,
20230921,30,15.31,35707.4,47755.8,
20230921,30,15.41,35707.4,47755.8,
20230921,30,15.47,35707.4,47729.8,
20230921,30,15.50,35712.4,47332.8,
20230921,30,15.51,35712.4,47332.8,
20230921,30,15.53,35713.2,47319.7,
20230921,30,15.55,35713.2,47310.3,
20230921,30,15.58,35713.2,47110.3,
20230921,30,15.64,35715.5,47109.4,
20230921,30,15.70,35718.7,47106.7,
20230921,30,15.73,35718.7,47106.7,
20230921,30,15.80,35718.7,47098.9,
20230921,30,15.81,35718.7,47098.6,
20230921,30,15.86,35718.7,47098.5,
20230921,30,15.87,35718.7,47097.4,
20230921,30,15.90,35729.7,47096.3,
20230921,30,15.91,35729.7,47096.3,
20230921,30,15.92,35729.7,47096.1,
20230921,30,16.00,35730.7,46935.1,
20230921,30,16.01,35731.5,46873.8,
20230921,30,16.04,35731.5,46873.8,
20230921,30,16.05,35731.5,46864.3,
20230921,30,16.10,35732.5,46856.1,
20230921,30,16.12,35796.5,46856.1,
20230921,30,16.19,35796.5,46856.1,
20230921,30,16.20,35797.5,46853.6,
20230921,30,16.27,35861.5,46853.6,
20230921,30,16.30,35862.5,46853.6,
20230921,30,16.33,35862.5,46853.6,
20230921,30,16.34,35862.8,46853.5,
20230921,30,16.35,35912.8,46853.5,
20230921,30,16.37,35976.8,46853.5,
20230921,30,16.40,35976.8,46853.5,
20230921,30,16.47,36040.8,46853.3,
20230921,30,16.55,36040.8,46853.3,
20230921,30,16.60,36040.8,46843.8,
20230921,30,16.65,36041.1,46843.7,
20230921,30,16.66,36105.4,46843.7,
20230921,30,16.70,36105.4,46843.7,
20230921,30,16.74,36105.4,46843.6,
20230921,30,16.75,36169.4,46841.1,
20230921,30,16.80,36169.4,46841.1,
20230921,30,16.81,36169.4,46841.0,
20230921,30,16.82,36177.4,46829.0,
20230921,30,16.85,36241.4,46829.0,
20230921,30,16.88,36247.9,46829.0,
20230921,30,16.89,36254.4,46829.0,
20230921,30,16.95,36304.4,46829.0,
20230921,30,16.99,36304.4,46829.0,
20230921,30,17.00,36304.4,46828.9,
20230921,30,17.03,36368.4,46808.9,
20230921,30,17.06,36368.4,46808.9,
20230921,30,17.10,36368.4,46790.0,
20230921,30,17.14,36368.4,46789.9,
20230921,30,17.16,36442.3,46789.6,
20230921,30,17.18,36442.3,46789.6,
20230921,30,17.22,36442.3,46773.4,
20230921,30,17.25,36442.3,46773.1,
20230921,30,17.28,36442.3,46771.9,
20230921,30,17.30,36442.3,46766.8,
20230921,30,17.31,36449.2,46766.7,
20230921,30,17.45,36449.2,46766.7,
20230921,30,17.50,36449.2,46766.4,
20230921,30,17.62,36449.2,46766.3,
20230921,30,17.63,36449.2,46644.3,
20230921,30,17.64,36469.2,46538.3,
20230921,30,17.75,36469.4,46538.3,
20230921,30,17.76,36469.6,46538.3,
20230921,30,17.82,36471.5,46538.3,
20230921,30,17.83,36473.4,46538.3,
20230921,30,17.87,36473.4,46533.1,
20230921,30,17.88,36473.4,46411.1,
20230921,30,17.89,36473.4,46363.4,
20230921,30,17.91,36479.4,46313.4,
20230921,30,18.00,36479.4,46271.4,
20230921,30,18.03,36479.4,46268.6,
20230921,30,18.04,36479.4,46268.5,
20230921,30,18.17,36479.4,45924.5,
20230921,30,18.21,36479.4,45924.4,
20230921,30,18.24,36479.4,45802.4,
20230921,30,18.30,36479.4,45735.4,
20230921,30,18.47,36479.4,45735.3,
20230921,30,18.49,36479.4,41645.3,
20230921,30,18.58,36479.4,41389.3,
20230921,30,18.60,36479.4,41370.9,
20230921,30,18.62,36479.4,41370.8,
20230921,30,18.63,36479.6,41369.4,
20230921,30,18.64,36479.6,41369.4,
20230921,30,18.78,36479.6,41319.2,
20230921,30,18.80,36479.6,41269.2,
20230921,30,18.86,36479.6,41268.2,
20230921,30,18.87,36486.2,41264.9,
20230921,30,19.00,36486.2,41264.9,
20230921,30,19.38,36502.0,41263.0,
20230921,30,19.47,36502.0,41263.0,
20230921,30,19.50,36502.0,41262.4,
20230921,30,19.51,36502.0,41262.3,
20230921,30,19.56,36502.0,41262.2,
20230921,30,19.62,36502.0,41219.8,
20230921,30,19.64,36531.9,41219.5,
20230921,30,19.70,36531.9,41219.5,
20230921,30,19.71,36755.9,41218.9,
20230921,30,19.74,36755.9,41218.9,
20230921,30,19.80,36755.9,41218.8,
20230921,30,19.87,36783.8,41210.7,
20230921,30,19.90,36783.8,41210.7,
20230921,30,19.91,36783.8,41210.6,
20230921,30,19.98,36789.3,41178.2,
20230921,30,20.00,36789.3,41178.2,
20230921,30,20.01,36789.3,41048.5,
20230921,30,20.10,36789.3,41014.9,
20230921,30,20.11,36790.8,41013.6,
20230921,30,20.13,36790.8,41013.6,
20230921,30,20.14,36790.8,41008.4,
20230921,30,20.21,36790.8,41007.9,
20230921,30,20.30,36790.8,39033.9,
20230921,30,20.32,36790.8,39033.8,
20230921,30,20.38,36794.8,38955.8,
20230921,30,20.40,36794.8,38955.8,
20230921,30,20.43,36794.8,38955.0,
20230921,30,20.44,36794.8,38942.6,
20230921,30,20.45,36794.8,38892.6,
20230921,30,20.46,36794.8,38842.6,
20230921,30,20.47,36794.8,38792.6,
20230921,30,20.48,36794.8,38742.6,
20230921,30,20.49,36794.8,38692.6,
20230921,30,20.50,36794.8,38642.6,
20230921,30,20.51,36794.8,38592.6,
20230921,30,20.62,36828.7,38542.6,
20230921,30,20.75,36858.6,38542.6,
20230921,30,20.80,36858.6,38542.6,
20230921,30,20.81,36868.6,38523.9,
20230921,30,20.95,36868.6,38512.1,
20230921,30,21.00,36868.6,38493.2,
20230921,30,21.05,36868.6,38492.8,
20230921,30,21.10,36868.6,38491.8,
20230921,30,21.12,36868.6,38369.8,
20230921,30,21.50,36868.6,37719.8,
20230921,30,21.51,36868.6,37719.3,
20230921,30,21.76,36868.6,37718.4,
20230921,30,21.81,36868.6,37717.6,
20230921,30,21.89,36868.6,37716.9,
20230921,30,22.00,36868.6,37716.4,
20230921,30,22.02,36868.6,37703.9,
20230921,30,22.05,36868.6,37703.6,
20230921,30,22.21,36868.6,37618.2,
20230921,30,22.28,36918.6,37618.1,
20230921,30,22.45,36918.6,37618.1,
20230921,30,22.62,36918.6,37617.3,
20230921,30,22.72,36918.7,37616.5,
20230921,30,22.80,37367.8,37616.5,
20230921,30,22.90,37367.8,37616.5,
20230921,30,22.92,37367.8,37566.5,
20230921,30,23.00,37380.8,37557.5,
20230921,30,23.03,37380.8,37555.4,
20230921,30,23.30,37380.8,37555.3,
20230921,30,23.64,37380.8,37554.3,
20230921,30,23.72,37380.8,36797.3,
20230921,30,23.74,37380.8,36796.6,
20230921,30,24.00,37380.8,36794.9,
20230921,30,24.06,37380.8,36794.7,
20230921,30,24.42,37380.8,36788.1,
20230921,30,24.74,37380.8,36787.8,
20230921,30,24.80,37380.8,36786.5,
20230921,30,24.88,37380.8,36786.0,
20230921,30,25.00,37400.8,36781.6,
20230921,30,25.07,37400.8,36723.9,
20230921,30,25.13,37400.8,36693.3,
20230921,30,25.38,37400.8,36687.0,
20230921,30,25.55,37400.8,36683.3,
20230921,30,25.85,37400.8,36682.7,
20230921,30,26.05,37400.8,36632.7,
20230921,30,26.31,37400.8,36631.0,
20230921,30,26.82,37400.8,36627.5,
20230921,30,27.00,37400.8,36627.2,
20230921,30,27.01,37400.8,36524.1,
20230921,30,27.21,37400.8,36519.6,
20230921,30,27.44,37400.8,36518.9,
20230921,30,27.45,37400.8,36500.0,
20230921,30,27.72,37400.8,36492.8,
20230921,30,27.75,37400.8,36492.2,
20230921,30,28.00,37400.8,36491.6,
20230921,30,28.56,37400.8,36190.5,
20230921,30,29.22,37400.8,36187.5,
20230921,30,29.39,37400.9,36185.9,
20230921,30,29.63,37400.9,36185.9,
20230921,30,29.66,37400.9,36181.5,
20230921,30,29.91,37400.9,36181.0,
20230921,30,29.97,37400.9,36179.3,
20230921,30,30.00,37410.9,36170.2,
20230921,30,30.01,37410.9,36084.8,
20230921,30,30.24,37410.9,36048.5,
20230921,30,30.43,37410.9,36041.4,
20230921,30,30.47,37410.9,36040.7,
20230921,30,30.56,37410.9,36040.2,
20230921,30,30.63,37410.9,36038.8,
20230921,30,30.81,37410.9,36030.6,
20230921,30,31.55,37410.9,36027.8,
20230921,30,31.78,37410.9,36027.2,
20230921,30,31.96,37410.9,36007.3,
20230921,30,32.00,37410.9,36001.4,
20230921,30,32.70,37414.4,35584.6,
20230921,30,32.80,37414.4,35584.6,
20230921,30,33.03,37414.4,35580.1,
20230921,30,33.06,37414.4,35579.2,
20230921,30,33.77,37414.4,35577.2,
20230921,30,33.94,37414.4,35575.5,
20230921,30,34.00,37414.4,35556.5,
20230921,30,34.12,37414.4,35499.6,
20230921,30,34.38,37414.4,35495.2,
20230921,30,35.00,37414.4,35372.0,
20230921,30,35.31,37414.4,35264.4,
20230921,30,35.93,37417.0,35262.9,
20230921,30,36.00,37417.0,35262.9,
20230921,30,36.34,37417.0,35209.3,
20230921,30,37.41,37417.0,35207.6,
20230921,30,37.52,37417.0,35205.9,
20230921,30,37.56,37417.0,35007.6,
20230921,30,37.63,37417.0,35006.6,
20230921,30,37.66,37417.0,35004.4,
20230921,30,38.11,37417.0,35003.4,
20230921,30,38.27,37417.0,34980.5,
20230921,30,39.19,37419.5,34961.6,
20230921,30,39.81,37419.5,34961.6,
20230921,30,39.98,37479.5,34960.6,
20230921,30,40.00,37479.5,34960.6,
20230921,30,40.01,37479.5,34851.9,
20230921,30,40.07,37479.5,34851.8,
20230921,30,40.43,37479.5,34832.9,
20230921,30,40.50,37479.5,34777.4,
20230921,30,42.06,37479.5,34775.3,
20230921,30,43.83,37479.5,34774.3,
20230921,30,44.31,37479.5,34771.0,
20230921,30,44.72,37479.5,34770.0,
20230921,30,45.00,37479.5,34769.9,
20230921,30,45.01,37479.5,34641.3,
20230921,30,45.12,37479.5,34432.8,
20230921,30,46.00,37479.5,34427.8,
20230921,30,46.56,37479.5,34377.8,
20230921,30,46.94,37479.5,34376.0,
20230921,30,50.00,37479.5,34347.5,
20230921,30,50.01,37489.1,34185.3,
20230921,30,50.12,37489.1,34185.3,
20230921,30,50.90,37489.1,34080.1,
20230921,30,51.00,37489.1,34076.9,
20230921,30,55.06,37489.1,34075.1,
20230921,30,60.00,37489.1,34046.8,
20230921,30,61.00,37489.1,33894.1,
20230921,30,62.00,37489.1,33863.8,
20230921,30,62.50,37489.1,33777.2,
20230921,30,65.00,37489.1,33777.1,
20230921,30,66.50,37489.1,33769.9,
20230921,30,67.94,37489.1,33769.5,
20230921,30,70.00,37489.1,33721.0,
20230921,30,70.90,37489.1,33715.1,
20230921,30,77.80,37489.1,29319.1,
20230921,30,79.90,37489.1,29160.2,
20230921,30,79.98,37509.1,29139.3,
20230921,30,80.00,37509.1,29139.3,
20230921,30,80.01,37509.1,28114.4,
20230921,30,80.05,37509.1,27754.8,
20230921,30,80.10,37509.1,27754.6,
20230921,30,80.20,37509.1,27711.5,
20230921,30,80.21,37529.1,27703.5,
20230921,30,80.50,37529.1,27703.5,
20230921,30,81.00,37529.1,27703.4,
20230921,30,82.01,37529.1,27633.1,
20230921,30,85.00,37529.1,27510.4,
20230921,30,90.00,37529.1,27435.6,
20230921,30,99.90,37529.1,27394.3,
20230921,30,100.00,37529.1,27393.9,
20230921,30,100.01,37550.3,24137.1,
20230921,30,101.00,37550.3,24137.1,
20230921,30,102.00,37550.3,23991.5,
20230921,30,105.00,37550.3,23631.0,
20230921,30,120.10,37550.3,23630.8,
20230921,30,130.00,37550.3,23553.3,
20230921,30,138.00,37550.3,23545.2,
20230921,30,150.00,37550.3,23195.0,
20230921,30,190.00,37550.3,23192.3,
20230921,30,200.00,37550.3,23189.6,
20230921,30,200.01,37550.3,20589.4,
20230921,30,200.10,37550.3,19022.1,
20230921,30,200.50,37550.3,18877.4,
20230921,30,201.00,37550.3,18866.8,
20230921,30,210.00,37550.3,18715.0,
20230921,30,250.00,37550.3,18171.6,
20230921,30,300.00,37550.3,17962.1,
20230921,30,500.00,37550.3,17435.4,
20230921,30,548.66,37550.3,17433.4,
20230921,30,550.02,37550.3,16945.7,
20230921,30,999.00,37550.3,16733.3,
20230921,30,999.99,37550.3,0.0,
20230921,31,0.00,0.0,55068.5,
20230921,31,0.00,15575.1,55068.5,
20230921,31,0.01,32550.5,55068.5,
20230921,31,0.02,32715.4,55047.9,
20230921,31,0.03,32716.1,55003.8,
20230921,31,0.04,32734.4,54956.9,
20230921,31,0.09,32734.4,54956.9,
20230921,31,0.10,32734.4,54879.8,
20230921,31,0.20,32734.4,54759.7,
20230921,31,0.30,32734.4,54659.7,
20230921,31,0.62,32734.4,54655.7,
20230921,31,0.90,32735.4,54575.7,
20230921,31,1.00,33280.1,54575.7,
20230921,31,1.01,33281.6,54292.8,
20230921,31,1.12,33281.6,54247.8,
20230921,31,1.41,33288.8,54207.8,
20230921,31,1.56,33515.9,54207.8,
20230921,31,2.00,33518.0,54207.8,
20230921,31,2.01,33518.0,54207.8,
20230921,31,2.10,33518.0,54167.8,
20230921,31,2.12,33518.0,54161.8,
20230921,31,2.14,33519.8,54081.8,
20230921,31,2.15,33631.5,54081.8,
20230921,31,2.81,33641.3,54081.8,
20230921,31,3.00,33641.3,54081.8,
20230921,31,3.01,33641.3,53841.8,
20230921,31,3.10,33641.3,53791.8,
20230921,31,3.12,33641.3,53726.8,
20230921,31,3.81,33647.3,53606.8,
20230921,31,4.21,33654.6,53606.8,
20230921,31,4.26,33656.4,53606.8,
20230921,31,4.65,33687.8,53606.8,
20230921,31,5.00,33845.2,53606.8,
20230921,31,5.01,33847.0,53332.8,
20230921,31,5.04,33854.6,53252.8,
20230921,31,5.12,33854.6,52952.8,
20230921,31,5.50,33854.7,52872.8,
20230921,31,5.61,33864.6,52872.8,
20230921,31,6.00,33866.4,52872.8,
20230921,31,6.01,33866.4,52808.2,
20230921,31,6.02,33875.5,52797.0,
20230921,31,6.06,33882.1,52797.0,
20230921,31,6.26,33882.1,52797.0,
20230921,31,6.39,33884.0,52791.4,
20230921,31,6.94,33888.8,52791.4,
20230921,31,7.00,33920.6,52791.4,
20230921,31,7.01,33927.8,52791.3,
20230921,31,7.12,33927.8,52515.7,
20230921,31,7.50,33967.8,52435.7,
20230921,31,7.70,33971.3,52435.7,
20230921,31,7.90,33971.3,52435.7,
20230921,31,8.00,34000.0,52433.0,
20230921,31,8.01,34000.0,52372.9,
20230921,31,8.02,34015.9,52363.7,
20230921,31,8.31,34022.9,52363.7,
20230921,31,8.40,34027.8,52363.7,
20230921,31,8.50,34027.8,52363.7,
20230921,31,8.51,34029.6,52353.7,
20230921,31,8.59,34029.6,52353.7,
20230921,31,8.61,34029.6,52350.7,
20230921,31,9.10,34032.1,52340.7,
20230921,31,9.50,34032.1,52340.7,
20230921,31,9.52,34032.1,52193.7,
20230921,31,9.60,34032.1,52193.5,
20230921,31,9.66,34032.1,52081.5,
20230921,31,9.80,34034.5,51957.5,
20230921,31,9.81,34034.5,51957.5,
20230921,31,9.82,34034.5,51949.4,
20230921,31,10.00,34084.7,51899.4,
20230921,31,10.05,34104.7,51800.2,
20230921,31,10.17,34104.7,51800.2,
20230921,31,10.20,34104.7,51770.2,
20230921,31,10.21,34104.7,51646.2,
20230921,31,10.22,34104.7,51612.2,
20230921,31,10.23,34104.7,51563.2,
20230921,31,10.38,34104.7,51513.2,
20230921,31,10.46,34104.7,51389.2,
20230921,31,10.50,34135.0,51302.2,
20230921,31,10.51,34135.0,51299.7,
20230921,31,10.56,34142.0,51148.7,
20230921,31,10.58,34341.0,51148.7,
20230921,31,10.59,34571.8,51119.0,
20230921,31,10.61,34571.8,51119.0,
20230921,31,10.64,34573.6,51099.0,
20230921,31,10.94,34573.6,51099.0,
20230921,31,10.96,34573.6,51069.0,
20230921,31,11.00,34573.6,51059.0,
20230921,31,11.01,34573.6,51058.8,
20230921,31,11.03,34574.2,51058.5,
20230921,31,11.13,34694.2,51058.5,
20230921,31,11.19,34694.2,51058.5,
20230921,31,11.20,34756.0,50853.3,
20230921,31,11.28,34756.0,50853.3,
20230921,31,11.40,34756.0,50853.2,
20230921,31,11.42,34756.6,50702.2,
20230921,31,11.53,34756.6,50702.2,
20230921,31,11.67,34756.6,50537.2,
20230921,31,11.75,34756.6,50412.7,
20230921,31,11.81,34757.2,50212.7,
20230921,31,11.88,34757.2,50012.7,
20230921,31,11.95,34757.2,49812.7,
20230921,31,11.96,34757.2,49810.6,
20230921,31,12.00,34758.9,49610.6,
20230921,31,12.04,34758.9,49603.4,
20230921,31,12.13,34758.9,49403.4,
20230921,31,12.20,34759.5,49203.4,
20230921,31,12.23,34759.5,49203.4,
20230921,31,12.33,34759.5,49003.4,
20230921,31,12.36,34759.5,48993.4,
20230921,31,12.50,34759.5,48793.4,
20230921,31,12.59,34760.1,48793.2,
20230921,31,12.61,34760.1,48793.2,
20230921,31,12.62,34789.2,48792.3,
20230921,31,12.63,34789.2,48792.3,
20230921,31,12.65,34789.2,48307.2,
20230921,31,12.66,34789.2,48107.2,
20230921,31,12.81,34796.2,48026.2,
20230921,31,12.83,34796.2,48026.2,
20230921,31,12.94,34796.2,48023.7,
20230921,31,12.96,34796.2,47993.7,
20230921,31,13.00,34796.2,47983.7,
20230921,31,13.01,34796.2,47963.8,
20230921,31,13.02,34796.2,47955.1,
20230921,31,13.03,34796.2,47921.4,
20230921,31,13.04,34796.2,47887.7,
20230921,31,13.05,34796.2,47854.0,
20230921,31,13.28,34796.2,47820.3,
20230921,31,13.39,34796.2,47810.3,
20230921,31,13.50,34806.2,47590.3,
20230921,31,13.61,34813.4,47590.3,
20230921,31,13.62,34820.6,47590.3,
20230921,31,13.63,34820.6,47590.3,
20230921,31,13.95,34820.6,47565.3,
20230921,31,13.98,34850.6,47542.1,
20230921,31,13.99,34850.6,47542.1,
20230921,31,14.00,34853.1,47541.6,
20230921,31,14.10,34853.1,47436.4,
20230921,31,14.15,34853.1,47435.8,
20230921,31,14.26,34883.1,47431.1,
20230921,31,14.30,34883.1,47431.1,
20230921,31,14.32,34884.0,47430.7,
20230921,31,14.33,34884.0,47430.7,
20230921,31,14.50,34884.0,47415.3,
20230921,31,14.53,34884.0,47413.6,
20230921,31,14.55,34914.0,47093.6,
20230921,31,14.64,34914.8,47093.6,
20230921,31,14.70,34915.8,47093.6,
20230921,31,14.83,34915.8,47093.6,
20230921,31,14.84,34945.8,47093.5,
20230921,31,14.94,34945.8,47093.5,
20230921,31,14.95,34959.1,47050.9,
20230921,31,14.96,34959.1,47050.9,
20230921,31,14.99,34959.1,47020.9,
20230921,31,15.00,35172.1,47020.8,
20230921,31,15.01,35172.1,46955.5,
20230921,31,15.02,35176.5,46945.7,
20230921,31,15.06,35184.4,46945.7,
20230921,31,15.10,35184.4,46945.7,
20230921,31,15.15,35184.4,46945.6,
20230921,31,15.20,35184.4,46849.6,
20230921,31,15.22,35184.4,46849.4,
20230921,31,15.27,35185.2,46832.8,
20230921,31,15.28,35185.2,46832.8,
20230921,31,15.45,35185.2,46822.8,
20230921,31,15.50,35190.2,46784.8,
20230921,31,15.51,35190.2,46784.8,
20230921,31,15.55,35190.2,46771.8,
20230921,31,15.58,35193.5,46571.8,
20230921,31,15.59,35194.3,46570.9,
20230921,31,15.62,35194.3,46561.5,
20230921,31,15.73,35194.3,46560.7,
20230921,31,15.80,35194.3,46552.9,
20230921,31,15.81,35194.3,46230.6,
20230921,31,15.85,35194.3,46230.5,
20230921,31,15.86,35194.5,46230.4,
20230921,31,15.90,35205.5,46230.4,
20230921,31,15.91,35205.5,46230.4,
20230921,31,15.94,35205.5,46230.2,
20230921,31,15.95,35211.0,46110.2,
20230921,31,15.96,35216.5,46109.4,
20230921,31,16.00,35285.5,46108.6,
20230921,31,16.01,35286.1,46045.8,
20230921,31,16.05,35286.1,46045.8,
20230921,31,16.10,35287.1,46037.6,
20230921,31,16.12,35351.1,46037.6,
20230921,31,16.13,35351.1,46028.1,
20230921,31,16.16,35351.1,46027.8,
20230921,31,16.20,35352.1,46026.9,
20230921,31,16.25,35352.1,46026.9,
20230921,31,16.27,35416.1,45976.9,
20230921,31,16.28,35416.1,45976.9,
20230921,31,16.30,35417.1,45926.9,
20230921,31,16.37,35481.1,45926.9,
20230921,31,16.40,35481.1,45926.9,
20230921,31,16.44,35481.1,45926.7,
20230921,31,16.47,35545.1,45765.7,
20230921,31,16.60,35545.1,45765.7,
20230921,31,16.65,35545.1,45765.6,
20230921,31,16.66,35609.1,45756.2,
20230921,31,16.70,35609.1,45756.2,
20230921,31,16.75,35673.1,45755.3,
20230921,31,16.76,35673.1,45755.3,
20230921,31,16.80,35723.1,45750.3,
20230921,31,16.85,35787.1,45750.2,
20230921,31,16.87,35787.1,45750.2,
20230921,31,16.94,35857.1,45749.7,
20230921,31,16.99,35857.1,45749.7,
20230921,31,17.00,35857.1,45749.6,
20230921,31,17.01,35863.5,45716.0,
20230921,31,17.03,35927.5,45716.0,
20230921,31,17.09,35927.5,45716.0,
20230921,31,17.10,35927.5,45715.4,
20230921,31,17.16,36003.1,45715.3,
20230921,31,17.18,36003.1,45715.3,
20230921,31,17.24,36003.1,45680.2,
20230921,31,17.25,36003.1,45678.5,
20230921,31,17.30,36003.1,45677.4,
20230921,31,17.31,36011.1,45677.3,
20230921,31,17.34,36011.2,45677.3,
20230921,31,17.35,36011.3,45677.3,
20230921,31,17.38,36011.3,45677.3,
20230921,31,17.45,36011.3,45672.8,
20230921,31,17.48,36011.3,45672.5,
20230921,31,17.49,36041.3,45620.5,
20230921,31,17.50,36041.3,45620.5,
20230921,31,17.62,36041.3,45620.4,
20230921,31,17.63,36041.3,45498.4,
20230921,31,17.64,36071.3,45401.4,
20230921,31,17.65,36080.3,45401.4,
20230921,31,17.79,36110.3,45401.4,
20230921,31,17.87,36110.3,45401.4,
20230921,31,17.88,36110.3,45279.4,
20230921,31,17.89,36110.3,45114.7,
20230921,31,17.93,36110.3,45064.7,
20230921,31,17.95,36140.3,45064.4,
20230921,31,18.00,36140.3,45064.4,
20230921,31,18.01,36140.3,45061.6,
20230921,31,18.03,36140.3,44792.6,
20230921,31,18.08,36140.3,44792.5,
20230921,31,18.11,36170.3,44770.9,
20230921,31,18.17,36170.3,44770.9,
20230921,31,18.19,36170.3,44770.8,
20230921,31,18.21,36170.3,44705.8,
20230921,31,18.26,36200.3,44583.8,
20230921,31,18.28,36201.9,44583.8,
20230921,31,18.29,36203.5,44583.8,
20230921,31,18.30,36203.5,44583.8,
20230921,31,18.41,36233.5,44583.7,
20230921,31,18.43,36236.5,44583.7,
20230921,31,18.47,36236.5,44583.7,
20230921,31,18.58,36236.5,40489.7,
20230921,31,18.60,36236.5,40177.3,
20230921,31,18.62,36236.5,40177.2,
20230921,31,18.63,36237.7,40176.8,
20230921,31,18.64,36237.7,40176.8,
20230921,31,18.78,36237.7,40126.8,
20230921,31,18.94,36295.5,40076.8,
20230921,31,18.95,36295.5,40076.8,
20230921,31,18.96,36300.4,40071.8,
20230921,31,19.00,36300.4,40071.8,
20230921,31,19.15,36300.4,40070.0,
20230921,31,19.40,36300.4,40027.7,
20230921,31,19.41,36316.2,39994.5,
20230921,31,19.45,36316.2,39994.5,
20230921,31,19.47,36316.2,39957.5,
20230921,31,19.50,36316.2,39957.0,
20230921,31,19.63,36316.2,39956.9,
20230921,31,19.71,36540.2,39904.9,
20230921,31,19.73,36540.2,39904.9,
20230921,31,19.80,36540.2,39904.6,
20230921,31,19.90,36540.2,39896.3,
20230921,31,20.00,36545.7,39896.2,
20230921,31,20.01,36545.7,39819.6,
20230921,31,20.10,36545.7,39814.0,
20230921,31,20.11,36547.6,39812.9,
20230921,31,20.15,36599.6,39812.9,
20230921,31,20.16,36599.6,39812.9,
20230921,31,20.21,36599.6,39812.2,
20230921,31,20.30,36599.6,37838.2,
20230921,31,20.32,36599.6,37838.1,
20230921,31,20.33,36629.5,37809.9,
20230921,31,20.43,36629.5,37809.9,
20230921,31,20.44,36629.5,37776.6,
20230921,31,20.45,36629.5,37726.6,
20230921,31,20.46,36629.5,37676.6,
20230921,31,20.47,36629.5,37626.6,
20230921,31,20.48,36629.5,37576.6,
20230921,31,20.49,36629.5,37526.6,
20230921,31,20.50,36629.5,37476.6,
20230921,31,20.51,36629.5,37425.5,
20230921,31,20.62,36663.0,37375.5,
20230921,31,20.64,36663.0,37375.5,
20230921,31,20.66,36663.0,37373.8,
20230921,31,20.81,36663.0,37295.1,
20230921,31,21.00,36663.0,37283.3,
20230921,31,21.07,36663.0,37283.1,
20230921,31,21.08,36663.0,37264.2,
20230921,31,21.10,36663.0,37264.1,
20230921,31,21.12,36663.0,37142.1,
20230921,31,21.28,36673.0,36572.1,
20230921,31,21.44,36673.0,36572.1,
20230921,31,21.53,36673.0,36572.0,
20230921,31,21.67,36673.0,36571.7,
20230921,31,21.81,36673.0,36571.2,
20230921,31,21.89,36673.0,36570.3,
20230921,31,22.00,36673.0,36569.6,
20230921,31,22.23,36673.0,36569.5,
20230921,31,22.28,36723.0,36568.8,
20230921,31,22.79,36723.0,36568.8,
20230921,31,22.80,37172.1,36563.5,
20230921,31,22.92,37172.1,36563.5,
20230921,31,23.00,37185.1,36554.5,
20230921,31,23.03,37185.1,36550.0,
20230921,31,23.33,37185.1,36549.9,
20230921,31,23.44,37185.1,36548.3,
20230921,31,23.64,37185.1,36459.3,
20230921,31,24.00,37185.1,35761.3,
20230921,31,24.06,37185.1,35761.1,
20230921,31,24.90,37185.1,35752.5,
20230921,31,25.00,37205.1,35751.4,
20230921,31,25.04,37205.1,35684.6,
20230921,31,25.13,37205.1,35652.6,
20230921,31,25.16,37205.1,35649.0,
20230921,31,25.85,37205.1,35642.2,
20230921,31,26.00,37205.1,35592.2,
20230921,31,26.08,37205.1,35592.0,
20230921,31,26.30,37205.1,35591.1,
20230921,31,26.31,37205.1,35589.4,
20230921,31,26.44,37205.1,35585.0,
20230921,31,26.47,37205.1,35584.2,
20230921,31,26.89,37205.1,35583.6,
20230921,31,27.00,37205.1,35576.5,
20230921,31,27.01,37205.1,35475.2,
20230921,31,27.38,37205.1,35470.4,
20230921,31,27.54,37205.1,35469.8,
20230921,31,28.00,37205.1,35450.9,
20230921,31,28.56,37205.1,35168.7,
20230921,31,28.63,37205.1,35164.7,
20230921,31,28.78,37205.1,35160.3,
20230921,31,29.67,37205.1,35141.9,
20230921,31,29.97,37205.1,35141.4,
20230921,31,30.00,37215.1,35131.1,
20230921,31,30.01,37215.1,35059.3,
20230921,31,30.56,37215.1,35023.7,
20230921,31,30.68,37215.1,35022.4,
20230921,31,30.81,37215.1,35015.5,
20230921,31,31.00,37215.1,35011.4,
20230921,31,31.27,37215.1,35010.9,
20230921,31,31.96,37215.1,35003.1,
20230921,31,32.00,37215.1,35001.7,
20230921,31,32.24,37215.1,34582.5,
20230921,31,32.38,37215.1,34581.9,
20230921,31,32.52,37215.1,34577.4,
20230921,31,32.70,37218.6,34557.6,
20230921,31,33.03,37218.6,34557.6,
20230921,31,33.06,37218.6,34556.7,
20230921,31,33.94,37218.6,34554.7,
20230921,31,34.00,37218.6,34550.3,
20230921,31,34.01,37218.6,34495.8,
20230921,31,34.26,37218.6,34476.8,
20230921,31,35.00,37218.6,34360.1,
20230921,31,35.31,37218.6,34252.8,
20230921,31,36.00,37218.8,34251.3,
20230921,31,36.02,37218.8,34198.9,
20230921,31,37.56,37218.8,34193.6,
20230921,31,38.33,37218.8,34192.6,
20230921,31,39.81,37218.8,34173.7,
20230921,31,39.84,37218.8,34172.7,
20230921,31,39.98,37278.8,33971.1,
20230921,31,40.00,37278.8,33971.1,
20230921,31,40.01,37278.8,33862.8,
20230921,31,40.13,37278.8,33862.7,
20230921,31,40.49,37278.8,33843.8,
20230921,31,40.50,37278.8,33823.6,
20230921,31,42.06,37278.8,33821.6,
20230921,31,42.18,37278.8,33820.6,
20230921,31,44.00,37278.9,33802.6,
20230921,31,44.31,37278.9,33802.6,
20230921,31,45.00,37278.9,33801.6,
20230921,31,45.12,37278.9,33671.9,
20230921,31,46.00,37278.9,33667.0,
20230921,31,46.56,37278.9,33617.0,
20230921,31,48.81,37278.9,33614.6,
20230921,31,50.00,37278.9,33586.9,
20230921,31,50.01,37288.2,33244.1,
20230921,31,50.12,37288.2,33244.1,
20230921,31,50.90,37288.2,33141.7,
20230921,31,51.00,37288.2,33138.5,
20230921,31,58.86,37288.2,33136.9,
20230921,31,60.00,37288.2,33110.2,
20230921,31,61.00,37288.2,32963.0,
20230921,31,62.00,37288.2,32933.9,
20230921,31,65.00,37288.2,32849.2,
20230921,31,67.50,37288.2,32841.9,
20230921,31,67.94,37288.2,32841.8,
20230921,31,70.00,37288.3,32792.5,
20230921,31,70.90,37288.3,32786.6,
20230921,31,71.50,37288.3,28449.6,
20230921,31,77.80,37288.3,28449.2,
20230921,31,79.90,37288.3,28296.1,
20230921,31,79.98,37308.3,28276.4,
20230921,31,80.00,37308.3,28276.4,
20230921,31,80.01,37308.3,27292.5,
20230921,31,80.10,37308.3,26946.8,
20230921,31,80.20,37308.3,26907.1,
20230921,31,80.21,37328.3,26899.1,
20230921,31,80.50,37328.3,26899.1,
20230921,31,81.00,37328.3,26899.0,
20230921,31,82.01,37328.3,26847.9,
20230921,31,85.00,37328.3,26723.6,
20230921,31,90.00,37328.3,26652.7,
20230921,31,99.90,37328.3,26611.6,
20230921,31,100.00,37328.3,26611.1,
20230921,31,100.01,37348.2,23808.7,
20230921,31,101.00,37348.2,23808.7,
20230921,31,102.00,37348.2,23663.1,
20230921,31,105.00,37348.2,23331.7,
20230921,31,120.10,37348.2,23331.5,
20230921,31,130.00,37348.2,23257.7,
20230921,31,138.00,37348.2,23249.9,
20230921,31,150.00,37348.2,22914.0,
20230921,31,190.00,37348.2,22911.4,
20230921,31,200.00,37348.2,22908.6,
20230921,31,200.01,37348.2,20365.3,
20230921,31,200.10,37348.2,18823.0,
20230921,31,200.50,37348.2,18678.4,
20230921,31,201.00,37348.2,18555.1,
20230921,31,210.00,37348.2,18406.3,
20230921,31,250.00,37348.2,18183.6,
20230921,31,300.00,37348.2,17974.4,
20230921,31,500.00,37348.2,17447.6,
20230921,31,548.66,37348.2,17445.6,
20230921,31,550.02,37348.2,16969.7,
20230921,31,999.00,37348.2,16758.2,
20230921,31,999.99,37348.2,0.0,
20230921,32,0.00,0.0,55740.8,
20230921,32,0.00,14554.8,55740.8,
20230921,32,0.01,31484.4,55740.8,
20230921,32,0.02,31648.6,55720.3,
20230921,32,0.03,31649.2,55676.4,
20230921,32,0.04,31667.6,55637.5,
20230921,32,0.09,31667.6,55637.5,
20230921,32,0.10,31667.6,55578.3,
20230921,32,0.20,31667.6,55458.2,
20230921,32,0.30,31667.6,55358.2,
20230921,32,0.62,31667.6,55354.2,
20230921,32,0.90,31668.6,55274.2,
20230921,32,1.00,32217.5,55274.2,
20230921,32,1.01,32219.0,54993.1,
20230921,32,1.12,32219.0,54948.1,
20230921,32,1.52,32226.2,54908.1,
20230921,32,1.56,32450.7,54908.1,
20230921,32,1.91,32452.5,54908.1,
20230921,32,2.00,32454.1,54908.1,
20230921,32,2.01,32454.1,54908.1,
20230921,32,2.10,32454.1,54868.1,
20230921,32,2.12,32454.1,54862.1,
20230921,32,2.15,32565.8,54782.1,
20230921,32,3.00,32565.8,54782.1,
20230921,32,3.01,32565.8,54542.1,
20230921,32,3.04,32575.6,54492.1,
20230921,32,3.10,32575.6,54492.1,
20230921,32,3.12,32575.6,54427.1,
20230921,32,3.81,32583.4,54307.1,
20230921,32,4.55,32590.7,54307.1,
20230921,32,4.65,32616.2,54307.1,
20230921,32,5.00,32773.8,54307.1,
20230921,32,5.01,32773.8,54033.1,
20230921,32,5.04,32773.8,53953.1,
20230921,32,5.12,32773.8,53653.1,
20230921,32,5.50,32773.9,53573.1,
20230921,32,5.70,32775.8,53573.1,
20230921,32,6.00,32775.8,53573.1,
20230921,32,6.01,32775.8,53507.9,
20230921,32,6.02,32785.0,53496.8,
20230921,32,6.06,32791.0,53496.8,
20230921,32,6.07,32800.9,53496.8,
20230921,32,6.26,32800.9,53496.8,
20230921,32,6.94,32805.8,53489.2,
20230921,32,7.00,32834.9,53489.2,
20230921,32,7.01,32834.9,53489.1,
20230921,32,7.12,32834.9,53217.7,
20230921,32,7.50,32874.9,53137.7,
20230921,32,7.58,32882.1,53137.7,
20230921,32,7.60,32883.9,53137.7,
20230921,32,7.70,32884.9,53137.7,
20230921,32,7.90,32884.9,53137.7,
20230921,32,8.00,32913.8,53135.2,
20230921,32,8.01,32913.8,53075.1,
20230921,32,8.02,32929.8,53065.9,
20230921,32,8.31,32936.4,53065.9,
20230921,32,8.34,32938.9,53065.9,
20230921,32,8.50,32938.9,53065.9,
20230921,32,8.59,32938.9,53055.9,
20230921,32,9.09,32943.8,53053.0,
20230921,32,9.50,32945.6,53053.0,
20230921,32,9.60,32945.6,52906.0,
20230921,32,9.66,32945.6,52795.0,
20230921,32,9.79,32946.2,52671.0,
20230921,32,9.81,32946.2,52671.0,
20230921,32,9.82,32946.2,52657.7,
20230921,32,9.85,32948.7,52607.7,
20230921,32,10.00,32997.0,52607.7,
20230921,32,10.05,33017.0,52508.0,
20230921,32,10.09,33017.6,52508.0,
20230921,32,10.17,33017.6,52508.0,
20230921,32,10.20,33017.6,52478.0,
20230921,32,10.22,33017.6,52354.0,
20230921,32,10.23,33017.6,52305.0,
20230921,32,10.38,33018.2,52255.0,
20230921,32,10.46,33018.2,52131.0,
20230921,32,10.50,33048.2,52044.0,
20230921,32,10.51,33048.2,52044.0,
20230921,32,10.56,33055.2,51893.0,
20230921,32,10.58,33063.2,51893.0,
20230921,32,10.59,33293.8,51672.6,
20230921,32,10.61,33296.2,51672.6,
20230921,32,10.67,33296.8,51672.6,
20230921,32,10.97,33297.4,51672.6,
20230921,32,11.00,33297.4,51672.6,
20230921,32,11.03,33305.0,51672.4,
20230921,32,11.19,33305.0,51672.4,
20230921,32,11.20,33349.5,51451.7,
20230921,32,11.28,33349.5,51451.7,
20230921,32,11.37,33351.8,51451.6,
20230921,32,11.40,33351.8,51449.1,
20230921,32,11.61,33351.8,51298.1,
20230921,32,11.67,33351.8,51133.1,
20230921,32,11.75,33351.8,51011.1,
20230921,32,11.79,33351.8,50811.1,
20230921,32,11.83,33351.8,50777.1,
20230921,32,11.89,33351.8,50577.1,
20230921,32,11.95,33351.8,50377.1,
20230921,32,11.97,33351.8,50375.0,
20230921,32,12.00,33354.3,50175.0,
20230921,32,12.05,33354.3,50167.9,
20230921,32,12.12,33356.9,49967.9,
20230921,32,12.13,33356.9,49967.9,
20230921,32,12.23,33356.9,49767.9,
20230921,32,12.26,33477.5,49567.9,
20230921,32,12.36,33477.5,49567.9,
20230921,32,12.63,33477.5,49367.9,
20230921,32,12.65,33477.5,49365.4,
20230921,32,12.66,33477.5,49165.4,
20230921,32,12.69,33477.5,49084.4,
20230921,32,12.81,33484.5,48608.0,
20230921,32,13.00,33484.5,48586.6,
20230921,32,13.01,33484.5,48566.4,
20230921,32,13.02,33484.5,48557.7,
20230921,32,13.03,33484.5,48524.0,
20230921,32,13.04,33484.5,48490.3,
20230921,32,13.05,33484.5,48456.6,
20230921,32,13.30,33484.5,48422.9,
20230921,32,13.39,33484.5,48412.9,
20230921,32,13.50,33494.5,48312.9,
20230921,32,13.63,33494.5,48312.9,
20230921,32,13.89,33494.5,48288.9,
20230921,32,13.95,33494.5,48286.4,
20230921,32,13.98,33524.5,48262.8,
20230921,32,14.00,33524.5,48262.8,
20230921,32,14.01,33548.0,48136.3,
20230921,32,14.10,33548.0,48136.3,
20230921,32,14.26,33578.0,48135.5,
20230921,32,14.30,33578.0,48135.5,
20230921,32,14.50,33578.0,48135.1,
20230921,32,14.53,33578.0,48133.6,
20230921,32,14.55,33608.0,48083.6,
20230921,32,14.63,33608.0,48083.6,
20230921,32,14.70,33609.0,48083.3,
20230921,32,14.83,33609.0,48083.3,
20230921,32,14.84,33639.0,48083.2,
20230921,32,14.99,33639.0,48083.2,
20230921,32,15.00,33852.0,48083.1,
20230921,32,15.01,33858.8,47866.7,
20230921,32,15.02,33863.2,47856.9,
20230921,32,15.06,33871.0,47856.9,
20230921,32,15.15,33873.5,47856.9,
20230921,32,15.22,33873.5,47755.6,
20230921,32,15.43,33874.4,47739.0,
20230921,32,15.45,33874.4,47739.0,
20230921,32,15.50,33879.4,47701.0,
20230921,32,15.51,33879.4,47701.0,
20230921,32,15.52,33879.4,47688.0,
20230921,32,15.58,33879.4,47488.0,
20230921,32,15.67,33879.4,47487.1,
20230921,32,15.71,33880.2,47486.6,
20230921,32,15.73,33880.2,47486.6,
20230921,32,15.74,33880.9,47479.5,
20230921,32,15.80,33880.9,47479.5,
20230921,32,15.81,33880.9,47479.2,
20230921,32,15.90,33891.9,47479.1,
20230921,32,15.91,33891.9,47479.1,
20230921,32,15.94,33891.9,47478.9,
20230921,32,15.99,33892.8,47228.9,
20230921,32,16.00,33961.8,47228.9,
20230921,32,16.01,33962.2,47151.9,
20230921,32,16.05,33962.2,47151.9,
20230921,32,16.10,33963.2,47143.7,
20230921,32,16.12,34027.2,47143.7,
20230921,32,16.15,34027.2,47143.7,
20230921,32,16.20,34028.2,47138.6,
20230921,32,16.26,34028.2,47138.6,
20230921,32,16.27,34093.0,46922.6,
20230921,32,16.30,34094.0,46922.6,
20230921,32,16.31,34094.0,46872.6,
20230921,32,16.37,34158.0,46822.6,
20230921,32,16.40,34158.0,46822.6,
20230921,32,16.47,34222.0,46822.5,
20230921,32,16.54,34225.2,46822.5,
20230921,32,16.55,34226.0,46822.5,
20230921,32,16.60,34226.0,46813.1,
20230921,32,16.66,34290.0,46813.0,
20230921,32,16.75,34354.0,46813.0,
20230921,32,16.79,34354.0,46813.0,
20230921,32,16.83,34354.0,46812.7,
20230921,32,16.85,34418.0,46651.7,
20230921,32,16.99,34418.0,46651.7,
20230921,32,17.00,34418.0,46651.6,
20230921,32,17.01,34422.6,46596.0,
20230921,32,17.03,34486.6,46586.5,
20230921,32,17.10,34486.6,46586.5,
20230921,32,17.16,34564.8,46586.4,
20230921,32,17.18,34564.8,46586.4,
20230921,32,17.25,34564.8,46570.2,
20230921,32,17.30,34614.8,46569.3,
20230921,32,17.31,34673.8,46569.2,
20230921,32,17.33,34673.8,46569.2,
20230921,32,17.45,34673.8,46517.2,
20230921,32,17.48,34673.8,46512.2,
20230921,32,17.49,34703.8,46502.8,
20230921,32,17.50,34703.8,46502.8,
20230921,32,17.62,34703.8,46502.7,
20230921,32,17.63,34703.8,46380.7,
20230921,32,17.64,34733.8,46295.3,
20230921,32,17.65,34754.4,46295.3,
20230921,32,17.79,34784.4,46295.3,
20230921,32,17.86,34784.4,46295.3,
20230921,32,17.87,34798.4,46072.3,
20230921,32,17.90,34798.4,45950.3,
20230921,32,17.95,34798.4,45926.6,
20230921,32,17.99,34798.4,45907.7,
20230921,32,18.00,34798.4,45744.7,
20230921,32,18.03,34798.4,45741.9,
20230921,32,18.17,34798.4,45741.8,
20230921,32,18.21,34798.4,45741.7,
20230921,32,18.30,34798.4,45619.7,
20230921,32,18.31,34804.2,45619.6,
20230921,32,18.32,34810.0,45619.6,
20230921,32,18.47,34810.0,45619.6,
20230921,32,18.57,34810.0,41865.6,
20230921,32,18.58,34810.0,41801.6,
20230921,32,18.59,34825.9,41783.2,
20230921,32,18.60,34825.9,41783.2,
20230921,32,18.63,34827.5,41783.1,
20230921,32,18.64,34827.5,41783.1,
20230921,32,18.67,34827.5,41733.1,
20230921,32,18.71,34827.5,41732.5,
20230921,32,18.78,34827.5,41438.5,
20230921,32,18.85,34827.5,41388.5,
20230921,32,18.97,34827.5,41388.0,
20230921,32,18.99,34827.5,41387.7,
20230921,32,19.00,34827.6,41387.6,
20230921,32,19.28,34827.6,41385.7,
20230921,32,19.47,34827.6,41381.2,
20230921,32,19.50,34827.6,41380.7,
20230921,32,19.65,34833.1,41380.6,
20230921,32,19.71,35057.1,41380.6,
20230921,32,19.80,35057.1,41380.6,
20230921,32,19.81,35057.1,41372.1,
20230921,32,19.90,35057.1,41320.1,
20230921,32,19.94,35057.1,41320.0,
20230921,32,20.00,35057.1,41286.1,
20230921,32,20.01,35057.1,41211.8,
20230921,32,20.05,35057.1,41206.3,
20230921,32,20.11,35059.1,41177.4,
20230921,32,20.12,35059.1,41177.4,
20230921,32,20.13,35059.1,41176.9,
20230921,32,20.20,35059.1,41176.4,
20230921,32,20.21,35059.1,41176.3,
20230921,32,20.26,35063.3,39202.3,
20230921,32,20.27,35067.5,39202.3,
20230921,32,20.28,35104.5,39202.3,
20230921,32,20.30,35104.5,39123.0,
20230921,32,20.42,35104.5,39122.9,
20230921,32,20.43,35104.5,39120.8,
20230921,32,20.44,35104.5,39070.8,
20230921,32,20.45,35104.5,39020.8,
20230921,32,20.46,35104.5,38970.8,
20230921,32,20.47,35104.5,38920.8,
20230921,32,20.48,35104.5,38870.8,
20230921,32,20.49,35104.5,38820.8,
20230921,32,20.50,35104.5,38770.8,
20230921,32,20.51,35104.5,38719.9,
20230921,32,20.62,35138.0,38669.9,
20230921,32,20.81,35138.0,38669.9,
20230921,32,20.87,35138.0,38658.0,
20230921,32,21.00,35138.0,38657.2,
20230921,32,21.10,35138.0,38657.0,
20230921,32,21.12,35138.0,38535.0,
20230921,32,21.15,35138.0,37965.0,
20230921,32,21.26,35158.0,37964.7,
20230921,32,21.50,35158.0,37964.7,
20230921,32,21.53,35158.0,37964.3,
20230921,32,21.81,35158.0,37964.2,
20230921,32,22.00,35158.0,37963.3,
20230921,32,22.03,35158.0,37963.2,
20230921,32,22.06,35158.0,37820.2,
20230921,32,22.28,35255.0,37819.5,
20230921,32,22.41,35255.0,37819.5,
20230921,32,22.45,35255.0,37800.6,
20230921,32,22.78,35255.0,37758.3,
20230921,32,22.80,35704.1,37757.4,
20230921,32,22.92,35704.1,37757.4,
20230921,32,23.00,35717.1,37748.4,
20230921,32,23.03,35717.1,37748.4,
20230921,32,23.12,35717.1,37748.3,
20230921,32,23.13,35720.2,37741.5,
20230921,32,23.26,35778.0,37741.5,
20230921,32,23.32,35778.0,37741.5,
20230921,32,23.59,35778.0,37741.1,
20230921,32,23.61,35778.0,37735.7,
20230921,32,23.64,35778.0,37643.3,
20230921,32,24.00,35778.0,37054.3,
20230921,32,24.06,35778.0,37053.9,
20230921,32,24.14,35778.0,37045.3,
20230921,32,24.52,35778.0,37044.8,
20230921,32,24.90,35778.0,37044.1,
20230921,32,24.97,35778.1,37043.0,
20230921,32,24.98,35778.2,37043.0,
20230921,32,25.00,35798.2,37043.0,
20230921,32,25.05,35798.2,36975.2,
20230921,32,25.20,35798.2,36974.4,
20230921,32,25.50,35798.2,36973.7,
20230921,32,25.59,35799.3,36973.4,
20230921,32,25.60,35800.4,36973.4,
20230921,32,25.84,35800.4,36973.4,
20230921,32,25.85,35800.4,36923.4,
20230921,32,25.87,35800.4,36873.4,
20230921,32,26.00,35800.4,36866.1,
20230921,32,26.10,35800.4,36865.9,
20230921,32,26.17,35800.4,36864.8,
20230921,32,26.31,35800.4,36860.4,
20230921,32,26.53,35800.4,36856.0,
20230921,32,27.00,35800.4,36855.0,
20230921,32,27.01,35800.4,36753.7,
20230921,32,27.06,35800.4,36748.8,
20230921,32,27.25,35800.4,36742.0,
20230921,32,27.33,35800.4,36706.7,
20230921,32,27.50,35800.4,36705.0,
20230921,32,27.59,35800.4,36704.5,
20230921,32,27.68,35800.4,36700.9,
20230921,32,27.96,35830.3,36699.3,
20230921,32,28.00,35830.3,36699.3,
20230921,32,28.56,35830.3,36422.4,
20230921,32,28.58,35840.3,36418.4,
20230921,32,29.44,35840.3,36418.4,
20230921,32,29.86,35840.3,36417.8,
20230921,32,29.96,35840.3,36398.9,
20230921,32,29.97,35840.3,36397.2,
20230921,32,30.00,35850.3,36386.2,
20230921,32,30.01,35850.3,36314.9,
20230921,32,30.38,35850.3,36277.3,
20230921,32,30.56,35850.3,36276.7,
20230921,32,30.81,35850.3,36275.5,
20230921,32,32.00,35850.3,36272.0,
20230921,32,32.70,35853.8,35863.6,
20230921,32,32.97,35853.8,35863.6,
20230921,32,33.00,35853.8,35863.1,
20230921,32,33.03,35853.8,35863.0,
20230921,32,33.06,35853.8,35862.1,
20230921,32,33.50,35853.8,35855.7,
20230921,32,34.00,35853.8,35855.1,
20230921,32,34.29,35853.8,35801.3,
20230921,32,34.35,35853.8,35800.6,
20230921,32,34.44,35853.8,35798.9,
20230921,32,34.73,35853.8,35798.4,
20230921,32,35.00,35853.8,35791.0,
20230921,32,35.31,35853.8,35683.3,
20230921,32,35.92,35853.8,35681.7,
20230921,32,36.00,35853.8,35681.1,
20230921,32,36.24,35853.8,35631.1,
20230921,32,37.30,35853.8,35611.7,
20230921,32,37.56,35853.8,35592.7,
20230921,32,37.65,35853.8,35591.7,
20230921,32,38.74,35853.8,35587.2,
20230921,32,38.90,35853.8,35585.5,
20230921,32,39.14,35853.8,35580.2,
20230921,32,39.56,35853.8,35561.7,
20230921,32,39.81,35856.8,35557.3,
20230921,32,39.94,35856.8,35556.3,
20230921,32,39.98,35916.8,35445.4,
20230921,32,40.00,35916.8,35445.4,
20230921,32,40.01,35916.8,35337.3,
20230921,32,41.52,35916.8,35337.2,
20230921,32,42.06,35916.8,35333.9,
20230921,32,42.26,35916.8,35332.9,
20230921,32,44.31,35916.8,35314.0,
20230921,32,44.33,35916.8,35313.0,
20230921,32,44.72,35916.8,35294.1,
20230921,32,44.75,35916.8,35293.7,
20230921,32,45.00,35916.9,35288.9,
20230921,32,45.12,35916.9,35163.8,
20230921,32,46.00,35916.9,35158.8,
20230921,32,46.06,35916.9,35108.8,
20230921,32,46.56,35916.9,35090.4,
20230921,32,47.88,35916.9,35087.5,
20230921,32,48.50,35916.9,34882.3,
20230921,32,50.00,35916.9,34881.7,
20230921,32,50.01,35924.8,33861.4,
20230921,32,50.50,35924.8,33861.4,
20230921,32,50.90,35924.8,33859.4,
20230921,32,51.00,35924.8,33856.2,
20230921,32,55.00,35924.9,33854.9,
20230921,32,56.00,35924.9,33853.4,
20230921,32,60.00,35924.9,33842.1,
20230921,32,60.12,35924.9,33699.9,
20230921,32,61.00,35924.9,33681.0,
20230921,32,62.00,35924.9,33650.3,
20230921,32,62.50,35924.9,33566.4,
20230921,32,64.15,35924.9,33538.7,
20230921,32,65.00,35924.9,33513.1,
20230921,32,67.94,35924.9,33505.4,
20230921,32,70.00,35925.0,33454.0,
20230921,32,70.90,35925.0,33447.3,
20230921,32,72.50,35925.0,29219.3,
20230921,32,76.50,35925.0,29219.2,
20230921,32,77.80,35925.0,29218.8,
20230921,32,79.90,35925.0,29062.6,
20230921,32,79.98,35945.0,29045.6,
20230921,32,80.00,35945.0,29045.6,
20230921,32,80.01,35945.0,28072.9,
20230921,32,80.10,35945.0,27721.3,
20230921,32,80.12,35945.0,27682.2,
20230921,32,80.20,35945.0,27602.6,
20230921,32,80.21,35965.0,27594.6,
20230921,32,80.50,35965.0,27594.6,
20230921,32,81.00,35965.0,27594.5,
20230921,32,82.01,35965.0,27544.0,
20230921,32,85.00,35965.0,27416.2,
20230921,32,90.00,35965.0,27349.6,
20230921,32,99.90,35965.0,27308.0,
20230921,32,100.00,35965.0,27307.4,
20230921,32,100.01,35982.9,24249.0,
20230921,32,101.00,35982.9,24249.0,
20230921,32,102.00,35982.9,24103.4,
20230921,32,105.00,35982.9,23766.9,
20230921,32,120.10,35982.9,23766.7,
20230921,32,130.00,35982.9,23697.0,
20230921,32,138.00,35982.9,23689.2,
20230921,32,150.00,35982.9,23352.8,
20230921,32,190.00,35982.9,23350.2,
20230921,32,200.00,35982.9,23347.4,
20230921,32,200.01,35982.9,20845.4,
20230921,32,200.10,35982.9,19307.3,
20230921,32,200.50,35982.9,19162.7,
20230921,32,201.00,35982.9,19040.1,
20230921,32,210.00,35982.9,18889.8,
20230921,32,250.00,35982.9,18667.2,
20230921,32,300.00,35982.9,18459.3,
20230921,32,500.00,35982.9,17932.6,
20230921,32,548.66,35982.9,17930.6,
20230921,32,550.02,35982.9,17449.2,
20230921,32,999.00,35982.9,17239.3,
20230921,32,999.99,35982.9,0.0,
20230921,33,0.00,0.0,55394.5,
20230921,33,0.00,13791.8,55394.5,
20230921,33,0.01,30863.3,55394.5,
20230921,33,0.02,31025.7,55374.3,
20230921,33,0.03,31026.0,55331.4,
20230921,33,0.04,31044.4,55292.7,
20230921,33,0.09,31044.4,55292.7,
20230921,33,0.10,31044.4,55251.3,
20230921,33,0.20,31044.4,55131.2,
20230921,33,0.30,31044.4,55031.2,
20230921,33,0.62,31044.4,55027.2,
20230921,33,0.90,31045.4,54947.2,
20230921,33,1.00,31603.4,54947.2,
20230921,33,1.01,31604.9,54494.7,
20230921,33,1.12,31604.9,54449.7,
20230921,33,1.56,31818.0,54409.7,
20230921,33,2.00,31819.1,54409.7,
20230921,33,2.01,31819.1,54409.7,
20230921,33,2.10,31819.1,54369.7,
20230921,33,2.12,31819.1,54363.7,
20230921,33,2.15,31928.7,54283.7,
20230921,33,2.61,31937.7,54283.7,
20230921,33,3.00,31937.7,54283.7,
20230921,33,3.01,31937.7,54063.7,
20230921,33,3.10,31937.7,54013.7,
20230921,33,3.12,31937.7,53948.7,
20230921,33,3.80,31940.2,53828.7,
20230921,33,3.81,31946.2,53828.7,
20230921,33,4.65,31967.3,53828.7,
20230921,33,5.00,32128.1,53828.7,
20230921,33,5.01,32128.1,53563.1,
20230921,33,5.04,32128.1,53483.1,
20230921,33,5.12,32128.1,53183.1,
20230921,33,5.21,32137.2,53103.1,
20230921,33,5.50,32137.3,53103.1,
20230921,33,6.00,32137.3,53103.1,
20230921,33,6.06,32143.3,53019.2,
20230921,33,6.26,32143.3,53019.2,
20230921,33,6.94,32148.2,53011.6,
20230921,33,7.00,32148.5,53011.6,
20230921,33,7.01,32148.5,53011.5,
20230921,33,7.12,32148.5,52743.0,
20230921,33,7.50,32188.5,52663.0,
20230921,33,7.59,32191.1,52663.0,
20230921,33,7.70,32192.1,52663.0,
20230921,33,7.80,32201.3,52663.0,
20230921,33,7.90,32201.3,52663.0,
20230921,33,8.00,32229.8,52660.1,
20230921,33,8.01,32229.8,52600.0,
20230921,33,8.02,32254.9,52580.0,
20230921,33,8.31,32260.9,52580.0,
20230921,33,8.50,32260.9,52580.0,
20230921,33,8.59,32260.9,52570.0,
20230921,33,9.00,32260.9,52567.2,
20230921,33,9.50,32260.9,52567.1,
20230921,33,9.60,32260.9,52420.1,
20230921,33,9.66,32260.9,52311.1,
20230921,33,9.82,32260.9,52187.1,
20230921,33,10.00,32336.0,52159.8,
20230921,33,10.05,32356.0,52065.3,
20230921,33,10.17,32356.0,52065.3,
20230921,33,10.20,32356.0,52035.3,
20230921,33,10.22,32356.0,51911.3,
20230921,33,10.23,32356.0,51862.3,
20230921,33,10.38,32356.0,51812.3,
20230921,33,10.40,32365.1,51688.3,
20230921,33,10.46,32365.1,51688.3,
20230921,33,10.50,32395.1,51601.3,
20230921,33,10.51,32395.1,51601.3,
20230921,33,10.56,32401.9,51450.3,
20230921,33,10.58,32401.9,51450.3,
20230921,33,10.59,32619.9,51224.1,
20230921,33,11.00,32619.9,51211.7,
20230921,33,11.19,32619.9,51211.6,
20230921,33,11.20,32663.7,50989.2,
20230921,33,11.28,32663.7,50989.2,
20230921,33,11.38,32666.2,50989.1,
20230921,33,11.40,32666.2,50989.1,
20230921,33,11.61,32666.2,50838.1,
20230921,33,11.67,32666.2,50673.1,
20230921,33,11.75,32666.2,50551.1,
20230921,33,11.83,32666.2,50351.1,
20230921,33,11.90,32666.2,50151.1,
20230921,33,11.95,32666.2,49951.1,
20230921,33,11.98,32666.2,49949.4,
20230921,33,12.00,32668.4,49715.4,
20230921,33,12.06,32668.4,49707.8,
20230921,33,12.15,32668.4,49507.8,
20230921,33,12.25,32668.4,49307.8,
20230921,33,12.26,32794.0,49107.8,
20230921,33,12.40,32794.0,49107.8,
20230921,33,12.54,32794.0,48907.8,
20230921,33,12.66,32794.0,48442.7,
20230921,33,12.73,32794.0,48361.7,
20230921,33,12.81,32801.0,48161.7,
20230921,33,13.00,32810.0,48161.7,
20230921,33,13.01,32810.0,48123.6,
20230921,33,13.02,32810.0,48114.9,
20230921,33,13.03,32810.0,48081.2,
20230921,33,13.04,32810.0,48047.5,
20230921,33,13.05,32810.0,48013.8,
20230921,33,13.10,32810.6,47980.1,
20230921,33,13.21,32811.2,47980.1,
20230921,33,13.31,32811.8,47980.1,
20230921,33,13.39,32811.8,47980.1,
20230921,33,13.42,32812.4,47830.1,
20230921,33,13.50,32822.4,47830.1,
20230921,33,13.52,32823.0,47830.1,
20230921,33,13.53,32825.5,47830.1,
20230921,33,13.63,32825.5,47830.1,
20230921,33,13.95,32825.5,47806.1,
20230921,33,13.98,32855.5,47782.9,
20230921,33,14.00,32855.5,47782.9,
20230921,33,14.01,32873.2,47638.6,
20230921,33,14.06,32875.6,47638.6,
20230921,33,14.10,32875.6,47638.6,
20230921,33,14.21,32875.6,47638.0,
20230921,33,14.26,32905.6,47637.5,
20230921,33,14.30,32905.6,47637.5,
20230921,33,14.50,32905.6,47637.1,
20230921,33,14.53,32905.6,47635.6,
20230921,33,14.55,32935.6,47355.6,
20230921,33,14.59,32938.1,47355.6,
20230921,33,14.70,32939.1,47355.6,
20230921,33,14.83,32939.1,47355.6,
20230921,33,14.84,32969.1,47355.5,
20230921,33,14.98,32969.1,47355.5,
20230921,33,14.99,32969.1,47355.3,
20230921,33,15.00,33182.1,47355.2,
20230921,33,15.01,33183.4,47139.2,
20230921,33,15.02,33187.8,47129.6,
20230921,33,15.06,33195.5,47129.6,
20230921,33,15.12,33197.9,47129.6,
20230921,33,15.15,33197.9,47129.5,
20230921,33,15.17,33200.5,47033.5,
20230921,33,15.22,33200.5,47033.5,
20230921,33,15.45,33200.5,47017.4,
20230921,33,15.50,33205.5,46979.4,
20230921,33,15.51,33205.5,46968.4,
20230921,33,15.55,33205.5,46960.8,
20230921,33,15.58,33205.5,46760.8,
20230921,33,15.64,33205.5,46759.9,
20230921,33,15.65,33207.8,46759.6,
20230921,33,15.73,33207.8,46759.3,
20230921,33,15.74,33209.1,46752.7,
20230921,33,15.80,33209.1,46752.7,
20230921,33,15.81,33209.1,46752.4,
20230921,33,15.90,33221.1,46752.3,
20230921,33,15.91,33221.1,46752.3,
20230921,33,15.94,33221.1,46752.1,
20230921,33,16.00,33290.1,46512.1,
20230921,33,16.01,33290.4,46458.7,
20230921,33,16.02,33290.4,46458.7,
20230921,33,16.05,33290.4,46116.7,
20230921,33,16.10,33291.4,46108.5,
20230921,33,16.12,33355.4,46108.5,
20230921,33,16.20,33356.4,46108.5,
20230921,33,16.27,33420.4,46108.5,
20230921,33,16.30,33421.4,46108.5,
20230921,33,16.35,33421.4,46108.3,
20230921,33,16.37,33485.4,46058.3,
20230921,33,16.40,33485.4,46058.3,
20230921,33,16.47,33549.4,46008.2,
20230921,33,16.53,33549.4,46008.2,
20230921,33,16.66,33613.4,46007.9,
20230921,33,16.70,33613.4,46007.9,
20230921,33,16.75,33677.4,46007.8,
20230921,33,16.76,33677.4,46007.8,
20230921,33,16.85,33741.4,45846.8,
20230921,33,16.96,33741.4,45846.8,
20230921,33,16.99,33741.4,45846.3,
20230921,33,17.00,33741.4,45846.2,
20230921,33,17.01,33744.2,45787.2,
20230921,33,17.03,33808.2,45787.2,
20230921,33,17.10,33808.2,45787.2,
20230921,33,17.16,33882.5,45787.1,
20230921,33,17.18,33882.5,45787.1,
20230921,33,17.25,33882.5,45770.9,
20230921,33,17.30,33882.5,45769.9,
20230921,33,17.31,33890.5,45769.8,
20230921,33,17.33,33890.5,45769.8,
20230921,33,17.39,33890.5,45717.8,
20230921,33,17.41,33890.5,45715.6,
20230921,33,17.45,33890.5,45715.3,
20230921,33,17.49,33920.5,45715.0,
20230921,33,17.50,33920.5,45715.0,
20230921,33,17.62,33920.5,45714.9,
20230921,33,17.63,33920.5,45592.9,
20230921,33,17.64,33950.5,45519.5,
20230921,33,17.65,33983.1,45519.5,
20230921,33,17.73,33983.1,45519.5,
20230921,33,17.76,33983.1,45514.5,
20230921,33,17.79,34013.1,45509.9,
20230921,33,17.86,34013.1,45509.9,
20230921,33,17.87,34027.1,45507.7,
20230921,33,17.99,34027.1,45188.7,
20230921,33,18.00,34027.1,44999.7,
20230921,33,18.03,34027.1,44999.2,
20230921,33,18.16,34027.1,44999.1,
20230921,33,18.21,34027.1,44977.7,
20230921,33,18.25,34034.7,44855.7,
20230921,33,18.29,34034.7,44855.7,
20230921,33,18.30,34034.7,44855.0,
20230921,33,18.33,34034.7,44854.9,
20230921,33,18.44,34037.9,44852.7,
20230921,33,18.47,34037.9,44852.7,
20230921,33,18.59,34054.0,41484.7,
20230921,33,18.60,34054.0,41484.7,
20230921,33,18.63,34055.6,41484.6,
20230921,33,18.64,34055.6,41480.7,
20230921,33,18.67,34055.6,41430.7,
20230921,33,18.75,34055.6,41136.7,
20230921,33,18.78,34055.6,41073.7,
20230921,33,18.80,34055.6,41023.7,
20230921,33,18.81,34055.6,41019.3,
20230921,33,18.96,34058.1,41014.0,
20230921,33,19.00,34058.1,41014.0,
20230921,33,19.15,34058.1,41013.1,
20230921,33,19.48,34058.1,40996.1,
20230921,33,19.50,34058.1,40960.1,
20230921,33,19.70,34063.7,40960.0,
20230921,33,19.71,34287.7,40960.0,
20230921,33,19.83,34287.7,40960.0,
20230921,33,19.90,34287.7,40929.8,
20230921,33,19.93,34288.6,40929.7,
20230921,33,19.95,34340.6,40929.7,
20230921,33,20.00,34340.6,40929.7,
20230921,33,20.01,34340.6,40856.3,
20230921,33,20.06,34340.6,40850.8,
20230921,33,20.11,34343.0,40815.8,
20230921,33,20.17,34343.0,40815.8,
20230921,33,20.18,34343.1,40815.7,
20230921,33,20.21,34343.1,40815.7,
20230921,33,20.30,34343.1,38841.7,
20230921,33,20.37,34343.1,38841.6,
20230921,33,20.39,34343.1,38841.5,
20230921,33,20.40,34343.1,38841.0,
20230921,33,20.41,34343.1,38814.7,
20230921,33,20.42,34343.1,38764.7,
20230921,33,20.43,34343.1,38714.7,
20230921,33,20.44,34343.1,38664.7,
20230921,33,20.45,34343.1,38614.7,
20230921,33,20.46,34343.1,38564.7,
20230921,33,20.47,34343.1,38514.7,
20230921,33,20.48,34343.1,38464.7,
20230921,33,20.49,34343.1,38414.7,
20230921,33,20.50,34343.1,38364.7,
20230921,33,20.51,34343.1,38314.7,
20230921,33,20.62,34379.1,38264.7,
20230921,33,20.90,34379.9,38264.7,
20230921,33,21.00,34380.9,38264.7,
20230921,33,21.03,34380.9,38264.4,
20230921,33,21.04,34380.9,38264.1,
20230921,33,21.10,34380.9,38263.8,
20230921,33,21.12,34380.9,38141.8,
20230921,33,21.13,34382.6,37993.6,
20230921,33,21.18,34382.6,37993.6,
20230921,33,21.32,34387.0,37993.5,
20230921,33,21.33,34391.4,37993.5,
20230921,33,21.41,34416.4,37993.5,
20230921,33,21.76,34416.4,37993.5,
20230921,33,21.77,34416.4,37992.8,
20230921,33,21.80,34416.4,37912.6,
20230921,33,21.81,34416.4,37912.0,
20230921,33,21.88,34417.3,37911.1,
20230921,33,21.89,34417.3,37911.1,
20230921,33,22.00,34417.3,37910.2,
20230921,33,22.28,34515.3,37910.0,
20230921,33,22.76,34515.3,37910.0,
20230921,33,22.80,34964.4,37867.8,
20230921,33,22.85,34965.2,37867.8,
20230921,33,22.92,34965.2,37867.8,
20230921,33,22.96,34965.2,37858.8,
20230921,33,23.00,34978.2,37854.3,
20230921,33,23.03,34978.2,37854.1,
20230921,33,23.50,34978.2,37853.7,
20230921,33,23.61,34978.2,37852.9,
20230921,33,23.64,34978.2,37755.4,
20230921,33,23.82,34979.0,37405.4,
20230921,33,24.03,34988.9,37395.2,
20230921,33,24.05,34988.9,37395.2,
20230921,33,24.06,34988.9,37389.7,
20230921,33,24.08,34988.9,37381.0,
20230921,33,24.90,34988.9,37368.8,
20230921,33,25.00,35008.9,37367.7,
20230921,33,25.37,35008.9,37298.8,
20230921,33,25.85,35008.9,37297.3,
20230921,33,26.00,35008.9,37247.3,
20230921,33,26.06,35008.9,37247.1,
20230921,33,26.09,35008.9,37246.8,
20230921,33,26.18,35008.9,37246.3,
20230921,33,26.25,35011.6,37245.7,
20230921,33,26.26,35014.3,37245.7,
20230921,33,26.31,35014.3,37245.7,
20230921,33,26.65,35077.2,37241.3,
20230921,33,26.76,35077.2,37241.3,
20230921,33,26.81,35077.2,37234.1,
20230921,33,26.82,35077.2,37233.2,
20230921,33,26.89,35077.2,37192.1,
20230921,33,26.98,35077.2,37184.0,
20230921,33,27.00,35077.2,37174.5,
20230921,33,27.01,35077.2,37073.5,
20230921,33,27.25,35097.2,37068.6,
20230921,33,27.64,35097.2,37068.6,
20230921,33,28.00,35097.2,37067.9,
20230921,33,28.56,35097.2,36804.8,
20230921,33,29.10,35097.2,36800.8,
20230921,33,29.25,35137.0,36800.4,
20230921,33,29.55,35156.9,36800.4,
20230921,33,29.65,35166.9,36800.4,
20230921,33,29.80,35166.9,36800.4,
20230921,33,29.91,35166.9,36799.6,
20230921,33,29.97,35166.9,36795.2,
20230921,33,30.00,35176.9,36781.6,
20230921,33,30.01,35176.9,36710.4,
20230921,33,30.15,35177.6,36671.5,
20230921,33,30.16,35178.3,36662.1,
20230921,33,30.34,35188.3,36662.1,
20230921,33,30.48,35188.3,36662.1,
20230921,33,30.56,35188.3,36658.6,
20230921,33,30.81,35188.3,36657.4,
20230921,33,31.80,35188.3,36653.9,
20230921,33,32.00,35188.3,36653.3,
20230921,33,32.13,35188.3,36256.4,
20230921,33,32.25,35208.2,36256.0,
20230921,33,32.70,35209.9,36256.0,
20230921,33,32.80,35209.9,36256.0,
20230921,33,33.03,35209.9,36254.3,
20230921,33,33.06,35209.9,36253.5,
20230921,33,33.14,35219.9,36251.4,
20230921,33,33.31,35219.9,36251.4,
20230921,33,33.48,35219.9,36232.5,
20230921,33,33.50,35219.9,36231.9,
20230921,33,34.00,35219.9,36231.8,
20230921,33,35.00,35219.9,36179.4,
20230921,33,35.08,35219.9,36084.4,
20230921,33,35.16,35219.9,36082.7,
20230921,33,35.31,35219.9,36081.1,
20230921,33,35.61,35219.9,36079.4,
20230921,33,36.00,35219.9,36078.9,
20230921,33,36.09,35219.9,36028.9,
20230921,33,36.86,35219.9,36010.0,
20230921,33,37.19,35219.9,36005.6,
20230921,33,37.38,35219.9,36005.1,
20230921,33,37.50,35219.9,36004.4,
20230921,33,37.51,35219.9,36004.3,
20230921,33,37.56,35219.9,35997.1,
20230921,33,38.88,35219.9,35996.1,
20230921,33,39.00,35219.9,35994.4,
20230921,33,39.33,35219.9,35993.8,
20230921,33,39.81,35222.9,35974.8,
20230921,33,39.98,35282.9,35973.8,
20230921,33,40.00,35282.9,35973.8,
20230921,33,40.01,35282.9,35872.2,
20230921,33,40.73,35282.9,35872.1,
20230921,33,41.49,35282.9,35853.2,
20230921,33,42.06,35282.9,35848.7,
20230921,33,42.57,35282.9,35847.7,
20230921,33,42.69,35282.9,35843.0,
20230921,33,43.42,35282.9,35842.1,
20230921,33,43.81,35282.9,35837.7,
20230921,33,44.31,35282.9,35734.1,
20230921,33,45.00,35283.0,35733.1,
20230921,33,45.12,35283.0,35621.6,
20230921,33,45.36,35283.0,35616.6,
20230921,33,46.00,35283.0,35597.6,
20230921,33,46.56,35283.0,35547.6,
20230921,33,48.45,35283.0,35543.4,
20230921,33,49.74,35283.0,35524.5,
20230921,33,49.94,35283.0,35517.5,
20230921,33,50.00,35283.0,35306.9,
20230921,33,50.01,35288.8,33872.8,
20230921,33,50.50,35288.8,33872.8,
20230921,33,50.90,35288.8,33871.0,
20230921,33,51.00,35288.8,33867.8,
20230921,33,52.74,35288.8,33866.8,
20230921,33,53.10,35288.8,33863.5,
20230921,33,55.00,35288.9,33862.5,
20230921,33,55.80,35288.9,33849.4,
20230921,33,56.00,35288.9,33830.2,
20230921,33,57.57,35288.9,33819.2,
20230921,33,59.90,35288.9,33801.0,
20230921,33,60.00,35288.9,33800.1,
20230921,33,60.12,35288.9,33663.5,
20230921,33,61.00,35288.9,33645.2,
20230921,33,62.00,35288.9,33615.7,
20230921,33,62.69,35288.9,33533.6,
20230921,33,65.00,35288.9,33506.9,
20230921,33,65.63,35288.9,33499.2,
20230921,33,67.94,35288.9,33474.7,
20230921,33,70.00,35288.9,33423.0,
20230921,33,70.01,35288.9,33404.1,
20230921,33,70.90,35288.9,33403.1,
20230921,33,72.50,35288.9,29414.1,
20230921,33,76.50,35288.9,29414.0,
20230921,33,77.80,35288.9,29413.7,
20230921,33,79.90,35288.9,29262.9,
20230921,33,79.98,35308.9,29248.4,
20230921,33,80.00,35308.9,29248.4,
20230921,33,80.01,35308.9,28549.8,
20230921,33,80.05,35308.9,28211.1,
20230921,33,80.10,35308.9,28209.1,
20230921,33,80.12,35308.9,28172.5,
20230921,33,80.13,35308.9,28096.4,
20230921,33,80.20,35308.9,28003.5,
20230921,33,80.21,35328.9,27995.5,
20230921,33,80.50,35328.9,27995.5,
20230921,33,81.00,35328.9,27995.3,
20230921,33,82.01,35328.9,27824.6,
20230921,33,85.00,35328.9,27690.6,
20230921,33,90.00,35328.9,27628.1,
20230921,33,99.90,35328.9,27587.1,
20230921,33,100.00,35328.9,27586.5,
20230921,33,100.01,35344.9,24587.9,
20230921,33,101.00,35344.9,24587.9,
20230921,33,102.00,35344.9,24442.3,
20230921,33,105.00,35344.9,24124.2,
20230921,33,120.10,35344.9,24124.0,
20230921,33,130.00,35344.9,24058.2,
20230921,33,138.00,35344.9,24050.5,
20230921,33,150.00,35344.9,23728.5,
20230921,33,190.00,35344.9,23725.8,
20230921,33,200.00,35344.9,23723.0,
20230921,33,200.01,35344.9,21256.7,
20230921,33,200.10,35344.9,19723.3,
20230921,33,200.50,35344.9,19579.0,
20230921,33,201.00,35344.9,19460.6,
20230921,33,210.00,35344.9,19311.4,
20230921,33,250.00,35344.9,19013.6,
20230921,33,300.00,35344.9,18807.4,
20230921,33,500.00,35344.9,18281.0,
20230921,33,548.66,35344.9,18279.0,
20230921,33,550.02,35344.9,17794.6,
20230921,33,999.00,35344.9,17587.0,
20230921,33,999.99,35344.9,0.0,
20230921,34,0.00,0.0,54004.6,
20230921,34,0.00,13042.3,54004.6,
20230921,34,0.01,30013.9,54004.6,
20230921,34,0.02,30172.5,53985.2,
20230921,34,0.03,30172.6,53966.2,
20230921,34,0.04,30191.2,53928.2,
20230921,34,0.09,30191.2,53928.2,
20230921,34,0.10,30191.2,53903.7,
20230921,34,0.20,30191.2,53783.6,
20230921,34,0.30,30191.2,53683.6,
20230921,34,0.62,30191.2,53679.6,
20230921,34,0.80,30192.2,53599.6,
20230921,34,0.90,30193.2,53599.6,
20230921,34,1.00,30768.3,53599.6,
20230921,34,1.01,30769.3,53338.5,
20230921,34,1.12,30769.3,53293.5,
20230921,34,1.56,30972.2,53253.5,
20230921,34,2.00,30972.9,53253.5,
20230921,34,2.01,30972.9,53253.5,
20230921,34,2.10,30972.9,53213.5,
20230921,34,2.12,30972.9,53207.5,
20230921,34,2.15,31082.5,53127.5,
20230921,34,2.96,31084.3,53127.5,
20230921,34,3.00,31084.3,53127.5,
20230921,34,3.01,31084.3,52887.5,
20230921,34,3.10,31084.3,52837.5,
20230921,34,3.12,31084.3,52772.5,
20230921,34,3.21,31091.5,52652.5,
20230921,34,3.81,31097.5,52652.5,
20230921,34,3.99,31100.0,52652.5,
20230921,34,4.00,31100.4,52636.8,
20230921,34,4.65,31117.6,52636.8,
20230921,34,5.00,31288.3,52636.8,
20230921,34,5.01,31288.3,52382.4,
20230921,34,5.04,31288.3,52302.4,
20230921,34,5.12,31288.3,52002.4,
20230921,34,5.50,31288.4,51922.4,
20230921,34,5.91,31290.2,51922.4,
20230921,34,6.00,31290.2,51922.4,
20230921,34,6.06,31296.2,51860.0,
20230921,34,6.26,31296.2,51860.0,
20230921,34,6.41,31303.5,51852.4,
20230921,34,6.94,31308.4,51852.4,
20230921,34,7.00,31308.4,51852.4,
20230921,34,7.01,31308.4,51852.3,
20230921,34,7.12,31308.4,51591.7,
20230921,34,7.50,31348.4,51511.7,
20230921,34,7.70,31349.5,51511.7,
20230921,34,7.90,31349.5,51511.7,
20230921,34,7.97,31352.1,51508.8,
20230921,34,8.00,31380.6,51508.8,
20230921,34,8.01,31380.6,51448.7,
20230921,34,8.02,31405.1,51429.3,
20230921,34,8.31,31411.1,51429.3,
20230921,34,8.50,31411.1,51429.3,
20230921,34,8.59,31411.1,51419.3,
20230921,34,8.85,31413.0,51416.6,
20230921,34,9.00,31413.6,51416.6,
20230921,34,9.50,31413.6,51416.5,
20230921,34,9.60,31420.9,51269.5,
20230921,34,9.66,31420.9,51165.5,
20230921,34,10.00,31495.2,51041.5,
20230921,34,10.05,31515.2,50947.0,
20230921,34,10.17,31515.2,50947.0,
20230921,34,10.20,31515.2,50917.0,
20230921,34,10.22,31515.2,50793.0,
20230921,34,10.23,31515.2,50782.2,
20230921,34,10.38,31515.2,50732.2,
20230921,34,10.46,31515.2,50608.2,
20230921,34,10.50,31545.2,50521.2,
20230921,34,10.51,31545.2,50521.2,
20230921,34,10.56,31551.4,50370.2,
20230921,34,10.58,31551.4,50370.2,
20230921,34,10.59,31599.2,50142.4,
20230921,34,11.00,31779.2,49959.9,
20230921,34,11.19,31779.2,49959.8,
20230921,34,11.20,31817.5,49732.2,
20230921,34,11.28,31817.5,49732.2,
20230921,34,11.40,31817.5,49732.1,
20230921,34,11.61,31817.5,49581.1,
20230921,34,11.67,31817.5,49416.1,
20230921,34,11.75,31817.5,49294.1,
20230921,34,11.80,31819.3,49094.1,
20230921,34,11.84,31819.3,49094.1,
20230921,34,11.90,31819.3,48894.1,
20230921,34,11.95,31819.3,48694.1,
20230921,34,11.96,31821.8,48692.4,
20230921,34,11.98,31821.8,48692.4,
20230921,34,12.00,31824.5,48492.4,
20230921,34,12.07,31824.5,48485.5,
20230921,34,12.15,31824.5,48285.5,
20230921,34,12.26,31950.1,48085.5,
20230921,34,12.27,31950.1,48085.5,
20230921,34,12.40,31950.1,47885.5,
20230921,34,12.51,31950.1,47685.5,
20230921,34,12.66,31950.1,47241.2,
20230921,34,12.68,31950.1,47160.2,
20230921,34,12.80,31957.4,46960.2,
20230921,34,12.81,31964.4,46960.2,
20230921,34,12.87,31964.4,46960.2,
20230921,34,13.00,31964.4,46939.4,
20230921,34,13.01,31964.4,46902.2,
20230921,34,13.02,31964.4,46893.5,
20230921,34,13.03,31964.4,46859.8,
20230921,34,13.04,31964.4,46826.1,
20230921,34,13.05,31964.4,46792.4,
20230921,34,13.39,31964.4,46758.7,
20230921,34,13.50,31974.4,46598.7,
20230921,34,13.63,31974.4,46598.7,
20230921,34,13.95,31974.4,46575.7,
20230921,34,13.98,32004.4,46553.5,
20230921,34,14.00,32004.4,46553.5,
20230921,34,14.01,32016.3,46403.6,
20230921,34,14.10,32016.3,46403.6,
20230921,34,14.21,32016.3,46403.0,
20230921,34,14.26,32046.3,46402.5,
20230921,34,14.30,32046.3,46402.5,
20230921,34,14.50,32046.3,46402.1,
20230921,34,14.53,32046.3,46400.6,
20230921,34,14.55,32076.3,46130.6,
20230921,34,14.70,32077.3,46130.6,
20230921,34,14.75,32079.1,46130.6,
20230921,34,14.83,32079.1,46130.6,
20230921,34,14.84,32109.1,46130.5,
20230921,34,14.99,32109.1,46130.5,
20230921,34,15.00,32322.1,46130.4,
20230921,34,15.01,32322.7,45913.7,
20230921,34,15.02,32326.9,45904.3,
20230921,34,15.06,32334.5,45904.3,
20230921,34,15.15,32334.5,45904.3,
20230921,34,15.22,32334.5,45808.3,
20230921,34,15.25,32335.1,45793.8,
20230921,34,15.45,32335.1,45793.8,
20230921,34,15.50,32340.1,45755.8,
20230921,34,15.51,32340.1,45745.8,
20230921,34,15.52,32340.1,45738.2,
20230921,34,15.58,32340.1,45538.2,
20230921,34,15.73,32340.1,45537.3,
20230921,34,15.74,32341.6,45531.0,
20230921,34,15.75,32342.2,45531.0,
20230921,34,15.78,32342.2,45531.0,
20230921,34,15.80,32342.2,45499.0,
20230921,34,15.81,32342.2,45498.7,
20230921,34,15.90,32353.2,45498.6,
20230921,34,15.91,32353.2,45498.6,
20230921,34,15.94,32355.8,45498.4,
20230921,34,16.00,32432.0,45248.4,
20230921,34,16.01,32432.2,45194.9,
20230921,34,16.05,32432.2,45194.9,
20230921,34,16.10,32433.2,45186.7,
20230921,34,16.12,32497.2,45186.7,
20230921,34,16.18,32497.2,45186.7,
20230921,34,16.20,32498.2,44889.7,
20230921,34,16.24,32498.8,44889.7,
20230921,34,16.27,32562.8,44889.7,
20230921,34,16.30,32563.8,44889.7,
20230921,34,16.36,32566.3,44889.7,
20230921,34,16.37,32630.3,44889.7,
20230921,34,16.39,32630.3,44889.7,
20230921,34,16.40,32630.3,44839.7,
20230921,34,16.47,32694.3,44789.6,
20230921,34,16.66,32758.3,44789.6,
20230921,34,16.70,32758.3,44789.6,
20230921,34,16.73,32760.7,44789.5,
20230921,34,16.74,32761.3,44789.5,
20230921,34,16.75,32825.3,44784.5,
20230921,34,16.85,32889.3,44784.5,
20230921,34,16.88,32889.3,44784.5,
20230921,34,16.99,32889.3,44623.5,
20230921,34,17.00,32889.3,44623.4,
20230921,34,17.01,32890.5,44561.8,
20230921,34,17.03,32954.5,44561.8,
20230921,34,17.08,33018.5,44561.8,
20230921,34,17.09,33021.0,44561.8,
20230921,34,17.10,33021.0,44561.8,
20230921,34,17.16,33037.0,44561.7,
20230921,34,17.18,33037.0,44561.7,
20230921,34,17.24,33037.6,44545.5,
20230921,34,17.25,33037.6,44545.5,
20230921,34,17.30,33037.6,44544.4,
20230921,34,17.31,33046.6,44544.3,
20230921,34,17.33,33046.6,44544.3,
20230921,34,17.45,33049.0,44492.3,
20230921,34,17.49,33079.0,44492.1,
20230921,34,17.50,33079.0,44492.1,
20230921,34,17.55,33086.6,44492.0,
20230921,34,17.62,33086.6,44492.0,
20230921,34,17.63,33086.6,44370.0,
20230921,34,17.64,33116.6,44319.2,
20230921,34,17.65,33171.8,44319.2,
20230921,34,17.68,33171.8,44319.2,
20230921,34,17.79,33201.8,44319.0,
20230921,34,17.82,33204.1,44319.0,
20230921,34,17.86,33204.1,44318.7,
20230921,34,17.87,33218.1,44076.7,
20230921,34,17.99,33218.1,43954.7,
20230921,34,18.00,33218.1,43810.7,
20230921,34,18.03,33218.1,43810.2,
20230921,34,18.21,33218.1,43810.1,
20230921,34,18.23,33218.1,43688.1,
20230921,34,18.30,33218.1,43687.8,
20230921,34,18.42,33218.1,43687.7,
20230921,34,18.47,33218.1,43687.4,
20230921,34,18.60,33218.1,40511.4,
20230921,34,18.63,33219.7,40511.3,
20230921,34,18.74,33219.7,40511.3,
20230921,34,18.75,33219.7,40203.0,
20230921,34,18.78,33219.7,40144.0,
20230921,34,18.79,33219.7,40094.0,
20230921,34,18.94,33236.2,40093.8,
20230921,34,19.00,33236.2,40093.8,
20230921,34,19.03,33236.2,40092.9,
20230921,34,19.07,33239.4,40092.6,
20230921,34,19.35,33239.4,40092.6,
20230921,34,19.50,33239.4,40092.1,
20230921,34,19.62,33239.4,40092.0,
20230921,34,19.63,33239.4,40040.0,
20230921,34,19.71,33463.4,40039.3,
20230921,34,19.75,33469.2,40039.3,
20230921,34,19.83,33469.2,40039.3,
20230921,34,19.86,33469.2,39958.5,
20230921,34,19.88,33469.2,39953.9,
20230921,34,19.90,33469.2,39922.6,
20230921,34,19.92,33471.7,39922.5,
20230921,34,20.00,33471.7,39922.5,
20230921,34,20.01,33471.7,39815.6,
20230921,34,20.11,33474.3,39810.3,
20230921,34,20.14,33526.3,39810.3,
20230921,34,20.21,33526.3,39810.3,
20230921,34,20.30,33526.3,38030.3,
20230921,34,20.38,33526.3,38030.2,
20230921,34,20.39,33526.3,37998.8,
20230921,34,20.40,33526.3,37948.8,
20230921,34,20.41,33526.3,37898.8,
20230921,34,20.42,33526.3,37848.8,
20230921,34,20.43,33526.3,37798.8,
20230921,34,20.44,33526.3,37748.8,
20230921,34,20.45,33526.3,37698.8,
20230921,34,20.46,33526.3,37648.8,
20230921,34,20.47,33526.3,37536.8,
20230921,34,20.48,33526.3,37486.8,
20230921,34,20.49,33526.3,37436.8,
20230921,34,20.50,33526.3,37386.8,
20230921,34,20.51,33526.3,37336.8,
20230921,34,20.62,33562.3,37286.8,
20230921,34,20.81,33562.3,37286.8,
20230921,34,20.89,33562.3,37274.2,
20230921,34,21.00,33563.0,37274.0,
20230921,34,21.10,33563.0,37273.6,
20230921,34,21.27,33563.0,37151.6,
20230921,34,21.34,33563.9,37150.8,
20230921,34,21.81,33563.9,37150.8,
20230921,34,22.00,33563.9,37149.9,
20230921,34,22.28,33662.9,37149.7,
20230921,34,22.41,33662.9,37149.7,
20230921,34,22.50,33662.9,37149.4,
20230921,34,22.75,33663.7,37148.8,
20230921,34,22.78,33663.7,37148.8,
20230921,34,22.80,34112.8,37147.9,
20230921,34,22.92,34112.8,37147.9,
20230921,34,23.00,34125.8,37138.9,
20230921,34,23.03,34125.8,37138.7,
20230921,34,23.52,34125.8,37138.6,
20230921,34,23.64,34125.8,37138.1,
20230921,34,23.79,34125.8,37123.1,
20230921,34,23.81,34125.8,37120.9,
20230921,34,24.05,34125.8,37120.3,
20230921,34,24.06,34125.8,37114.5,
20230921,34,24.17,34126.7,37105.8,
20230921,34,24.31,34126.7,37105.8,
20230921,34,24.56,34129.6,37105.7,
20230921,34,24.57,34132.5,37105.7,
20230921,34,24.65,34157.5,37105.7,
20230921,34,24.69,34157.5,37105.7,
20230921,34,24.86,34157.5,37003.7,
20230921,34,24.90,34157.5,36961.7,
20230921,34,24.93,34157.5,36960.6,
20230921,34,24.94,34157.5,36960.5,
20230921,34,25.00,34177.5,36960.4,
20230921,34,25.03,34177.5,36897.7,
20230921,34,25.04,34178.2,36888.5,
20230921,34,25.08,34178.2,36888.5,
20230921,34,25.47,34178.2,36886.3,
20230921,34,25.58,34179.0,36886.0,
20230921,34,25.85,34179.0,36886.0,
20230921,34,25.89,34179.0,36836.0,
20230921,34,26.00,34179.0,36834.1,
20230921,34,26.27,34179.0,36834.0,
20230921,34,26.31,34179.0,36826.8,
20230921,34,26.37,34179.0,36822.3,
20230921,34,26.96,34179.0,36820.1,
20230921,34,27.00,34179.8,36773.6,
20230921,34,27.01,34179.8,36663.7,
20230921,34,27.66,34179.8,36658.8,
20230921,34,27.78,34179.8,36654.4,
20230921,34,27.94,34189.7,36645.8,
20230921,34,28.00,34189.7,36645.8,
20230921,34,28.33,34189.7,36405.0,
20230921,34,28.34,34189.8,36403.7,
20230921,34,28.35,34189.9,36402.4,
20230921,34,28.53,34189.9,36402.4,
20230921,34,28.56,34189.9,36402.0,
20230921,34,28.73,34189.9,36398.0,
20230921,34,28.74,34250.7,36395.9,
20230921,34,29.31,34250.7,36395.9,
20230921,34,29.34,34270.7,36395.4,
20230921,34,29.48,34270.7,36395.4,
20230921,34,30.00,34280.7,36385.9,
20230921,34,30.01,34280.7,36314.3,
20230921,34,30.06,34280.7,36278.5,
20230921,34,30.40,34280.7,36277.6,
20230921,34,30.48,34280.7,36274.2,
20230921,34,30.56,34280.7,36273.7,
20230921,34,30.79,34280.7,36272.6,
20230921,34,30.81,34280.7,36271.9,
20230921,34,31.04,34280.7,36268.3,
20230921,34,31.34,34320.5,36263.8,
20230921,34,31.59,34320.5,36263.8,
20230921,34,31.96,34320.5,36263.5,
20230921,34,32.00,34320.5,36254.1,
20230921,34,32.70,34322.2,35870.9,
20230921,34,33.03,34322.2,35870.9,
20230921,34,33.06,34322.2,35870.1,
20230921,34,33.12,34322.2,35867.8,
20230921,34,33.35,34342.1,35867.0,
20230921,34,33.45,34352.1,35867.0,
20230921,34,34.00,34352.1,35867.0,
20230921,34,34.03,34352.1,35818.1,
20230921,34,34.32,34352.4,35804.2,
20230921,34,34.33,34352.7,35804.2,
20230921,34,34.45,34352.7,35804.2,
20230921,34,34.50,34352.7,35785.3,
20230921,34,34.51,34362.7,35784.7,
20230921,34,34.65,34362.7,35784.7,
20230921,34,35.00,34362.7,35784.4,
20230921,34,35.31,34362.7,35694.6,
20230921,34,36.00,34362.7,35692.9,
20230921,34,36.05,34382.6,35642.9,
20230921,34,36.19,34382.6,35642.9,
20230921,34,36.67,34382.6,35641.2,
20230921,34,37.04,34382.6,35636.8,
20230921,34,37.31,34392.6,35617.9,
20230921,34,37.44,34392.6,35617.9,
20230921,34,37.56,34392.6,35617.3,
20230921,34,37.71,34392.6,35616.3,
20230921,34,37.76,34392.6,35614.7,
20230921,34,38.49,34392.6,35614.1,
20230921,34,39.64,34392.6,35613.2,
20230921,34,39.81,34395.6,35595.1,
20230921,34,39.86,34395.6,35594.1,
20230921,34,39.98,34455.6,35590.2,
20230921,34,40.00,34455.6,35590.2,
20230921,34,40.01,34455.6,35491.0,
20230921,34,41.36,34455.6,35490.9,
20230921,34,42.06,34455.6,35472.0,
20230921,34,42.08,34455.6,35471.0,
20230921,34,42.31,34455.6,35470.5,
20230921,34,42.40,34455.6,35466.1,
20230921,34,44.01,34455.6,35465.4,
20230921,34,44.31,34455.6,35464.9,
20230921,34,44.34,34455.6,35463.9,
20230921,34,44.39,34455.6,35463.3,
20230921,34,44.73,34455.6,35456.2,
20230921,34,45.00,34455.6,35437.8,
20230921,34,45.12,34455.6,35334.0,
20230921,34,45.68,34455.6,35329.2,
20230921,34,46.00,34455.6,35310.2,
20230921,34,46.06,34455.6,35260.2,
20230921,34,46.56,34455.6,35255.7,
20230921,34,47.63,34455.6,35250.9,
20230921,34,47.82,34455.6,35246.5,
20230921,34,47.94,34455.6,35032.5,
20230921,34,48.00,34455.6,34940.0,
20230921,34,48.56,34455.6,34939.9,
20230921,34,49.76,34455.6,34921.0,
20230921,34,50.00,34455.6,34902.1,
20230921,34,50.01,34459.4,33244.4,
20230921,34,50.50,34459.4,33244.4,
20230921,34,50.90,34459.4,33242.7,
20230921,34,51.00,34459.4,33239.5,
20230921,34,53.10,34459.4,33238.7,
20230921,34,53.32,34459.4,33237.8,
20230921,34,55.00,34459.4,33217.5,
20230921,34,56.00,34459.4,33204.1,
20230921,34,56.57,34459.4,33193.9,
20230921,34,59.90,34459.4,33190.6,
20230921,34,60.00,34459.4,33189.7,
20230921,34,60.12,34459.4,33061.1,
20230921,34,61.00,34459.4,33043.5,
20230921,34,62.00,34459.4,33014.9,
20230921,34,65.00,34459.4,32935.3,
20230921,34,65.50,34459.4,32928.3,
20230921,34,66.91,34459.4,32902.9,
20230921,34,67.94,34459.4,32879.1,
20230921,34,70.00,34459.4,32827.1,
20230921,34,70.01,34459.4,32806.4,
20230921,34,70.90,34459.4,32805.3,
20230921,34,77.80,34459.4,29345.3,
20230921,34,79.50,34459.4,29211.6,
20230921,34,79.90,34459.4,29211.5,
20230921,34,79.98,34479.4,29199.5,
20230921,34,80.00,34479.4,29199.5,
20230921,34,80.01,34479.4,28533.8,
20230921,34,80.05,34479.4,28206.8,
20230921,34,80.10,34479.4,28202.1,
20230921,34,80.12,34479.4,28170.5,
20230921,34,80.20,34479.4,28098.1,
20230921,34,80.21,34499.4,28090.1,
20230921,34,80.50,34499.4,28090.1,
20230921,34,81.00,34499.4,28089.9,
20230921,34,82.01,34499.4,28030.5,
20230921,34,83.50,34499.4,27892.9,
20230921,34,85.00,34499.4,27892.5,
20230921,34,90.00,34499.4,27835.6,
20230921,34,99.90,34499.4,27795.6,
20230921,34,100.00,34499.4,27795.0,
20230921,34,100.01,34513.6,24795.8,
20230921,34,101.00,34513.6,24663.1,
20230921,34,102.00,34513.6,24517.5,
20230921,34,105.00,34513.6,24232.1,
20230921,34,120.10,34513.6,24231.9,
20230921,34,130.00,34513.6,24169.4,
20230921,34,138.00,34513.6,24161.9,
20230921,34,150.00,34513.6,23848.1,
20230921,34,190.00,34513.6,23845.5,
20230921,34,200.00,34513.6,23842.6,
20230921,34,200.01,34513.6,21467.3,
20230921,34,200.10,34513.6,19961.0,
20230921,34,200.50,34513.6,19816.9,
20230921,34,201.00,34513.6,19706.7,
20230921,34,210.00,34513.6,19560.2,
20230921,34,250.00,34513.6,19263.7,
20230921,34,300.00,34513.6,19058.2,
20230921,34,500.00,34513.6,18531.9,
20230921,34,548.66,34513.6,18529.9,
20230921,34,550.02,34513.6,18043.3,
20230921,34,999.00,34513.6,17836.7,
20230921,34,999.99,34513.6,0.0,
20230921,35,0.00,0.0,52948.8,
20230921,35,0.00,12765.2,52948.8,
20230921,35,0.01,29715.2,52948.8,
20230921,35,0.02,29869.3,52930.7,
20230921,35,0.03,29869.4,52918.3,
20230921,35,0.04,29888.4,52881.3,
20230921,35,0.09,29888.4,52881.3,
20230921,35,0.10,29888.4,52869.3,
20230921,35,0.20,29888.4,52749.2,
20230921,35,0.30,29888.4,52649.2,
20230921,35,0.62,29888.4,52645.2,
20230921,35,0.80,29889.4,52565.2,
20230921,35,0.90,29890.4,52565.2,
20230921,35,1.00,30485.7,52565.2,
20230921,35,1.01,30485.7,52142.1,
20230921,35,1.12,30485.7,52097.1,
20230921,35,1.56,30683.7,52057.1,
20230921,35,2.00,30684.1,52057.1,
20230921,35,2.01,30684.1,52057.1,
20230921,35,2.10,30684.1,52017.1,
20230921,35,2.12,30684.1,52011.1,
20230921,35,2.15,30795.3,51931.1,
20230921,35,2.69,30797.1,51931.1,
20230921,35,2.71,30797.1,51931.1,
20230921,35,2.72,30798.0,51925.3,
20230921,35,3.00,30801.1,51925.3,
20230921,35,3.01,30801.1,51865.3,
20230921,35,3.10,30801.1,51815.3,
20230921,35,3.12,30801.1,51750.3,
20230921,35,3.81,30814.3,51630.3,
20230921,35,3.89,30816.8,51630.3,
20230921,35,4.00,30816.8,51630.3,
20230921,35,4.65,30830.8,51615.3,
20230921,35,5.00,31020.6,51615.3,
20230921,35,5.01,31020.6,51198.9,
20230921,35,5.04,31020.6,51118.9,
20230921,35,5.12,31020.6,50818.9,
20230921,35,5.36,31022.4,50738.9,
20230921,35,5.50,31022.5,50738.9,
20230921,35,6.00,31023.1,50738.9,
20230921,35,6.06,31029.1,50679.1,
20230921,35,6.26,31029.1,50679.1,
20230921,35,6.75,31029.5,50671.5,
20230921,35,6.94,31034.5,50671.5,
20230921,35,7.00,31034.5,50671.5,
20230921,35,7.01,31034.5,50671.4,
20230921,35,7.12,31034.5,50416.8,
20230921,35,7.50,31074.5,50336.8,
20230921,35,7.62,31081.8,50336.8,
20230921,35,7.70,31083.2,50336.8,
20230921,35,7.77,31085.8,50336.8,
20230921,35,7.90,31085.8,50336.8,
20230921,35,8.00,31118.6,50333.7,
20230921,35,8.01,31118.6,50273.6,
20230921,35,8.02,31141.9,50255.5,
20230921,35,8.04,31143.8,50255.5,
20230921,35,8.31,31149.8,50255.5,
20230921,35,8.50,31149.8,50255.5,
20230921,35,8.59,31149.8,50245.5,
20230921,35,9.00,31149.8,50243.2,
20230921,35,9.50,31149.8,50243.1,
20230921,35,9.60,31149.8,50096.1,
20230921,35,9.66,31149.8,49999.1,
20230921,35,10.00,31223.7,49875.1,
20230921,35,10.05,31243.7,49780.6,
20230921,35,10.17,31243.7,49780.6,
20230921,35,10.20,31243.7,49750.6,
20230921,35,10.22,31243.7,49626.6,
20230921,35,10.23,31243.7,49599.7,
20230921,35,10.38,31243.7,49549.7,
20230921,35,10.46,31243.7,49425.7,
20230921,35,10.50,31273.7,49338.7,
20230921,35,10.51,31273.7,49338.7,
20230921,35,10.56,31280.3,49187.7,
20230921,35,10.58,31280.3,49187.7,
20230921,35,10.59,31490.1,48960.2,
20230921,35,10.71,31491.9,48939.9,
20230921,35,11.00,31491.9,48939.9,
20230921,35,11.19,31491.9,48939.8,
20230921,35,11.20,31520.5,48702.3,
20230921,35,11.28,31520.5,48702.3,
20230921,35,11.40,31520.5,48702.2,
20230921,35,11.42,31527.8,48551.2,
20230921,35,11.61,31527.8,48551.2,
20230921,35,11.65,31530.3,48386.2,
20230921,35,11.67,31530.3,48386.2,
20230921,35,11.76,31530.3,48264.2,
20230921,35,11.85,31530.3,48064.2,
20230921,35,11.91,31530.3,47864.2,
20230921,35,11.95,31530.3,47664.2,
20230921,35,12.00,31532.5,47662.6,
20230921,35,12.08,31532.5,47456.2,
20230921,35,12.17,31532.5,47256.2,
20230921,35,12.29,31532.5,47056.2,
20230921,35,12.44,31532.5,46856.2,
20230921,35,12.66,31532.5,46656.2,
20230921,35,12.73,31532.5,46162.6,
20230921,35,12.81,31539.5,45962.6,
20230921,35,12.87,31539.5,45962.6,
20230921,35,13.00,31539.5,45942.2,
20230921,35,13.01,31539.5,45907.0,
20230921,35,13.02,31539.5,45898.3,
20230921,35,13.03,31539.5,45864.6,
20230921,35,13.04,31539.5,45830.9,
20230921,35,13.05,31539.5,45797.2,
20230921,35,13.39,31666.9,45763.5,
20230921,35,13.50,31676.9,45763.5,
20230921,35,13.59,31677.5,45763.5,
20230921,35,13.63,31677.5,45763.5,
20230921,35,13.79,31678.1,45742.5,
20230921,35,13.95,31678.1,45742.5,
20230921,35,13.99,31678.7,45722.9,
20230921,35,14.00,31678.7,45722.9,
20230921,35,14.01,31685.5,45568.2,
20230921,35,14.10,31685.5,45568.2,
20230921,35,14.19,31686.1,45567.6,
20230921,35,14.21,31686.1,45567.6,
20230921,35,14.30,31686.1,45567.1,
20230921,35,14.39,31686.7,45566.7,
20230921,35,14.50,31686.7,45566.7,
20230921,35,14.53,31686.7,45565.2,
20230921,35,14.70,31688.7,45465.2,
20230921,35,14.83,31688.7,45465.2,
20230921,35,14.99,31688.7,45465.1,
20230921,35,15.00,31902.7,45465.0,
20230921,35,15.01,31903.1,45298.2,
20230921,35,15.02,31907.1,45289.5,
20230921,35,15.06,31914.8,45289.5,
20230921,35,15.15,31914.8,45289.5,
20230921,35,15.22,31922.1,45193.5,
20230921,35,15.45,31922.1,45180.8,
20230921,35,15.50,31927.1,45142.8,
20230921,35,15.51,31927.1,45132.8,
20230921,35,15.53,31929.7,45125.2,
20230921,35,15.55,31929.7,45125.2,
20230921,35,15.58,31929.7,44925.2,
20230921,35,15.71,31929.7,44924.3,
20230921,35,15.73,31929.7,44916.3,
20230921,35,15.74,31931.1,44497.9,
20230921,35,15.80,31931.1,44497.9,
20230921,35,15.81,31931.1,44497.6,
20230921,35,15.90,31942.1,44497.5,
20230921,35,15.91,31942.1,44437.5,
20230921,35,16.00,31943.1,44437.3,
20230921,35,16.01,31943.2,44334.0,
20230921,35,16.05,31943.2,44334.0,
20230921,35,16.10,31944.2,44325.9,
20230921,35,16.12,32008.2,44325.9,
20230921,35,16.20,32009.2,44325.9,
20230921,35,16.27,32073.2,44325.9,
20230921,35,16.30,32074.2,44325.9,
20230921,35,16.37,32138.2,44325.9,
20230921,35,16.40,32138.2,44325.9,
20230921,35,16.41,32138.2,44275.8,
20230921,35,16.45,32138.2,44225.8,
20230921,35,16.47,32202.2,44064.8,
20230921,35,16.50,32270.2,44064.8,
20230921,35,16.66,32334.2,44064.8,
20230921,35,16.70,32334.2,44064.8,
20230921,35,16.75,32398.2,44064.7,
20230921,35,16.81,32398.2,44064.7,
20230921,35,16.85,32462.2,44048.7,
20230921,35,16.99,32462.2,44048.7,
20230921,35,17.00,32462.2,44048.6,
20230921,35,17.01,32462.6,43987.4,
20230921,35,17.03,32526.6,43987.4,
20230921,35,17.07,32526.6,43987.4,
20230921,35,17.10,32526.6,43972.4,
20230921,35,17.16,32600.4,43972.3,
20230921,35,17.18,32600.4,43972.3,
20230921,35,17.25,32600.4,43956.1,
20230921,35,17.30,32600.4,43955.1,
20230921,35,17.31,32608.5,43955.0,
20230921,35,17.33,32608.5,43955.0,
20230921,35,17.38,32608.5,43903.0,
20230921,35,17.45,32608.5,43891.0,
20230921,35,17.50,32608.5,43890.7,
20230921,35,17.54,32608.5,43889.6,
20230921,35,17.57,32608.5,43859.6,
20230921,35,17.62,32608.5,43819.6,
20230921,35,17.63,32608.5,43697.6,
20230921,35,17.65,32703.1,43686.2,
20230921,35,17.70,32733.1,43686.2,
20230921,35,17.86,32763.1,43686.2,
20230921,35,17.87,32765.1,43686.2,
20230921,35,17.88,32765.1,43564.2,
20230921,35,18.00,32765.1,43445.2,
20230921,35,18.01,32765.1,43444.7,
20230921,35,18.03,32765.1,43177.7,
20230921,35,18.21,32765.1,43177.6,
20230921,35,18.24,32765.1,43055.6,
20230921,35,18.28,32765.1,43004.6,
20230921,35,18.30,32765.1,43004.3,
20230921,35,18.35,32765.1,43004.2,
20230921,35,18.47,32765.1,42954.2,
20230921,35,18.52,32765.1,39034.2,
20230921,35,18.60,32765.1,38801.2,
20230921,35,18.63,32766.7,38801.1,
20230921,35,18.74,32766.7,38801.1,
20230921,35,18.77,32783.6,38793.4,
20230921,35,19.00,32783.6,38793.4,
20230921,35,19.03,32790.8,38792.5,
20230921,35,19.12,32790.8,38792.5,
20230921,35,19.39,32790.8,38742.5,
20230921,35,19.42,32793.3,38705.3,
20230921,35,19.50,32793.3,38705.3,
20230921,35,19.60,32793.3,38705.2,
20230921,35,19.71,33017.3,38672.4,
20230921,35,19.81,33017.3,38672.4,
20230921,35,19.88,33019.8,38672.1,
20230921,35,19.89,33023.2,38672.1,
20230921,35,19.90,33023.2,38672.1,
20230921,35,20.00,33023.2,38672.0,
20230921,35,20.01,33023.2,38603.6,
20230921,35,20.02,33023.2,38598.5,
20230921,35,20.11,33026.8,38546.5,
20230921,35,20.20,33034.5,38546.5,
20230921,35,20.21,33034.5,38546.5,
20230921,35,20.30,33034.5,36782.5,
20230921,35,20.34,33040.5,36781.7,
20230921,35,20.38,33040.5,36781.7,
20230921,35,20.39,33042.5,36759.8,
20230921,35,20.40,33042.5,36709.8,
20230921,35,20.41,33042.5,36659.8,
20230921,35,20.42,33042.5,36609.8,
20230921,35,20.43,33042.5,36559.8,
20230921,35,20.44,33042.5,36509.8,
20230921,35,20.45,33042.5,36459.8,
20230921,35,20.46,33042.5,36409.8,
20230921,35,20.47,33042.5,36359.8,
20230921,35,20.48,33042.5,36309.8,
20230921,35,20.49,33042.5,36152.0,
20230921,35,20.50,33042.5,36102.0,
20230921,35,20.51,33042.5,36052.0,
20230921,35,20.57,33042.5,36002.0,
20230921,35,20.58,33042.5,36001.8,
20230921,35,20.62,33077.6,35997.3,
20230921,35,20.63,33078.5,35997.3,
20230921,35,20.74,33080.9,35997.3,
20230921,35,20.81,33080.9,35997.3,
20230921,35,21.00,33081.2,35984.2,
20230921,35,21.07,33081.2,35983.7,
20230921,35,21.08,33081.3,35973.9,
20230921,35,21.10,33081.3,35973.9,
20230921,35,21.13,33081.3,35851.9,
20230921,35,21.33,33081.3,35801.9,
20230921,35,21.60,33083.8,35801.6,
20230921,35,21.65,33083.8,35801.6,
20230921,35,21.74,33085.5,35719.4,
20230921,35,21.75,33087.2,35719.4,
20230921,35,21.81,33087.2,35719.4,
20230921,35,21.83,33112.2,35718.5,
20230921,35,21.85,33113.0,35718.5,
20230921,35,22.00,33113.0,35718.5,
20230921,35,22.04,33113.0,35718.4,
20230921,35,22.28,33213.0,35713.5,
20230921,35,22.38,33214.0,35713.5,
20230921,35,22.46,33216.4,35713.5,
20230921,35,22.50,33216.4,35713.5,
20230921,35,22.80,33665.5,35713.4,
20230921,35,22.92,33665.5,35713.4,
20230921,35,22.97,33665.5,35704.4,
20230921,35,23.00,33678.5,35704.0,
20230921,35,23.03,33678.5,35702.2,
20230921,35,23.07,33679.4,35702.1,
20230921,35,23.15,33679.4,35702.1,
20230921,35,23.20,33679.4,35652.1,
20230921,35,23.32,33681.7,35651.9,
20230921,35,23.48,33681.7,35651.6,
20230921,35,23.50,33681.7,35651.5,
20230921,35,23.56,33681.7,35651.3,
20230921,35,23.64,33681.7,35649.1,
20230921,35,23.98,33691.6,35634.1,
20230921,35,24.06,33691.6,35634.1,
20230921,35,24.28,33692.4,35625.4,
20230921,35,24.61,33692.4,35625.4,
20230921,35,24.74,33692.4,35625.1,
20230921,35,24.88,33692.4,35571.6,
20230921,35,24.90,33692.4,35570.8,
20230921,35,24.96,33692.4,35569.7,
20230921,35,24.98,33692.4,35569.4,
20230921,35,25.00,33712.4,35567.2,
20230921,35,25.30,33712.4,35513.2,
20230921,35,25.39,33712.4,35506.1,
20230921,35,25.50,33713.2,35503.0,
20230921,35,25.52,33713.2,35493.6,
20230921,35,25.57,33713.2,35487.3,
20230921,35,25.58,33713.2,35485.2,
20230921,35,25.84,33713.2,35443.8,
20230921,35,25.85,33713.2,35393.8,
20230921,35,26.00,33713.2,35343.8,
20230921,35,26.03,33713.2,35343.7,
20230921,35,26.17,33713.2,35343.5,
20230921,35,26.31,33713.2,35343.2,
20230921,35,26.40,33713.2,35338.8,
20230921,35,26.53,33713.2,35336.6,
20230921,35,26.95,33713.2,35336.5,
20230921,35,27.00,33713.2,35334.9,
20230921,35,27.01,33713.2,35238.6,
20230921,35,27.44,33713.2,35233.6,
20230921,35,27.60,33713.2,35233.1,
20230921,35,27.82,33713.2,35232.4,
20230921,35,28.00,33713.2,35228.0,
20230921,35,28.22,33723.2,35026.5,
20230921,35,28.32,33723.2,35026.5,
20230921,35,28.48,33723.2,35017.0,
20230921,35,28.56,33723.2,35016.6,
20230921,35,29.10,33723.2,35012.6,
20230921,35,29.11,33723.2,35012.2,
20230921,35,29.40,33743.1,35011.8,
20230921,35,29.43,33778.1,35011.8,
20230921,35,29.49,33778.1,35011.8,
20230921,35,29.50,33808.8,35004.6,
20230921,35,30.00,33818.8,35004.6,
20230921,35,30.01,33818.8,34931.3,
20230921,35,30.03,33838.8,34901.0,
20230921,35,30.34,33838.8,34901.0,
20230921,35,30.47,33838.8,34900.5,
20230921,35,30.56,33838.8,34899.9,
20230921,35,30.81,33838.8,34898.8,
20230921,35,31.02,33848.8,34895.3,
20230921,35,31.03,33848.8,34895.3,
20230921,35,31.15,33848.8,34890.8,
20230921,35,32.00,33848.8,34881.4,
20230921,35,32.03,33868.7,34536.6,
20230921,35,32.10,33908.5,34536.6,
20230921,35,32.70,33910.2,34536.6,
20230921,35,33.03,33910.2,34536.6,
20230921,35,33.06,33910.2,34535.9,
20230921,35,33.07,33910.2,34533.5,
20230921,35,33.97,33910.2,34525.8,
20230921,35,34.00,33910.2,34506.9,
20230921,35,35.00,33910.2,34463.9,
20230921,35,35.16,33910.2,34383.0,
20230921,35,35.25,33910.2,34382.5,
20230921,35,35.31,33910.2,34381.8,
20230921,35,36.00,33910.2,34379.9,
20230921,35,36.38,33910.2,34329.9,
20230921,35,36.57,33910.2,34325.5,
20230921,35,36.64,33910.2,34322.8,
20230921,35,37.29,33910.2,34303.9,
20230921,35,37.56,33910.2,34083.4,
20230921,35,38.51,33910.2,34082.4,
20230921,35,39.81,33913.2,34064.6,
20230921,35,39.98,33973.2,34063.6,
20230921,35,40.00,33973.2,34063.0,
20230921,35,40.01,33973.2,33970.8,
20230921,35,40.02,33973.2,33970.7,
20230921,35,40.43,33973.2,33970.1,
20230921,35,41.10,33973.2,33966.8,
20230921,35,41.74,33973.2,33947.9,
20230921,35,42.06,33973.2,33943.5,
20230921,35,43.19,33973.2,33942.5,
20230921,35,43.21,33973.2,33942.0,
20230921,35,43.70,33973.2,33941.3,
20230921,35,44.10,33973.2,33918.8,
20230921,35,44.31,33973.2,33918.2,
20230921,35,44.53,33973.2,33917.2,
20230921,35,44.54,33973.2,33916.7,
20230921,35,44.72,33973.2,33916.1,
20230921,35,44.80,33973.2,33915.7,
20230921,35,45.00,33973.2,33891.6,
20230921,35,45.12,33973.2,33796.6,
20230921,35,45.14,33973.2,33792.0,
20230921,35,45.30,33973.2,33784.6,
20230921,35,45.55,33973.2,33780.1,
20230921,35,46.00,33973.2,33761.1,
20230921,35,46.56,33973.2,33702.7,
20230921,35,46.79,33973.2,33697.8,
20230921,35,47.09,33973.2,33693.4,
20230921,35,48.52,33973.2,33617.6,
20230921,35,49.00,33973.2,33598.7,
20230921,35,49.75,33973.2,33598.6,
20230921,35,50.00,33974.2,33579.7,
20230921,35,50.01,33976.3,32658.1,
20230921,35,50.50,33976.3,32658.1,
20230921,35,50.90,33976.3,32656.5,
20230921,35,51.00,33976.3,32653.4,
20230921,35,53.95,33976.3,32652.8,
20230921,35,55.00,33976.3,32628.9,
20230921,35,59.90,33976.3,32624.5,
20230921,35,60.00,33976.3,32623.6,
20230921,35,60.12,33976.3,32506.9,
20230921,35,61.00,33976.3,32490.6,
20230921,35,62.00,33976.3,32443.0,
20230921,35,65.00,33982.8,32367.9,
20230921,35,67.94,33982.8,32361.8,
20230921,35,70.00,33982.8,32311.5,
20230921,35,70.01,33982.8,32288.6,
20230921,35,70.90,33982.8,32288.0,
20230921,35,72.50,33982.8,28844.0,
20230921,35,76.50,33982.8,28843.9,
20230921,35,77.80,33982.8,28843.5,
20230921,35,79.90,33982.8,28743.1,
20230921,35,79.98,34002.8,28734.0,
20230921,35,80.00,34002.8,28734.0,
20230921,35,80.01,34002.8,28122.0,
20230921,35,80.05,34002.8,27817.2,
20230921,35,80.10,34002.8,27809.6,
20230921,35,80.12,34002.8,27786.6,
20230921,35,80.20,34002.8,27716.4,
20230921,35,80.21,34022.8,27708.4,
20230921,35,80.50,34022.8,27708.4,
20230921,35,81.00,34022.8,27708.2,
20230921,35,82.01,34022.8,27645.4,
20230921,35,85.00,34022.8,27506.6,
20230921,35,90.00,34022.8,27456.5,
20230921,35,99.90,34022.8,27418.5,
20230921,35,100.00,34022.8,27417.9,
20230921,35,100.01,34035.6,24623.9,
20230921,35,101.00,34035.6,24623.9,
20230921,35,102.00,34035.6,24478.3,
20230921,35,105.00,34035.6,24257.4,
20230921,35,120.10,34035.6,24257.2,
20230921,35,130.00,34035.6,24197.9,
20230921,35,138.00,34035.6,24190.5,
20230921,35,150.00,34035.6,23892.8,
20230921,35,190.00,34035.6,23890.3,
20230921,35,200.00,34035.6,23887.6,
20230921,35,200.01,34035.6,21582.9,
20230921,35,200.10,34035.6,20104.9,
20230921,35,200.50,34035.6,19960.8,
20230921,35,201.00,34035.6,19867.9,
20230921,35,210.00,34035.6,19730.1,
20230921,35,250.00,34035.6,19433.3,
20230921,35,300.00,34035.6,19229.7,
20230921,35,500.00,34035.6,18704.0,
20230921,35,548.66,34035.6,18702.0,
20230921,35,550.02,34035.6,18208.2,
20230921,35,999.00,34035.6,18002.7,
20230921,35,999.99,34035.6,0.0,
20230921,36,0.00,0.0,52023.8,
20230921,36,0.00,12511.2,52023.8,
20230921,36,0.01,29463.3,52023.8,
20230921,36,0.02,29612.2,52006.4,
20230921,36,0.03,29612.2,51994.0,
20230921,36,0.04,29631.4,51958.7,
20230921,36,0.09,29631.4,51958.7,
20230921,36,0.10,29631.4,51954.6,
20230921,36,0.20,29631.4,51834.5,
20230921,36,0.30,29631.4,51734.5,
20230921,36,0.62,29631.4,51730.5,
20230921,36,0.80,29632.4,51650.5,
20230921,36,0.90,29633.4,51650.5,
20230921,36,1.00,30251.8,51650.5,
20230921,36,1.01,30251.8,51243.6,
20230921,36,1.12,30251.8,51198.6,
20230921,36,1.56,30436.5,51158.6,
20230921,36,2.00,30436.6,51158.6,
20230921,36,2.01,30436.6,51158.6,
20230921,36,2.10,30436.6,51118.6,
20230921,36,2.12,30436.6,51112.6,
20230921,36,2.15,30547.8,51032.6,
20230921,36,3.00,30551.6,51032.6,
20230921,36,3.01,30551.6,50972.6,
20230921,36,3.10,30551.6,50922.6,
20230921,36,3.12,30551.6,50857.6,
20230921,36,3.32,30553.4,50737.6,
20230921,36,3.81,30559.4,50737.6,
20230921,36,3.86,30566.6,50737.6,
20230921,36,3.87,30569.1,50737.6,
20230921,36,4.65,30581.1,50737.6,
20230921,36,5.00,30784.4,50737.6,
20230921,36,5.01,30784.4,50338.0,
20230921,36,5.04,30784.4,50258.0,
20230921,36,5.12,30784.4,49958.0,
20230921,36,5.50,30784.5,49878.0,
20230921,36,6.00,30787.5,49878.0,
20230921,36,6.06,30793.5,49819.0,
20230921,36,6.26,30793.5,49819.0,
20230921,36,6.63,30795.3,49811.4,
20230921,36,6.77,30795.3,49811.4,
20230921,36,6.78,30796.5,49791.5,
20230921,36,6.94,30801.6,49791.5,
20230921,36,7.00,30801.6,49791.5,
20230921,36,7.01,30801.6,49791.4,
20230921,36,7.12,30801.6,49546.6,
20230921,36,7.50,30834.7,49466.6,
20230921,36,7.70,30843.7,49466.6,
20230921,36,7.73,30846.3,49466.6,
20230921,36,7.90,30846.3,49466.6,
20230921,36,8.00,30875.0,49458.7,
20230921,36,8.01,30875.0,49398.6,
20230921,36,8.02,30897.4,49381.4,
20230921,36,8.31,30903.4,49381.4,
20230921,36,8.50,30903.4,49381.4,
20230921,36,8.59,30903.4,49371.4,
20230921,36,9.00,30903.4,49369.3,
20230921,36,9.50,30903.4,49369.2,
20230921,36,9.60,30903.4,49222.2,
20230921,36,9.66,30903.4,49131.2,
20230921,36,9.93,30905.3,49007.2,
20230921,36,10.00,30976.2,49007.2,
20230921,36,10.05,30996.2,48912.7,
20230921,36,10.17,30996.2,48912.7,
20230921,36,10.20,30996.2,48882.7,
20230921,36,10.23,30996.2,48758.7,
20230921,36,10.38,30996.2,48721.2,
20230921,36,10.46,30996.2,48597.2,
20230921,36,10.48,30997.0,48510.2,
20230921,36,10.50,31027.0,48510.2,
20230921,36,10.51,31027.0,48510.2,
20230921,36,10.56,31034.0,48359.2,
20230921,36,10.58,31034.0,48359.2,
20230921,36,10.59,31203.9,48131.7,
20230921,36,11.00,31204.8,48069.6,
20230921,36,11.19,31204.8,48069.5,
20230921,36,11.20,31229.8,47828.8,
20230921,36,11.28,31229.8,47828.8,
20230921,36,11.40,31229.8,47828.7,
20230921,36,11.55,31237.1,47677.7,
20230921,36,11.59,31239.6,47677.7,
20230921,36,11.61,31239.6,47677.7,
20230921,36,11.67,31239.6,47512.7,
20230921,36,11.78,31239.6,47390.7,
20230921,36,11.86,31239.6,47190.7,
20230921,36,11.92,31239.6,46990.7,
20230921,36,11.95,31239.6,46790.7,
20230921,36,12.00,31242.4,46789.3,
20230921,36,12.01,31242.4,46783.4,
20230921,36,12.09,31242.4,46583.4,
20230921,36,12.14,31242.4,46383.4,
20230921,36,12.18,31242.4,46363.6,
20230921,36,12.30,31242.4,46163.6,
20230921,36,12.44,31242.4,45963.6,
20230921,36,12.62,31242.4,45763.6,
20230921,36,12.66,31242.4,45371.4,
20230921,36,12.74,31242.4,45290.4,
20230921,36,12.81,31249.4,45090.4,
20230921,36,13.00,31249.4,45090.4,
20230921,36,13.01,31249.4,45057.3,
20230921,36,13.02,31249.4,45048.6,
20230921,36,13.03,31249.4,45014.9,
20230921,36,13.04,31249.4,44981.2,
20230921,36,13.05,31249.4,44947.5,
20230921,36,13.24,31251.2,44913.8,
20230921,36,13.50,31261.2,44913.8,
20230921,36,13.63,31261.2,44913.8,
20230921,36,13.95,31261.2,44893.8,
20230921,36,13.97,31262.8,44876.4,
20230921,36,14.00,31262.8,44876.4,
20230921,36,14.01,31265.5,44717.8,
20230921,36,14.10,31265.5,44717.8,
20230921,36,14.21,31265.5,44717.2,
20230921,36,14.30,31265.5,44716.6,
20230921,36,14.50,31265.5,44716.2,
20230921,36,14.53,31391.1,44714.8,
20230921,36,14.65,31391.1,44714.8,
20230921,36,14.70,31393.1,44662.8,
20230921,36,14.75,31393.1,44662.8,
20230921,36,14.83,31393.1,44405.8,
20230921,36,14.99,31393.1,44405.7,
20230921,36,15.00,31607.1,44405.6,
20230921,36,15.01,31607.2,44238.5,
20230921,36,15.02,31611.0,44230.2,
20230921,36,15.06,31619.5,44230.2,
20230921,36,15.15,31619.5,44230.2,
20230921,36,15.17,31636.2,44150.9,
20230921,36,15.22,31636.2,44150.9,
20230921,36,15.24,31636.2,44138.5,
20230921,36,15.36,31636.2,43747.5,
20230921,36,15.40,31643.5,43738.5,
20230921,36,15.44,31646.1,43738.5,
20230921,36,15.45,31646.1,43738.5,
20230921,36,15.50,31651.1,43700.5,
20230921,36,15.51,31651.1,43690.5,
20230921,36,15.55,31651.1,43682.9,
20230921,36,15.58,31651.1,43482.9,
20230921,36,15.73,31651.1,43482.0,
20230921,36,15.74,31652.0,43475.1,
20230921,36,15.80,31652.0,43475.1,
20230921,36,15.81,31652.0,43474.8,
20230921,36,15.90,31664.0,43474.7,
20230921,36,15.91,31664.0,43464.7,
20230921,36,16.00,31665.0,43464.5,
20230921,36,16.05,31665.0,43355.9,
20230921,36,16.10,31666.0,43347.7,
20230921,36,16.12,31730.0,43347.7,
20230921,36,16.20,31731.0,43347.7,
20230921,36,16.27,31795.0,43347.7,
20230921,36,16.30,31796.0,43347.7,
20230921,36,16.37,31860.0,43347.7,
20230921,36,16.40,31860.0,43347.7,
20230921,36,16.47,31924.0,43297.6,
20230921,36,16.49,31924.0,43297.6,
20230921,36,16.50,31992.0,43247.6,
20230921,36,16.55,31993.8,43247.6,
20230921,36,16.66,32057.8,43247.6,
20230921,36,16.70,32057.8,43247.6,
20230921,36,16.75,32121.8,43247.5,
20230921,36,16.78,32122.4,43247.5,
20230921,36,16.85,32186.4,43247.5,
20230921,36,16.99,32186.4,43247.5,
20230921,36,17.00,32186.4,43247.4,
20230921,36,17.01,32186.5,43184.9,
20230921,36,17.02,32187.1,43184.9,
20230921,36,17.03,32251.1,43184.9,
20230921,36,17.10,32251.1,43184.9,
20230921,36,17.16,32324.7,43184.8,
20230921,36,17.18,32324.7,43184.8,
20230921,36,17.25,32325.3,43168.6,
20230921,36,17.30,32325.3,43167.7,
20230921,36,17.31,32334.3,43167.6,
20230921,36,17.33,32334.3,43167.6,
20230921,36,17.39,32334.3,43115.6,
20230921,36,17.45,32334.3,43101.6,
20230921,36,17.46,32335.8,43101.4,
20230921,36,17.48,32336.4,43101.4,
20230921,36,17.50,32336.4,43101.4,
20230921,36,17.55,32336.4,43101.3,
20230921,36,17.57,32336.4,43071.3,
20230921,36,17.62,32336.4,42971.3,
20230921,36,17.65,32442.4,42849.3,
20230921,36,17.66,32442.4,42849.3,
20230921,36,17.70,32442.4,42819.3,
20230921,36,17.72,32443.0,42789.3,
20230921,36,17.74,32443.5,42789.3,
20230921,36,17.86,32461.0,42789.3,
20230921,36,17.87,32461.0,42759.3,
20230921,36,18.00,32461.0,42637.3,
20230921,36,18.02,32461.5,42250.9,
20230921,36,18.03,32461.5,42250.9,
20230921,36,18.21,32461.5,42250.8,
20230921,36,18.23,32461.5,42128.8,
20230921,36,18.30,32462.0,42023.8,
20230921,36,18.35,32462.0,42023.7,
20230921,36,18.47,32462.0,41923.7,
20230921,36,18.57,32462.0,37915.7,
20230921,36,18.59,32462.5,37871.7,
20230921,36,18.60,32462.5,37871.7,
20230921,36,18.63,32464.1,37871.6,
20230921,36,18.74,32464.1,37871.6,
20230921,36,18.77,32468.0,37863.9,
20230921,36,18.87,32468.5,37863.9,
20230921,36,19.00,32468.5,37863.9,
20230921,36,19.12,32468.5,37863.1,
20230921,36,19.19,32468.5,37763.1,
20230921,36,19.24,32475.7,37724.0,
20230921,36,19.30,32478.2,37724.0,
20230921,36,19.37,32484.4,37724.0,
20230921,36,19.57,32484.4,37724.0,
20230921,36,19.71,32708.4,37689.1,
20230921,36,19.90,32708.4,37689.1,
20230921,36,20.00,32716.1,37689.0,
20230921,36,20.01,32716.1,37623.0,
20230921,36,20.02,32716.1,37618.2,
20230921,36,20.11,32720.4,37566.2,
20230921,36,20.19,32722.9,37566.2,
20230921,36,20.21,32722.9,37566.2,
20230921,36,20.23,32723.8,35973.2,
20230921,36,20.36,32723.8,35973.2,
20230921,36,20.37,32723.8,35961.9,
20230921,36,20.38,32723.8,35911.9,
20230921,36,20.39,32725.8,35861.9,
20230921,36,20.40,32725.8,35811.9,
20230921,36,20.41,32725.8,35761.9,
20230921,36,20.42,32725.8,35711.9,
20230921,36,20.43,32725.8,35661.9,
20230921,36,20.44,32725.8,35611.9,
20230921,36,20.45,32725.8,35561.9,
20230921,36,20.46,32725.8,35511.9,
20230921,36,20.47,32725.8,35461.9,
20230921,36,20.48,32725.8,35411.9,
20230921,36,20.49,32725.8,35361.9,
20230921,36,20.50,32725.8,35311.9,
20230921,36,20.51,32725.8,35261.9,
20230921,36,20.61,32725.8,35211.9,
20230921,36,20.62,32760.9,35095.4,
20230921,36,20.63,32760.9,35095.4,
20230921,36,20.79,32760.9,35094.7,
20230921,36,20.92,32760.9,35009.6,
20230921,36,20.93,32760.9,34995.6,
20230921,36,20.96,32761.5,34990.8,
20230921,36,20.97,32762.1,34980.9,
20230921,36,21.00,32762.1,34980.9,
20230921,36,21.06,32787.1,34980.1,
20230921,36,21.10,32787.1,34980.1,
20230921,36,21.13,32789.5,34858.1,
20230921,36,21.17,32790.3,34758.1,
20230921,36,21.19,32790.3,34758.1,
20230921,36,21.49,32790.3,34757.7,
20230921,36,21.50,32790.3,34757.5,
20230921,36,21.81,32790.3,34757.4,
20230921,36,22.00,32790.3,34756.5,
20230921,36,22.07,32792.8,34756.4,
20230921,36,22.10,32793.7,34756.4,
20230921,36,22.28,32893.7,34756.4,
20230921,36,22.38,32894.7,34756.4,
20230921,36,22.73,32894.7,34756.4,
20230921,36,22.80,33343.8,34756.1,
20230921,36,22.92,33343.8,34756.1,
20230921,36,23.00,33356.8,34747.1,
20230921,36,23.02,33359.2,34746.9,
20230921,36,23.03,33360.0,34746.9,
20230921,36,23.14,33360.0,34746.8,
20230921,36,23.15,33360.0,34745.8,
20230921,36,23.50,33360.0,34645.8,
20230921,36,23.64,33360.0,34644.9,
20230921,36,23.75,33360.0,34628.9,
20230921,36,23.85,33360.0,34566.2,
20230921,36,23.86,33360.0,34559.2,
20230921,36,23.87,33369.8,34559.1,
20230921,36,23.96,33372.9,34559.1,
20230921,36,24.06,33372.9,34547.0,
20230921,36,24.09,33372.9,34538.4,
20230921,36,24.27,33372.9,34538.3,
20230921,36,24.41,33372.9,34538.0,
20230921,36,24.67,33372.9,34535.3,
20230921,36,24.90,33372.9,34530.8,
20230921,36,25.00,33392.9,34529.7,
20230921,36,25.63,33392.9,34481.1,
20230921,36,25.81,33392.9,34473.9,
20230921,36,25.85,33392.9,34473.5,
20230921,36,26.00,33392.9,34423.5,
20230921,36,26.31,33392.9,34423.4,
20230921,36,26.49,33392.9,34418.9,
20230921,36,26.59,33392.9,34416.4,
20230921,36,26.68,33392.9,34415.8,
20230921,36,26.86,33392.9,34413.6,
20230921,36,27.00,33392.9,34404.1,
20230921,36,27.01,33392.9,34313.3,
20230921,36,27.35,33392.9,34308.2,
20230921,36,28.00,33392.9,34307.9,
20230921,36,28.14,33392.9,34150.0,
20230921,36,28.20,33402.9,34140.2,
20230921,36,28.56,33402.9,34140.2,
20230921,36,28.89,33402.9,34136.2,
20230921,36,28.90,33402.9,34136.1,
20230921,36,29.09,33402.9,34134.4,
20230921,36,29.22,33402.9,34134.0,
20230921,36,29.29,33402.9,34133.5,
20230921,36,29.30,33456.5,34124.2,
20230921,36,29.34,33476.4,34124.2,
20230921,36,29.41,33476.4,34124.2,
20230921,36,29.44,33486.4,34122.0,
20230921,36,29.45,33486.4,34122.0,
20230921,36,29.67,33486.4,34104.6,
20230921,36,29.77,33486.4,34063.2,
20230921,36,29.90,33506.4,34053.8,
20230921,36,29.97,33506.4,34053.8,
20230921,36,30.00,33516.4,34040.4,
20230921,36,30.01,33516.4,33966.3,
20230921,36,30.56,33516.4,33935.8,
20230921,36,30.81,33516.4,33934.7,
20230921,36,31.00,33526.4,33931.1,
20230921,36,31.85,33526.4,33931.1,
20230921,36,31.90,33566.2,33929.9,
20230921,36,32.00,33566.2,33929.9,
20230921,36,32.04,33586.1,33612.3,
20230921,36,32.13,33586.1,33612.3,
20230921,36,32.41,33586.1,33607.9,
20230921,36,32.67,33586.1,33606.1,
20230921,36,32.70,33587.8,33587.2,
20230921,36,32.83,33587.8,33587.2,
20230921,36,33.03,33587.8,33353.5,
20230921,36,33.06,33587.8,33352.8,
20230921,36,34.00,33587.8,33350.3,
20230921,36,34.87,33587.8,33312.1,
20230921,36,35.00,33587.8,33311.0,
20230921,36,35.11,33587.8,33236.4,
20230921,36,35.31,33587.8,33231.9,
20230921,36,35.56,33587.8,33229.9,
20230921,36,36.00,33587.8,33211.0,
20230921,36,37.56,33587.8,33161.0,
20230921,36,39.81,33590.8,33160.0,
20230921,36,39.92,33590.8,33159.0,
20230921,36,39.98,33650.8,33157.8,
20230921,36,40.00,33650.8,33157.8,
20230921,36,40.01,33650.8,33068.2,
20230921,36,40.07,33650.8,33068.0,
20230921,36,40.37,33650.8,33063.6,
20230921,36,42.06,33650.8,33044.7,
20230921,36,43.10,33650.8,33043.7,
20230921,36,43.35,33650.8,33043.2,
20230921,36,43.86,33650.8,33039.9,
20230921,36,44.31,33650.8,33013.9,
20230921,36,44.39,33650.8,33012.9,
20230921,36,44.72,33650.8,33006.3,
20230921,36,44.96,33650.8,33005.5,
20230921,36,45.00,33650.8,33004.3,
20230921,36,45.01,33650.8,32906.7,
20230921,36,45.04,33650.8,32904.1,
20230921,36,45.12,33650.8,32899.7,
20230921,36,45.19,33650.8,32895.3,
20230921,36,46.00,33650.8,32876.3,
20230921,36,46.50,33650.8,32828.6,
20230921,36,46.56,33650.8,32828.5,
20230921,36,48.32,33650.8,32823.5,
20230921,36,48.35,33650.8,32822.3,
20230921,36,48.40,33650.8,32817.8,
20230921,36,49.72,33650.8,32798.9,
20230921,36,49.73,33650.8,32793.4,
20230921,36,50.00,33651.8,32781.2,
20230921,36,50.01,33653.0,31902.9,
20230921,36,50.50,33653.0,31902.9,
20230921,36,50.90,33653.0,31901.4,
20230921,36,51.00,33653.0,31898.3,
20230921,36,55.00,33653.0,31897.9,
20230921,36,57.00,33653.0,31892.4,
20230921,36,59.90,33653.0,31850.2,
20230921,36,60.00,33653.0,31849.4,
20230921,36,60.01,33653.0,31741.0,
20230921,36,60.12,33653.0,31740.9,
20230921,36,61.00,33653.0,31725.6,
20230921,36,62.00,33653.0,31701.0,
20230921,36,65.00,33659.5,31629.5,
20230921,36,67.94,33659.5,31624.3,
20230921,36,70.00,33659.5,31576.0,
20230921,36,70.01,33659.5,31550.8,
20230921,36,70.90,33659.5,31550.5,
20230921,36,72.50,33659.5,28276.5,
20230921,36,76.50,33659.5,28276.4,
20230921,36,77.80,33659.5,28276.0,
20230921,36,79.90,33659.5,28192.0,
20230921,36,79.98,33679.5,28184.8,
20230921,36,80.00,33679.5,28184.8,
20230921,36,80.01,33679.5,27606.0,
20230921,36,80.05,33679.5,27311.7,
20230921,36,80.10,33679.5,27299.9,
20230921,36,80.12,33679.5,27279.8,
20230921,36,80.20,33679.5,27211.2,
20230921,36,80.21,33699.5,27203.2,
20230921,36,80.50,33699.5,27203.2,
20230921,36,81.00,33699.5,27203.0,
20230921,36,82.01,33699.5,27129.5,
20230921,36,85.00,33699.5,26988.4,
20230921,36,90.00,33699.5,26943.7,
20230921,36,99.90,33699.5,26908.1,
20230921,36,100.00,33699.5,26907.4,
20230921,36,100.01,33711.9,24385.0,
20230921,36,101.00,33711.9,24385.0,
20230921,36,102.00,33711.9,24239.4,
20230921,36,105.00,33711.9,24059.7,
20230921,36,120.10,33711.9,24059.5,
20230921,36,130.00,33711.9,24001.8,
20230921,36,138.00,33711.9,23994.5,
20230921,36,150.00,33711.9,23703.0,
20230921,36,190.00,33711.9,23700.5,
20230921,36,200.00,33711.9,23698.0,
20230921,36,200.01,33711.9,21439.7,
20230921,36,200.10,33711.9,19975.3,
20230921,36,200.50,33711.9,19831.4,
20230921,36,201.00,33711.9,19751.5,
20230921,36,210.00,33711.9,19617.9,
20230921,36,250.00,33711.9,19322.2,
20230921,36,300.00,33711.9,19118.9,
20230921,36,500.00,33711.9,18593.8,
20230921,36,548.66,33711.9,18591.8,
20230921,36,550.02,33711.9,18063.4,
20230921,36,999.00,33711.9,17858.2,
20230921,36,999.99,33711.9,0.0,
20230921,37,0.00,0.0,52868.2,
20230921,37,0.00,12506.8,52868.2,
20230921,37,0.01,31166.8,52868.2,
20230921,37,0.02,31308.7,52851.2,
20230921,37,0.03,31308.7,52838.8,
20230921,37,0.04,31327.0,52802.6,
20230921,37,0.09,31327.0,52802.6,
20230921,37,0.10,31327.0,52802.1,
20230921,37,0.20,31327.0,52682.0,
20230921,37,0.30,31327.0,52582.0,
20230921,37,0.62,31327.0,52578.0,
20230921,37,0.80,31328.0,52498.0,
20230921,37,0.90,31329.0,52498.0,
20230921,37,1.00,31961.0,52498.0,
20230921,37,1.01,31961.0,52283.5,
20230921,37,1.12,31961.0,52238.5,
20230921,37,1.56,32135.3,52198.5,
20230921,37,1.68,32137.1,52198.5,
20230921,37,2.01,32137.1,52198.5,
20230921,37,2.10,32137.1,52158.5,
20230921,37,2.12,32137.1,52152.5,
20230921,37,2.15,32252.6,52072.5,
20230921,37,3.00,32257.0,52072.5,
20230921,37,3.01,32257.0,52012.5,
20230921,37,3.12,32257.0,51962.5,
20230921,37,3.34,32258.8,51842.5,
20230921,37,3.81,32264.8,51842.5,
20230921,37,3.82,32267.3,51842.5,
20230921,37,3.83,32274.5,51842.5,
20230921,37,4.65,32286.0,51842.5,
20230921,37,5.00,32488.8,51842.5,
20230921,37,5.01,32490.7,51455.3,
20230921,37,5.12,32490.7,51375.3,
20230921,37,5.50,32490.8,51295.3,
20230921,37,6.00,32496.0,51295.3,
20230921,37,6.06,32502.3,51235.4,
20230921,37,6.26,32502.3,51235.4,
20230921,37,6.67,32504.1,51227.8,
20230921,37,6.74,32504.1,50727.8,
20230921,37,6.75,32504.9,50724.6,
20230921,37,6.93,32504.9,50724.6,
20230921,37,6.94,32509.8,50723.1,
20230921,37,7.00,32509.8,50723.1,
20230921,37,7.01,32509.8,50723.0,
20230921,37,7.12,32509.8,50485.5,
20230921,37,7.50,32529.8,50405.5,
20230921,37,7.62,32532.4,50405.5,
20230921,37,7.65,32539.7,50405.5,
20230921,37,7.70,32541.5,50405.5,
20230921,37,7.81,32541.9,50405.5,
20230921,37,7.89,32542.5,50405.5,
20230921,37,7.90,32542.5,50405.5,
20230921,37,8.00,32571.0,50397.4,
20230921,37,8.01,32571.0,50337.3,
20230921,37,8.02,32592.7,50320.5,
20230921,37,8.31,32599.7,50320.5,
20230921,37,8.34,32601.5,50320.5,
20230921,37,8.50,32601.5,50320.5,
20230921,37,8.59,32601.5,50296.7,
20230921,37,9.00,32601.5,50294.8,
20230921,37,9.17,32602.1,50294.7,
20230921,37,9.50,32602.1,50294.7,
20230921,37,9.60,32602.1,50147.7,
20230921,37,9.66,32602.1,50060.7,
20230921,37,10.00,32669.4,49936.7,
20230921,37,10.05,32689.4,49842.3,
20230921,37,10.17,32689.4,49842.3,
20230921,37,10.20,32689.4,49812.3,
20230921,37,10.21,32689.4,49688.3,
20230921,37,10.22,32689.4,49678.7,
20230921,37,10.23,32689.4,49628.7,
20230921,37,10.38,32689.4,49578.7,
20230921,37,10.46,32689.4,49454.7,
20230921,37,10.50,32719.4,49330.7,
20230921,37,10.51,32719.4,49330.7,
20230921,37,10.56,32726.4,49179.7,
20230921,37,10.58,32726.4,49179.7,
20230921,37,10.59,32836.9,48950.3,
20230921,37,10.83,32837.5,48828.8,
20230921,37,11.00,32838.6,48828.8,
20230921,37,11.19,32838.6,48828.7,
20230921,37,11.20,32840.5,48564.6,
20230921,37,11.28,32840.5,48564.6,
20230921,37,11.40,32840.5,48564.5,
20230921,37,11.43,32843.0,48413.5,
20230921,37,11.47,32850.3,48413.5,
20230921,37,11.61,32850.3,48413.5,
20230921,37,11.67,32850.9,48248.5,
20230921,37,11.79,32850.9,48126.5,
20230921,37,11.83,32852.4,47926.5,
20230921,37,11.87,32852.4,47926.5,
20230921,37,11.94,32852.4,47726.5,
20230921,37,11.95,32852.4,47526.5,
20230921,37,12.00,32854.9,47525.1,
20230921,37,12.01,32854.9,47519.4,
20230921,37,12.10,32854.9,47319.4,
20230921,37,12.18,32854.9,47119.4,
20230921,37,12.30,32854.9,46919.4,
20230921,37,12.44,32854.9,46719.4,
20230921,37,12.50,32855.5,46519.4,
20230921,37,12.66,32855.5,46519.4,
20230921,37,12.72,32855.5,46438.4,
20230921,37,12.74,32855.5,46065.8,
20230921,37,12.81,32862.7,45865.8,
20230921,37,13.00,32862.7,45865.8,
20230921,37,13.01,32862.7,45833.3,
20230921,37,13.02,32862.7,45824.6,
20230921,37,13.03,32862.7,45790.9,
20230921,37,13.04,32862.7,45757.2,
20230921,37,13.05,32862.7,45723.5,
20230921,37,13.50,32872.7,45689.8,
20230921,37,13.63,32872.7,45689.8,
20230921,37,13.95,32872.7,45670.8,
20230921,37,14.00,32872.7,45655.0,
20230921,37,14.01,32873.1,45494.3,
20230921,37,14.10,32873.1,45494.3,
20230921,37,14.21,32873.1,45493.8,
20230921,37,14.30,32873.1,45493.2,
20230921,37,14.34,32873.1,45492.8,
20230921,37,14.50,32873.1,45333.8,
20230921,37,14.53,32998.7,45332.4,
20230921,37,14.62,32998.7,45332.4,
20230921,37,14.67,32998.7,45075.4,
20230921,37,14.70,33000.7,45061.4,
20230921,37,14.83,33000.7,45061.4,
20230921,37,14.99,33000.7,45061.3,
20230921,37,15.00,33214.7,45061.2,
20230921,37,15.01,33214.7,44894.0,
20230921,37,15.02,33218.4,44885.8,
20230921,37,15.06,33226.4,44885.8,
20230921,37,15.15,33226.4,44885.8,
20230921,37,15.17,33261.2,44824.6,
20230921,37,15.18,33261.2,44824.6,
20230921,37,15.22,33261.2,44540.6,
20230921,37,15.23,33263.8,44531.0,
20230921,37,15.29,33271.1,44531.0,
20230921,37,15.30,33271.1,44531.0,
20230921,37,15.36,33271.1,44407.0,
20230921,37,15.45,33271.1,44355.0,
20230921,37,15.50,33276.1,44317.0,
20230921,37,15.51,33276.1,44307.0,
20230921,37,15.55,33276.1,44299.4,
20230921,37,15.58,33276.1,44099.4,
20230921,37,15.73,33276.1,44098.5,
20230921,37,15.74,33276.3,44090.9,
20230921,37,15.77,33277.9,44090.9,
20230921,37,15.80,33277.9,44090.9,
20230921,37,15.81,33277.9,44090.6,
20230921,37,15.90,33289.9,44090.5,
20230921,37,15.91,33289.9,44090.5,
20230921,37,16.00,33290.9,44090.3,
20230921,37,16.05,33290.9,43981.9,
20230921,37,16.10,33291.9,43973.7,
20230921,37,16.12,33355.9,43973.7,
20230921,37,16.20,33356.9,43973.7,
20230921,37,16.27,33420.9,43973.7,
20230921,37,16.30,33421.9,43973.7,
20230921,37,16.37,33485.9,43973.7,
20230921,37,16.40,33485.9,43973.7,
20230921,37,16.47,33549.9,43923.6,
20230921,37,16.49,33549.9,43923.6,
20230921,37,16.50,33617.9,43873.6,
20230921,37,16.66,33681.9,43873.6,
20230921,37,16.70,33681.9,43873.6,
20230921,37,16.75,33745.9,43873.5,
20230921,37,16.85,33745.9,43873.5,
20230921,37,16.94,33809.9,43649.5,
20230921,37,16.99,33809.9,43649.5,
20230921,37,17.00,33809.9,43649.4,
20230921,37,17.03,33873.9,43577.2,
20230921,37,17.10,33873.9,43577.2,
20230921,37,17.16,33941.6,43577.1,
20230921,37,17.18,33941.6,43577.1,
20230921,37,17.20,33941.6,43560.9,
20230921,37,17.25,33941.6,43530.9,
20230921,37,17.27,33941.6,43529.9,
20230921,37,17.30,33941.6,43501.9,
20230921,37,17.31,33950.1,43501.8,
20230921,37,17.33,33950.1,43501.8,
20230921,37,17.36,33950.1,43449.8,
20230921,37,17.45,33950.1,43432.8,
20230921,37,17.50,33950.1,43432.6,
20230921,37,17.54,33950.1,43431.5,
20230921,37,17.57,33950.1,43426.8,
20230921,37,17.62,33950.1,43336.8,
20230921,37,17.65,34056.1,43214.8,
20230921,37,17.70,34056.1,43214.8,
20230921,37,17.86,34056.1,43201.8,
20230921,37,17.87,34056.1,43171.8,
20230921,37,17.92,34074.4,43049.8,
20230921,37,18.00,34074.4,43049.8,
20230921,37,18.03,34074.4,43049.4,
20230921,37,18.16,34074.4,43049.3,
20230921,37,18.21,34074.4,43029.5,
20230921,37,18.30,34074.4,42907.5,
20230921,37,18.35,34074.4,42907.4,
20230921,37,18.47,34074.4,42807.4,
20230921,37,18.60,34074.4,38713.4,
20230921,37,18.63,34076.0,38713.3,
20230921,37,18.74,34076.0,38713.3,
20230921,37,18.92,34076.0,38705.6,
20230921,37,19.00,34076.0,38665.6,
20230921,37,19.04,34078.5,38664.8,
20230921,37,19.08,34078.5,38664.8,
20230921,37,19.11,34085.7,38623.8,
20230921,37,19.12,34085.7,38623.8,
20230921,37,19.37,34092.2,38523.8,
20230921,37,19.50,34092.2,38523.8,
20230921,37,19.71,34317.7,38486.4,
20230921,37,19.78,34318.2,38486.4,
20230921,37,19.85,34318.7,38486.4,
20230921,37,19.90,34318.7,38486.1,
20230921,37,19.93,34319.2,38486.0,
20230921,37,20.00,34320.6,38486.0,
20230921,37,20.01,34320.6,38422.2,
20230921,37,20.06,34323.1,38365.6,
20230921,37,20.07,34323.6,38365.6,
20230921,37,20.11,34333.8,38365.6,
20230921,37,20.21,34333.8,38365.6,
20230921,37,20.33,34333.8,37246.6,
20230921,37,20.39,34333.8,37121.9,
20230921,37,20.40,34333.8,37079.7,
20230921,37,20.41,34333.8,37029.7,
20230921,37,20.42,34333.8,36979.7,
20230921,37,20.43,34333.8,36929.7,
20230921,37,20.44,34333.8,36879.7,
20230921,37,20.45,34333.8,36829.7,
20230921,37,20.46,34333.8,36779.7,
20230921,37,20.47,34333.8,36729.7,
20230921,37,20.48,34333.8,36679.7,
20230921,37,20.49,34333.8,36629.7,
20230921,37,20.50,34333.8,36579.7,
20230921,37,20.51,34333.8,36529.7,
20230921,37,20.59,34333.8,36479.7,
20230921,37,20.62,34366.4,36464.7,
20230921,37,20.63,34366.4,36464.7,
20230921,37,20.85,34366.4,36374.6,
20230921,37,20.97,34367.2,36373.9,
20230921,37,20.98,34367.2,36373.9,
20230921,37,21.00,34367.2,36373.6,
20230921,37,21.01,34369.6,36371.9,
20230921,37,21.10,34369.6,36371.9,
20230921,37,21.13,34369.6,36249.9,
20230921,37,21.32,34369.6,36149.9,
20230921,37,21.74,34369.6,36149.6,
20230921,37,21.81,34369.6,36142.0,
20230921,37,21.93,34370.5,36141.1,
20230921,37,21.95,34370.5,36141.1,
20230921,37,21.96,34373.0,36131.2,
20230921,37,22.00,34373.0,36131.2,
20230921,37,22.06,34373.0,36131.1,
20230921,37,22.10,34373.0,36128.7,
20230921,37,22.28,34473.0,36128.4,
20230921,37,22.38,34476.0,36128.4,
20230921,37,22.69,34476.1,36128.4,
20230921,37,22.70,34476.2,36128.4,
20230921,37,22.78,34501.2,36128.4,
20230921,37,22.80,34950.3,36128.4,
20230921,37,22.90,34951.1,36128.4,
20230921,37,22.91,34953.5,36128.4,
20230921,37,22.96,34953.5,36128.4,
20230921,37,23.00,34966.5,36111.4,
20230921,37,23.03,34966.5,36110.6,
20230921,37,23.15,34966.5,36110.5,
20230921,37,23.18,34966.5,36010.5,
20230921,37,23.23,34966.5,36009.4,
20230921,37,23.44,34966.5,36009.0,
20230921,37,23.50,34966.5,36008.9,
20230921,37,23.64,34966.5,36008.7,
20230921,37,23.86,34969.6,35992.7,
20230921,37,23.92,34977.3,35980.6,
20230921,37,24.06,34977.3,35980.6,
20230921,37,24.14,34977.3,35971.9,
20230921,37,24.35,34977.3,35897.7,
20230921,37,24.85,34977.3,35897.4,
20230921,37,24.86,34987.1,35897.3,
20230921,37,24.90,34987.1,35897.3,
20230921,37,25.00,35007.1,35896.2,
20230921,37,25.48,35007.1,35851.3,
20230921,37,25.51,35007.1,35849.9,
20230921,37,25.84,35007.1,35845.4,
20230921,37,25.85,35007.1,35795.4,
20230921,37,26.00,35007.1,35738.4,
20230921,37,26.31,35007.1,35738.3,
20230921,37,26.32,35007.1,35733.7,
20230921,37,26.49,35007.1,35730.9,
20230921,37,26.56,35007.1,35728.7,
20230921,37,26.76,35007.1,35728.1,
20230921,37,27.00,35007.1,35718.6,
20230921,37,27.01,35007.1,35624.1,
20230921,37,28.00,35007.1,35619.2,
20230921,37,28.18,35007.1,35492.1,
20230921,37,28.44,35007.1,35481.7,
20230921,37,28.56,35007.1,35481.3,
20230921,37,29.01,35027.0,35477.3,
20230921,37,29.10,35027.0,35477.3,
20230921,37,29.11,35089.9,35467.3,
20230921,37,29.12,35089.9,35467.3,
20230921,37,29.26,35089.9,35465.1,
20230921,37,29.27,35089.9,35464.6,
20230921,37,29.28,35099.8,35464.5,
20230921,37,29.65,35099.8,35464.5,
20230921,37,29.71,35119.8,35455.1,
20230921,37,29.97,35119.8,35455.1,
20230921,37,30.00,35129.8,35436.9,
20230921,37,30.01,35129.8,35361.4,
20230921,37,30.51,35129.8,35330.4,
20230921,37,30.56,35129.8,35289.0,
20230921,37,30.81,35129.8,35287.9,
20230921,37,31.23,35129.8,35284.1,
20230921,37,31.71,35189.5,35283.2,
20230921,37,31.75,35189.5,35283.2,
20230921,37,31.96,35189.5,35278.8,
20230921,37,32.00,35189.5,35277.6,
20230921,37,32.08,35199.5,34983.2,
20230921,37,32.55,35199.5,34983.2,
20230921,37,32.70,35201.2,34964.3,
20230921,37,32.83,35201.2,34964.3,
20230921,37,33.03,35201.2,34707.9,
20230921,37,33.06,35201.2,34707.3,
20230921,37,34.00,35201.2,34704.5,
20230921,37,34.09,35201.3,34669.0,
20230921,37,34.79,35201.3,34669.0,
20230921,37,34.97,35201.3,34664.5,
20230921,37,35.00,35201.3,34663.4,
20230921,37,35.10,35201.3,34595.0,
20230921,37,35.31,35201.3,34594.6,
20230921,37,35.46,35201.3,34592.6,
20230921,37,36.00,35201.3,34573.7,
20230921,37,37.00,35201.3,34523.7,
20230921,37,37.56,35201.3,34517.8,
20230921,37,38.00,35201.3,34516.6,
20230921,37,38.22,35201.3,34510.7,
20230921,37,39.81,35204.3,34507.5,
20230921,37,39.86,35204.3,34506.5,
20230921,37,39.98,35264.3,34502.1,
20230921,37,40.00,35264.3,34500.9,
20230921,37,40.01,35264.3,34419.9,
20230921,37,40.30,35264.3,34419.7,
20230921,37,42.06,35264.3,34400.8,
20230921,37,43.86,35264.3,34399.8,
20230921,37,44.31,35264.3,34371.4,
20230921,37,44.72,35264.3,34370.4,
20230921,37,44.93,35264.3,34369.3,
20230921,37,44.99,35264.3,34364.9,
20230921,37,45.00,35264.3,34363.7,
20230921,37,45.01,35264.3,34272.2,
20230921,37,45.12,35264.3,34268.4,
20230921,37,45.15,35264.3,34264.2,
20230921,37,46.00,35264.3,34245.2,
20230921,37,46.56,35264.3,34202.6,
20230921,37,48.31,35264.3,34197.3,
20230921,37,48.33,35264.3,34192.8,
20230921,37,48.38,35264.3,34191.6,
20230921,37,49.72,35264.3,34172.7,
20230921,37,49.73,35264.3,34167.2,
20230921,37,50.00,35265.3,34165.9,
20230921,37,50.01,35266.5,33355.3,
20230921,37,50.50,35266.5,33355.3,
20230921,37,50.90,35266.5,33353.9,
20230921,37,51.00,35266.5,33350.7,
20230921,37,54.94,35266.5,33350.2,
20230921,37,55.00,35266.5,33311.0,
20230921,37,59.90,35266.5,33305.3,
20230921,37,60.00,35266.5,33304.5,
20230921,37,60.01,35266.5,33199.7,
20230921,37,60.12,35266.5,33199.5,
20230921,37,61.00,35266.5,33185.2,
20230921,37,62.00,35266.5,33162.2,
20230921,37,65.00,35273.0,33093.7,
20230921,37,67.50,35273.0,33089.8,
20230921,37,67.94,35273.0,33089.7,
20230921,37,70.00,35273.0,33042.4,
20230921,37,70.01,35273.0,33015.8,
20230921,37,70.90,35273.0,33015.7,
20230921,37,71.50,35273.0,30178.7,
20230921,37,77.80,35273.0,30178.3,
20230921,37,79.90,35273.0,30100.3,
20230921,37,79.98,35293.0,30094.1,
20230921,37,80.00,35293.0,30094.1,
20230921,37,80.01,35293.0,29538.1,
20230921,37,80.05,35293.0,29256.1,
20230921,37,80.10,35293.0,29241.0,
20230921,37,80.12,35293.0,29222.4,
20230921,37,80.20,35293.0,29155.4,
20230921,37,80.21,35313.0,29147.4,
20230921,37,80.50,35313.0,29147.4,
20230921,37,81.00,35313.0,29147.3,
20230921,37,82.01,35313.0,29060.7,
20230921,37,85.00,35313.0,28916.9,
20230921,37,90.00,35313.0,28877.5,
20230921,37,99.90,35313.0,28843.7,
20230921,37,100.00,35313.0,28843.0,
20230921,37,100.01,35325.4,26639.3,
20230921,37,100.02,35325.4,26639.3,
20230921,37,101.00,35325.4,26514.8,
20230921,37,102.00,35325.4,26369.2,
20230921,37,105.00,35325.4,26211.8,
20230921,37,120.10,35325.4,26211.6,
20230921,37,130.00,35325.4,26155.2,
20230921,37,138.00,35325.4,26147.5,
20230921,37,150.00,35325.4,25856.3,
20230921,37,190.00,35325.4,25853.8,
20230921,37,200.00,35325.4,25851.3,
20230921,37,200.01,35325.4,23504.3,
20230921,37,200.10,35325.4,22054.6,
20230921,37,200.50,35325.4,21910.3,
20230921,37,201.00,35325.4,21840.7,
20230921,37,210.00,35325.4,21714.6,
20230921,37,250.00,35325.4,21419.2,
20230921,37,300.00,35325.4,21216.1,
20230921,37,500.00,35325.4,20691.1,
20230921,37,548.66,35325.4,20689.1,
20230921,37,550.02,35325.4,20134.7,
20230921,37,999.00,35325.4,19929.5,
20230921,37,999.99,35325.4,0.0,
20230921,38,0.00,0.0,51506.9,
20230921,38,0.00,12411.9,51506.9,
20230921,38,0.01,31131.9,51506.9,
20230921,38,0.02,31269.4,51490.7,
20230921,38,0.03,31269.4,51478.3,
20230921,38,0.04,31287.5,51442.0,
20230921,38,0.10,31287.5,51442.0,
20230921,38,0.20,31287.5,51321.9,
20230921,38,0.30,31287.5,51221.9,
20230921,38,0.62,31287.5,51217.9,
20230921,38,0.70,31288.5,51137.9,
20230921,38,0.80,31289.5,51137.9,
20230921,38,0.90,31290.5,51137.9,
20230921,38,1.00,31935.3,51137.9,
20230921,38,1.01,31935.3,50931.2,
20230921,38,1.12,31935.3,50886.2,
20230921,38,1.56,32103.8,50846.2,
20230921,38,1.61,32105.6,50846.2,
20230921,38,2.01,32105.6,50846.2,
20230921,38,2.10,32105.6,50806.2,
20230921,38,2.12,32105.6,50800.2,
20230921,38,2.15,32221.1,50720.2,
20230921,38,3.00,32225.5,50720.2,
20230921,38,3.01,32225.5,50660.2,
20230921,38,3.12,32225.5,50610.2,
20230921,38,3.21,32227.3,50490.2,
20230921,38,3.72,32234.5,50490.2,
20230921,38,3.73,32237.0,50490.2,
20230921,38,3.81,32243.0,50490.2,
20230921,38,4.01,32244.6,50490.2,
20230921,38,4.54,32244.6,50490.2,
20230921,38,4.65,32255.7,50488.7,
20230921,38,4.82,32257.6,50488.7,
20230921,38,5.00,32455.6,50488.7,
20230921,38,5.01,32455.6,50109.2,
20230921,38,5.09,32455.6,50029.2,
20230921,38,5.10,32456.3,50026.3,
20230921,38,5.12,32456.3,50026.3,
20230921,38,5.50,32456.4,49946.3,
20230921,38,5.66,32456.8,49946.3,
20230921,38,6.00,32463.7,49946.3,
20230921,38,6.06,32470.2,49885.9,
20230921,38,6.26,32470.2,49885.9,
20230921,38,6.42,32472.0,49878.3,
20230921,38,6.67,32472.0,49878.3,
20230921,38,6.94,32476.7,49378.3,
20230921,38,7.00,32476.7,49378.3,
20230921,38,7.01,32476.7,49378.2,
20230921,38,7.12,32476.7,49146.7,
20230921,38,7.43,32484.0,49066.7,
20230921,38,7.44,32486.6,49066.7,
20230921,38,7.50,32506.6,49066.7,
20230921,38,7.70,32508.3,49066.7,
20230921,38,7.90,32508.3,49066.7,
20230921,38,8.00,32537.0,49058.8,
20230921,38,8.01,32538.5,48998.7,
20230921,38,8.02,32561.4,48969.0,
20230921,38,8.31,32568.4,48969.0,
20230921,38,8.50,32568.4,48969.0,
20230921,38,8.59,32568.4,48959.0,
20230921,38,8.82,32569.0,48957.2,
20230921,38,9.00,32569.0,48957.2,
20230921,38,9.50,32569.0,48957.1,
20230921,38,9.60,32569.0,48810.1,
20230921,38,9.62,32569.6,48725.1,
20230921,38,9.66,32569.6,48725.1,
20230921,38,10.00,32631.8,48601.1,
20230921,38,10.05,32651.8,48506.7,
20230921,38,10.17,32651.8,48506.7,
20230921,38,10.20,32651.8,48476.7,
20230921,38,10.22,32651.8,48352.7,
20230921,38,10.23,32651.8,48312.0,
20230921,38,10.38,32651.8,48262.0,
20230921,38,10.42,32652.4,48138.0,
20230921,38,10.46,32652.4,48138.0,
20230921,38,10.50,32682.4,48014.0,
20230921,38,10.51,32682.4,48014.0,
20230921,38,10.56,32689.4,47863.0,
20230921,38,10.58,32689.4,47863.0,
20230921,38,10.59,32733.2,47633.6,
20230921,38,11.00,32733.2,47445.4,
20230921,38,11.14,32740.5,47445.3,
20230921,38,11.16,32743.0,47445.3,
20230921,38,11.18,32744.4,47445.3,
20230921,38,11.19,32744.4,47445.3,
20230921,38,11.22,32745.0,47178.5,
20230921,38,11.28,32745.0,47178.5,
20230921,38,11.40,32745.0,47178.4,
20230921,38,11.61,32745.0,47027.4,
20230921,38,11.67,32745.0,46862.4,
20230921,38,11.80,32745.0,46740.4,
20230921,38,11.87,32745.0,46540.4,
20230921,38,11.94,32745.0,46340.4,
20230921,38,11.95,32745.0,46140.4,
20230921,38,12.00,32748.3,46139.0,
20230921,38,12.01,32749.8,46133.5,
20230921,38,12.02,32749.8,46133.5,
20230921,38,12.03,32750.4,45933.5,
20230921,38,12.10,32750.4,45933.5,
20230921,38,12.18,32750.4,45733.5,
20230921,38,12.30,32750.4,45533.5,
20230921,38,12.44,32750.4,45333.5,
20230921,38,12.66,32750.4,45133.5,
20230921,38,12.74,32750.4,44697.2,
20230921,38,12.81,32757.9,44497.2,
20230921,38,13.00,32757.9,44497.2,
20230921,38,13.01,32757.9,44465.2,
20230921,38,13.02,32757.9,44456.5,
20230921,38,13.03,32757.9,44422.8,
20230921,38,13.04,32757.9,44389.1,
20230921,38,13.05,32757.9,44355.4,
20230921,38,13.50,32767.9,44321.7,
20230921,38,13.63,32767.9,44231.7,
20230921,38,13.95,32767.9,44213.7,
20230921,38,14.00,32767.9,44199.1,
20230921,38,14.10,32767.9,44128.2,
20230921,38,14.21,32767.9,44127.7,
20230921,38,14.30,32767.9,44127.1,
20230921,38,14.38,32767.9,44126.7,
20230921,38,14.50,32767.9,43982.7,
20230921,38,14.53,32893.5,43981.5,
20230921,38,14.64,32893.5,43981.5,
20230921,38,14.70,32895.5,43724.5,
20230921,38,14.83,32895.5,43724.5,
20230921,38,14.85,32902.8,43724.4,
20230921,38,14.87,32905.4,43724.4,
20230921,38,14.99,32905.4,43724.4,
20230921,38,15.00,33119.4,43724.3,
20230921,38,15.01,33119.4,43557.1,
20230921,38,15.02,33123.0,43549.3,
20230921,38,15.06,33131.7,43549.3,
20230921,38,15.15,33131.7,43549.3,
20230921,38,15.17,33181.4,43503.0,
20230921,38,15.19,33181.4,43503.0,
20230921,38,15.22,33181.4,43204.0,
20230921,38,15.31,33181.4,43197.8,
20230921,38,15.36,33181.4,43096.8,
20230921,38,15.45,33181.4,43067.8,
20230921,38,15.50,33186.4,43029.8,
20230921,38,15.51,33186.4,43018.8,
20230921,38,15.55,33186.4,43011.2,
20230921,38,15.58,33186.4,42811.2,
20230921,38,15.73,33186.4,42810.3,
20230921,38,15.74,33186.6,42802.7,
20230921,38,15.77,33186.6,42802.7,
20230921,38,15.78,33186.6,42798.0,
20230921,38,15.80,33186.6,42771.0,
20230921,38,15.81,33186.6,42770.7,
20230921,38,15.90,33197.6,42770.6,
20230921,38,15.91,33197.6,42700.6,
20230921,38,16.00,33198.6,42700.4,
20230921,38,16.01,33200.2,42592.1,
20230921,38,16.05,33200.2,42592.1,
20230921,38,16.10,33201.2,42584.2,
20230921,38,16.12,33265.2,42584.2,
20230921,38,16.20,33266.2,42584.2,
20230921,38,16.27,33330.2,42584.2,
20230921,38,16.30,33331.2,42584.2,
20230921,38,16.37,33395.2,42584.2,
20230921,38,16.40,33395.2,42584.2,
20230921,38,16.44,33395.2,42584.1,
20230921,38,16.47,33459.2,42534.1,
20230921,38,16.49,33459.2,42534.1,
20230921,38,16.50,33527.2,42484.1,
20230921,38,16.66,33591.2,42484.1,
20230921,38,16.70,33591.2,42484.1,
20230921,38,16.75,33655.2,42484.0,
20230921,38,16.85,33719.2,42484.0,
20230921,38,16.99,33719.2,42484.0,
20230921,38,17.00,33719.2,42483.9,
20230921,38,17.03,33783.2,42411.9,
20230921,38,17.10,33783.2,42411.9,
20230921,38,17.16,33855.7,42411.8,
20230921,38,17.18,33855.7,42411.8,
20230921,38,17.25,33855.7,42125.6,
20230921,38,17.30,33855.7,42124.7,
20230921,38,17.31,33864.7,42124.6,
20230921,38,17.33,33864.7,42124.6,
20230921,38,17.39,33864.7,42072.6,
20230921,38,17.45,33864.7,42058.6,
20230921,38,17.50,33864.7,42058.4,
20230921,38,17.55,33864.7,42058.3,
20230921,38,17.57,33864.7,42028.3,
20230921,38,17.62,33864.7,41928.3,
20230921,38,17.65,33970.7,41806.3,
20230921,38,17.70,33970.7,41806.3,
20230921,38,17.86,33970.7,41776.3,
20230921,38,17.87,33970.7,41727.1,
20230921,38,17.95,33975.1,41605.1,
20230921,38,18.00,33975.1,41605.1,
20230921,38,18.03,33975.1,41604.8,
20230921,38,18.04,33994.0,41604.7,
20230921,38,18.17,33994.0,41604.7,
20230921,38,18.21,33994.0,41565.5,
20230921,38,18.30,33994.0,41443.5,
20230921,38,18.35,33994.0,41443.4,
20230921,38,18.47,33994.0,41343.4,
20230921,38,18.56,34001.2,37249.4,
20230921,38,18.59,34003.7,37249.4,
20230921,38,18.60,34003.7,37249.4,
20230921,38,18.63,34005.3,37249.3,
20230921,38,18.71,34005.3,37249.3,
20230921,38,18.74,34005.3,37213.3,
20230921,38,18.90,34005.3,37205.6,
20230921,38,19.00,34005.3,37112.0,
20230921,38,19.07,34012.0,37111.2,
20230921,38,19.11,34012.0,37111.2,
20230921,38,19.12,34012.0,37068.7,
20230921,38,19.37,34014.5,36968.7,
20230921,38,19.39,34015.4,36968.7,
20230921,38,19.50,34015.4,36968.7,
20230921,38,19.71,34239.4,36968.4,
20230921,38,19.85,34239.4,36968.4,
20230921,38,19.90,34239.4,36952.8,
20230921,38,20.00,34239.4,36944.9,
20230921,38,20.01,34240.9,36882.6,
20230921,38,20.02,34240.9,36878.0,
20230921,38,20.11,34247.0,36826.0,
20230921,38,20.18,34249.4,36826.0,
20230921,38,20.20,34250.2,36826.0,
20230921,38,20.21,34250.2,36826.0,
20230921,38,20.38,34250.2,35990.0,
20230921,38,20.39,34250.2,35981.9,
20230921,38,20.40,34250.2,35930.9,
20230921,38,20.41,34250.2,35880.9,
20230921,38,20.42,34250.2,35830.9,
20230921,38,20.43,34250.2,35780.9,
20230921,38,20.44,34250.2,35730.9,
20230921,38,20.45,34250.2,35680.9,
20230921,38,20.46,34250.2,35630.9,
20230921,38,20.47,34250.2,35580.9,
20230921,38,20.48,34250.2,35530.9,
20230921,38,20.49,34250.2,35480.9,
20230921,38,20.50,34250.2,35430.9,
20230921,38,20.51,34250.2,35380.9,
20230921,38,20.53,34250.7,35330.9,
20230921,38,20.62,34283.3,35330.9,
20230921,38,20.67,34283.3,35330.9,
20230921,38,20.76,34283.3,35199.0,
20230921,38,20.99,34285.8,35198.0,
20230921,38,21.00,34286.7,35198.0,
20230921,38,21.05,34287.2,35195.9,
20230921,38,21.10,34287.2,35195.9,
20230921,38,21.13,34287.2,35073.9,
20230921,38,21.38,34287.2,34973.9,
20230921,38,21.57,34287.7,34964.0,
20230921,38,21.80,34290.1,34964.0,
20230921,38,21.81,34290.9,34964.0,
20230921,38,21.83,34290.9,34963.1,
20230921,38,22.00,34290.9,34962.7,
20230921,38,22.09,34291.4,34962.6,
20230921,38,22.28,34381.4,34962.6,
20230921,38,22.45,34381.4,34962.6,
20230921,38,22.50,34381.4,34962.5,
20230921,38,22.61,34385.0,34961.9,
20230921,38,22.63,34385.0,34949.8,
20230921,38,22.64,34385.0,34933.0,
20230921,38,22.76,34385.0,34930.8,
20230921,38,22.80,34834.1,34929.6,
20230921,38,22.99,34834.1,34929.6,
20230921,38,23.00,34847.1,34929.3,
20230921,38,23.03,34847.1,34929.1,
20230921,38,23.05,34847.1,34929.0,
20230921,38,23.15,34847.1,34847.0,
20230921,38,23.49,34854.8,34747.0,
20230921,38,23.50,34854.8,34747.0,
20230921,38,23.64,34854.8,34746.8,
20230921,38,24.06,34854.8,34730.8,
20230921,38,24.13,34879.8,34722.2,
20230921,38,24.15,34879.8,34722.2,
20230921,38,24.28,34879.8,34721.9,
20230921,38,24.29,34889.6,34721.8,
20230921,38,24.89,34889.6,34721.8,
20230921,38,24.90,34889.6,34717.3,
20230921,38,25.00,34909.6,34716.2,
20230921,38,25.22,34909.6,34674.3,
20230921,38,25.30,34909.6,34673.7,
20230921,38,25.31,34909.6,34671.5,
20230921,38,25.53,34909.6,34670.1,
20230921,38,25.76,34909.6,34660.6,
20230921,38,25.84,34909.6,34651.0,
20230921,38,25.85,34909.6,34601.0,
20230921,38,26.00,34909.6,34551.0,
20230921,38,26.31,34909.6,34550.9,
20230921,38,27.00,34909.6,34546.4,
20230921,38,27.01,34909.6,34452.6,
20230921,38,27.45,34909.6,34447.9,
20230921,38,27.76,34909.6,34447.5,
20230921,38,27.83,34909.6,34436.6,
20230921,38,27.99,34909.6,34436.1,
20230921,38,28.00,34909.6,34433.9,
20230921,38,28.16,34929.5,34332.0,
20230921,38,28.25,34929.5,34332.0,
20230921,38,28.26,34992.4,34322.0,
20230921,38,28.45,34992.4,34322.0,
20230921,38,28.56,34992.4,34312.6,
20230921,38,28.84,34992.4,34308.6,
20230921,38,28.85,35002.3,34308.5,
20230921,38,28.86,35022.3,34308.5,
20230921,38,29.89,35022.3,34308.5,
20230921,38,29.97,35022.3,34267.1,
20230921,38,30.00,35022.3,34248.9,
20230921,38,30.01,35022.3,34172.6,
20230921,38,30.45,35022.3,34143.5,
20230921,38,30.56,35022.3,34142.3,
20230921,38,30.67,35022.3,34141.2,
20230921,38,30.81,35022.3,34136.8,
20230921,38,30.86,35082.0,34133.0,
20230921,38,31.37,35082.0,34133.0,
20230921,38,31.39,35082.0,34114.1,
20230921,38,31.65,35092.0,33841.9,
20230921,38,32.00,35092.0,33841.9,
20230921,38,32.70,35093.7,33563.7,
20230921,38,33.03,35093.7,33563.7,
20230921,38,33.06,35093.7,33563.1,
20230921,38,33.10,35093.7,33560.2,
20230921,38,33.66,35093.8,33559.8,
20230921,38,33.71,35093.8,33559.8,
20230921,38,33.89,35093.8,33558.7,
20230921,38,34.00,35093.8,33554.2,
20230921,38,34.48,35093.8,33520.9,
20230921,38,35.00,35093.8,33502.0,
20230921,38,35.31,35093.8,33433.2,
20230921,38,36.00,35093.8,33431.2,
20230921,38,37.56,35093.8,33376.1,
20230921,38,37.97,35093.8,33374.8,
20230921,38,39.14,35093.8,33371.8,
20230921,38,39.26,35093.8,33370.6,
20230921,38,39.65,35093.8,33366.2,
20230921,38,39.72,35093.8,33347.3,
20230921,38,39.81,35093.8,33317.9,
20230921,38,39.98,35153.8,33316.9,
20230921,38,40.00,35153.8,33316.9,
20230921,38,40.01,35153.8,33237.2,
20230921,38,42.06,35153.8,33237.0,
20230921,38,44.31,35153.8,33236.0,
20230921,38,44.57,35153.8,33235.0,
20230921,38,44.63,35153.8,33233.8,
20230921,38,44.72,35153.8,33229.4,
20230921,38,44.83,35153.8,33228.5,
20230921,38,45.00,35153.8,33209.5,
20230921,38,45.01,35153.8,33112.7,
20230921,38,45.12,35153.8,33081.4,
20230921,38,46.00,35153.8,33077.2,
20230921,38,46.56,35153.8,33040.2,
20230921,38,48.19,35153.8,33034.7,
20230921,38,48.21,35153.8,33033.5,
20230921,38,48.28,35153.8,33029.0,
20230921,38,49.70,35153.8,33018.8,
20230921,38,50.00,35154.8,33013.3,
20230921,38,50.01,35156.0,32422.9,
20230921,38,50.50,35156.0,32422.9,
20230921,38,50.90,35156.0,32421.5,
20230921,38,51.00,35156.0,32418.4,
20230921,38,52.49,35156.0,32418.1,
20230921,38,55.00,35156.0,32380.9,
20230921,38,59.90,35156.0,32374.4,
20230921,38,60.00,35156.0,32373.4,
20230921,38,60.01,35156.0,32272.7,
20230921,38,60.12,35156.0,32272.6,
20230921,38,61.00,35156.0,32259.2,
20230921,38,62.00,35156.0,32237.5,
20230921,38,65.00,35160.0,32171.8,
20230921,38,67.50,35160.0,32169.0,
20230921,38,67.94,35160.0,32168.9,
20230921,38,70.00,35160.0,32122.9,
20230921,38,70.90,35160.0,32093.9,
20230921,38,71.50,35160.0,29539.9,
20230921,38,77.80,35160.0,29539.5,
20230921,38,79.90,35160.0,29467.9,
20230921,38,79.98,35180.0,29462.2,
20230921,38,80.00,35180.0,29462.2,
20230921,38,80.01,35180.0,28930.0,
20230921,38,80.05,35180.0,28649.5,
20230921,38,80.10,35180.0,28635.1,
20230921,38,80.12,35180.0,28617.6,
20230921,38,80.20,35180.0,28551.6,
20230921,38,80.21,35200.0,28543.6,
20230921,38,80.50,35200.0,28543.6,
20230921,38,81.00,35200.0,28543.5,
20230921,38,82.01,35200.0,28447.1,
20230921,38,85.00,35200.0,28301.5,
20230921,38,90.00,35200.0,28265.7,
20230921,38,99.90,35200.0,28233.0,
20230921,38,100.00,35200.0,28232.3,
20230921,38,100.01,35212.3,26277.0,
20230921,38,100.02,35212.3,26277.0,
20230921,38,101.00,35212.3,26155.2,
20230921,38,102.00,35212.3,26009.6,
20230921,38,105.00,35212.3,25873.5,
20230921,38,120.10,35212.3,25873.3,
20230921,38,130.00,35212.3,25818.0,
20230921,38,138.00,35212.3,25810.4,
20230921,38,150.00,35212.3,25509.1,
20230921,38,190.00,35212.3,25506.6,
20230921,38,200.00,35212.3,25504.0,
20230921,38,200.01,35212.3,23145.0,
20230921,38,200.10,35212.3,21706.4,
20230921,38,200.50,35212.3,21562.0,
20230921,38,201.00,35212.3,21498.8,
20230921,38,210.00,35212.3,21377.9,
20230921,38,250.00,35212.3,21081.9,
20230921,38,300.00,35212.3,20879.1,
20230921,38,500.00,35212.3,20354.1,
20230921,38,548.66,35212.3,20352.1,
20230921,38,550.02,35212.3,19795.7,
20230921,38,999.00,35212.3,19590.5,
20230921,38,999.99,35212.3,0.0,
20230921,39,0.00,0.0,51235.6,
20230921,39,0.00,11997.3,51235.6,
20230921,39,0.01,30693.3,51235.6,
20230921,39,0.02,30830.7,51220.2,
20230921,39,0.03,30830.7,51207.8,
20230921,39,0.04,30845.5,51172.3,
20230921,39,0.10,30845.5,51172.3,
20230921,39,0.20,30845.5,51052.2,
20230921,39,0.30,30845.5,50952.2,
20230921,39,0.62,30845.5,50948.2,
20230921,39,0.70,30846.5,50868.2,
20230921,39,0.80,30847.5,50868.2,
20230921,39,0.90,30848.5,50868.2,
20230921,39,1.00,31521.1,50868.2,
20230921,39,1.01,31521.1,50669.9,
20230921,39,1.12,31521.1,50624.9,
20230921,39,1.46,31530.1,50584.9,
20230921,39,1.64,31697.6,50584.9,
20230921,39,2.01,31697.6,50584.9,
20230921,39,2.10,31697.6,50544.9,
20230921,39,2.12,31697.6,50538.9,
20230921,39,2.15,31810.5,50458.9,
20230921,39,2.91,31819.6,50458.9,
20230921,39,2.99,31822.1,50458.9,
20230921,39,3.00,31827.0,50458.9,
20230921,39,3.01,31827.0,50398.9,
20230921,39,3.12,31827.0,50348.9,
20230921,39,3.22,31828.6,50228.9,
20230921,39,3.89,31835.6,50228.9,
20230921,39,4.37,31844.8,50228.9,
20230921,39,4.65,31856.0,50228.9,
20230921,39,4.88,31856.0,50228.9,
20230921,39,4.89,31856.6,50226.4,
20230921,39,5.00,32061.5,50226.4,
20230921,39,5.01,32061.5,49855.6,
20230921,39,5.12,32061.5,49775.6,
20230921,39,5.50,32061.6,49695.6,
20230921,39,5.82,32070.7,49695.6,
20230921,39,5.97,32073.3,49695.6,
20230921,39,6.00,32082.5,49695.6,
20230921,39,6.03,32082.5,49635.1,
20230921,39,6.14,32089.5,49633.8,
20230921,39,6.26,32089.5,49633.8,
20230921,39,6.43,32091.0,49626.2,
20230921,39,6.67,32091.0,49626.2,
20230921,39,6.94,32095.8,49126.2,
20230921,39,7.00,32095.8,49126.2,
20230921,39,7.01,32095.8,49126.1,
20230921,39,7.12,32095.8,48905.2,
20230921,39,7.27,32104.8,48825.2,
20230921,39,7.50,32124.8,48825.2,
20230921,39,7.70,32126.6,48825.2,
20230921,39,7.82,32127.0,48825.2,
20230921,39,7.90,32127.0,48825.2,
20230921,39,8.00,32158.8,48817.3,
20230921,39,8.01,32158.8,48757.2,
20230921,39,8.02,32179.1,48741.9,
20230921,39,8.03,32179.1,48741.9,
20230921,39,8.04,32181.8,48735.2,
20230921,39,8.39,32188.8,48735.2,
20230921,39,8.50,32188.8,48735.2,
20230921,39,8.59,32188.8,48725.2,
20230921,39,8.72,32191.8,48723.6,
20230921,39,8.95,32194.3,48723.6,
20230921,39,9.00,32194.3,48723.6,
20230921,39,9.45,32197.4,48723.5,
20230921,39,9.50,32197.4,48723.5,
20230921,39,9.60,32197.4,48576.5,
20230921,39,9.63,32198.9,48495.5,
20230921,39,9.66,32198.9,48495.5,
20230921,39,10.00,32261.5,48371.5,
20230921,39,10.05,32281.5,48069.2,
20230921,39,10.17,32284.5,48069.2,
20230921,39,10.20,32284.5,48039.2,
20230921,39,10.21,32284.5,47915.2,
20230921,39,10.22,32284.5,47685.9,
20230921,39,10.23,32284.5,47451.9,
20230921,39,10.38,32284.5,47412.8,
20230921,39,10.46,32284.5,47288.8,
20230921,39,10.50,32314.5,47164.8,
20230921,39,10.51,32314.5,47164.8,
20230921,39,10.64,32322.2,47013.8,
20230921,39,10.90,32325.1,47013.8,
20230921,39,11.00,32325.1,47011.1,
20230921,39,11.18,32326.5,47011.0,
20230921,39,11.19,32326.5,47011.0,
20230921,39,11.28,32326.5,46743.5,
20230921,39,11.30,32326.7,46743.4,
20230921,39,11.40,32326.7,46743.4,
20230921,39,11.61,32326.7,46592.4,
20230921,39,11.67,32326.7,46427.4,
20230921,39,11.80,32326.7,46305.4,
20230921,39,11.87,32326.7,46105.4,
20230921,39,11.93,32329.3,45905.4,
20230921,39,11.94,32329.3,45905.4,
20230921,39,11.95,32329.3,45705.4,
20230921,39,11.98,32329.3,45704.2,
20230921,39,12.00,32332.4,45678.2,
20230921,39,12.02,32332.4,45672.9,
20230921,39,12.11,32332.4,45472.9,
20230921,39,12.18,32332.4,45270.1,
20230921,39,12.30,32332.4,45070.1,
20230921,39,12.44,32332.4,44870.1,
20230921,39,12.50,32332.4,44670.1,
20230921,39,12.66,32332.4,44670.0,
20230921,39,12.74,32332.4,44567.0,
20230921,39,12.83,32332.4,44367.0,
20230921,39,12.84,32334.0,44030.3,
20230921,39,12.89,32342.0,44030.3,
20230921,39,13.00,32342.2,44030.3,
20230921,39,13.01,32342.2,43997.7,
20230921,39,13.02,32342.2,43989.0,
20230921,39,13.03,32342.2,43955.3,
20230921,39,13.04,32342.2,43921.6,
20230921,39,13.05,32342.2,43887.9,
20230921,39,13.32,32342.2,43854.2,
20230921,39,13.39,32467.8,43851.5,
20230921,39,13.50,32477.8,43851.5,
20230921,39,13.63,32477.8,43761.5,
20230921,39,13.80,32496.5,43744.5,
20230921,39,13.95,32496.5,43744.5,
20230921,39,14.00,32496.5,43731.1,
20230921,39,14.10,32496.5,43660.4,
20230921,39,14.12,32496.5,43659.9,
20230921,39,14.16,32496.5,43636.9,
20230921,39,14.21,32496.5,43424.9,
20230921,39,14.30,32496.5,43424.3,
20230921,39,14.32,32503.2,43423.9,
20230921,39,14.36,32503.2,43423.9,
20230921,39,14.50,32503.2,43419.4,
20230921,39,14.52,32503.2,43418.2,
20230921,39,14.53,32503.2,43161.2,
20230921,39,14.70,32505.2,43055.6,
20230921,39,14.73,32505.2,43055.6,
20230921,39,14.79,32512.9,43040.1,
20230921,39,14.82,32512.9,43040.1,
20230921,39,14.83,32512.9,42996.8,
20230921,39,14.91,32515.4,42996.7,
20230921,39,14.95,32515.4,42996.7,
20230921,39,14.99,32515.4,42986.7,
20230921,39,15.00,32730.4,42986.6,
20230921,39,15.01,32730.4,42822.6,
20230921,39,15.02,32733.8,42815.3,
20230921,39,15.14,32742.7,42815.3,
20230921,39,15.15,32742.7,42815.3,
20230921,39,15.16,32743.6,42582.3,
20230921,39,15.17,32814.6,42582.3,
20230921,39,15.22,32814.6,42582.3,
20230921,39,15.28,32814.6,42578.3,
20230921,39,15.33,32814.6,42386.3,
20230921,39,15.35,32814.6,42267.3,
20230921,39,15.41,32815.4,42227.8,
20230921,39,15.45,32815.4,42227.8,
20230921,39,15.50,32820.4,42189.8,
20230921,39,15.51,32820.4,42179.8,
20230921,39,15.55,32820.4,42172.2,
20230921,39,15.58,32820.4,41972.2,
20230921,39,15.66,32821.3,41971.4,
20230921,39,15.73,32821.3,41971.4,
20230921,39,15.74,32822.4,41964.7,
20230921,39,15.76,32822.4,41964.7,
20230921,39,15.80,32822.4,41870.1,
20230921,39,15.81,32822.4,41869.8,
20230921,39,15.90,32834.2,41869.7,
20230921,39,15.91,32834.2,41839.7,
20230921,39,16.00,32835.2,41839.5,
20230921,39,16.05,32836.7,41726.0,
20230921,39,16.10,32837.7,41718.6,
20230921,39,16.12,32901.7,41718.6,
20230921,39,16.15,32902.5,41718.6,
20230921,39,16.20,32903.5,41709.2,
20230921,39,16.22,32908.1,41709.2,
20230921,39,16.27,32972.1,41556.2,
20230921,39,16.30,32973.1,41556.2,
20230921,39,16.32,32973.6,41556.2,
20230921,39,16.35,32973.6,41556.2,
20230921,39,16.37,33037.6,41520.2,
20230921,39,16.40,33037.6,41520.2,
20230921,39,16.44,33037.6,41520.1,
20230921,39,16.47,33101.6,41470.1,
20230921,39,16.49,33101.6,41470.1,
20230921,39,16.50,33169.6,41420.1,
20230921,39,16.57,33169.6,41420.1,
20230921,39,16.60,33170.1,41410.6,
20230921,39,16.66,33234.1,41410.6,
20230921,39,16.70,33234.1,41410.6,
20230921,39,16.75,33298.1,41410.5,
20230921,39,16.85,33362.1,41410.5,
20230921,39,16.87,33362.6,41410.5,
20230921,39,16.98,33362.6,41410.5,
20230921,39,16.99,33362.6,41401.1,
20230921,39,17.00,33362.6,41401.0,
20230921,39,17.03,33426.6,41340.8,
20230921,39,17.10,33426.6,41340.8,
20230921,39,17.15,33427.1,41340.7,
20230921,39,17.16,33502.2,41340.7,
20230921,39,17.18,33502.2,41340.7,
20230921,39,17.25,33502.2,41324.5,
20230921,39,17.30,33502.2,41323.6,
20230921,39,17.31,33502.2,41323.5,
20230921,39,17.33,33502.2,41315.7,
20230921,39,17.40,33502.2,41263.7,
20230921,39,17.42,33502.7,41235.3,
20230921,39,17.45,33502.7,41215.3,
20230921,39,17.50,33502.7,41215.1,
20230921,39,17.57,33502.7,41215.0,
20230921,39,17.58,33502.7,41175.0,
20230921,39,17.62,33502.7,41145.0,
20230921,39,17.65,33608.7,41023.0,
20230921,39,17.73,33608.7,41023.0,
20230921,39,17.87,33608.7,40993.0,
20230921,39,17.89,33608.7,40871.0,
20230921,39,18.00,33608.7,40841.0,
20230921,39,18.03,33608.7,40839.8,
20230921,39,18.05,33608.7,40839.7,
20230921,39,18.08,33608.7,40809.7,
20230921,39,18.20,33608.7,40791.0,
20230921,39,18.21,33608.7,40761.0,
20230921,39,18.30,33608.7,40639.0,
20230921,39,18.35,33608.7,40638.9,
20230921,39,18.47,33608.7,40588.9,
20230921,39,18.52,33608.7,36782.9,
20230921,39,18.60,33608.7,36750.9,
20230921,39,18.63,33610.3,36750.8,
20230921,39,18.74,33610.3,36750.8,
20230921,39,18.75,33610.3,36736.5,
20230921,39,18.78,33610.3,36736.3,
20230921,39,18.81,33614.7,36686.3,
20230921,39,19.00,33614.7,36686.3,
20230921,39,19.10,33614.7,36685.5,
20230921,39,19.12,33614.7,36681.0,
20230921,39,19.14,33614.7,36581.0,
20230921,39,19.64,33614.7,36579.9,
20230921,39,19.71,33838.7,36579.0,
20230921,39,19.82,33838.7,36579.0,
20230921,39,19.85,33838.7,36578.7,
20230921,39,19.90,33838.7,36578.4,
20230921,39,19.93,33838.7,36578.3,
20230921,39,20.00,33838.7,36443.1,
20230921,39,20.01,33838.7,36383.5,
20230921,39,20.02,33838.7,36379.7,
20230921,39,20.04,33838.7,36327.7,
20230921,39,20.08,33838.7,36317.8,
20230921,39,20.11,33844.9,36301.7,
20230921,39,20.21,33844.9,36301.7,
20230921,39,20.37,33844.9,35238.7,
20230921,39,20.38,33844.9,35235.6,
20230921,39,20.39,33844.9,35185.6,
20230921,39,20.40,33844.9,35134.6,
20230921,39,20.41,33844.9,35084.6,
20230921,39,20.42,33844.9,35034.6,
20230921,39,20.43,33844.9,34984.6,
20230921,39,20.44,33844.9,34934.6,
20230921,39,20.45,33844.9,34884.6,
20230921,39,20.46,33844.9,34834.6,
20230921,39,20.47,33844.9,34784.6,
20230921,39,20.48,33844.9,34734.6,
20230921,39,20.49,33844.9,34684.6,
20230921,39,20.50,33844.9,34634.6,
20230921,39,20.51,33844.9,34584.6,
20230921,39,20.62,33880.3,34534.6,
20230921,39,20.77,33880.3,34534.6,
20230921,39,21.00,33880.3,34534.5,
20230921,39,21.10,33880.3,34532.4,
20230921,39,21.13,33880.3,34410.4,
20230921,39,21.26,33880.3,34360.4,
20230921,39,21.39,33880.3,34360.0,
20230921,39,21.40,33880.3,34358.0,
20230921,39,21.50,33900.3,34356.9,
20230921,39,21.51,33900.3,34356.9,
20230921,39,21.69,33900.3,34273.3,
20230921,39,21.89,33900.3,34272.1,
20230921,39,21.93,33900.3,34263.7,
20230921,39,22.00,33900.3,34244.8,
20230921,39,22.28,33990.3,34133.9,
20230921,39,22.80,34439.4,34133.9,
20230921,39,22.93,34464.4,34133.9,
20230921,39,22.94,34464.4,34133.9,
20230921,39,22.95,34474.2,34133.8,
20230921,39,23.00,34487.2,34133.8,
20230921,39,23.03,34487.2,34133.6,
20230921,39,23.15,34487.2,34133.5,
20230921,39,23.26,34487.2,34033.5,
20230921,39,23.35,34522.2,34033.3,
20230921,39,23.43,34542.1,34033.3,
20230921,39,23.50,34542.1,34033.3,
20230921,39,23.52,34542.1,34032.3,
20230921,39,23.53,34570.0,34022.3,
20230921,39,23.64,34570.0,34022.3,
20230921,39,23.95,34590.0,33910.3,
20230921,39,24.14,34590.0,33910.3,
20230921,39,24.15,34599.9,33905.8,
20230921,39,24.63,34599.9,33905.8,
20230921,39,24.82,34599.9,33901.3,
20230921,39,25.00,34599.9,33898.4,
20230921,39,25.01,34599.9,33895.6,
20230921,39,25.26,34599.9,33889.3,
20230921,39,25.68,34599.9,33889.0,
20230921,39,25.77,34599.9,33612.3,
20230921,39,25.85,34599.9,33611.9,
20230921,39,25.95,34619.8,33561.9,
20230921,39,26.00,34619.8,33561.9,
20230921,39,26.13,34659.6,33561.8,
20230921,39,26.39,34659.6,33561.8,
20230921,39,26.69,34659.6,33557.8,
20230921,39,26.72,34659.6,33546.4,
20230921,39,26.81,34659.6,33542.0,
20230921,39,26.95,34669.6,33540.8,
20230921,39,27.00,34669.6,33540.8,
20230921,39,27.01,34669.6,33449.8,
20230921,39,27.27,34669.6,33445.0,
20230921,39,28.10,34669.6,33443.7,
20230921,39,28.64,34669.6,33443.4,
20230921,39,28.96,34669.7,33439.6,
20230921,39,29.50,34669.7,33439.6,
20230921,39,29.63,34669.7,33420.7,
20230921,39,29.97,34669.7,33379.4,
20230921,39,30.00,34669.7,33362.1,
20230921,39,30.01,34669.7,33277.3,
20230921,39,30.56,34669.7,33252.1,
20230921,39,30.89,34669.7,33251.1,
20230921,39,31.00,34669.7,33248.4,
20230921,39,32.00,34669.7,33243.9,
20230921,39,32.70,34671.4,32987.8,
20230921,39,33.03,34671.4,32987.8,
20230921,39,33.14,34671.4,32987.2,
20230921,39,34.00,34671.4,32985.2,
20230921,39,34.34,34671.4,32954.5,
20230921,39,34.49,34671.4,32950.1,
20230921,39,35.00,34671.4,32948.9,
20230921,39,35.39,34671.4,32891.7,
20230921,39,36.00,34671.4,32890.5,
20230921,39,37.07,34671.4,32840.5,
20230921,39,37.64,34671.4,32824.7,
20230921,39,38.50,34671.4,32823.7,
20230921,39,39.43,34671.4,32789.3,
20230921,39,39.60,34671.4,32784.8,
20230921,39,39.89,34671.4,32783.6,
20230921,39,39.98,34731.4,32782.6,
20230921,39,40.00,34731.4,32782.6,
20230921,39,40.01,34731.4,32698.3,
20230921,39,40.91,34731.4,32698.2,
20230921,39,41.54,34731.4,32695.3,
20230921,39,41.74,34731.4,32690.9,
20230921,39,41.97,34731.4,32689.8,
20230921,39,42.00,34731.4,32645.8,
20230921,39,42.14,34731.4,32643.1,
20230921,39,42.16,34731.4,32642.1,
20230921,39,44.39,34731.4,32621.0,
20230921,39,44.72,34731.4,32615.7,
20230921,39,45.00,34731.4,32614.6,
20230921,39,45.01,34731.4,32494.2,
20230921,39,45.12,34731.4,32464.2,
20230921,39,46.00,34731.4,32460.1,
20230921,39,49.49,34731.4,32430.5,
20230921,39,50.00,34732.4,32396.3,
20230921,39,50.01,34733.5,32247.9,
20230921,39,50.90,34733.5,32247.9,
20230921,39,51.00,34733.5,32244.8,
20230921,39,60.00,34733.5,32244.6,
20230921,39,60.12,34733.5,32152.6,
20230921,39,61.00,34733.5,32140.5,
20230921,39,62.00,34733.5,32120.8,
20230921,39,65.00,34737.5,32058.4,
20230921,39,65.50,34737.5,32056.8,
20230921,39,67.94,34737.5,32056.7,
20230921,39,69.50,34737.5,32014.5,
20230921,39,70.00,34737.5,32014.2,
20230921,39,70.90,34737.5,32011.5,
20230921,39,77.24,34737.5,29134.5,
20230921,39,77.80,34737.5,28876.3,
20230921,39,79.90,34737.5,28813.7,
20230921,39,79.98,34757.5,28808.2,
20230921,39,80.00,34757.5,28808.2,
20230921,39,80.01,34757.5,28305.9,
20230921,39,80.05,34757.5,28041.1,
20230921,39,80.10,34757.5,28032.2,
20230921,39,80.12,34757.5,28016.6,
20230921,39,80.20,34757.5,27952.0,
20230921,39,80.21,34777.5,27944.0,
20230921,39,80.50,34777.5,27944.0,
20230921,39,81.00,34777.5,27943.9,
20230921,39,82.01,34777.5,27850.1,
20230921,39,85.00,34777.5,27706.7,
20230921,39,90.00,34777.5,27674.0,
20230921,39,99.90,34777.5,27642.7,
20230921,39,100.00,34777.5,27642.0,
20230921,39,100.01,34789.8,25545.5,
20230921,39,101.00,34789.8,25545.5,
20230921,39,102.00,34789.8,25399.9,
20230921,39,105.00,34789.8,25292.1,
20230921,39,120.10,34789.8,25291.9,
20230921,39,130.00,34789.8,25239.4,
20230921,39,138.00,34789.8,25232.1,
20230921,39,150.00,34789.8,24944.1,
20230921,39,190.00,34789.8,24941.5,
20230921,39,200.00,34789.8,24939.3,
20230921,39,200.01,34789.8,22666.0,
20230921,39,200.10,34789.8,21228.1,
20230921,39,200.50,34789.8,21083.1,
20230921,39,201.00,34789.8,21027.6,
20230921,39,210.00,34789.8,20914.7,
20230921,39,250.00,34789.8,20617.8,
20230921,39,300.00,34789.8,20415.9,
20230921,39,500.00,34789.8,19890.8,
20230921,39,548.66,34789.8,19888.8,
20230921,39,550.02,34789.8,19336.4,
20230921,39,999.00,34789.8,19131.2,
20230921,39,999.99,34789.8,0.0,
20230921,40,0.00,0.0,48354.0,
20230921,40,0.00,11841.6,48354.0,
20230921,40,0.01,30559.8,48354.0,
20230921,40,0.02,30697.7,48339.4,
20230921,40,0.03,30702.7,48327.0,
20230921,40,0.04,30708.0,48292.2,
20230921,40,0.10,30708.0,48292.2,
20230921,40,0.20,30708.0,48172.1,
20230921,40,0.30,30708.0,48072.1,
20230921,40,0.46,30867.2,48068.1,
20230921,40,0.62,30867.2,48068.1,
20230921,40,0.70,30868.2,47988.1,
20230921,40,0.80,30869.2,47988.1,
20230921,40,0.90,30870.2,47988.1,
20230921,40,1.00,31558.3,47988.1,
20230921,40,1.01,31558.3,47795.4,
20230921,40,1.12,31558.3,47750.4,
20230921,40,2.01,31558.3,47710.4,
20230921,40,2.10,31558.3,47670.4,
20230921,40,2.12,31558.3,47664.4,
20230921,40,2.15,31671.2,47584.4,
20230921,40,2.55,31680.2,47584.4,
20230921,40,2.69,31682.7,47584.4,
20230921,40,2.71,31689.7,47584.4,
20230921,40,3.00,31695.6,47584.4,
20230921,40,3.01,31695.6,47524.4,
20230921,40,3.12,31695.6,47474.4,
20230921,40,3.15,31697.2,47354.4,
20230921,40,4.65,31707.9,47354.4,
20230921,40,4.96,31714.9,47354.4,
20230921,40,5.00,31925.5,47354.4,
20230921,40,5.01,31925.5,46994.9,
20230921,40,5.09,31934.6,46914.9,
20230921,40,5.12,31934.6,46914.9,
20230921,40,5.36,31937.2,46834.9,
20230921,40,5.50,31937.3,46834.9,
20230921,40,5.54,31937.3,46834.9,
20230921,40,5.55,31937.9,46831.3,
20230921,40,6.00,31949.1,46831.3,
20230921,40,6.26,31949.1,46770.9,
20230921,40,6.29,31950.6,46763.3,
20230921,40,6.50,31953.8,46763.3,
20230921,40,6.67,31953.8,46763.3,
20230921,40,7.00,31953.8,46263.3,
20230921,40,7.01,31953.8,46263.2,
20230921,40,7.12,31953.8,46053.9,
20230921,40,7.21,31960.8,45973.9,
20230921,40,7.32,31961.2,45973.9,
20230921,40,7.50,31981.2,45973.9,
20230921,40,7.62,31990.4,45973.9,
20230921,40,7.70,31992.4,45973.9,
20230921,40,7.73,31992.4,45973.9,
20230921,40,7.74,31998.0,45967.4,
20230921,40,7.90,31998.0,45967.4,
20230921,40,8.00,32026.7,45959.5,
20230921,40,8.01,32026.7,45899.4,
20230921,40,8.02,32046.3,45884.7,
20230921,40,8.04,32048.8,45884.7,
20230921,40,8.50,32048.8,45884.7,
20230921,40,8.59,32048.8,45874.7,
20230921,40,9.00,32048.8,45873.2,
20230921,40,9.44,32050.3,45873.1,
20230921,40,9.46,32058.2,45873.1,
20230921,40,9.50,32058.2,45873.1,
20230921,40,9.60,32058.2,45726.1,
20230921,40,9.66,32058.2,45649.1,
20230921,40,10.00,32122.4,45525.1,
20230921,40,10.05,32142.4,45222.8,
20230921,40,10.16,32151.5,45222.8,
20230921,40,10.17,32151.5,45222.8,
20230921,40,10.20,32151.5,45192.8,
20230921,40,10.21,32151.5,45068.8,
20230921,40,10.22,32304.0,44837.6,
20230921,40,10.23,32304.0,44751.6,
20230921,40,10.38,32304.0,44701.6,
20230921,40,10.46,32304.0,44577.6,
20230921,40,10.50,32334.0,44453.6,
20230921,40,10.51,32334.0,44453.6,
20230921,40,10.52,32341.7,44302.6,
20230921,40,10.71,32344.3,44302.6,
20230921,40,11.00,32344.3,44302.6,
20230921,40,11.18,32345.7,44302.5,
20230921,40,11.19,32345.7,44302.5,
20230921,40,11.26,32345.7,44034.2,
20230921,40,11.28,32345.7,44024.2,
20230921,40,11.30,32346.1,44024.1,
20230921,40,11.40,32346.1,44024.1,
20230921,40,11.61,32346.1,43873.1,
20230921,40,11.67,32346.1,43708.1,
20230921,40,11.71,32354.1,43660.1,
20230921,40,11.80,32354.1,43660.1,
20230921,40,11.87,32354.1,43460.1,
20230921,40,11.94,32354.1,43260.1,
20230921,40,11.95,32354.1,43060.1,
20230921,40,11.98,32354.1,43058.9,
20230921,40,12.00,32357.5,43032.9,
20230921,40,12.01,32357.5,43026.0,
20230921,40,12.10,32357.5,42826.0,
20230921,40,12.18,32357.5,42626.0,
20230921,40,12.30,32357.5,42426.0,
20230921,40,12.44,32357.5,42226.0,
20230921,40,12.50,32357.5,42026.0,
20230921,40,12.55,32357.5,42016.0,
20230921,40,12.58,32359.1,41966.0,
20230921,40,12.66,32359.1,41966.0,
20230921,40,12.70,32368.1,41861.0,
20230921,40,12.73,32368.1,41861.0,
20230921,40,12.96,32368.7,41661.0,
20230921,40,13.00,32368.9,41661.0,
20230921,40,13.01,32371.4,41580.4,
20230921,40,13.02,32371.4,41571.7,
20230921,40,13.03,32371.4,41538.0,
20230921,40,13.04,32371.4,41504.3,
20230921,40,13.05,32371.4,41427.3,
20230921,40,13.14,32371.4,41393.6,
20230921,40,13.16,32389.8,41383.6,
20230921,40,13.22,32396.9,41383.6,
20230921,40,13.26,32396.9,41383.6,
20230921,40,13.31,32399.3,41363.6,
20230921,40,13.39,32527.3,41363.6,
20230921,40,13.47,32527.9,41363.6,
20230921,40,13.50,32537.9,41363.6,
20230921,40,13.62,32540.4,41273.6,
20230921,40,13.63,32540.4,41273.6,
20230921,40,13.71,32541.3,41257.6,
20230921,40,13.73,32541.9,41257.6,
20230921,40,13.93,32544.3,41257.6,
20230921,40,13.95,32544.3,41257.6,
20230921,40,13.96,32552.3,41245.2,
20230921,40,13.99,32552.9,41245.2,
20230921,40,14.00,32552.9,41245.2,
20230921,40,14.03,32553.7,41203.7,
20230921,40,14.05,32553.7,41203.7,
20230921,40,14.10,32553.7,41199.4,
20230921,40,14.17,32553.7,41198.9,
20230921,40,14.18,32553.7,41183.7,
20230921,40,14.21,32553.7,41144.3,
20230921,40,14.24,32556.0,41143.7,
20230921,40,14.27,32556.0,41143.2,
20230921,40,14.30,32556.0,41111.0,
20230921,40,14.32,32556.0,41110.6,
20230921,40,14.35,32556.9,40898.6,
20230921,40,14.50,32624.9,40898.6,
20230921,40,14.53,32624.9,40896.7,
20230921,40,14.55,32624.9,40796.7,
20230921,40,14.67,32625.7,40741.7,
20230921,40,14.70,32627.7,40741.7,
20230921,40,14.75,32627.7,40741.7,
20230921,40,14.77,32627.7,40741.1,
20230921,40,14.80,32627.7,40578.1,
20230921,40,14.83,32627.7,40575.9,
20230921,40,14.99,32628.5,40575.8,
20230921,40,15.00,32843.5,40566.3,
20230921,40,15.01,32843.5,40473.3,
20230921,40,15.02,32846.8,40467.6,
20230921,40,15.10,32846.8,40467.6,
20230921,40,15.14,32846.8,40467.5,
20230921,40,15.15,32846.8,40457.5,
20230921,40,15.17,32930.9,40445.6,
20230921,40,15.19,32930.9,40445.6,
20230921,40,15.20,32930.9,39887.6,
20230921,40,15.22,32930.9,39887.5,
20230921,40,15.26,32930.9,39790.6,
20230921,40,15.31,32930.9,39790.1,
20230921,40,15.32,32930.9,39731.1,
20230921,40,15.43,32930.9,39728.9,
20230921,40,15.45,32930.9,39626.9,
20230921,40,15.50,32935.9,39588.9,
20230921,40,15.51,32935.9,39588.9,
20230921,40,15.52,32935.9,39381.3,
20230921,40,15.58,32935.9,39371.8,
20230921,40,15.60,32935.9,39371.0,
20230921,40,15.64,32940.7,39363.3,
20230921,40,15.72,32942.2,39363.3,
20230921,40,15.73,32942.2,39363.3,
20230921,40,15.74,32944.2,39357.5,
20230921,40,15.77,32944.2,39357.5,
20230921,40,15.80,32944.2,39356.3,
20230921,40,15.81,32944.2,39356.0,
20230921,40,15.85,32944.2,39355.9,
20230921,40,15.90,32956.2,39351.5,
20230921,40,15.91,32956.2,39261.5,
20230921,40,15.99,32956.7,39261.3,
20230921,40,16.00,32957.7,39261.3,
20230921,40,16.05,32957.7,39223.1,
20230921,40,16.10,32958.7,39207.0,
20230921,40,16.12,33022.7,39207.0,
20230921,40,16.20,33023.7,39207.0,
20230921,40,16.26,33024.2,39207.0,
20230921,40,16.27,33088.2,39207.0,
20230921,40,16.30,33089.2,39207.0,
20230921,40,16.36,33114.2,39207.0,
20230921,40,16.37,33178.2,39207.0,
20230921,40,16.40,33178.2,39207.0,
20230921,40,16.46,33178.2,39206.9,
20230921,40,16.47,33242.2,39156.9,
20230921,40,16.53,33242.2,39156.9,
20230921,40,16.54,33242.7,39106.9,
20230921,40,16.57,33306.7,39106.9,
20230921,40,16.59,33306.7,39106.9,
20230921,40,16.70,33306.7,39088.0,
20230921,40,16.75,33370.7,39087.8,
20230921,40,16.81,33371.2,39087.8,
20230921,40,16.85,33435.2,39087.8,
20230921,40,16.92,33435.2,39087.8,
20230921,40,16.94,33499.2,39087.5,
20230921,40,16.99,33499.2,39087.5,
20230921,40,17.00,33499.2,39087.4,
20230921,40,17.08,33563.7,39047.2,
20230921,40,17.10,33563.7,39047.2,
20230921,40,17.16,33590.7,39047.1,
20230921,40,17.18,33590.7,39047.1,
20230921,40,17.25,33590.7,39030.9,
20230921,40,17.30,33590.7,39030.2,
20230921,40,17.33,33590.7,39030.1,
20230921,40,17.37,33590.7,38978.1,
20230921,40,17.40,33590.7,38969.1,
20230921,40,17.45,33590.7,38959.6,
20230921,40,17.50,33590.7,38959.4,
20230921,40,17.52,33590.7,38959.3,
20230921,40,17.57,33590.7,38929.3,
20230921,40,17.62,33590.7,38879.3,
20230921,40,17.64,33590.7,38757.3,
20230921,40,17.65,33696.7,38747.4,
20230921,40,17.67,33696.7,38747.4,
20230921,40,17.82,33696.7,38717.4,
20230921,40,17.84,33696.7,38699.5,
20230921,40,17.85,33716.6,38669.5,
20230921,40,17.87,33716.6,38669.5,
20230921,40,17.91,33716.6,38547.5,
20230921,40,17.94,33716.6,38547.3,
20230921,40,17.95,33779.5,38537.3,
20230921,40,18.00,33809.5,38537.3,
20230921,40,18.03,33809.5,38537.0,
20230921,40,18.12,33809.5,38536.9,
20230921,40,18.15,33839.5,38507.9,
20230921,40,18.16,33839.5,38507.9,
20230921,40,18.21,33850.5,38213.9,
20230921,40,18.30,33850.5,38091.9,
20230921,40,18.31,33850.5,38091.8,
20230921,40,18.33,33850.5,38087.8,
20230921,40,18.34,33860.4,38087.7,
20230921,40,18.35,33860.4,38087.7,
20230921,40,18.46,33860.4,38037.4,
20230921,40,18.47,33860.4,38036.5,
20230921,40,18.55,33880.4,34880.5,
20230921,40,18.60,33880.4,34880.5,
20230921,40,18.63,33882.0,34880.4,
20230921,40,18.69,33882.0,34865.2,
20230921,40,18.74,33882.0,34864.5,
20230921,40,18.78,33882.0,34850.2,
20230921,40,18.81,33886.3,34800.2,
20230921,40,18.92,33886.3,34800.2,
20230921,40,19.00,33886.3,34799.8,
20230921,40,19.12,33886.3,34799.0,
20230921,40,19.60,33886.3,34659.0,
20230921,40,19.66,33886.3,34657.9,
20230921,40,19.71,34110.3,34657.8,
20230921,40,19.81,34110.3,34657.8,
20230921,40,19.82,34110.3,34522.7,
20230921,40,19.89,34110.3,34518.2,
20230921,40,19.90,34110.3,34466.2,
20230921,40,20.00,34110.3,34466.1,
20230921,40,20.01,34110.3,34408.5,
20230921,40,20.11,34116.7,34406.8,
20230921,40,20.21,34116.7,34406.8,
20230921,40,20.33,34116.7,33793.8,
20230921,40,20.39,34116.7,33770.8,
20230921,40,20.40,34116.7,33733.2,
20230921,40,20.41,34116.7,33683.2,
20230921,40,20.42,34116.7,33633.2,
20230921,40,20.43,34116.7,33583.2,
20230921,40,20.44,34116.7,33533.2,
20230921,40,20.45,34116.7,33483.2,
20230921,40,20.46,34116.7,33433.2,
20230921,40,20.47,34116.7,33383.2,
20230921,40,20.48,34116.7,33333.2,
20230921,40,20.49,34116.7,33283.2,
20230921,40,20.50,34116.7,33232.9,
20230921,40,20.51,34116.7,33182.9,
20230921,40,20.54,34116.7,33132.9,
20230921,40,20.55,34186.2,33132.8,
20230921,40,20.62,34221.6,33132.8,
20230921,40,20.69,34221.6,33132.8,
20230921,40,20.71,34221.6,33113.9,
20230921,40,20.81,34221.6,33105.6,
20230921,40,21.00,34221.6,33104.4,
20230921,40,21.10,34221.6,33098.8,
20230921,40,21.13,34221.6,32976.8,
20230921,40,21.14,34231.6,32926.8,
20230921,40,21.23,34231.6,32926.8,
20230921,40,21.35,34231.6,32843.9,
20230921,40,21.40,34231.6,32842.0,
20230921,40,21.50,34251.6,32840.9,
20230921,40,21.71,34251.6,32792.0,
20230921,40,22.00,34251.6,32787.5,
20230921,40,22.07,34251.6,32705.3,
20230921,40,22.28,34301.6,32705.1,
20230921,40,22.80,34750.7,32705.1,
20230921,40,22.96,34750.7,32705.1,
20230921,40,23.00,34763.7,32700.8,
20230921,40,23.03,34763.7,32700.6,
20230921,40,23.15,34763.8,32700.5,
20230921,40,23.35,34763.8,32700.5,
20230921,40,23.64,34763.8,32697.6,
20230921,40,23.69,34763.8,32589.4,
20230921,40,24.66,34763.8,32583.1,
20230921,40,25.00,34763.8,32582.5,
20230921,40,25.21,34763.8,32581.0,
20230921,40,25.68,34763.8,32577.0,
20230921,40,25.81,34763.8,32302.2,
20230921,40,25.84,34763.8,32290.5,
20230921,40,25.85,34763.8,32240.5,
20230921,40,25.99,34763.8,32190.5,
20230921,40,26.00,34763.8,32189.3,
20230921,40,26.44,34763.8,32189.2,
20230921,40,26.71,34763.8,32184.8,
20230921,40,26.74,34763.8,32143.7,
20230921,40,27.00,34763.8,32140.9,
20230921,40,27.01,34763.8,32053.4,
20230921,40,27.10,34763.8,32048.4,
20230921,40,27.46,34763.8,32048.1,
20230921,40,27.54,34763.8,32044.3,
20230921,40,28.00,34763.8,32025.4,
20230921,40,28.15,34763.8,32021.6,
20230921,40,29.71,34763.8,32021.0,
20230921,40,29.97,34763.8,32018.4,
20230921,40,30.00,34763.8,32003.2,
20230921,40,30.01,34763.8,31927.6,
20230921,40,30.56,34763.8,31908.7,
20230921,40,31.96,34763.8,31907.7,
20230921,40,32.00,34763.8,31905.7,
20230921,40,32.38,34763.8,31663.5,
20230921,40,32.70,34765.5,31662.3,
20230921,40,33.03,34765.5,31662.3,
20230921,40,33.06,34765.5,31661.8,
20230921,40,34.00,34765.5,31657.4,
20230921,40,34.21,34765.5,31628.6,
20230921,40,34.39,34765.5,31627.4,
20230921,40,35.00,34765.5,31622.4,
20230921,40,35.46,34765.5,31568.6,
20230921,40,36.00,34765.5,31565.8,
20230921,40,36.46,34765.5,31516.5,
20230921,40,36.64,34765.5,31515.5,
20230921,40,37.47,34765.5,31514.3,
20230921,40,38.42,34765.5,31509.8,
20230921,40,38.71,34765.5,31508.7,
20230921,40,38.77,34765.5,31507.7,
20230921,40,38.79,34765.5,31488.1,
20230921,40,39.31,34765.5,31454.2,
20230921,40,39.68,34765.5,31449.8,
20230921,40,39.98,34825.5,31412.5,
20230921,40,40.00,34825.5,31412.5,
20230921,40,40.01,34825.5,31324.4,
20230921,40,40.96,34825.5,31324.3,
20230921,40,41.00,34825.5,31323.3,
20230921,40,43.21,34825.5,31322.9,
20230921,40,44.72,34825.5,31317.9,
20230921,40,45.00,34825.5,31316.9,
20230921,40,45.01,34825.5,31207.9,
20230921,40,45.12,34825.5,31146.0,
20230921,40,46.00,34825.5,31142.1,
20230921,40,48.29,34825.5,31117.1,
20230921,40,50.00,34826.5,31084.5,
20230921,40,50.01,34827.6,30992.8,
20230921,40,50.90,34827.6,30992.8,
20230921,40,51.00,34827.6,30989.7,
20230921,40,57.50,34827.6,30989.6,
20230921,40,60.00,34827.6,30989.5,
20230921,40,60.12,34827.6,30902.9,
20230921,40,61.00,34827.6,30891.9,
20230921,40,61.50,34827.6,30874.3,
20230921,40,62.00,34827.6,30874.0,
20230921,40,65.00,34831.6,30813.7,
20230921,40,67.94,34831.6,30812.8,
20230921,40,70.90,34831.6,30773.5,
20230921,40,77.80,34831.6,28425.5,
20230921,40,79.90,34831.6,28369.9,
20230921,40,79.98,34851.6,28364.6,
20230921,40,80.00,34851.6,28364.6,
20230921,40,80.01,34851.6,27888.0,
20230921,40,80.05,34851.6,27634.6,
20230921,40,80.10,34851.6,27631.9,
20230921,40,80.12,34851.6,27617.2,
20230921,40,80.20,34851.6,27554.2,
20230921,40,80.21,34871.6,27546.2,
20230921,40,80.50,34871.6,27546.2,
20230921,40,81.00,34871.6,27546.1,
20230921,40,82.01,34871.6,27289.3,
20230921,40,85.00,34871.6,27148.7,
20230921,40,90.00,34871.6,27119.5,
20230921,40,99.90,34871.6,27089.3,
20230921,40,100.00,34871.6,27088.6,
20230921,40,100.01,34883.9,24931.8,
20230921,40,101.00,34883.9,24931.8,
20230921,40,102.00,34883.9,24786.2,
20230921,40,105.00,34883.9,24696.6,
20230921,40,120.10,34883.9,24696.4,
20230921,40,130.00,34883.9,24647.4,
20230921,40,138.00,34883.9,24640.2,
20230921,40,150.00,34883.9,24499.0,
20230921,40,190.00,34883.9,24496.4,
20230921,40,200.00,34883.9,24494.4,
20230921,40,200.01,34883.9,22336.8,
20230921,40,200.10,34883.9,20915.1,
20230921,40,200.50,34883.9,20769.8,
20230921,40,201.00,34883.9,20718.6,
20230921,40,210.00,34883.9,20610.7,
20230921,40,250.00,34883.9,20311.7,
20230921,40,300.00,34883.9,20110.7,
20230921,40,500.00,34883.9,19585.8,
20230921,40,548.66,34883.9,19583.8,
20230921,40,550.02,34883.9,19075.4,
20230921,40,999.00,34883.9,18870.2,
20230921,40,999.99,34883.9,0.0,
20230921,41,0.00,0.0,45884.5,
20230921,41,0.00,11561.7,45884.5,
20230921,41,0.01,29674.1,45884.5,
20230921,41,0.02,29807.5,45881.1,
20230921,41,0.03,29807.5,45868.7,
20230921,41,0.04,29814.2,45834.3,
20230921,41,0.10,29814.2,45834.3,
20230921,41,0.20,29814.2,45714.2,
20230921,41,0.30,29814.2,45614.2,
20230921,41,0.62,29814.2,45610.2,
20230921,41,0.70,29815.2,45530.2,
20230921,41,0.80,29816.2,45530.2,
20230921,41,0.90,29817.2,45530.2,
20230921,41,1.00,30498.2,45530.2,
20230921,41,1.01,30498.2,45342.7,
20230921,41,1.12,30498.2,45297.7,
20230921,41,1.30,30500.0,45257.7,
20230921,41,2.01,30500.0,45257.7,
20230921,41,2.10,30500.0,45217.7,
20230921,41,2.12,30500.0,45211.7,
20230921,41,2.15,30613.1,45131.7,
20230921,41,2.19,30730.9,45131.7,
20230921,41,2.20,30730.9,45131.7,
20230921,41,2.21,30731.5,45129.5,
20230921,41,2.59,30740.5,45129.5,
20230921,41,2.69,30743.0,45129.5,
20230921,41,3.00,30744.9,45129.5,
20230921,41,3.01,30744.9,45069.5,
20230921,41,3.12,30744.9,45019.5,
20230921,41,3.88,30746.8,44899.5,
20230921,41,4.18,30747.9,44899.5,
20230921,41,4.44,30754.9,44899.5,
20230921,41,4.65,30764.8,44899.5,
20230921,41,5.00,30933.3,44899.5,
20230921,41,5.01,30933.3,44553.6,
20230921,41,5.12,30933.3,44473.6,
20230921,41,5.17,30942.4,44393.6,
20230921,41,5.36,30945.0,44393.6,
20230921,41,5.50,30945.1,44393.6,
20230921,41,6.00,30956.9,44393.6,
20230921,41,6.21,30957.3,44333.4,
20230921,41,6.26,30957.3,44333.4,
20230921,41,6.46,30959.1,44325.8,
20230921,41,6.50,30967.9,44325.8,
20230921,41,6.67,30967.9,44325.8,
20230921,41,6.69,30974.9,43825.8,
20230921,41,6.94,30982.6,43825.8,
20230921,41,7.00,30982.6,43825.8,
20230921,41,7.01,30987.9,43819.7,
20230921,41,7.10,30988.5,43630.4,
20230921,41,7.12,30988.5,43630.4,
20230921,41,7.50,31008.5,43550.4,
20230921,41,7.70,31010.6,43550.4,
20230921,41,7.74,31018.5,43550.4,
20230921,41,7.90,31018.5,43550.4,
20230921,41,8.00,31047.2,43542.5,
20230921,41,8.01,31047.2,43482.4,
20230921,41,8.02,31068.7,43479.1,
20230921,41,8.04,31071.2,43479.1,
20230921,41,8.39,31071.8,43479.1,
20230921,41,8.50,31071.8,43479.1,
20230921,41,8.59,31071.8,43469.1,
20230921,41,8.94,31079.8,43467.7,
20230921,41,9.00,31079.8,43467.7,
20230921,41,9.03,31080.4,43467.6,
20230921,41,9.36,31080.4,43467.6,
20230921,41,9.47,31088.2,43320.6,
20230921,41,9.50,31088.2,43320.6,
20230921,41,9.60,31088.2,43173.6,
20230921,41,9.66,31088.2,43099.6,
20230921,41,9.68,31088.8,42975.6,
20230921,41,9.79,31088.8,42975.6,
20230921,41,9.80,31088.8,42969.8,
20230921,41,9.81,31088.8,42919.8,
20230921,41,9.82,31088.8,42869.8,
20230921,41,10.00,31150.6,42819.8,
20230921,41,10.05,31170.6,42517.5,
20230921,41,10.17,31170.6,42517.5,
20230921,41,10.20,31170.6,42487.5,
20230921,41,10.21,31170.6,42363.5,
20230921,41,10.22,31170.6,42088.4,
20230921,41,10.23,31170.6,41804.5,
20230921,41,10.32,31177.9,41754.5,
20230921,41,10.38,31177.9,41754.5,
20230921,41,10.46,31177.9,41630.5,
20230921,41,10.50,31238.9,41506.5,
20230921,41,10.51,31238.9,41506.5,
20230921,41,10.71,31241.5,41355.5,
20230921,41,10.89,31241.5,41355.5,
20230921,41,11.00,31241.5,41173.1,
20230921,41,11.18,31242.9,41173.0,
20230921,41,11.19,31250.9,41173.0,
20230921,41,11.28,31250.9,40903.8,
20230921,41,11.30,31251.6,40903.7,
20230921,41,11.40,31251.6,40903.7,
20230921,41,11.61,31251.6,40752.7,
20230921,41,11.67,31251.6,40587.7,
20230921,41,11.78,31251.6,40465.7,
20230921,41,11.86,31251.6,40265.7,
20230921,41,11.92,31251.6,40065.7,
20230921,41,11.95,31251.6,39865.7,
20230921,41,11.98,31251.6,39864.7,
20230921,41,12.00,31254.2,39838.7,
20230921,41,12.08,31254.2,39633.7,
20230921,41,12.17,31254.2,39433.7,
20230921,41,12.23,31260.6,39233.7,
20230921,41,12.27,31260.6,39233.7,
20230921,41,12.38,31260.6,39033.7,
20230921,41,12.40,31260.6,38990.6,
20230921,41,12.48,31260.6,38790.6,
20230921,41,12.50,31260.6,38780.6,
20230921,41,12.63,31260.6,38770.6,
20230921,41,12.64,31278.7,38570.6,
20230921,41,12.66,31278.7,38570.6,
20230921,41,12.90,31285.9,38465.6,
20230921,41,13.00,31285.9,38465.6,
20230921,41,13.01,31285.9,38385.2,
20230921,41,13.02,31289.0,38375.0,
20230921,41,13.03,31289.0,38341.3,
20230921,41,13.04,31289.0,38307.6,
20230921,41,13.05,31289.0,38273.9,
20230921,41,13.13,31291.5,38240.2,
20230921,41,13.23,31291.5,38240.2,
20230921,41,13.26,31291.5,38200.2,
20230921,41,13.27,31291.5,38196.1,
20230921,41,13.36,31293.9,38157.1,
20230921,41,13.39,31421.9,38157.1,
20230921,41,13.44,31429.9,38157.1,
20230921,41,13.50,31439.9,38157.1,
20230921,41,13.52,31439.9,38066.3,
20230921,41,13.59,31442.4,38056.3,
20230921,41,13.61,31442.4,38056.3,
20230921,41,13.62,31443.3,37850.3,
20230921,41,13.63,31443.3,37850.3,
20230921,41,13.79,31443.3,37742.0,
20230921,41,13.81,31445.7,37530.0,
20230921,41,13.85,31446.5,37530.0,
20230921,41,13.95,31446.5,37530.0,
20230921,41,13.99,31446.5,37518.4,
20230921,41,14.00,31446.5,37503.6,
20230921,41,14.04,31448.8,37438.0,
20230921,41,14.08,31449.7,37437.5,
20230921,41,14.10,31449.7,37437.5,
20230921,41,14.11,31449.7,37437.0,
20230921,41,14.15,31449.7,37180.0,
20230921,41,14.21,31449.7,37177.8,
20230921,41,14.30,31449.7,37177.3,
20230921,41,14.31,31450.5,37176.9,
20230921,41,14.33,31450.5,37176.9,
20230921,41,14.42,31450.5,37166.9,
20230921,41,14.50,31518.5,37166.3,
20230921,41,14.53,31518.5,37164.4,
20230921,41,14.54,31519.3,37064.4,
20230921,41,14.63,31524.2,37052.8,
20230921,41,14.70,31527.2,37052.8,
20230921,41,14.81,31527.2,37052.8,
20230921,41,14.83,31527.2,37052.3,
20230921,41,14.92,31527.2,37052.2,
20230921,41,14.99,31527.2,37040.5,
20230921,41,15.00,31742.2,37040.4,
20230921,41,15.01,31742.2,36902.2,
20230921,41,15.10,31742.2,36900.6,
20230921,41,15.16,31742.2,36900.5,
20230921,41,15.17,31838.2,36875.5,
20230921,41,15.19,31838.2,36875.5,
20230921,41,15.20,31838.2,36874.3,
20230921,41,15.22,31838.2,36874.2,
20230921,41,15.23,31838.2,36871.5,
20230921,41,15.28,31838.2,36856.5,
20230921,41,15.30,31838.2,36559.5,
20230921,41,15.32,31838.2,36545.7,
20230921,41,15.33,31838.2,36384.7,
20230921,41,15.45,31838.2,36383.9,
20230921,41,15.50,31843.2,36345.9,
20230921,41,15.51,31847.4,36344.3,
20230921,41,15.57,31847.4,35828.0,
20230921,41,15.58,31847.4,35786.0,
20230921,41,15.65,31847.4,35785.2,
20230921,41,15.68,31847.4,35777.7,
20230921,41,15.73,31847.4,35758.8,
20230921,41,15.74,31848.2,35751.8,
20230921,41,15.75,31848.2,35751.8,
20230921,41,15.80,31848.2,35751.5,
20230921,41,15.81,31848.2,35751.2,
20230921,41,15.90,31860.2,35751.1,
20230921,41,15.91,31860.2,35721.1,
20230921,41,15.98,31860.2,35720.9,
20230921,41,16.00,31861.2,35720.7,
20230921,41,16.05,31861.2,35693.5,
20230921,41,16.10,31862.2,35686.2,
20230921,41,16.12,31990.2,35686.2,
20230921,41,16.20,31991.2,35686.2,
20230921,41,16.27,32055.2,35686.2,
20230921,41,16.30,32056.2,35686.2,
20230921,41,16.33,32056.2,35686.2,
20230921,41,16.37,32120.2,35676.2,
20230921,41,16.40,32120.2,35676.2,
20230921,41,16.46,32120.2,35675.9,
20230921,41,16.53,32120.2,35625.9,
20230921,41,16.57,32184.2,35575.9,
20230921,41,16.66,32248.2,35575.9,
20230921,41,16.70,32248.2,35575.9,
20230921,41,16.75,32312.2,35575.7,
20230921,41,16.94,32376.2,35575.7,
20230921,41,16.99,32376.2,35575.7,
20230921,41,17.00,32396.2,35575.6,
20230921,41,17.03,32460.2,35535.4,
20230921,41,17.05,32460.2,35535.4,
20230921,41,17.16,32520.8,35535.1,
20230921,41,17.18,32520.8,35535.1,
20230921,41,17.25,32520.8,35518.9,
20230921,41,17.30,32520.8,35518.1,
20230921,41,17.33,32520.8,35518.0,
20230921,41,17.35,32520.8,35466.0,
20230921,41,17.40,32520.8,35460.0,
20230921,41,17.45,32520.8,35450.5,
20230921,41,17.50,32520.8,35450.3,
20230921,41,17.51,32520.8,35450.2,
20230921,41,17.57,32520.8,35420.2,
20230921,41,17.58,32545.8,35380.2,
20230921,41,17.62,32545.8,35380.2,
20230921,41,17.65,32651.8,35258.2,
20230921,41,17.66,32651.8,35258.2,
20230921,41,17.76,32651.8,35228.2,
20230921,41,17.82,32651.8,35228.0,
20230921,41,17.87,32651.8,35198.0,
20230921,41,17.94,32651.8,35076.0,
20230921,41,17.97,32651.8,35075.1,
20230921,41,18.00,32651.8,35045.1,
20230921,41,18.03,32651.8,35042.9,
20230921,41,18.12,32651.8,35042.8,
20230921,41,18.13,32651.8,35025.1,
20230921,41,18.19,32651.8,34995.1,
20230921,41,18.21,32651.8,34968.1,
20230921,41,18.28,32651.8,34846.1,
20230921,41,18.30,32651.8,34816.1,
20230921,41,18.35,32651.8,34816.0,
20230921,41,18.44,32681.8,34766.0,
20230921,41,18.45,32681.8,34766.0,
20230921,41,18.47,32681.8,34765.4,
20230921,41,18.53,32701.7,32695.4,
20230921,41,18.60,32731.7,32695.4,
20230921,41,18.61,32731.7,32695.3,
20230921,41,18.62,32731.7,32685.1,
20230921,41,18.63,32796.2,32675.1,
20230921,41,18.65,32796.2,32675.1,
20230921,41,18.70,32796.2,32656.7,
20230921,41,18.75,32826.2,32606.7,
20230921,41,18.76,32826.2,32606.7,
20230921,41,18.84,32826.2,32606.2,
20230921,41,18.85,32859.9,32589.9,
20230921,41,18.88,32859.9,32589.9,
20230921,41,18.91,32889.9,32589.3,
20230921,41,18.98,32889.9,32589.3,
20230921,41,19.00,32889.9,32589.0,
20230921,41,19.03,32912.9,32588.1,
20230921,41,19.12,32912.9,32453.4,
20230921,41,19.23,32932.9,32348.9,
20230921,41,19.50,32932.9,32348.9,
20230921,41,19.52,32932.9,32347.5,
20230921,41,19.53,32942.8,32347.4,
20230921,41,19.58,32942.8,32347.4,
20230921,41,19.67,32942.8,32347.3,
20230921,41,19.68,32942.8,32328.4,
20230921,41,19.71,33151.8,32313.7,
20230921,41,19.74,33151.8,32313.7,
20230921,41,19.90,33151.8,32261.7,
20230921,41,20.00,33151.8,32261.6,
20230921,41,20.11,33158.3,32201.7,
20230921,41,20.14,33158.3,32201.7,
20230921,41,20.19,33158.3,32200.4,
20230921,41,20.21,33158.3,32192.1,
20230921,41,20.25,33158.3,32189.9,
20230921,41,20.33,33158.3,32140.9,
20230921,41,20.43,33158.3,32059.3,
20230921,41,20.51,33158.6,32057.5,
20230921,41,20.62,33193.9,32057.5,
20230921,41,20.86,33193.9,32057.5,
20230921,41,21.00,33193.9,32053.0,
20230921,41,21.10,33193.9,32051.1,
20230921,41,21.12,33193.9,31929.1,
20230921,41,21.13,33193.9,31709.1,
20230921,41,21.23,33253.6,31659.1,
20230921,41,21.40,33253.6,31659.1,
20230921,41,21.50,33253.6,31658.0,
20230921,41,21.51,33253.6,31609.1,
20230921,41,21.52,33263.4,31609.0,
20230921,41,22.00,33263.4,31609.0,
20230921,41,22.28,33313.4,31452.8,
20230921,41,22.33,33323.4,31452.8,
20230921,41,22.44,33323.4,31452.8,
20230921,41,22.80,33772.5,31448.5,
20230921,41,23.00,33785.5,31448.5,
20230921,41,23.03,33785.5,31448.3,
20230921,41,23.45,33785.5,31448.2,
20230921,41,23.50,33785.5,31442.1,
20230921,41,23.61,33785.5,31440.2,
20230921,41,23.64,33785.5,31437.3,
20230921,41,24.31,33785.5,29587.3,
20230921,41,24.34,33785.6,29586.7,
20230921,41,24.58,33785.6,29586.7,
20230921,41,24.69,33785.6,29585.7,
20230921,41,24.72,33785.6,29581.7,
20230921,41,25.00,33785.6,29581.2,
20230921,41,25.03,33785.6,29579.5,
20230921,41,25.14,33785.6,29578.8,
20230921,41,25.49,33785.6,29567.0,
20230921,41,25.66,33785.6,29562.6,
20230921,41,25.86,33785.6,29290.9,
20230921,41,26.33,33785.6,29249.9,
20230921,41,26.38,33785.6,29235.8,
20230921,41,26.94,33785.6,29223.2,
20230921,41,27.00,33785.6,29219.3,
20230921,41,27.01,33785.6,29154.9,
20230921,41,27.10,33785.6,29147.2,
20230921,41,28.00,33785.6,29147.0,
20230921,41,29.19,33785.6,29143.6,
20230921,41,29.97,33785.6,29141.2,
20230921,41,30.00,33785.6,29138.7,
20230921,41,30.01,33785.6,29073.0,
20230921,41,30.32,33785.6,29057.5,
20230921,41,30.56,33785.6,29054.7,
20230921,41,30.67,33785.6,29053.7,
20230921,41,31.18,33785.6,29053.1,
20230921,41,31.44,33785.6,29052.5,
20230921,41,31.86,33785.6,29050.5,
20230921,41,32.00,33785.6,29046.1,
20230921,41,32.70,33787.3,28817.9,
20230921,41,33.03,33787.3,28817.9,
20230921,41,33.33,33787.3,28817.4,
20230921,41,33.69,33787.3,28783.4,
20230921,41,34.00,33787.3,28782.3,
20230921,41,34.65,33787.3,28755.5,
20230921,41,35.00,33787.3,28755.0,
20230921,41,35.28,33787.3,28696.6,
20230921,41,35.94,33787.3,28695.9,
20230921,41,36.00,33787.3,28694.9,
20230921,41,36.10,33787.3,28649.8,
20230921,41,36.30,33787.3,28645.3,
20230921,41,36.63,33787.3,28644.8,
20230921,41,36.99,33787.3,28638.3,
20230921,41,37.34,33787.3,28637.7,
20230921,41,37.87,33787.3,28626.1,
20230921,41,37.90,33787.3,28621.7,
20230921,41,38.19,33787.3,28588.4,
20230921,41,38.22,33787.3,28587.4,
20230921,41,39.98,33847.3,28555.9,
20230921,41,40.00,33847.3,28555.9,
20230921,41,40.01,33847.3,28470.9,
20230921,41,40.44,33847.3,28470.8,
20230921,41,41.00,33847.3,28469.8,
20230921,41,42.69,33847.3,28469.5,
20230921,41,44.72,33847.3,28464.7,
20230921,41,45.00,33847.3,28463.9,
20230921,41,45.01,33847.3,28352.0,
20230921,41,45.12,33847.3,28226.0,
20230921,41,46.00,33847.3,28222.3,
20230921,41,47.00,33847.3,28197.3,
20230921,41,47.95,33847.3,28156.2,
20230921,41,50.00,33848.3,28123.6,
20230921,41,50.01,33849.3,28026.1,
20230921,41,50.90,33849.3,28026.1,
20230921,41,54.50,33849.3,28023.1,
20230921,41,58.50,33849.3,28023.0,
20230921,41,60.00,33849.3,28022.7,
20230921,41,60.12,33849.3,27939.5,
20230921,41,61.00,33849.3,27930.9,
20230921,41,62.00,33849.3,27914.4,
20230921,41,65.00,33855.8,27866.7,
20230921,41,67.94,33855.8,27866.6,
20230921,41,77.24,33855.8,27827.1,
20230921,41,77.80,33855.8,27814.2,
20230921,41,79.90,33855.8,27765.0,
20230921,41,79.98,33875.8,27760.2,
20230921,41,80.00,33875.8,27760.2,
20230921,41,80.01,33875.8,27283.5,
20230921,41,80.05,33875.8,26863.8,
20230921,41,80.10,33875.8,26857.6,
20230921,41,80.12,33875.8,26840.4,
20230921,41,80.20,33875.8,26794.3,
20230921,41,80.21,33895.8,26786.3,
20230921,41,80.50,33895.8,26786.3,
20230921,41,81.00,33895.8,26786.2,
20230921,41,82.01,33895.8,26691.9,
20230921,41,84.98,33895.8,26553.1,
20230921,41,85.00,33895.8,26428.9,
20230921,41,90.00,33895.8,26403.0,
20230921,41,99.90,33895.8,26367.8,
20230921,41,100.00,33895.8,26367.1,
20230921,41,100.01,33907.9,24300.3,
20230921,41,101.00,33907.9,24300.3,
20230921,41,102.00,33907.9,24154.4,
20230921,41,105.00,33907.9,24078.9,
20230921,41,120.10,33907.9,24078.7,
20230921,41,130.00,33907.9,24032.2,
20230921,41,138.00,33907.9,24025.0,
20230921,41,150.00,33907.9,23907.1,
20230921,41,190.00,33907.9,23904.5,
20230921,41,200.00,33907.9,23902.7,
20230921,41,200.01,33907.9,22023.7,
20230921,41,200.10,33907.9,20517.0,
20230921,41,200.50,33907.9,20371.6,
20230921,41,201.00,33907.9,20366.3,
20230921,41,210.00,33907.9,20268.3,
20230921,41,250.00,33907.9,19969.3,
20230921,41,300.00,33907.9,19781.6,
20230921,41,500.00,33907.9,19256.3,
20230921,41,548.66,33907.9,19254.3,
20230921,41,550.02,33907.9,18851.9,
20230921,41,999.00,33907.9,18646.7,
20230921,41,999.99,33907.9,0.0,
20230921,42,0.00,0.0,43479.2,
20230921,42,0.00,11568.3,43479.2,
20230921,42,0.01,29707.5,43479.2,
20230921,42,0.02,29843.8,43475.9,
20230921,42,0.03,29843.8,43463.5,
20230921,42,0.04,29851.2,43429.7,
20230921,42,0.10,29851.2,43429.7,
20230921,42,0.20,29851.2,43309.6,
20230921,42,0.30,29851.2,43209.6,
20230921,42,0.62,29851.2,43205.6,
20230921,42,0.70,29852.2,43125.6,
20230921,42,0.80,29853.2,43125.6,
20230921,42,0.90,29854.2,43125.6,
20230921,42,1.00,30529.8,43125.6,
20230921,42,1.01,30529.8,42939.3,
20230921,42,1.12,30529.8,42894.3,
20230921,42,1.21,30531.6,42854.3,
20230921,42,1.63,30650.9,42854.3,
20230921,42,2.01,30650.9,42854.3,
20230921,42,2.10,30650.9,42814.3,
20230921,42,2.12,30650.9,42808.3,
20230921,42,2.15,30764.0,42728.3,
20230921,42,2.41,30773.0,42728.3,
20230921,42,2.54,30775.5,42728.3,
20230921,42,3.00,30777.7,42728.3,
20230921,42,3.01,30777.7,42668.3,
20230921,42,3.12,30777.7,42618.3,
20230921,42,3.61,30779.6,42498.3,
20230921,42,3.88,30786.6,42498.3,
20230921,42,4.23,30786.6,42498.3,
20230921,42,4.24,30793.7,42490.5,
20230921,42,4.65,30802.0,42490.5,
20230921,42,4.81,30811.1,42490.5,
20230921,42,5.00,30989.5,42490.5,
20230921,42,5.01,30989.5,42147.2,
20230921,42,5.07,30992.1,42067.2,
20230921,42,5.12,30992.1,42067.2,
20230921,42,5.50,30992.2,41987.2,
20230921,42,6.00,31007.1,41987.2,
20230921,42,6.01,31008.9,41927.7,
20230921,42,6.13,31016.0,41927.7,
20230921,42,6.26,31016.0,41927.7,
20230921,42,6.50,31026.0,41920.1,
20230921,42,6.60,31026.6,41920.1,
20230921,42,6.67,31026.6,41920.1,
20230921,42,6.94,31035.2,41420.1,
20230921,42,7.00,31035.4,41420.1,
20230921,42,7.01,31035.4,41420.0,
20230921,42,7.12,31035.4,41243.1,
20230921,42,7.20,31043.3,41163.1,
20230921,42,7.50,31069.2,41163.1,
20230921,42,7.60,31071.7,41163.1,
20230921,42,7.70,31074.0,41163.1,
20230921,42,7.80,31074.6,41163.1,
20230921,42,7.90,31074.6,41163.1,
20230921,42,7.94,31074.6,41155.4,
20230921,42,8.00,31103.5,41039.4,
20230921,42,8.01,31103.5,40979.3,
20230921,42,8.02,31129.2,40976.2,
20230921,42,8.38,31137.2,40976.2,
20230921,42,8.40,31137.8,40976.2,
20230921,42,8.50,31137.8,40976.2,
20230921,42,8.59,31137.8,40966.2,
20230921,42,9.00,31138.4,40964.9,
20230921,42,9.23,31138.4,40964.8,
20230921,42,9.36,31138.4,40817.8,
20230921,42,9.41,31146.2,40670.8,
20230921,42,9.50,31146.2,40670.8,
20230921,42,9.60,31153.5,40523.8,
20230921,42,9.66,31153.5,40452.8,
20230921,42,9.79,31153.5,40305.8,
20230921,42,9.80,31153.5,40300.5,
20230921,42,9.81,31153.5,40250.5,
20230921,42,9.82,31153.5,40200.5,
20230921,42,10.00,31218.6,40150.5,
20230921,42,10.05,31238.6,39848.3,
20230921,42,10.13,31241.2,39848.3,
20230921,42,10.17,31241.2,39848.3,
20230921,42,10.20,31241.2,39818.3,
20230921,42,10.21,31241.2,39694.3,
20230921,42,10.22,31241.2,39419.3,
20230921,42,10.23,31241.2,39135.4,
20230921,42,10.38,31241.2,39085.4,
20230921,42,10.46,31241.2,38961.4,
20230921,42,10.50,31302.2,38837.4,
20230921,42,10.51,31302.2,38837.4,
20230921,42,10.63,31310.3,38713.4,
20230921,42,10.89,31310.3,38713.4,
20230921,42,11.00,31310.3,38531.0,
20230921,42,11.18,31311.7,38530.8,
20230921,42,11.19,31311.7,38530.8,
20230921,42,11.28,31311.7,38363.0,
20230921,42,11.30,31312.6,38362.9,
20230921,42,11.40,31312.6,38362.9,
20230921,42,11.50,31312.6,38211.9,
20230921,42,11.51,31312.9,38161.4,
20230921,42,11.53,31312.9,38161.4,
20230921,42,11.61,31312.9,38151.4,
20230921,42,11.67,31312.9,37986.4,
20230921,42,11.70,31312.9,37835.4,
20230921,42,11.77,31312.9,37825.4,
20230921,42,11.85,31312.9,37625.4,
20230921,42,11.90,31319.1,37425.4,
20230921,42,11.91,31319.1,37425.4,
20230921,42,11.95,31319.1,37225.4,
20230921,42,11.96,31319.1,37224.4,
20230921,42,11.98,31319.1,37151.6,
20230921,42,11.99,31319.1,37126.6,
20230921,42,12.00,31329.5,36926.6,
20230921,42,12.08,31347.2,36921.9,
20230921,42,12.15,31347.2,36721.9,
20230921,42,12.23,31347.2,36521.9,
20230921,42,12.24,31349.7,36511.9,
20230921,42,12.25,31349.7,36511.9,
20230921,42,12.38,31349.7,36311.9,
20230921,42,12.48,31352.1,36111.9,
20230921,42,12.50,31420.1,36101.9,
20230921,42,12.61,31420.1,36091.9,
20230921,42,12.66,31422.6,35891.9,
20230921,42,12.71,31425.1,35786.9,
20230921,42,12.73,31425.1,35786.9,
20230921,42,12.88,31434.1,35731.5,
20230921,42,12.90,31435.0,35731.5,
20230921,42,12.95,31437.4,35731.5,
20230921,42,13.00,31437.4,35731.5,
20230921,42,13.01,31437.4,35701.2,
20230921,42,13.02,31440.4,35691.1,
20230921,42,13.03,31440.4,35657.4,
20230921,42,13.04,31440.4,35623.7,
20230921,42,13.05,31440.4,35586.0,
20230921,42,13.11,31440.4,35552.3,
20230921,42,13.13,31441.2,35537.8,
20230921,42,13.19,31443.5,35537.8,
20230921,42,13.23,31448.6,35537.3,
20230921,42,13.35,31448.6,35537.3,
20230921,42,13.37,31449.5,35150.3,
20230921,42,13.38,31449.5,35150.3,
20230921,42,13.39,31574.9,35148.1,
20230921,42,13.50,31584.9,35148.1,
20230921,42,13.53,31584.9,34965.7,
20230921,42,13.57,31584.9,34955.7,
20230921,42,13.58,31584.9,34743.7,
20230921,42,13.61,31585.7,34743.1,
20230921,42,13.63,31585.7,34743.1,
20230921,42,13.70,31585.7,34728.1,
20230921,42,13.83,31585.7,34708.1,
20230921,42,13.84,31586.5,34705.9,
20230921,42,13.87,31586.5,34696.5,
20230921,42,13.95,31586.8,34496.5,
20230921,42,13.96,31586.8,34485.5,
20230921,42,13.98,31586.8,34455.5,
20230921,42,14.00,31586.8,34455.0,
20230921,42,14.01,31586.8,34407.2,
20230921,42,14.10,31586.8,34306.2,
20230921,42,14.14,31586.8,34305.7,
20230921,42,14.21,31586.8,34149.7,
20230921,42,14.23,31586.8,34149.2,
20230921,42,14.24,31586.8,34134.2,
20230921,42,14.29,31586.8,34124.7,
20230921,42,14.30,31586.8,34122.5,
20230921,42,14.37,31587.3,34122.1,
20230921,42,14.38,31587.3,34122.1,
20230921,42,14.48,31587.3,34120.9,
20230921,42,14.50,31587.3,34110.9,
20230921,42,14.53,31587.3,34110.0,
20230921,42,14.63,31587.3,34010.0,
20230921,42,14.70,31590.3,34000.6,
20230921,42,14.75,31590.3,34000.6,
20230921,42,14.80,31590.8,33996.2,
20230921,42,14.83,31590.8,33996.1,
20230921,42,14.87,31590.8,33996.0,
20230921,42,14.92,31590.8,33995.7,
20230921,42,14.94,31590.8,33673.7,
20230921,42,14.99,31590.8,33651.7,
20230921,42,15.00,31805.8,33651.6,
20230921,42,15.01,31805.8,33554.0,
20230921,42,15.02,31805.8,33552.5,
20230921,42,15.10,31805.8,33533.6,
20230921,42,15.16,31805.8,33533.5,
20230921,42,15.17,31901.8,33526.1,
20230921,42,15.20,31901.8,33526.1,
20230921,42,15.22,31901.8,33526.0,
20230921,42,15.43,31901.8,33514.2,
20230921,42,15.45,31901.8,33514.0,
20230921,42,15.50,31906.8,33476.0,
20230921,42,15.51,31910.8,33180.4,
20230921,42,15.58,31910.8,33172.8,
20230921,42,15.73,31910.8,33172.1,
20230921,42,15.74,31912.6,33166.1,
20230921,42,15.80,31912.6,33166.1,
20230921,42,15.81,31912.6,33165.8,
20230921,42,15.90,31924.6,33165.7,
20230921,42,15.91,31924.6,33145.7,
20230921,42,15.98,31988.6,33145.5,
20230921,42,16.00,31989.6,33145.5,
20230921,42,16.05,31989.6,33118.0,
20230921,42,16.10,31990.6,33109.8,
20230921,42,16.12,32054.6,33109.8,
20230921,42,16.20,32055.6,33109.8,
20230921,42,16.27,32119.6,33109.8,
20230921,42,16.30,32120.6,33109.8,
20230921,42,16.37,32184.6,33109.8,
20230921,42,16.46,32184.6,33109.8,
20230921,42,16.47,32248.6,33059.8,
20230921,42,16.48,32248.6,33059.8,
20230921,42,16.53,32248.6,33039.8,
20230921,42,16.57,32312.6,32989.8,
20230921,42,16.62,32312.6,32989.8,
20230921,42,16.70,32312.6,32979.9,
20230921,42,16.75,32376.6,32979.7,
20230921,42,16.80,32401.6,32979.7,
20230921,42,16.85,32465.6,32979.5,
20230921,42,16.99,32465.6,32979.5,
20230921,42,17.00,32485.6,32979.4,
20230921,42,17.03,32549.6,32959.2,
20230921,42,17.08,32613.6,32959.2,
20230921,42,17.16,32633.8,32959.2,
20230921,42,17.18,32633.8,32959.2,
20230921,42,17.25,32633.8,32943.0,
20230921,42,17.30,32633.8,32942.2,
20230921,42,17.33,32633.8,32942.1,
20230921,42,17.35,32633.8,32890.1,
20230921,42,17.36,32686.7,32880.1,
20230921,42,17.38,32686.7,32880.1,
20230921,42,17.40,32686.7,32879.2,
20230921,42,17.45,32686.7,32869.7,
20230921,42,17.46,32686.7,32869.5,
20230921,42,17.50,32686.7,32843.5,
20230921,42,17.53,32706.6,32843.4,
20230921,42,17.57,32706.6,32843.4,
20230921,42,17.61,32706.6,32803.4,
20230921,42,17.62,32706.6,32773.4,
20230921,42,17.63,32716.6,32651.4,
20230921,42,17.65,32822.6,32651.4,
20230921,42,17.67,32822.6,32651.4,
20230921,42,17.68,32832.5,32651.3,
20230921,42,17.76,32832.5,32651.3,
20230921,42,17.87,32832.5,32621.3,
20230921,42,17.88,32832.5,32499.3,
20230921,42,17.92,32832.5,32498.7,
20230921,42,17.94,32832.5,32468.2,
20230921,42,17.96,32852.5,32467.9,
20230921,42,18.00,32852.5,32467.3,
20230921,42,18.03,32852.5,32465.1,
20230921,42,18.08,32852.5,32465.0,
20230921,42,18.13,32852.5,32435.0,
20230921,42,18.18,32852.5,32434.7,
20230921,42,18.19,32852.5,32301.6,
20230921,42,18.21,32852.5,32276.6,
20230921,42,18.23,32852.5,32154.6,
20230921,42,18.30,32852.5,32124.6,
20230921,42,18.35,32852.5,32124.5,
20230921,42,18.38,32852.5,32074.5,
20230921,42,18.45,32852.5,32044.5,
20230921,42,18.47,32852.5,32040.0,
20230921,42,18.50,32852.5,30608.0,
20230921,42,18.51,32852.7,30606.8,
20230921,42,18.54,32882.7,30606.8,
20230921,42,18.60,32882.7,30606.8,
20230921,42,18.63,32884.3,30606.7,
20230921,42,18.65,32884.3,30606.7,
20230921,42,18.70,32914.3,30588.5,
20230921,42,18.79,32914.3,30538.5,
20230921,42,18.84,32914.3,30538.4,
20230921,42,18.85,32947.3,30521.4,
20230921,42,18.86,32977.3,30521.4,
20230921,42,19.00,32977.3,30502.5,
20230921,42,19.01,33007.3,30499.9,
20230921,42,19.03,33010.3,30499.9,
20230921,42,19.08,33010.3,30499.9,
20230921,42,19.12,33010.3,30498.7,
20230921,42,19.52,33010.3,30398.7,
20230921,42,19.53,33020.1,30348.6,
20230921,42,19.59,33020.1,30348.6,
20230921,42,19.61,33020.1,30334.7,
20230921,42,19.63,33020.1,30333.4,
20230921,42,19.71,33229.1,30325.3,
20230921,42,19.80,33229.1,30325.3,
20230921,42,19.90,33229.1,30323.7,
20230921,42,19.92,33229.1,30323.6,
20230921,42,19.96,33268.9,30319.1,
20230921,42,20.00,33268.9,30319.1,
20230921,42,20.03,33268.9,30262.1,
20230921,42,20.07,33268.9,30210.1,
20230921,42,20.11,33275.4,30130.6,
20230921,42,20.21,33275.4,30130.6,
20230921,42,20.23,33295.3,30053.6,
20230921,42,20.48,33305.3,30053.6,
20230921,42,20.62,33340.6,30053.6,
20230921,42,21.00,33340.6,30053.6,
20230921,42,21.12,33340.6,30051.7,
20230921,42,21.13,33340.6,29711.7,
20230921,42,21.40,33340.6,29661.7,
20230921,42,21.50,33340.6,29660.6,
20230921,42,21.88,33340.6,29610.7,
20230921,42,22.00,33340.6,29606.5,
20230921,42,22.28,33390.6,29473.6,
20230921,42,22.49,33390.7,29473.6,
20230921,42,22.80,33839.8,29473.6,
20230921,42,22.88,33839.8,29473.6,
20230921,42,23.00,33852.8,29467.4,
20230921,42,23.03,33852.8,29467.2,
20230921,42,23.13,33852.8,29467.1,
20230921,42,23.79,33852.8,29464.2,
20230921,42,23.82,33852.8,29463.2,
20230921,42,23.94,33852.8,29462.7,
20230921,42,24.13,33852.8,29462.0,
20230921,42,24.29,33852.8,29190.5,
20230921,42,24.56,33852.8,29166.5,
20230921,42,24.61,33852.8,29166.2,
20230921,42,24.71,33852.8,29149.8,
20230921,42,24.92,33852.8,29137.9,
20230921,42,25.00,33852.8,29097.0,
20230921,42,25.26,33852.8,29095.3,
20230921,42,26.38,33852.8,29090.6,
20230921,42,27.00,33852.8,29086.7,
20230921,42,27.01,33852.8,29024.6,
20230921,42,28.00,33852.8,29016.0,
20230921,42,28.62,33852.8,29013.0,
20230921,42,28.63,33852.8,29010.3,
20230921,42,29.72,33852.8,29008.0,
20230921,42,29.92,33852.8,29007.4,
20230921,42,29.97,33852.8,29006.8,
20230921,42,30.00,33852.8,29006.6,
20230921,42,30.01,33852.8,28944.1,
20230921,42,30.56,33852.8,28931.9,
20230921,42,30.78,33852.8,28930.9,
20230921,42,30.88,33852.8,28926.5,
20230921,42,32.00,33852.8,28924.6,
20230921,42,32.70,33854.5,28707.8,
20230921,42,33.03,33854.5,28707.8,
20230921,42,33.13,33854.5,28707.3,
20230921,42,33.33,33854.5,28706.3,
20230921,42,33.65,33854.5,28673.3,
20230921,42,33.90,33854.5,28672.8,
20230921,42,34.00,33854.5,28672.1,
20230921,42,34.89,33854.5,28646.6,
20230921,42,35.00,33854.5,28642.1,
20230921,42,35.29,33854.5,28587.3,
20230921,42,35.38,33854.5,28586.8,
20230921,42,35.56,33854.5,28585.8,
20230921,42,35.62,33854.5,28585.2,
20230921,42,35.89,33854.5,28579.2,
20230921,42,36.00,33854.5,28568.5,
20230921,42,36.60,33854.5,28526.3,
20230921,42,36.94,33854.5,28521.9,
20230921,42,37.63,33854.5,28497.0,
20230921,42,37.90,33854.5,28496.0,
20230921,42,39.88,33854.5,28463.1,
20230921,42,39.98,33914.5,28462.1,
20230921,42,40.00,33914.5,28462.1,
20230921,42,40.01,33914.5,28380.4,
20230921,42,42.13,33914.5,28380.3,
20230921,42,44.72,33914.5,28375.9,
20230921,42,45.00,33914.5,28375.4,
20230921,42,45.01,33914.5,28274.4,
20230921,42,45.12,33914.5,28040.0,
20230921,42,46.00,33914.5,28036.6,
20230921,42,47.00,33914.5,28011.6,
20230921,42,47.83,33914.5,27973.5,
20230921,42,47.94,33914.5,27956.0,
20230921,42,50.00,33915.5,27942.4,
20230921,42,50.01,33916.5,27849.8,
20230921,42,50.90,33916.5,27849.8,
20230921,42,54.50,33916.5,27846.9,
20230921,42,58.50,33916.5,27846.8,
20230921,42,60.00,33916.5,27846.5,
20230921,42,60.12,33916.5,27766.8,
20230921,42,61.00,33916.5,27759.1,
20230921,42,62.00,33916.5,27743.5,
20230921,42,65.00,33923.0,27697.2,
20230921,42,67.94,33923.0,27697.2,
20230921,42,77.24,33923.0,27658.8,
20230921,42,77.80,33923.0,27475.4,
20230921,42,79.90,33923.0,27431.7,
20230921,42,79.98,33943.0,27427.6,
20230921,42,80.00,33943.0,27427.6,
20230921,42,80.01,33943.0,26788.0,
20230921,42,80.05,33943.0,26402.6,
20230921,42,80.10,33943.0,26401.2,
20230921,42,80.12,33943.0,26384.8,
20230921,42,80.20,33943.0,26340.2,
20230921,42,80.21,33963.0,26332.2,
20230921,42,80.50,33963.0,26332.2,
20230921,42,81.00,33963.0,26332.1,
20230921,42,82.01,33963.0,26225.4,
20230921,42,85.00,33963.0,26090.6,
20230921,42,90.00,33963.0,26067.8,
20230921,42,99.90,33963.0,26033.7,
20230921,42,100.00,33963.0,26033.1,
20230921,42,100.01,33974.9,24012.7,
20230921,42,101.00,33974.9,24012.7,
20230921,42,102.00,33974.9,23866.8,
20230921,42,105.00,33974.9,23802.2,
20230921,42,120.10,33974.9,23802.0,
20230921,42,130.00,33974.9,23758.5,
20230921,42,138.00,33974.9,23751.5,
20230921,42,150.00,33974.9,23642.3,
20230921,42,190.00,33974.9,23639.5,
20230921,42,200.00,33974.9,23637.9,
20230921,42,200.01,33974.9,21694.3,
20230921,42,200.10,33974.9,20252.8,
20230921,42,200.50,33974.9,20107.2,
20230921,42,201.00,33974.9,20101.9,
20230921,42,210.00,33974.9,20006.5,
20230921,42,250.00,33974.9,19706.7,
20230921,42,300.00,33974.9,19520.0,
20230921,42,500.00,33974.9,18994.4,
20230921,42,548.66,33974.9,18992.4,
20230921,42,550.02,33974.9,18624.0,
20230921,42,999.00,33974.9,18418.8,
20230921,42,999.99,33974.9,0.0,
20230921,43,0.00,0.0,42558.0,
20230921,43,0.00,11381.9,42558.0,
20230921,43,0.01,29638.9,42558.0,
20230921,43,0.02,29782.0,42555.0,
20230921,43,0.03,29782.0,42542.6,
20230921,43,0.04,29791.0,42509.7,
20230921,43,0.10,29791.0,42509.7,
20230921,43,0.20,29791.0,42389.6,
20230921,43,0.30,29791.0,42289.6,
20230921,43,0.38,29889.6,42285.6,
20230921,43,0.60,29890.6,42285.6,
20230921,43,0.62,29890.6,42285.6,
20230921,43,0.70,29891.6,42205.6,
20230921,43,0.80,29892.6,42205.6,
20230921,43,0.90,29893.6,42205.6,
20230921,43,1.00,30578.6,42205.6,
20230921,43,1.01,30578.6,42076.8,
20230921,43,1.12,30578.6,42031.8,
20230921,43,1.96,30713.4,41991.8,
20230921,43,2.01,30713.4,41991.8,
20230921,43,2.10,30713.4,41951.8,
20230921,43,2.12,30713.4,41945.8,
20230921,43,2.15,30826.7,41865.8,
20230921,43,2.19,30835.7,41865.8,
20230921,43,2.38,30839.7,41865.8,
20230921,43,2.52,30842.2,41865.8,
20230921,43,3.00,30844.9,41865.8,
20230921,43,3.01,30844.9,41805.8,
20230921,43,3.12,30844.9,41755.8,
20230921,43,3.96,30847.9,41635.8,
20230921,43,4.36,30857.0,41635.8,
20230921,43,4.38,30861.0,41635.8,
20230921,43,4.65,30868.2,41635.8,
20230921,43,5.00,31055.5,41635.8,
20230921,43,5.01,31055.5,41297.0,
20230921,43,5.02,31058.1,41217.0,
20230921,43,5.12,31058.1,41217.0,
20230921,43,5.50,31058.2,41137.0,
20230921,43,5.96,31061.2,41137.0,
20230921,43,6.00,31080.9,41137.0,
20230921,43,6.16,31080.9,41078.4,
20230921,43,6.17,31082.4,41076.4,
20230921,43,6.26,31082.4,41076.4,
20230921,43,6.38,31086.8,41068.8,
20230921,43,6.50,31096.8,41068.8,
20230921,43,6.54,31106.0,41068.8,
20230921,43,6.56,31106.0,41068.8,
20230921,43,6.57,31110.9,41064.1,
20230921,43,6.67,31110.9,41064.1,
20230921,43,6.94,31120.8,40564.1,
20230921,43,7.00,31121.3,40564.1,
20230921,43,7.01,31121.3,40564.0,
20230921,43,7.12,31121.3,40402.9,
20230921,43,7.50,31161.3,40322.9,
20230921,43,7.53,31163.8,40322.9,
20230921,43,7.61,31164.2,40322.9,
20230921,43,7.70,31166.6,40322.9,
20230921,43,7.90,31166.6,40322.9,
20230921,43,7.94,31166.6,40315.0,
20230921,43,7.96,31169.6,40199.0,
20230921,43,8.00,31198.3,40199.0,
20230921,43,8.01,31198.3,40138.9,
20230921,43,8.02,31225.5,40135.9,
20230921,43,8.38,31230.5,40135.9,
20230921,43,8.50,31230.5,40135.9,
20230921,43,8.59,31230.5,40125.9,
20230921,43,8.71,31239.6,40124.7,
20230921,43,9.00,31239.6,40124.7,
20230921,43,9.23,31239.6,40124.6,
20230921,43,9.36,31239.6,39977.6,
20230921,43,9.50,31239.6,39830.6,
20230921,43,9.60,31239.6,39683.6,
20230921,43,9.66,31239.6,39615.6,
20230921,43,9.79,31239.6,39468.6,
20230921,43,9.80,31239.6,39463.2,
20230921,43,9.81,31239.6,39413.2,
20230921,43,9.82,31239.6,39363.2,
20230921,43,9.96,31242.6,39313.2,
20230921,43,10.00,31311.2,39313.2,
20230921,43,10.03,31314.6,39011.1,
20230921,43,10.05,31334.6,39011.1,
20230921,43,10.17,31334.6,39011.1,
20230921,43,10.20,31334.6,38981.1,
20230921,43,10.21,31334.6,38857.1,
20230921,43,10.22,31334.6,38582.1,
20230921,43,10.23,31334.6,38296.2,
20230921,43,10.38,31339.9,38246.2,
20230921,43,10.46,31339.9,38122.2,
20230921,43,10.50,31400.9,37998.2,
20230921,43,10.51,31400.9,37908.2,
20230921,43,10.89,31417.7,37784.2,
20230921,43,11.00,31417.7,37784.2,
20230921,43,11.04,31417.7,37784.0,
20230921,43,11.09,31418.3,37774.0,
20230921,43,11.10,31420.8,37774.0,
20230921,43,11.18,31422.2,37774.0,
20230921,43,11.19,31422.2,37774.0,
20230921,43,11.28,31422.2,37604.9,
20230921,43,11.29,31422.8,37604.8,
20230921,43,11.30,31424.0,37604.8,
20230921,43,11.31,31426.4,37604.8,
20230921,43,11.39,31443.6,37604.8,
20230921,43,11.40,31443.6,37604.8,
20230921,43,11.50,31444.2,37453.8,
20230921,43,11.52,31446.7,37403.8,
20230921,43,11.61,31446.7,37403.8,
20230921,43,11.67,31446.7,37238.8,
20230921,43,11.70,31447.3,37087.8,
20230921,43,11.72,31453.3,37087.8,
20230921,43,11.73,31455.7,37087.8,
20230921,43,11.77,31455.7,37045.5,
20230921,43,11.85,31455.7,36845.5,
20230921,43,11.90,31456.3,36645.5,
20230921,43,11.91,31456.3,36645.5,
20230921,43,11.95,31458.6,36445.5,
20230921,43,11.96,31461.6,36444.1,
20230921,43,11.98,31461.6,36444.1,
20230921,43,12.00,31464.3,36419.1,
20230921,43,12.01,31464.6,36213.8,
20230921,43,12.08,31464.6,36213.8,
20230921,43,12.12,31464.6,36013.8,
20230921,43,12.14,31464.6,35983.8,
20230921,43,12.15,31464.6,35973.8,
20230921,43,12.25,31464.6,35773.8,
20230921,43,12.27,31464.6,35573.8,
20230921,43,12.30,31464.6,35563.8,
20230921,43,12.38,31470.6,35563.2,
20230921,43,12.39,31470.6,35363.2,
20230921,43,12.50,31538.6,35295.2,
20230921,43,12.54,31542.6,35285.2,
20230921,43,12.55,31542.6,35285.2,
20230921,43,12.61,31542.6,35281.4,
20230921,43,12.64,31542.6,35081.4,
20230921,43,12.65,31542.6,34881.4,
20230921,43,12.66,31543.5,34880.9,
20230921,43,12.78,31544.3,34459.8,
20230921,43,12.83,31544.8,34459.8,
20230921,43,12.87,31544.8,34459.8,
20230921,43,12.90,31545.7,34443.2,
20230921,43,12.97,31545.7,34443.2,
20230921,43,13.00,31545.7,34429.2,
20230921,43,13.01,31545.7,34398.0,
20230921,43,13.02,31548.7,34387.9,
20230921,43,13.03,31549.5,34354.2,
20230921,43,13.04,31549.5,34320.5,
20230921,43,13.05,31549.5,34266.8,
20230921,43,13.11,31549.5,34233.1,
20230921,43,13.12,31550.0,33791.1,
20230921,43,13.14,31555.5,33791.1,
20230921,43,13.15,31556.3,33791.1,
20230921,43,13.23,31556.3,33781.7,
20230921,43,13.35,31556.3,33723.7,
20230921,43,13.39,31681.7,33714.2,
20230921,43,13.42,31682.2,33714.2,
20230921,43,13.50,31692.2,33714.2,
20230921,43,13.55,31692.2,33714.2,
20230921,43,13.68,31692.2,33704.8,
20230921,43,13.71,31692.7,33704.5,
20230921,43,13.76,31692.7,33704.5,
20230921,43,13.79,31692.7,33685.6,
20230921,43,13.92,31692.7,33671.5,
20230921,43,13.95,31692.7,33471.5,
20230921,43,13.96,31695.7,33461.1,
20230921,43,14.00,31696.2,33461.1,
20230921,43,14.01,31696.2,33414.4,
20230921,43,14.10,31696.2,33158.4,
20230921,43,14.12,31696.2,33157.8,
20230921,43,14.14,31696.2,33127.8,
20230921,43,14.21,31696.2,33117.8,
20230921,43,14.27,31696.2,33117.2,
20230921,43,14.30,31696.2,33102.2,
20230921,43,14.32,31696.2,33101.8,
20230921,43,14.39,31696.2,33010.5,
20230921,43,14.40,31696.2,33000.5,
20230921,43,14.44,31696.2,32998.3,
20230921,43,14.48,31696.2,32991.0,
20230921,43,14.50,31696.2,32990.8,
20230921,43,14.53,31696.2,32989.9,
20230921,43,14.63,31696.2,32839.9,
20230921,43,14.70,31699.2,32553.9,
20230921,43,14.74,31699.2,32553.9,
20230921,43,14.80,31699.2,32551.7,
20230921,43,14.83,31699.2,32551.6,
20230921,43,14.99,31699.2,32551.5,
20230921,43,15.00,31937.2,32551.4,
20230921,43,15.01,31937.2,32454.2,
20230921,43,15.07,31937.2,32452.8,
20230921,43,15.10,31937.2,32450.6,
20230921,43,15.17,32033.2,32450.5,
20230921,43,15.20,32033.2,32450.5,
20230921,43,15.22,32033.2,32450.4,
20230921,43,15.40,32033.2,32434.3,
20230921,43,15.45,32033.2,32429.9,
20230921,43,15.51,32037.0,32391.9,
20230921,43,15.56,32037.0,32384.3,
20230921,43,15.58,32037.0,32384.1,
20230921,43,15.73,32037.0,32383.4,
20230921,43,15.74,32040.4,32379.0,
20230921,43,15.80,32040.4,32379.0,
20230921,43,15.81,32040.4,32378.7,
20230921,43,15.90,32051.4,32378.6,
20230921,43,15.91,32051.4,32268.6,
20230921,43,15.98,32115.4,32268.4,
20230921,43,16.00,32116.4,32268.4,
20230921,43,16.05,32116.4,32241.2,
20230921,43,16.10,32117.4,32233.0,
20230921,43,16.12,32181.4,32233.0,
20230921,43,16.20,32182.4,32233.0,
20230921,43,16.27,32246.4,32233.0,
20230921,43,16.30,32247.4,32233.0,
20230921,43,16.37,32311.4,32233.0,
20230921,43,16.38,32311.4,32233.0,
20230921,43,16.39,32311.4,32232.4,
20230921,43,16.46,32311.4,32212.4,
20230921,43,16.47,32375.4,32162.4,
20230921,43,16.53,32375.4,32162.4,
20230921,43,16.57,32439.4,32112.4,
20230921,43,16.61,32439.4,32112.4,
20230921,43,16.63,32439.4,32111.3,
20230921,43,16.70,32439.4,32110.9,
20230921,43,16.75,32503.4,32110.7,
20230921,43,16.85,32567.4,32110.7,
20230921,43,16.99,32567.4,32110.7,
20230921,43,17.00,32587.4,32110.6,
20230921,43,17.03,32651.4,32090.4,
20230921,43,17.04,32651.4,32090.4,
20230921,43,17.05,32651.4,32090.1,
20230921,43,17.08,32715.4,32089.5,
20230921,43,17.16,32733.0,32089.5,
20230921,43,17.18,32733.0,32089.5,
20230921,43,17.25,32733.0,32073.3,
20230921,43,17.30,32733.0,32072.5,
20230921,43,17.33,32733.0,32072.4,
20230921,43,17.40,32733.0,32001.5,
20230921,43,17.45,32733.0,31976.0,
20230921,43,17.50,32733.0,31975.8,
20230921,43,17.55,32733.0,31975.7,
20230921,43,17.56,32733.0,31951.7,
20230921,43,17.58,32733.0,31921.7,
20230921,43,17.62,32733.0,31921.6,
20230921,43,17.65,32839.0,31799.6,
20230921,43,17.70,32839.0,31799.6,
20230921,43,17.71,32839.0,31799.4,
20230921,43,17.79,32839.0,31769.4,
20230921,43,17.83,32839.0,31768.0,
20230921,43,17.87,32839.0,31636.8,
20230921,43,17.96,32839.0,31484.8,
20230921,43,18.00,32839.0,31484.5,
20230921,43,18.03,32839.0,31432.5,
20230921,43,18.12,32859.0,31402.4,
20230921,43,18.18,32859.0,31402.4,
20230921,43,18.21,32859.0,31372.4,
20230921,43,18.30,32859.0,31250.4,
20230921,43,18.33,32859.0,31250.3,
20230921,43,18.38,32859.0,31220.3,
20230921,43,18.47,32859.0,31215.6,
20230921,43,18.49,32889.0,30481.6,
20230921,43,18.50,32889.0,30481.6,
20230921,43,18.51,32889.2,30479.4,
20230921,43,18.60,32889.2,30479.4,
20230921,43,18.62,32889.2,30479.3,
20230921,43,18.63,32890.8,30474.8,
20230921,43,18.65,32920.8,30474.8,
20230921,43,18.70,32920.8,30456.7,
20230921,43,18.78,32920.8,30406.7,
20230921,43,18.81,32950.8,30405.5,
20230921,43,18.83,32950.8,30405.5,
20230921,43,18.84,32950.8,30404.2,
20230921,43,18.85,32982.8,30386.2,
20230921,43,18.96,33012.8,30386.2,
20230921,43,18.97,33012.8,30386.2,
20230921,43,19.00,33012.8,30381.7,
20230921,43,19.03,33025.8,30380.9,
20230921,43,19.33,33025.8,30380.9,
20230921,43,19.49,33025.8,30367.9,
20230921,43,19.51,33025.8,30291.4,
20230921,43,19.64,33025.8,30243.4,
20230921,43,19.71,33234.8,29980.8,
20230921,43,19.96,33234.8,29980.8,
20230921,43,20.00,33234.8,29977.8,
20230921,43,20.02,33234.8,29911.2,
20230921,43,20.11,33241.3,29859.2,
20230921,43,20.12,33289.1,29849.2,
20230921,43,20.13,33289.1,29849.2,
20230921,43,20.21,33289.1,29839.3,
20230921,43,20.27,33319.0,29719.3,
20230921,43,20.38,33319.0,29719.3,
20230921,43,20.39,33328.9,29717.2,
20230921,43,20.62,33364.1,29717.2,
20230921,43,21.00,33364.1,29717.2,
20230921,43,21.12,33364.1,29715.5,
20230921,43,21.50,33364.1,29265.5,
20230921,43,21.96,33364.1,29264.6,
20230921,43,22.00,33364.1,29262.4,
20230921,43,22.04,33364.1,29215.2,
20230921,43,22.05,33364.1,29212.3,
20230921,43,22.28,33414.1,29206.3,
20230921,43,22.38,33414.1,29206.3,
20230921,43,22.40,33414.2,29204.3,
20230921,43,22.58,33414.2,29204.3,
20230921,43,22.63,33414.2,29203.2,
20230921,43,22.80,33863.3,29202.0,
20230921,43,23.00,33876.3,29202.0,
20230921,43,23.03,33876.3,29201.8,
20230921,43,23.27,33876.3,29201.7,
20230921,43,23.83,33876.3,29182.8,
20230921,43,23.96,33876.3,29170.7,
20230921,43,23.97,33876.3,29168.7,
20230921,43,23.98,33876.3,29127.9,
20230921,43,24.13,33876.3,29123.5,
20230921,43,24.29,33876.3,29112.7,
20230921,43,24.38,33876.3,29085.7,
20230921,43,25.00,33876.3,29083.7,
20230921,43,25.96,33876.3,29082.5,
20230921,43,26.38,33876.3,29080.7,
20230921,43,27.00,33876.3,29079.6,
20230921,43,27.01,33876.3,29019.6,
20230921,43,27.96,33876.3,29009.7,
20230921,43,28.17,33876.3,29008.7,
20230921,43,28.38,33876.3,29006.2,
20230921,43,28.65,33876.3,29005.5,
20230921,43,29.22,33876.3,29004.3,
20230921,43,29.35,33876.3,28985.3,
20230921,43,29.96,33876.3,28980.9,
20230921,43,29.97,33876.3,28979.9,
20230921,43,30.00,33876.3,28977.8,
20230921,43,30.01,33876.3,28915.2,
20230921,43,30.56,33876.3,28907.9,
20230921,43,31.96,33876.3,28906.9,
20230921,43,32.00,33876.3,28905.9,
20230921,43,32.66,33876.3,28704.5,
20230921,43,32.92,33876.3,28703.3,
20230921,43,33.03,33876.3,28698.8,
20230921,43,33.19,33876.3,28698.4,
20230921,43,33.33,33876.3,28693.5,
20230921,43,33.96,33876.3,28661.5,
20230921,43,34.00,33876.3,28660.5,
20230921,43,34.33,33876.3,28636.1,
20230921,43,34.41,33876.3,28635.0,
20230921,43,34.66,33876.3,28630.6,
20230921,43,34.71,33876.3,28615.4,
20230921,43,35.00,33876.3,28601.1,
20230921,43,35.96,33876.3,28553.7,
20230921,43,36.00,33876.3,28552.7,
20230921,43,37.96,33876.3,28514.6,
20230921,43,38.20,33876.3,28513.6,
20230921,43,39.96,33876.3,28481.6,
20230921,43,39.98,33936.3,28478.0,
20230921,43,40.00,33936.3,28478.0,
20230921,43,40.01,33936.3,28391.4,
20230921,43,45.00,33936.3,28391.3,
20230921,43,45.01,33936.3,28288.5,
20230921,43,45.12,33936.3,28025.4,
20230921,43,45.80,33936.3,28022.2,
20230921,43,46.00,33936.3,28005.6,
20230921,43,46.06,33936.3,27984.1,
20230921,43,47.00,33936.3,27971.2,
20230921,43,49.50,33936.3,27937.5,
20230921,43,50.00,33936.3,27937.4,
20230921,43,50.01,33937.3,27851.3,
20230921,43,50.90,33937.3,27851.3,
20230921,43,53.50,33937.3,27848.5,
20230921,43,60.00,33937.3,27848.2,
20230921,43,60.12,33937.3,27772.7,
20230921,43,61.00,33937.3,27766.4,
20230921,43,62.00,33937.3,27751.5,
20230921,43,67.94,33937.3,27706.8,
20230921,43,77.24,33937.3,27670.0,
20230921,43,77.80,33937.3,27263.5,
20230921,43,79.90,33937.3,27205.9,
20230921,43,79.98,33957.3,27202.8,
20230921,43,80.00,33957.3,27202.8,
20230921,43,80.01,33957.3,26585.8,
20230921,43,80.10,33957.3,26237.2,
20230921,43,80.12,33957.3,26223.0,
20230921,43,80.20,33957.3,26180.5,
20230921,43,80.21,33977.2,26172.4,
20230921,43,80.50,33977.2,26172.4,
20230921,43,81.00,33977.2,26172.3,
20230921,43,82.01,33977.2,26059.7,
20230921,43,85.00,33977.2,25931.4,
20230921,43,90.00,33977.2,25913.5,
20230921,43,99.90,33977.2,25880.4,
20230921,43,100.00,33977.2,25879.9,
20230921,43,100.01,33988.9,24105.2,
20230921,43,101.00,33988.9,24105.2,
20230921,43,102.00,33988.9,23959.3,
20230921,43,105.00,33988.9,23898.8,
20230921,43,120.10,33988.9,23898.6,
20230921,43,130.00,33988.9,23858.4,
20230921,43,138.00,33988.9,23851.5,
20230921,43,150.00,33988.9,23746.1,
20230921,43,190.00,33988.9,23743.3,
20230921,43,200.00,33988.9,23741.8,
20230921,43,200.01,33988.9,21872.5,
20230921,43,200.10,33988.9,20478.3,
20230921,43,200.50,33988.9,20332.1,
20230921,43,200.98,33988.9,20326.8,
20230921,43,200.99,33988.9,20326.7,
20230921,43,201.00,33988.9,20326.6,
20230921,43,210.00,33988.9,20237.8,
20230921,43,250.00,33988.9,19941.8,
20230921,43,300.00,33988.9,19756.6,
20230921,43,500.00,33988.9,19231.3,
20230921,43,548.66,33988.9,19229.3,
20230921,43,550.02,33988.9,18904.9,
20230921,43,999.00,33988.9,18699.7,
20230921,43,999.99,33988.9,0.0,
20230921,44,0.00,0.0,41452.3,
20230921,44,0.00,11177.2,41452.3,
20230921,44,0.01,29512.5,41452.3,
20230921,44,0.02,29664.7,41449.4,
20230921,44,0.03,29664.7,41437.0,
20230921,44,0.04,29673.2,41405.0,
20230921,44,0.10,29673.2,41405.0,
20230921,44,0.20,29673.2,41284.9,
20230921,44,0.30,29673.2,41184.9,
20230921,44,0.60,29674.2,41180.9,
20230921,44,0.62,29674.2,41180.9,
20230921,44,0.70,29675.2,41100.9,
20230921,44,0.80,29676.2,41100.9,
20230921,44,0.90,29677.2,41100.9,
20230921,44,1.00,30390.6,41100.9,
20230921,44,1.01,30390.6,40918.6,
20230921,44,1.06,30411.9,40873.6,
20230921,44,1.12,30411.9,40873.6,
20230921,44,1.50,30525.4,40833.6,
20230921,44,2.01,30525.4,40833.6,
20230921,44,2.10,30525.4,40793.6,
20230921,44,2.12,30525.4,40787.6,
20230921,44,2.15,30638.7,40707.6,
20230921,44,2.19,30641.6,40707.6,
20230921,44,2.45,30644.1,40707.6,
20230921,44,3.00,30647.2,40707.6,
20230921,44,3.01,30647.2,40647.6,
20230921,44,3.06,30650.2,40597.6,
20230921,44,3.12,30650.2,40597.6,
20230921,44,3.50,30654.2,40477.6,
20230921,44,4.36,30657.2,40477.6,
20230921,44,4.65,30663.3,40477.6,
20230921,44,4.89,30665.9,40477.6,
20230921,44,5.00,30851.8,40477.6,
20230921,44,5.01,30851.8,40143.0,
20230921,44,5.06,30854.8,40063.0,
20230921,44,5.12,30854.8,40063.0,
20230921,44,5.50,30859.5,39983.0,
20230921,44,6.00,30882.1,39983.0,
20230921,44,6.26,30882.1,39925.2,
20230921,44,6.39,30882.1,39917.6,
20230921,44,6.40,30883.5,39915.7,
20230921,44,6.50,30893.5,39915.7,
20230921,44,6.54,30902.4,39915.7,
20230921,44,6.67,30902.4,39915.7,
20230921,44,6.80,30902.4,39415.7,
20230921,44,6.81,30907.2,39411.4,
20230921,44,6.94,30918.5,39411.4,
20230921,44,7.00,30919.0,39411.4,
20230921,44,7.01,30919.0,39411.3,
20230921,44,7.06,30922.0,39260.4,
20230921,44,7.12,30922.0,39260.4,
20230921,44,7.34,30924.5,39180.4,
20230921,44,7.47,30924.5,39180.4,
20230921,44,7.50,30969.9,39064.4,
20230921,44,7.70,30972.5,39064.4,
20230921,44,7.90,30972.5,39064.4,
20230921,44,7.94,30972.5,39056.3,
20230921,44,8.00,31001.0,38940.3,
20230921,44,8.01,31001.0,38880.2,
20230921,44,8.02,31026.9,38877.4,
20230921,44,8.50,31026.9,38877.4,
20230921,44,8.59,31026.9,38867.4,
20230921,44,8.71,31036.0,38866.2,
20230921,44,9.00,31037.5,38866.2,
20230921,44,9.06,31040.5,38866.1,
20230921,44,9.23,31040.5,38866.1,
20230921,44,9.36,31040.5,38719.1,
20230921,44,9.50,31046.0,38572.1,
20230921,44,9.60,31046.0,38425.1,
20230921,44,9.66,31046.0,38359.1,
20230921,44,9.78,31048.6,38212.1,
20230921,44,9.79,31048.6,38212.1,
20230921,44,9.80,31048.6,38206.3,
20230921,44,9.81,31048.6,38156.3,
20230921,44,9.82,31048.6,38106.3,
20230921,44,10.00,31121.5,38056.3,
20230921,44,10.05,31141.5,37754.2,
20230921,44,10.17,31141.5,37754.2,
20230921,44,10.20,31141.5,37724.2,
20230921,44,10.21,31141.5,37600.2,
20230921,44,10.22,31141.5,37325.1,
20230921,44,10.23,31141.5,37041.2,
20230921,44,10.28,31149.3,36991.2,
20230921,44,10.38,31149.3,36991.2,
20230921,44,10.46,31149.3,36867.2,
20230921,44,10.50,31210.3,36743.2,
20230921,44,10.51,31210.3,36653.2,
20230921,44,10.57,31210.3,36529.2,
20230921,44,10.70,31210.3,36519.2,
20230921,44,10.89,31219.3,36509.2,
20230921,44,11.00,31219.6,36509.2,
20230921,44,11.01,31220.2,36509.1,
20230921,44,11.02,31222.7,36509.1,
20230921,44,11.06,31225.7,36509.1,
20230921,44,11.13,31226.3,36509.1,
20230921,44,11.14,31228.7,36509.1,
20230921,44,11.18,31234.5,36509.1,
20230921,44,11.19,31234.5,36509.1,
20230921,44,11.25,31235.1,36339.2,
20230921,44,11.27,31237.6,36339.2,
20230921,44,11.28,31237.6,36339.2,
20230921,44,11.30,31239.0,36339.1,
20230921,44,11.33,31239.0,36339.1,
20230921,44,11.37,31239.6,36309.1,
20230921,44,11.39,31258.4,36309.1,
20230921,44,11.40,31258.4,36309.1,
20230921,44,11.42,31258.4,36158.1,
20230921,44,11.43,31258.4,36148.1,
20230921,44,11.50,31265.0,36138.1,
20230921,44,11.52,31267.3,36087.7,
20230921,44,11.61,31267.3,36087.2,
20230921,44,11.67,31267.3,35922.2,
20230921,44,11.73,31267.3,35771.2,
20230921,44,11.74,31273.1,35728.9,
20230921,44,11.77,31273.1,35728.9,
20230921,44,11.85,31273.1,35528.9,
20230921,44,11.91,31273.1,35304.9,
20230921,44,11.94,31273.1,35104.9,
20230921,44,11.95,31273.1,35104.4,
20230921,44,11.99,31274.7,35103.6,
20230921,44,12.00,31276.8,34903.6,
20230921,44,12.07,31276.8,34898.8,
20230921,44,12.14,31276.8,34698.8,
20230921,44,12.15,31276.8,34695.2,
20230921,44,12.22,31279.3,34494.0,
20230921,44,12.25,31279.3,34494.0,
20230921,44,12.26,31404.6,34294.0,
20230921,44,12.32,31405.5,34294.0,
20230921,44,12.36,31405.5,34294.0,
20230921,44,12.42,31406.3,34078.0,
20230921,44,12.50,31474.3,34078.0,
20230921,44,12.52,31475.2,34068.0,
20230921,44,12.57,31475.2,34068.0,
20230921,44,12.61,31475.2,34048.0,
20230921,44,12.62,31476.0,33848.0,
20230921,44,12.64,31476.0,33848.0,
20230921,44,12.65,31476.0,33811.5,
20230921,44,12.66,31476.0,33809.3,
20230921,44,12.70,31476.0,33748.3,
20230921,44,12.71,31476.8,33738.3,
20230921,44,12.77,31476.8,33728.9,
20230921,44,12.80,31476.8,33715.3,
20230921,44,12.88,31476.8,33713.1,
20230921,44,12.89,31482.5,33703.6,
20230921,44,12.94,31482.5,33703.6,
20230921,44,12.97,31482.5,33701.4,
20230921,44,13.00,31482.5,33688.4,
20230921,44,13.01,31482.5,33657.4,
20230921,44,13.02,31485.3,33647.4,
20230921,44,13.03,31485.3,33613.7,
20230921,44,13.04,31485.3,33580.0,
20230921,44,13.05,31485.3,33536.9,
20230921,44,13.06,31488.3,33503.2,
20230921,44,13.09,31488.3,33503.2,
20230921,44,13.21,31488.3,33498.8,
20230921,44,13.28,31488.3,33479.9,
20230921,44,13.33,31488.3,33391.2,
20230921,44,13.42,31488.3,33361.2,
20230921,44,13.43,31488.3,33346.2,
20230921,44,13.50,31498.3,33336.2,
20230921,44,13.67,31498.3,33336.2,
20230921,44,13.87,31498.3,33336.0,
20230921,44,13.95,31498.3,33136.0,
20230921,44,14.00,31498.3,33126.0,
20230921,44,14.08,31498.3,33082.4,
20230921,44,14.10,31498.3,32839.4,
20230921,44,14.21,31498.3,32838.8,
20230921,44,14.30,31498.3,32838.2,
20230921,44,14.50,31518.3,32837.8,
20230921,44,14.53,31518.3,32836.7,
20230921,44,14.63,31518.3,32636.7,
20230921,44,14.64,31518.3,32371.0,
20230921,44,14.68,31518.3,32364.0,
20230921,44,14.70,31521.3,32256.0,
20230921,44,14.76,31521.3,32226.0,
20230921,44,14.80,31521.3,32225.7,
20230921,44,14.83,31521.3,32225.6,
20230921,44,14.99,31522.8,32225.5,
20230921,44,15.00,31760.8,32225.4,
20230921,44,15.01,31760.8,32158.8,
20230921,44,15.10,31760.8,32157.5,
20230921,44,15.15,31760.8,32157.4,
20230921,44,15.16,31760.8,32137.1,
20230921,44,15.17,31836.5,31925.1,
20230921,44,15.20,31836.5,31925.1,
20230921,44,15.22,31836.5,31925.0,
20230921,44,15.35,31836.5,31908.7,
20230921,44,15.42,31836.5,31907.6,
20230921,44,15.43,31836.5,31882.6,
20230921,44,15.45,31836.5,31862.6,
20230921,44,15.50,31836.5,31824.6,
20230921,44,15.51,31840.2,31824.0,
20230921,44,15.58,31840.2,31816.4,
20230921,44,15.68,31840.7,31815.7,
20230921,44,15.73,31840.7,31815.7,
20230921,44,15.74,31845.7,31812.9,
20230921,44,15.80,31845.7,31812.9,
20230921,44,15.81,31845.7,31812.6,
20230921,44,15.85,31845.7,31812.5,
20230921,44,15.90,31856.7,31812.3,
20230921,44,15.91,31856.7,31612.3,
20230921,44,15.98,31920.7,31612.1,
20230921,44,16.00,31921.7,31612.1,
20230921,44,16.05,31921.7,31609.9,
20230921,44,16.10,31922.7,31601.7,
20230921,44,16.12,31986.7,31601.7,
20230921,44,16.16,31986.7,31601.7,
20230921,44,16.20,31987.7,31597.2,
20230921,44,16.23,31987.7,31597.2,
20230921,44,16.27,32051.7,31597.0,
20230921,44,16.28,32051.7,31597.0,
20230921,44,16.30,32052.7,31547.0,
20230921,44,16.33,32052.7,31547.0,
20230921,44,16.37,32119.7,31478.1,
20230921,44,16.40,32119.7,31478.1,
20230921,44,16.70,32119.7,31477.8,
20230921,44,16.75,32119.7,31477.6,
20230921,44,16.94,32119.7,31477.5,
20230921,44,16.99,32119.7,31477.2,
20230921,44,17.00,32119.7,31477.1,
20230921,44,17.06,32119.7,31457.1,
20230921,44,17.07,32120.2,31456.8,
20230921,44,17.18,32120.2,31456.8,
20230921,44,17.23,32120.2,31440.6,
20230921,44,17.25,32120.2,31440.0,
20230921,44,17.33,32140.2,31439.2,
20230921,44,17.35,32140.2,31387.2,
20230921,44,17.40,32140.2,31381.2,
20230921,44,17.45,32140.2,31371.8,
20230921,44,17.50,32140.2,31371.6,
20230921,44,17.51,32140.2,31367.0,
20230921,44,17.55,32140.2,31337.0,
20230921,44,17.62,32140.2,31314.0,
20230921,44,17.65,32246.2,31192.0,
20230921,44,17.66,32246.2,31063.8,
20230921,44,17.76,32246.7,31033.8,
20230921,44,17.79,32246.7,31033.8,
20230921,44,17.82,32246.7,31032.5,
20230921,44,17.87,32246.7,31002.5,
20230921,44,17.95,32246.7,30961.5,
20230921,44,17.97,32246.7,30824.5,
20230921,44,18.00,32246.7,30794.5,
20230921,44,18.03,32246.7,30741.6,
20230921,44,18.08,32246.7,30741.3,
20230921,44,18.14,32276.7,30620.3,
20230921,44,18.23,32276.7,30620.3,
20230921,44,18.27,32276.7,30619.0,
20230921,44,18.29,32306.7,30614.5,
20230921,44,18.30,32306.7,30614.5,
20230921,44,18.44,32336.7,30614.4,
20230921,44,18.45,32337.2,30614.4,
20230921,44,18.50,32337.2,30614.4,
20230921,44,18.60,32367.2,30613.1,
20230921,44,18.63,32368.8,30613.0,
20230921,44,18.65,32368.8,30613.0,
20230921,44,18.69,32368.8,30594.6,
20230921,44,18.70,32368.8,30584.7,
20230921,44,18.75,32398.8,30534.7,
20230921,44,18.78,32398.8,30534.7,
20230921,44,18.81,32398.8,30522.5,
20230921,44,18.84,32398.8,30221.5,
20230921,44,18.85,32430.5,30203.2,
20230921,44,18.91,32460.5,30203.2,
20230921,44,19.00,32460.5,30203.2,
20230921,44,19.03,32483.5,30202.4,
20230921,44,19.06,32483.5,30202.4,
20230921,44,19.12,32483.5,30199.4,
20230921,44,19.20,32483.5,30198.3,
20230921,44,19.23,32483.5,30076.3,
20230921,44,19.32,32483.5,30044.3,
20230921,44,19.33,32531.3,30034.3,
20230921,44,19.38,32531.3,30034.3,
20230921,44,19.42,32561.2,30030.3,
20230921,44,19.43,32571.1,30030.2,
20230921,44,19.50,32571.1,30030.2,
20230921,44,19.69,32571.1,30028.2,
20230921,44,19.71,32780.1,29777.1,
20230921,44,19.75,32780.1,29777.1,
20230921,44,19.89,32780.1,29725.1,
20230921,44,20.00,32780.1,29654.4,
20230921,44,20.11,32786.6,29589.7,
20230921,44,20.51,32786.9,29589.7,
20230921,44,20.62,32822.1,29589.7,
20230921,44,20.69,32822.1,29589.7,
20230921,44,21.00,32822.1,29588.5,
20230921,44,21.06,32822.1,29586.9,
20230921,44,21.12,32822.1,29584.7,
20230921,44,21.28,32822.1,29014.7,
20230921,44,21.40,32822.1,29010.3,
20230921,44,21.44,32822.2,29007.5,
20230921,44,21.50,32822.2,29007.5,
20230921,44,21.54,32822.2,29004.7,
20230921,44,21.75,32822.2,28985.8,
20230921,44,22.00,32822.2,28984.8,
20230921,44,22.23,32822.2,28914.0,
20230921,44,22.28,32872.2,28908.1,
20230921,44,22.80,33321.3,28908.1,
20230921,44,22.85,33321.3,28908.1,
20230921,44,22.92,33321.3,28897.8,
20230921,44,23.00,33334.3,28719.8,
20230921,44,23.03,33334.3,28719.6,
20230921,44,23.06,33334.3,28719.5,
20230921,44,23.23,33334.3,28717.5,
20230921,44,23.27,33334.3,28705.4,
20230921,44,23.50,33334.3,28664.7,
20230921,44,25.00,33334.3,28662.9,
20230921,44,25.06,33334.3,28662.8,
20230921,44,25.50,33334.3,28661.2,
20230921,44,26.03,33334.3,28660.2,
20230921,44,26.40,33334.3,28659.0,
20230921,44,26.74,33334.3,28654.6,
20230921,44,27.00,33334.3,28635.6,
20230921,44,27.01,33334.3,28580.6,
20230921,44,27.06,33334.3,28569.3,
20230921,44,27.50,33334.3,28568.3,
20230921,44,28.68,33334.3,28567.8,
20230921,44,29.06,33334.3,28565.3,
20230921,44,29.59,33334.3,28564.3,
20230921,44,29.82,33334.3,28563.1,
20230921,44,29.97,33334.3,28558.6,
20230921,44,30.00,33334.3,28552.6,
20230921,44,30.01,33334.3,28465.2,
20230921,44,30.21,33334.3,28463.3,
20230921,44,30.56,33334.3,28453.0,
20230921,44,31.06,33334.3,28452.0,
20230921,44,31.07,33334.3,28451.0,
20230921,44,31.24,33334.3,28449.9,
20230921,44,31.37,33334.3,28445.5,
20230921,44,31.52,33334.3,28431.8,
20230921,44,32.00,33334.3,28424.4,
20230921,44,33.03,33334.3,28235.0,
20230921,44,33.06,33334.3,28234.6,
20230921,44,33.33,33334.3,28233.6,
20230921,44,34.00,33334.3,28201.6,
20230921,44,35.00,33334.3,28178.6,
20230921,44,35.06,33334.3,28136.7,
20230921,44,36.00,33334.3,28135.7,
20230921,44,37.06,33334.3,28101.2,
20230921,44,37.90,33334.3,28100.2,
20230921,44,39.06,33334.3,28069.2,
20230921,44,39.98,33394.3,28066.2,
20230921,44,40.00,33394.3,28066.2,
20230921,44,40.01,33394.3,27983.9,
20230921,44,43.50,33394.3,27983.8,
20230921,44,43.70,33394.3,27983.7,
20230921,44,44.92,33394.3,27964.5,
20230921,44,45.00,33394.3,27952.2,
20230921,44,45.01,33394.3,27855.5,
20230921,44,45.12,33394.3,27461.0,
20230921,44,46.00,33394.3,27458.1,
20230921,44,47.50,33394.3,27440.2,
20230921,44,50.00,33394.3,27439.9,
20230921,44,50.01,33395.4,27343.0,
20230921,44,50.12,33395.4,27343.0,
20230921,44,50.90,33395.4,27296.4,
20230921,44,60.00,33395.4,27293.8,
20230921,44,61.00,33395.4,27221.3,
20230921,44,62.00,33395.4,27206.9,
20230921,44,67.94,33395.4,27163.5,
20230921,44,77.24,33395.4,27128.1,
20230921,44,77.80,33395.4,26602.4,
20230921,44,79.90,33395.4,26548.4,
20230921,44,79.98,33415.4,26546.1,
20230921,44,80.00,33415.4,26546.1,
20230921,44,80.01,33415.4,25848.5,
20230921,44,80.10,33415.4,25622.3,
20230921,44,80.20,33415.4,25610.6,
20230921,44,80.21,33435.3,25602.5,
20230921,44,80.50,33435.3,25602.5,
20230921,44,81.00,33435.3,25602.4,
20230921,44,82.01,33435.3,25486.5,
20230921,44,85.00,33435.3,25364.1,
20230921,44,90.00,33435.3,25349.3,
20230921,44,99.90,33435.3,25317.2,
20230921,44,100.00,33435.3,25316.6,
20230921,44,100.01,33446.9,23803.2,
20230921,44,101.00,33446.9,23803.2,
20230921,44,102.00,33446.9,23657.3,
20230921,44,105.00,33446.9,23598.7,
20230921,44,120.10,33446.9,23598.5,
20230921,44,130.00,33446.9,23560.7,
20230921,44,138.00,33446.9,23554.1,
20230921,44,150.00,33446.9,23451.8,
20230921,44,190.00,33446.9,23449.0,
20230921,44,200.00,33446.9,23447.7,
20230921,44,200.01,33446.9,21774.0,
20230921,44,200.10,33446.9,20370.2,
20230921,44,200.50,33446.9,20223.7,
20230921,44,200.99,33446.9,20218.4,
20230921,44,201.00,33446.9,20218.3,
20230921,44,210.00,33446.9,20135.0,
20230921,44,250.00,33446.9,19843.2,
20230921,44,300.00,33446.9,19658.7,
20230921,44,500.00,33446.9,19133.4,
20230921,44,548.66,33446.9,19131.4,
20230921,44,550.02,33446.9,18879.0,
20230921,44,999.00,33446.9,18673.8,
20230921,44,999.99,33446.9,0.0,
20230921,45,0.00,0.0,40589.8,
20230921,45,0.00,11039.5,40589.8,
20230921,45,0.01,28902.3,40589.8,
20230921,45,0.02,29058.4,40587.0,
20230921,45,0.03,29058.4,40574.6,
20230921,45,0.04,29068.8,40543.2,
20230921,45,0.10,29068.8,40543.2,
20230921,45,0.20,29068.8,40423.1,
20230921,45,0.30,29068.8,40323.1,
20230921,45,0.62,29068.8,40319.1,
20230921,45,0.70,29159.4,40239.1,
20230921,45,1.00,29815.6,40239.1,
20230921,45,1.01,29959.8,40100.0,
20230921,45,1.12,29959.8,40055.0,
20230921,45,2.01,29959.8,40025.0,
20230921,45,2.10,29962.7,39985.0,
20230921,45,2.12,29962.7,39979.0,
20230921,45,2.15,30076.1,39919.0,
20230921,45,2.20,30080.1,39919.0,
20230921,45,2.49,30082.6,39919.0,
20230921,45,2.51,30085.6,39919.0,
20230921,45,3.00,30088.8,39919.0,
20230921,45,3.01,30088.8,39858.9,
20230921,45,3.12,30088.8,39808.9,
20230921,45,3.23,30089.1,39718.9,
20230921,45,3.70,30093.1,39718.9,
20230921,45,3.72,30093.1,39718.9,
20230921,45,3.73,30093.9,39710.5,
20230921,45,4.00,30093.9,39710.5,
20230921,45,4.01,30097.4,39708.7,
20230921,45,4.18,30105.4,39708.7,
20230921,45,4.65,30111.1,39708.7,
20230921,45,4.96,30113.7,39708.7,
20230921,45,5.00,30286.7,39708.7,
20230921,45,5.01,30286.7,39419.7,
20230921,45,5.04,30286.7,39339.7,
20230921,45,5.12,30286.7,38839.7,
20230921,45,5.20,30290.7,38779.7,
20230921,45,5.50,30290.8,38779.7,
20230921,45,5.51,30293.8,38779.7,
20230921,45,6.00,30319.1,38779.7,
20230921,45,6.26,30319.1,38723.1,
20230921,45,6.27,30328.3,38715.5,
20230921,45,6.50,30338.3,38715.5,
20230921,45,6.70,30343.0,38715.5,
20230921,45,6.94,30355.6,38715.5,
20230921,45,7.00,30356.2,38715.5,
20230921,45,7.01,30359.2,38715.4,
20230921,45,7.12,30359.2,38571.8,
20230921,45,7.44,30361.7,38511.8,
20230921,45,7.47,30361.7,38511.8,
20230921,45,7.50,30383.4,38395.8,
20230921,45,7.70,30386.0,38395.8,
20230921,45,7.90,30386.0,38395.8,
20230921,45,7.94,30386.0,38387.9,
20230921,45,8.00,30416.7,38271.8,
20230921,45,8.01,30416.7,38172.7,
20230921,45,8.02,30441.3,38170.1,
20230921,45,8.20,30446.3,38170.1,
20230921,45,8.35,30455.4,38170.1,
20230921,45,8.50,30455.4,38170.1,
20230921,45,8.51,30458.4,38160.1,
20230921,45,8.59,30458.4,38160.1,
20230921,45,9.00,30458.4,38158.8,
20230921,45,9.09,30458.4,38151.8,
20230921,45,9.23,30458.4,37994.8,
20230921,45,9.36,30458.4,37847.8,
20230921,45,9.50,30458.4,37700.8,
20230921,45,9.60,30458.4,37553.8,
20230921,45,9.66,30458.4,37490.8,
20230921,45,9.70,30464.3,37343.8,
20230921,45,9.79,30464.3,37343.8,
20230921,45,9.80,30464.3,37338.0,
20230921,45,9.81,30464.3,37288.0,
20230921,45,9.82,30464.3,37238.0,
20230921,45,9.91,30466.9,37176.0,
20230921,45,10.00,30529.2,37176.0,
20230921,45,10.01,30532.2,36892.3,
20230921,45,10.05,30552.2,36892.3,
20230921,45,10.17,30552.2,36892.3,
20230921,45,10.20,30552.2,36862.3,
20230921,45,10.21,30552.2,36728.3,
20230921,45,10.22,30552.2,36453.2,
20230921,45,10.23,30552.2,36169.3,
20230921,45,10.26,30552.2,36119.3,
20230921,45,10.38,30552.2,36109.3,
20230921,45,10.44,30561.2,35985.3,
20230921,45,10.46,30561.2,35985.3,
20230921,45,10.50,30610.2,35861.3,
20230921,45,10.51,30610.2,35771.3,
20230921,45,10.54,30613.3,35647.3,
20230921,45,10.64,30616.3,35647.3,
20230921,45,10.74,30619.4,35647.3,
20230921,45,10.83,30620.0,35647.3,
20230921,45,10.85,30622.4,35617.3,
20230921,45,10.92,30630.3,35617.3,
20230921,45,10.93,30630.9,35617.3,
20230921,45,10.95,30633.2,35617.3,
20230921,45,11.00,30633.2,35616.8,
20230921,45,11.09,30633.2,35598.2,
20230921,45,11.12,30633.2,35588.2,
20230921,45,11.13,30633.2,35587.6,
20230921,45,11.18,30639.0,35577.6,
20230921,45,11.19,30639.0,35577.6,
20230921,45,11.20,30645.0,35406.7,
20230921,45,11.21,30660.6,35406.7,
20230921,45,11.29,30660.6,35406.7,
20230921,45,11.40,30660.6,35406.2,
20230921,45,11.41,30660.6,35255.2,
20230921,45,11.45,30666.1,35214.7,
20230921,45,11.46,30666.1,35214.7,
20230921,45,11.50,30666.1,35213.5,
20230921,45,11.51,30669.1,35162.7,
20230921,45,11.61,30669.1,35162.7,
20230921,45,11.67,30669.1,34997.7,
20230921,45,11.69,30672.1,34846.7,
20230921,45,11.77,30672.1,34846.7,
20230921,45,11.80,30672.1,34646.7,
20230921,45,11.85,30672.1,34646.5,
20230921,45,11.91,30672.1,34446.5,
20230921,45,11.95,30672.1,34246.5,
20230921,45,11.98,30672.1,34245.7,
20230921,45,12.00,30673.3,34222.7,
20230921,45,12.08,30673.3,34019.0,
20230921,45,12.14,30673.3,33819.0,
20230921,45,12.15,30673.3,33815.6,
20230921,45,12.20,30673.3,33615.6,
20230921,45,12.21,30676.8,33605.6,
20230921,45,12.24,30676.8,33605.6,
20230921,45,12.25,30676.8,33589.8,
20230921,45,12.26,30785.2,33389.8,
20230921,45,12.38,30785.2,33369.8,
20230921,45,12.39,30788.5,33169.8,
20230921,45,12.45,30788.5,33169.8,
20230921,45,12.50,30856.5,33134.9,
20230921,45,12.52,30857.4,33123.9,
20230921,45,12.60,30863.4,33123.9,
20230921,45,12.61,30863.4,33123.9,
20230921,45,12.64,30864.2,32911.0,
20230921,45,12.66,30864.7,32911.0,
20230921,45,12.77,30865.6,32853.0,
20230921,45,12.83,30865.6,32767.5,
20230921,45,12.88,30865.6,32737.5,
20230921,45,12.90,30866.4,32480.0,
20230921,45,12.93,30866.9,32480.0,
20230921,45,12.95,30866.9,32480.0,
20230921,45,12.96,30891.9,32479.8,
20230921,45,13.00,30891.9,32479.8,
20230921,45,13.01,30895.0,32466.5,
20230921,45,13.02,30897.7,32456.7,
20230921,45,13.03,30898.5,32423.0,
20230921,45,13.04,30898.5,32377.7,
20230921,45,13.05,30898.5,32344.0,
20230921,45,13.09,30898.5,32310.3,
20230921,45,13.13,30898.5,32300.3,
20230921,45,13.18,30898.5,32285.3,
20230921,45,13.20,30899.0,32285.2,
20230921,45,13.24,30899.0,32285.1,
20230921,45,13.39,30899.0,32273.4,
20230921,45,13.41,30899.0,32173.4,
20230921,45,13.45,30899.0,32171.4,
20230921,45,13.47,30899.5,32159.8,
20230921,45,13.50,30909.5,32159.8,
20230921,45,13.66,30909.5,32159.8,
20230921,45,13.74,30910.0,32136.5,
20230921,45,13.78,30910.0,32136.5,
20230921,45,13.87,30910.0,32013.5,
20230921,45,13.92,30910.0,31813.5,
20230921,45,13.95,30910.0,31595.5,
20230921,45,13.98,30910.0,31585.9,
20230921,45,14.00,30910.0,31585.7,
20230921,45,14.10,30910.0,31441.2,
20230921,45,14.16,30910.0,31440.6,
20230921,45,14.20,30910.0,31433.9,
20230921,45,14.30,30910.0,31403.3,
20230921,45,14.32,30910.0,31399.9,
20230921,45,14.50,30930.0,31187.9,
20230921,45,14.53,30930.0,31186.8,
20230921,45,14.55,30930.0,30946.8,
20230921,45,14.74,30930.0,30946.2,
20230921,45,14.80,30930.0,30945.1,
20230921,45,14.83,30930.0,30945.0,
20230921,45,14.99,30930.0,30889.9,
20230921,45,15.00,31168.0,30889.8,
20230921,45,15.01,31168.0,30889.5,
20230921,45,15.09,31168.0,30887.9,
20230921,45,15.10,31168.0,30867.9,
20230921,45,15.13,31168.0,30867.8,
20230921,45,15.15,31168.0,30842.8,
20230921,45,15.17,31248.3,30827.1,
20230921,45,15.20,31248.3,30827.1,
20230921,45,15.22,31248.3,30827.0,
20230921,45,15.45,31248.3,30810.6,
20230921,45,15.51,31248.3,30772.6,
20230921,45,15.58,31248.3,30765.0,
20230921,45,15.70,31248.3,30764.4,
20230921,45,15.73,31248.3,30683.1,
20230921,45,15.80,31248.3,30675.3,
20230921,45,15.89,31248.3,30675.0,
20230921,45,15.90,31254.3,30674.8,
20230921,45,15.91,31254.3,30624.8,
20230921,45,15.98,31318.3,30624.6,
20230921,45,16.00,31319.3,30624.6,
20230921,45,16.01,31319.3,30622.4,
20230921,45,16.04,31319.3,30622.1,
20230921,45,16.05,31319.3,30621.6,
20230921,45,16.10,31320.3,30613.4,
20230921,45,16.12,31398.6,30613.4,
20230921,45,16.20,31399.6,30613.4,
20230921,45,16.22,31399.6,30563.4,
20230921,45,16.28,31399.6,30513.4,
20230921,45,16.30,31400.6,30469.4,
20230921,45,16.40,31400.6,30469.4,
20230921,45,16.41,31400.6,30460.0,
20230921,45,16.50,31400.6,30459.9,
20230921,45,16.70,31400.6,30459.1,
20230921,45,16.83,31420.6,30459.0,
20230921,45,16.99,31420.6,30459.0,
20230921,45,17.00,31420.6,30458.9,
20230921,45,17.02,31420.6,30438.9,
20230921,45,17.04,31420.6,30434.4,
20230921,45,17.07,31420.6,30415.5,
20230921,45,17.18,31420.6,30415.3,
20230921,45,17.20,31420.6,30399.1,
20230921,45,17.25,31420.6,30397.1,
20230921,45,17.27,31420.6,30396.3,
20230921,45,17.37,31420.6,30344.3,
20230921,45,17.45,31420.6,30335.3,
20230921,45,17.50,31420.6,30335.1,
20230921,45,17.51,31420.6,30333.3,
20230921,45,17.52,31420.6,30330.3,
20230921,45,17.55,31420.6,30300.3,
20230921,45,17.60,31420.6,30278.3,
20230921,45,17.62,31420.6,30265.3,
20230921,45,17.65,31497.6,30143.3,
20230921,45,17.67,31497.6,30143.3,
20230921,45,17.76,31497.6,30113.3,
20230921,45,17.79,31497.6,30108.7,
20230921,45,17.84,31497.6,30107.0,
20230921,45,17.94,31497.6,30077.0,
20230921,45,17.95,31497.6,30076.4,
20230921,45,17.99,31497.6,29953.5,
20230921,45,18.00,31497.6,29923.5,
20230921,45,18.03,31497.6,29871.3,
20230921,45,18.07,31497.6,29871.2,
20230921,45,18.11,31497.6,29845.2,
20230921,45,18.14,31497.6,29844.1,
20230921,45,18.19,31497.6,29814.1,
20230921,45,18.30,31497.6,29572.2,
20230921,45,18.35,31497.6,29542.1,
20230921,45,18.45,31497.6,29540.8,
20230921,45,18.50,31497.6,29510.8,
20230921,45,18.60,31497.6,29510.0,
20230921,45,18.62,31527.6,29509.9,
20230921,45,18.63,31531.5,29504.4,
20230921,45,18.65,31531.5,29504.4,
20230921,45,18.70,31531.5,29486.0,
20230921,45,18.71,31531.5,29434.0,
20230921,45,18.77,31561.5,29133.0,
20230921,45,18.78,31561.5,29133.0,
20230921,45,18.81,31561.5,29121.8,
20230921,45,18.82,31561.5,29101.8,
20230921,45,18.83,31609.3,29091.8,
20230921,45,18.84,31609.3,29091.8,
20230921,45,18.85,31640.0,29072.5,
20230921,45,18.93,31670.0,29072.5,
20230921,45,19.00,31670.0,29072.5,
20230921,45,19.01,31670.0,29071.7,
20230921,45,19.03,31689.0,29069.6,
20230921,45,19.08,31689.0,29069.6,
20230921,45,19.09,31698.9,29069.5,
20230921,45,19.13,31728.8,29069.5,
20230921,45,19.20,31728.8,29069.5,
20230921,45,19.46,31728.8,29035.5,
20230921,45,19.69,31728.8,28972.0,
20230921,45,19.71,31937.8,28735.5,
20230921,45,19.73,31937.8,28735.5,
20230921,45,20.00,31937.8,28683.5,
20230921,45,20.11,31949.2,28620.4,
20230921,45,20.20,31949.2,28620.4,
20230921,45,20.27,31949.2,28617.7,
20230921,45,20.51,31949.5,28550.7,
20230921,45,21.00,31949.5,28548.7,
20230921,45,21.04,31949.5,28547.3,
20230921,45,21.10,31949.6,28544.5,
20230921,45,21.12,31949.6,28544.5,
20230921,45,21.25,31949.6,27774.5,
20230921,45,21.41,31949.6,27765.5,
20230921,45,21.70,31949.6,27764.5,
20230921,45,21.90,31949.6,27763.5,
20230921,45,22.00,31949.6,27763.0,
20230921,45,22.01,31949.6,27709.5,
20230921,45,22.28,31999.6,27708.0,
20230921,45,22.61,31999.6,27708.0,
20230921,45,22.66,31999.6,27703.6,
20230921,45,22.76,31999.6,27684.7,
20230921,45,22.80,32448.7,27643.3,
20230921,45,22.94,32448.7,27643.3,
20230921,45,23.00,32461.7,27636.6,
20230921,45,23.03,32461.7,27636.6,
20230921,45,23.20,32461.7,27636.5,
20230921,45,23.35,32461.7,27636.2,
20230921,45,23.51,32461.7,27624.3,
20230921,45,25.00,32461.7,27623.3,
20230921,45,25.01,32461.7,27622.5,
20230921,45,25.67,32461.7,27621.5,
20230921,45,26.51,32461.7,27620.3,
20230921,45,27.00,32461.7,27619.3,
20230921,45,27.01,32461.7,27557.4,
20230921,45,27.17,32461.7,27544.8,
20230921,45,28.00,32461.7,27542.3,
20230921,45,28.01,32461.7,27542.0,
20230921,45,28.20,32461.7,27541.0,
20230921,45,28.29,32461.7,27536.6,
20230921,45,29.10,32461.7,27517.6,
20230921,45,29.31,32461.7,27516.8,
20230921,45,29.51,32461.7,27515.6,
20230921,45,29.97,32461.7,27514.6,
20230921,45,30.00,32461.7,27513.4,
20230921,45,30.36,32461.7,27436.7,
20230921,45,30.56,32461.7,27427.7,
20230921,45,30.83,32461.7,27426.7,
20230921,45,31.01,32461.7,27425.6,
20230921,45,31.14,32461.7,27424.6,
20230921,45,31.93,32461.7,27412.6,
20230921,45,32.00,32461.7,27408.1,
20230921,45,32.04,32461.7,27237.6,
20230921,45,32.51,32461.7,27223.8,
20230921,45,33.03,32461.7,27222.0,
20230921,45,33.33,32461.7,27221.6,
20230921,45,33.48,32461.7,27190.6,
20230921,45,33.79,32461.7,27186.2,
20230921,45,34.00,32461.7,27181.9,
20230921,45,35.00,32461.7,27160.1,
20230921,45,36.00,32461.7,27123.4,
20230921,45,37.87,32461.7,27093.3,
20230921,45,39.98,32521.7,27063.8,
20230921,45,40.00,32521.7,27063.8,
20230921,45,40.01,32521.7,26986.9,
20230921,45,42.88,32521.7,26986.8,
20230921,45,43.50,32521.7,26964.9,
20230921,45,44.33,32521.7,26964.8,
20230921,45,45.00,32521.7,26953.2,
20230921,45,45.01,32521.7,26867.3,
20230921,45,45.12,32521.7,26417.6,
20230921,45,46.00,32521.7,26415.2,
20230921,45,47.50,32521.7,26401.8,
20230921,45,50.00,32521.7,26401.5,
20230921,45,50.01,32522.7,26325.2,
20230921,45,50.12,32522.7,26325.2,
20230921,45,50.90,32522.7,26320.6,
20230921,45,60.00,32522.7,26318.5,
20230921,45,61.00,32522.7,26248.8,
20230921,45,62.00,32522.7,26235.1,
20230921,45,67.94,32522.7,26192.3,
20230921,45,77.24,32522.7,26159.1,
20230921,45,77.80,32522.7,25580.6,
20230921,45,79.90,32522.7,25531.2,
20230921,45,79.98,32542.7,25529.3,
20230921,45,80.00,32542.7,25529.3,
20230921,45,80.01,32542.7,24862.5,
20230921,45,80.05,32542.7,24606.7,
20230921,45,80.10,32542.7,24601.0,
20230921,45,80.20,32542.7,24589.9,
20230921,45,80.21,32562.6,24581.8,
20230921,45,80.50,32562.6,24581.8,
20230921,45,81.00,32562.6,24581.7,
20230921,45,82.01,32562.6,24453.4,
20230921,45,85.00,32562.6,24339.8,
20230921,45,90.00,32562.6,24326.6,
20230921,45,99.90,32562.6,24295.6,
20230921,45,100.00,32562.6,24295.1,
20230921,45,100.01,32574.2,23078.0,
20230921,45,101.00,32574.2,23078.0,
20230921,45,102.00,32574.2,22932.1,
20230921,45,105.00,32574.2,22875.5,
20230921,45,120.10,32574.2,22875.3,
20230921,45,130.00,32574.2,22837.1,
20230921,45,138.00,32574.2,22830.6,
20230921,45,150.00,32574.2,22731.1,
20230921,45,190.00,32574.2,22728.5,
20230921,45,200.00,32574.2,22727.3,
20230921,45,200.01,32574.2,21193.2,
20230921,45,200.10,32574.2,19822.4,
20230921,45,200.50,32574.2,19681.6,
20230921,45,200.98,32574.2,19676.3,
20230921,45,200.99,32574.2,19676.2,
20230921,45,201.00,32574.2,19676.1,
20230921,45,210.00,32574.2,19593.2,
20230921,45,250.00,32574.2,19311.8,
20230921,45,300.00,32574.2,19128.6,
20230921,45,500.00,32574.2,18604.4,
20230921,45,548.66,32574.2,18602.4,
20230921,45,550.02,32574.2,18432.0,
20230921,45,999.00,32574.2,18226.8,
20230921,45,999.99,32574.2,0.0,
20230921,46,0.00,0.0,39658.2,
20230921,46,0.00,11172.6,39658.2,
20230921,46,0.01,29111.9,39658.2,
20230921,46,0.02,29273.4,39655.6,
20230921,46,0.03,29273.4,39643.2,
20230921,46,0.04,29285.6,39612.8,
20230921,46,0.10,29285.6,39612.8,
20230921,46,0.20,29285.6,39492.7,
20230921,46,0.30,29285.6,39392.7,
20230921,46,0.41,29439.7,39388.7,
20230921,46,0.62,29439.7,39388.7,
20230921,46,1.00,30102.3,39308.7,
20230921,46,1.01,30102.3,39181.3,
20230921,46,1.12,30102.3,39136.3,
20230921,46,1.45,30207.0,39106.3,
20230921,46,1.91,30210.0,39106.3,
20230921,46,2.01,30210.0,39106.3,
20230921,46,2.10,30210.0,39066.3,
20230921,46,2.12,30210.0,39060.3,
20230921,46,2.15,30323.4,39000.3,
20230921,46,2.22,30326.3,39000.3,
20230921,46,2.40,30328.8,39000.3,
20230921,46,2.95,30332.8,39000.3,
20230921,46,3.00,30336.3,39000.3,
20230921,46,3.01,30336.3,38940.2,
20230921,46,3.12,30336.3,38890.2,
20230921,46,3.41,30339.3,38800.2,
20230921,46,4.00,30339.3,38800.2,
20230921,46,4.01,30339.7,38798.5,
20230921,46,4.43,30348.0,38798.5,
20230921,46,4.45,30352.0,38798.5,
20230921,46,4.65,30357.2,38798.5,
20230921,46,4.79,30359.8,38798.5,
20230921,46,4.91,30362.8,38798.5,
20230921,46,5.00,30543.3,38798.5,
20230921,46,5.01,30543.3,38510.7,
20230921,46,5.04,30543.3,38430.7,
20230921,46,5.12,30543.3,37880.7,
20230921,46,5.50,30543.4,37820.7,
20230921,46,5.95,30548.1,37820.7,
20230921,46,6.00,30575.4,37820.7,
20230921,46,6.11,30575.4,37765.3,
20230921,46,6.12,30576.5,37757.3,
20230921,46,6.26,30576.5,37757.3,
20230921,46,6.41,30579.5,37749.7,
20230921,46,6.50,30589.5,37749.7,
20230921,46,6.63,30598.7,37749.7,
20230921,46,6.94,30604.4,37749.7,
20230921,46,7.00,30605.0,37749.7,
20230921,46,7.01,30605.0,37749.6,
20230921,46,7.12,30605.0,37612.3,
20230921,46,7.18,30607.5,37552.3,
20230921,46,7.45,30612.8,37552.3,
20230921,46,7.47,30612.8,37552.3,
20230921,46,7.50,30652.8,37436.3,
20230921,46,7.70,30655.4,37436.3,
20230921,46,7.90,30655.4,37436.3,
20230921,46,7.91,30658.4,37428.4,
20230921,46,7.94,30658.4,37428.4,
20230921,46,8.00,30689.2,37312.4,
20230921,46,8.01,30689.2,37213.5,
20230921,46,8.02,30712.6,37210.9,
20230921,46,8.50,30712.6,37210.9,
20230921,46,8.59,30712.6,37200.9,
20230921,46,8.84,30721.7,37199.7,
20230921,46,8.95,30727.7,37199.7,
20230921,46,9.00,30727.7,37199.7,
20230921,46,9.09,30727.7,37192.8,
20230921,46,9.12,30727.7,37035.8,
20230921,46,9.23,30727.7,37025.8,
20230921,46,9.34,30727.7,36878.8,
20230921,46,9.36,30727.7,36848.8,
20230921,46,9.41,30730.7,36701.8,
20230921,46,9.46,30730.7,36701.8,
20230921,46,9.50,30730.7,36691.8,
20230921,46,9.57,30734.4,36544.8,
20230921,46,9.60,30734.4,36544.8,
20230921,46,9.66,30734.4,36482.8,
20230921,46,9.79,30734.4,36335.8,
20230921,46,9.80,30734.4,36330.7,
20230921,46,9.81,30734.4,36280.7,
20230921,46,9.82,30734.4,36230.7,
20230921,46,10.00,30804.5,36168.7,
20230921,46,10.05,30824.6,35885.1,
20230921,46,10.13,30824.6,35885.1,
20230921,46,10.14,30824.6,35875.1,
20230921,46,10.17,30824.6,35865.1,
20230921,46,10.20,30824.6,35835.1,
20230921,46,10.21,30824.6,35711.1,
20230921,46,10.22,30824.6,35434.2,
20230921,46,10.23,30824.6,35148.3,
20230921,46,10.38,30824.6,35098.3,
20230921,46,10.45,30830.6,34974.3,
20230921,46,10.46,30830.6,34974.3,
20230921,46,10.50,30855.6,34850.3,
20230921,46,10.51,30855.6,34760.3,
20230921,46,10.69,30863.5,34636.3,
20230921,46,10.91,30866.5,34636.3,
20230921,46,11.00,30866.5,34636.3,
20230921,46,11.05,30875.5,34617.5,
20230921,46,11.12,30875.5,34617.5,
20230921,46,11.18,30881.3,34607.5,
20230921,46,11.19,30881.3,34607.5,
20230921,46,11.23,30896.0,34435.8,
20230921,46,11.25,30899.1,34435.8,
20230921,46,11.34,30899.1,34435.8,
20230921,46,11.40,30899.1,34405.8,
20230921,46,11.45,30902.1,34254.8,
20230921,46,11.46,30902.1,34254.8,
20230921,46,11.50,30902.1,34234.8,
20230921,46,11.58,30907.3,34144.7,
20230921,46,11.61,30907.3,34144.7,
20230921,46,11.62,30907.3,33979.7,
20230921,46,11.64,30910.4,33976.5,
20230921,46,11.67,30910.4,33976.5,
20230921,46,11.69,30913.4,33825.5,
20230921,46,11.71,30919.7,33802.5,
20230921,46,11.73,30919.7,33802.5,
20230921,46,11.75,30919.7,33602.5,
20230921,46,11.80,30919.7,33587.3,
20230921,46,11.84,30922.7,33387.1,
20230921,46,11.87,30922.7,33387.1,
20230921,46,11.94,30922.7,33187.1,
20230921,46,11.95,30922.7,32987.1,
20230921,46,11.96,30926.7,32986.3,
20230921,46,12.00,30927.9,32986.3,
20230921,46,12.02,30927.9,32982.7,
20230921,46,12.04,30930.8,32782.7,
20230921,46,12.07,30931.7,32782.2,
20230921,46,12.10,30931.7,32782.2,
20230921,46,12.13,30931.7,32582.2,
20230921,46,12.14,30931.7,32567.2,
20230921,46,12.17,30931.7,32557.2,
20230921,46,12.18,30931.7,32555.2,
20230921,46,12.19,30932.5,32355.2,
20230921,46,12.21,30936.4,32355.2,
20230921,46,12.23,30936.4,32355.2,
20230921,46,12.26,31044.8,32322.1,
20230921,46,12.30,31045.7,32322.1,
20230921,46,12.37,31045.7,32122.1,
20230921,46,12.41,31049.5,32121.5,
20230921,46,12.43,31049.5,32121.5,
20230921,46,12.44,31049.5,32109.3,
20230921,46,12.46,31050.0,31909.3,
20230921,46,12.50,31118.0,31909.3,
20230921,46,12.52,31118.8,31899.2,
20230921,46,12.66,31118.8,31887.6,
20230921,46,12.69,31118.8,31829.6,
20230921,46,12.70,31118.8,31748.1,
20230921,46,12.71,31118.8,31747.6,
20230921,46,12.72,31119.3,31735.9,
20230921,46,12.73,31119.3,31735.9,
20230921,46,12.78,31119.3,31535.9,
20230921,46,12.90,31119.3,31287.0,
20230921,46,12.97,31119.8,31275.4,
20230921,46,13.00,31119.8,31275.4,
20230921,46,13.01,31120.3,31263.0,
20230921,46,13.02,31220.9,31253.0,
20230921,46,13.03,31220.9,31219.3,
20230921,46,13.04,31220.9,31184.4,
20230921,46,13.05,31220.9,31150.7,
20230921,46,13.09,31220.9,31117.0,
20230921,46,13.12,31220.9,31093.7,
20230921,46,13.18,31220.9,31063.7,
20230921,46,13.20,31220.9,31063.6,
20230921,46,13.22,31221.4,31063.5,
20230921,46,13.34,31221.4,31063.5,
20230921,46,13.39,31221.4,31008.5,
20230921,46,13.45,31221.4,30908.5,
20230921,46,13.46,31221.4,30907.9,
20230921,46,13.50,31231.4,30877.9,
20230921,46,13.94,31231.4,30877.9,
20230921,46,13.95,31231.4,30877.6,
20230921,46,14.00,31231.4,30868.4,
20230921,46,14.10,31231.4,30748.2,
20230921,46,14.13,31231.4,30747.6,
20230921,46,14.14,31231.4,30722.6,
20230921,46,14.30,31231.4,30702.6,
20230921,46,14.50,31251.4,30699.2,
20230921,46,14.53,31251.4,30698.1,
20230921,46,14.55,31251.4,30408.1,
20230921,46,14.67,31251.4,30407.4,
20230921,46,14.76,31251.4,30405.4,
20230921,46,14.83,31251.4,30208.4,
20230921,46,14.87,31251.4,30208.3,
20230921,46,14.94,31251.4,30208.1,
20230921,46,14.95,31251.4,30207.9,
20230921,46,14.99,31251.4,30204.1,
20230921,46,15.00,31346.4,30204.0,
20230921,46,15.01,31346.4,30203.7,
20230921,46,15.15,31346.4,30202.5,
20230921,46,15.17,31433.5,30193.6,
20230921,46,15.20,31433.5,30193.6,
20230921,46,15.22,31433.5,30193.5,
20230921,46,15.34,31453.5,30179.5,
20230921,46,15.35,31453.5,30179.5,
20230921,46,15.41,31453.5,29967.5,
20230921,46,15.45,31453.5,29967.2,
20230921,46,15.51,31453.5,29929.2,
20230921,46,15.52,31453.5,29921.6,
20230921,46,15.58,31453.5,29921.4,
20230921,46,15.65,31453.5,29920.8,
20230921,46,15.68,31517.5,29919.7,
20230921,46,15.72,31528.9,29919.7,
20230921,46,15.73,31528.9,29919.7,
20230921,46,15.80,31528.9,29911.9,
20230921,46,15.81,31528.9,29911.6,
20230921,46,15.89,31528.9,29911.4,
20230921,46,15.90,31534.9,29911.3,
20230921,46,15.91,31534.9,29911.3,
20230921,46,16.00,31535.9,29911.1,
20230921,46,16.05,31535.9,29909.2,
20230921,46,16.10,31536.9,29901.0,
20230921,46,16.11,31536.9,29896.5,
20230921,46,16.20,31537.9,29877.6,
20230921,46,16.22,31537.9,29827.6,
20230921,46,16.30,31538.9,29777.6,
20230921,46,16.40,31538.9,29777.6,
20230921,46,16.45,31538.9,29768.3,
20230921,46,16.50,31538.9,29766.3,
20230921,46,16.70,31538.9,29765.7,
20230921,46,16.74,31538.9,29765.6,
20230921,46,16.80,31538.9,29765.3,
20230921,46,16.91,31538.9,29688.3,
20230921,46,16.93,31538.9,29685.3,
20230921,46,16.99,31538.9,29680.8,
20230921,46,17.00,31538.9,29680.7,
20230921,46,17.11,31538.9,29659.4,
20230921,46,17.18,31538.9,29649.5,
20230921,46,17.23,31538.9,29633.3,
20230921,46,17.25,31538.9,29581.3,
20230921,46,17.27,31538.9,29580.5,
20230921,46,17.33,31538.9,29579.9,
20230921,46,17.34,31586.7,29569.9,
20230921,46,17.37,31586.7,29569.9,
20230921,46,17.38,31586.7,29561.9,
20230921,46,17.45,31586.7,29517.9,
20230921,46,17.50,31586.7,29517.7,
20230921,46,17.53,31586.7,29516.6,
20230921,46,17.55,31586.7,29486.6,
20230921,46,17.58,31586.7,29464.6,
20230921,46,17.62,31586.7,29441.6,
20230921,46,17.65,31661.7,29421.6,
20230921,46,17.67,31661.7,29421.6,
20230921,46,17.68,31661.7,29420.5,
20230921,46,17.84,31661.7,29390.5,
20230921,46,17.88,31661.7,29360.5,
20230921,46,17.90,31661.7,29245.1,
20230921,46,17.93,31661.7,29243.9,
20230921,46,17.95,31661.7,29073.9,
20230921,46,17.99,31661.7,29071.9,
20230921,46,18.00,31661.7,29041.9,
20230921,46,18.03,31661.7,28989.7,
20230921,46,18.06,31661.7,28989.6,
20230921,46,18.07,31661.7,28901.6,
20230921,46,18.13,31691.6,28900.1,
20230921,46,18.14,31701.5,28900.0,
20230921,46,18.15,31701.5,28900.0,
20230921,46,18.30,31701.5,28870.0,
20230921,46,18.41,31701.5,28839.9,
20230921,46,18.45,31701.5,28837.8,
20230921,46,18.61,31701.5,28807.8,
20230921,46,18.62,31701.5,28777.8,
20230921,46,18.63,31707.1,28774.0,
20230921,46,18.65,31707.1,28774.0,
20230921,46,18.70,31707.1,28755.6,
20230921,46,18.81,31707.1,28705.6,
20230921,46,18.84,31707.1,28573.3,
20230921,46,18.85,31737.1,28553.3,
20230921,46,18.87,31737.1,28553.3,
20230921,46,18.88,31737.1,28252.3,
20230921,46,19.00,31737.1,28197.0,
20230921,46,19.03,31764.1,28196.2,
20230921,46,19.20,31764.1,28196.2,
20230921,46,19.45,31764.1,28158.2,
20230921,46,19.69,31764.1,28157.0,
20230921,46,19.71,31973.1,27938.4,
20230921,46,19.91,31973.1,27938.4,
20230921,46,20.00,31973.1,27936.4,
20230921,46,20.03,31973.1,27876.1,
20230921,46,20.11,31984.5,27874.9,
20230921,46,20.15,31984.6,27874.9,
20230921,46,20.52,31984.6,27874.9,
20230921,46,20.89,31984.6,27872.2,
20230921,46,20.90,31984.6,27871.2,
20230921,46,20.95,31984.6,27862.3,
20230921,46,21.00,31984.6,27861.3,
20230921,46,21.12,31984.6,27860.1,
20230921,46,21.15,31984.6,27085.7,
20230921,46,21.41,31984.6,27066.8,
20230921,46,21.93,31984.6,27065.4,
20230921,46,22.00,31984.6,27024.1,
20230921,46,22.27,31984.6,26973.4,
20230921,46,22.28,32034.6,26967.7,
20230921,46,22.80,32483.7,26967.7,
20230921,46,22.90,32483.7,26967.7,
20230921,46,22.91,32483.7,26956.0,
20230921,46,22.94,32483.7,26955.0,
20230921,46,23.00,32496.7,26954.5,
20230921,46,23.03,32496.7,26954.5,
20230921,46,23.71,32496.7,26954.4,
20230921,46,24.40,32496.7,26743.4,
20230921,46,24.41,32496.7,26742.2,
20230921,46,25.00,32496.7,26741.2,
20230921,46,25.91,32496.7,26740.4,
20230921,46,26.00,32496.7,26739.4,
20230921,46,26.13,32496.7,26737.4,
20230921,46,26.19,32496.7,26733.0,
20230921,46,26.51,32496.7,26714.0,
20230921,46,27.00,32496.7,26711.7,
20230921,46,27.01,32496.7,26636.7,
20230921,46,27.32,32496.7,26631.0,
20230921,46,27.41,32496.7,26629.8,
20230921,46,28.00,32496.7,26628.8,
20230921,46,28.53,32496.7,26628.7,
20230921,46,28.78,32496.7,26627.6,
20230921,46,28.91,32496.7,26617.2,
20230921,46,29.10,32496.7,26616.2,
20230921,46,29.48,32496.7,26615.4,
20230921,46,29.55,32496.7,26610.9,
20230921,46,29.97,32496.7,26605.1,
20230921,46,30.00,32496.7,26600.4,
20230921,46,30.36,32496.7,26535.4,
20230921,46,30.41,32496.7,26526.4,
20230921,46,30.56,32496.7,26525.4,
20230921,46,30.87,32496.7,26524.4,
20230921,46,31.15,32496.7,26520.0,
20230921,46,31.91,32496.7,26515.0,
20230921,46,32.00,32496.7,26514.1,
20230921,46,33.03,32496.7,26354.2,
20230921,46,33.33,32496.7,26353.9,
20230921,46,34.00,32496.7,26323.9,
20230921,46,35.00,32496.7,26303.4,
20230921,46,36.00,32496.7,26269.8,
20230921,46,37.87,32496.7,26243.2,
20230921,46,39.98,32556.7,26215.3,
20230921,46,40.00,32556.7,26215.3,
20230921,46,40.01,32556.7,26145.3,
20230921,46,40.50,32556.7,26145.2,
20230921,46,42.38,32556.7,26145.1,
20230921,46,44.34,32556.7,26124.4,
20230921,46,44.50,32556.7,26113.2,
20230921,46,45.00,32556.7,26112.9,
20230921,46,45.01,32556.7,26034.1,
20230921,46,45.12,32556.7,25572.6,
20230921,46,46.00,32556.7,25570.5,
20230921,46,50.00,32556.7,25560.9,
20230921,46,50.01,32557.7,25488.4,
20230921,46,50.12,32557.7,25488.4,
20230921,46,50.90,32557.7,25484.3,
20230921,46,60.00,32557.7,25482.6,
20230921,46,61.00,32557.7,25415.3,
20230921,46,62.00,32557.7,25402.5,
20230921,46,67.94,32557.7,25360.5,
20230921,46,77.24,32557.7,25328.3,
20230921,46,77.80,32557.7,24845.0,
20230921,46,79.90,32557.7,24799.1,
20230921,46,79.98,32577.7,24797.3,
20230921,46,80.00,32577.7,24797.3,
20230921,46,80.01,32577.7,24156.6,
20230921,46,80.10,32577.7,23902.4,
20230921,46,80.20,32577.7,23891.9,
20230921,46,80.21,32597.6,23883.8,
20230921,46,80.50,32597.6,23883.8,
20230921,46,81.00,32597.6,23883.7,
20230921,46,82.01,32597.6,23758.8,
20230921,46,85.00,32597.6,23652.9,
20230921,46,90.00,32597.6,23640.5,
20230921,46,99.90,32597.6,23610.3,
20230921,46,100.00,32597.6,23609.9,
20230921,46,100.01,32609.1,22615.3,
20230921,46,101.00,32609.1,22615.3,
20230921,46,102.00,32609.1,22469.4,
20230921,46,105.00,32609.1,22415.4,
20230921,46,120.10,32609.1,22415.2,
20230921,46,130.00,32609.1,22378.3,
20230921,46,138.00,32609.1,22372.2,
20230921,46,150.00,32609.1,22275.8,
20230921,46,190.00,32609.1,22273.2,
20230921,46,200.00,32609.1,22272.2,
20230921,46,200.01,32609.1,20710.2,
20230921,46,200.10,32609.1,19350.6,
20230921,46,200.50,32609.1,19209.7,
20230921,46,200.98,32609.1,19204.4,
20230921,46,200.99,32609.1,19204.3,
20230921,46,201.00,32609.1,19204.2,
20230921,46,210.00,32609.1,19124.0,
20230921,46,250.00,32609.1,18843.7,
20230921,46,300.00,32609.1,18661.4,
20230921,46,500.00,32609.1,18136.9,
20230921,46,548.66,32609.1,18134.9,
20230921,46,550.02,32609.1,18033.5,
20230921,46,999.00,32609.1,17828.3,
20230921,46,999.99,32609.1,0.0,
20230921,47,0.00,0.0,39213.9,
20230921,47,0.00,11145.8,39213.9,
20230921,47,0.01,29125.7,39213.9,
20230921,47,0.02,29292.6,39211.4,
20230921,47,0.03,29292.6,39199.0,
20230921,47,0.04,29306.2,39169.6,
20230921,47,0.05,29472.6,39169.6,
20230921,47,0.10,29472.6,39169.6,
20230921,47,0.20,29472.6,39049.5,
20230921,47,0.30,29472.6,38974.5,
20230921,47,0.62,29472.6,38970.5,
20230921,47,1.00,30168.2,38890.5,
20230921,47,1.01,30168.2,38773.3,
20230921,47,1.12,30168.2,38743.3,
20230921,47,1.29,30282.5,38713.3,
20230921,47,1.55,30285.5,38713.3,
20230921,47,2.01,30285.5,38713.3,
20230921,47,2.10,30285.5,38673.3,
20230921,47,2.12,30285.5,38667.3,
20230921,47,2.15,30398.9,38607.3,
20230921,47,2.18,30403.6,38607.3,
20230921,47,2.35,30406.1,38607.3,
20230921,47,2.79,30410.1,38607.3,
20230921,47,3.00,30413.7,38607.3,
20230921,47,3.01,30413.7,38547.2,
20230921,47,3.05,30416.7,38497.2,
20230921,47,3.12,30416.7,38497.2,
20230921,47,4.00,30416.7,38407.2,
20230921,47,4.01,30417.1,38405.6,
20230921,47,4.29,30421.1,38405.6,
20230921,47,4.34,30430.2,38405.6,
20230921,47,4.55,30433.2,38405.6,
20230921,47,4.65,30438.2,38405.6,
20230921,47,4.69,30440.8,38405.6,
20230921,47,5.00,30625.1,38405.6,
20230921,47,5.01,30625.1,38118.7,
20230921,47,5.04,30625.1,38048.7,
20230921,47,5.12,30625.1,37348.7,
20230921,47,5.32,30625.1,37288.7,
20230921,47,5.50,30625.2,37288.6,
20230921,47,5.79,30630.0,37288.6,
20230921,47,5.92,30630.0,37288.6,
20230921,47,5.93,30631.1,37280.9,
20230921,47,6.00,30659.1,37280.9,
20230921,47,6.05,30662.1,37224.5,
20230921,47,6.26,30662.1,37224.5,
20230921,47,6.50,30672.1,37216.9,
20230921,47,6.51,30681.3,37216.9,
20230921,47,6.94,30687.8,37216.9,
20230921,47,7.00,30688.4,37216.9,
20230921,47,7.01,30688.4,37216.8,
20230921,47,7.03,30691.7,37081.7,
20230921,47,7.12,30691.7,37081.7,
20230921,47,7.29,30697.1,37021.7,
20230921,47,7.47,30697.1,37021.7,
20230921,47,7.50,30737.1,36905.7,
20230921,47,7.55,30740.1,36905.7,
20230921,47,7.70,30742.7,36905.7,
20230921,47,7.90,30742.7,36905.7,
20230921,47,7.94,30742.7,36898.0,
20230921,47,8.00,30773.8,36782.0,
20230921,47,8.01,30773.8,36683.9,
20230921,47,8.02,30796.1,36681.5,
20230921,47,8.50,30796.1,36681.5,
20230921,47,8.59,30796.1,36671.5,
20230921,47,8.68,30805.2,36670.3,
20230921,47,8.77,30805.2,36670.3,
20230921,47,8.79,30811.2,36640.3,
20230921,47,8.96,30811.2,36640.3,
20230921,47,9.00,30811.2,36630.3,
20230921,47,9.05,30814.2,36623.4,
20230921,47,9.09,30814.2,36623.4,
20230921,47,9.19,30814.2,36466.4,
20230921,47,9.23,30814.2,36456.4,
20230921,47,9.36,30814.2,36309.4,
20230921,47,9.37,30818.4,36162.4,
20230921,47,9.50,30818.4,36162.4,
20230921,47,9.60,30818.4,36015.4,
20230921,47,9.66,30818.4,35956.4,
20230921,47,9.72,30826.3,35809.4,
20230921,47,9.79,30826.3,35809.4,
20230921,47,9.80,30826.3,35804.3,
20230921,47,9.81,30826.3,35754.3,
20230921,47,9.82,30826.3,35704.3,
20230921,47,10.00,30900.7,35643.3,
20230921,47,10.05,30921.3,35349.8,
20230921,47,10.15,30921.3,35349.8,
20230921,47,10.17,30921.3,35339.8,
20230921,47,10.20,30921.3,35309.8,
20230921,47,10.21,30921.3,35185.8,
20230921,47,10.22,30921.3,34909.2,
20230921,47,10.23,30921.3,34621.4,
20230921,47,10.29,30927.3,34571.4,
20230921,47,10.38,30927.3,34571.4,
20230921,47,10.46,30927.3,34447.4,
20230921,47,10.50,30930.8,34323.4,
20230921,47,10.51,30930.8,34233.4,
20230921,47,10.55,30933.8,34109.4,
20230921,47,10.77,30933.8,34109.4,
20230921,47,10.85,30942.8,34079.4,
20230921,47,10.96,30942.8,34079.4,
20230921,47,11.00,30942.8,34059.4,
20230921,47,11.06,30945.9,34040.6,
20230921,47,11.08,30952.4,34040.6,
20230921,47,11.18,30958.2,34040.6,
20230921,47,11.19,30958.2,34040.6,
20230921,47,11.27,30961.2,33858.9,
20230921,47,11.39,30961.2,33858.9,
20230921,47,11.40,30961.2,33855.9,
20230921,47,11.48,30964.3,33704.9,
20230921,47,11.50,30964.3,33704.9,
20230921,47,11.53,30978.1,33654.6,
20230921,47,11.58,30978.1,33654.6,
20230921,47,11.61,30978.1,33417.9,
20230921,47,11.66,30978.1,33252.9,
20230921,47,11.67,30978.1,33052.9,
20230921,47,11.69,30981.1,32901.9,
20230921,47,11.70,30984.1,32901.9,
20230921,47,11.71,30988.1,32901.9,
20230921,47,11.72,30993.1,32901.9,
20230921,47,11.75,30993.1,32901.9,
20230921,47,11.80,30994.0,32701.9,
20230921,47,11.83,30994.0,32701.7,
20230921,47,11.88,30994.8,32501.7,
20230921,47,11.89,30994.8,32501.7,
20230921,47,11.91,30997.7,32301.7,
20230921,47,11.92,30997.7,32301.2,
20230921,47,11.95,30998.2,32286.3,
20230921,47,11.97,30999.1,32285.6,
20230921,47,11.98,30999.1,32085.6,
20230921,47,12.00,31000.5,32063.6,
20230921,47,12.04,31000.5,32044.1,
20230921,47,12.05,31004.3,31844.1,
20230921,47,12.13,31004.3,31844.1,
20230921,47,12.14,31005.1,31644.1,
20230921,47,12.15,31005.1,31634.7,
20230921,47,12.19,31005.6,31624.7,
20230921,47,12.21,31008.8,31624.7,
20230921,47,12.23,31008.8,31624.7,
20230921,47,12.26,31117.2,31424.7,
20230921,47,12.28,31117.2,31424.1,
20230921,47,12.35,31117.2,31414.6,
20230921,47,12.39,31117.2,31214.6,
20230921,47,12.43,31117.7,31137.8,
20230921,47,12.50,31185.7,31128.4,
20230921,47,12.51,31185.7,31118.3,
20230921,47,12.57,31185.7,31118.1,
20230921,47,12.60,31185.7,31099.2,
20230921,47,12.62,31185.7,31068.3,
20230921,47,12.63,31185.7,31067.8,
20230921,47,12.65,31185.7,31056.3,
20230921,47,12.66,31185.7,30817.6,
20230921,47,12.67,31186.2,30759.6,
20230921,47,12.77,31186.2,30759.6,
20230921,47,12.85,31250.2,30704.6,
20230921,47,12.91,31250.7,30704.6,
20230921,47,12.96,31250.7,30704.6,
20230921,47,12.97,31250.7,30674.6,
20230921,47,12.99,31250.7,30673.4,
20230921,47,13.00,31250.7,30671.2,
20230921,47,13.01,31251.3,30659.3,
20230921,47,13.02,31400.7,30649.6,
20230921,47,13.03,31400.7,30615.9,
20230921,47,13.04,31400.7,30580.2,
20230921,47,13.05,31400.7,30546.5,
20230921,47,13.18,31464.7,30512.8,
20230921,47,13.19,31464.7,30512.7,
20230921,47,13.20,31464.7,30482.7,
20230921,47,13.23,31464.7,30482.6,
20230921,47,13.29,31464.7,30480.4,
20230921,47,13.39,31464.7,30479.8,
20230921,47,13.40,31464.7,30379.8,
20230921,47,13.43,31528.7,30379.6,
20230921,47,13.48,31528.7,30379.6,
20230921,47,13.50,31538.7,30377.4,
20230921,47,13.72,31538.7,30377.4,
20230921,47,13.95,31538.7,30373.0,
20230921,47,14.00,31538.7,30364.0,
20230921,47,14.07,31602.7,30225.7,
20230921,47,14.10,31602.7,30225.7,
20230921,47,14.15,31602.7,30225.1,
20230921,47,14.29,31602.7,30205.1,
20230921,47,14.30,31602.7,30204.8,
20230921,47,14.31,31602.7,30201.4,
20230921,47,14.50,31622.7,30189.4,
20230921,47,14.53,31622.7,30188.3,
20230921,47,14.55,31622.7,29848.3,
20230921,47,14.67,31622.7,29847.8,
20230921,47,14.69,31622.7,29837.8,
20230921,47,14.77,31642.7,29787.8,
20230921,47,14.79,31642.7,29787.8,
20230921,47,14.83,31642.7,29784.3,
20230921,47,14.95,31642.7,29784.2,
20230921,47,14.99,31642.7,29784.0,
20230921,47,15.00,31687.7,29783.9,
20230921,47,15.01,31687.7,29733.3,
20230921,47,15.05,31687.7,29732.1,
20230921,47,15.15,31687.7,29731.8,
20230921,47,15.17,31782.0,29730.1,
20230921,47,15.18,31782.0,29730.1,
20230921,47,15.20,31782.0,29729.9,
20230921,47,15.22,31782.0,29729.8,
20230921,47,15.25,31782.0,29715.1,
20230921,47,15.40,31782.0,29593.1,
20230921,47,15.41,31782.0,29574.2,
20230921,47,15.47,31782.0,29548.2,
20230921,47,15.48,31782.0,29548.0,
20230921,47,15.51,31782.0,29546.9,
20230921,47,15.54,31846.0,29539.3,
20230921,47,15.58,31846.0,29539.3,
20230921,47,15.67,31846.0,29538.7,
20230921,47,15.73,31846.0,29326.7,
20230921,47,15.80,31846.0,29318.9,
20230921,47,15.90,31852.0,29318.5,
20230921,47,15.91,31852.0,29318.5,
20230921,47,15.92,31852.0,29318.3,
20230921,47,16.00,31853.0,29312.4,
20230921,47,16.05,31853.0,29310.6,
20230921,47,16.06,31853.0,29302.4,
20230921,47,16.10,31854.0,29302.2,
20230921,47,16.17,31854.0,29302.2,
20230921,47,16.18,31854.0,29252.2,
20230921,47,16.19,31854.0,29247.7,
20230921,47,16.20,31855.0,29197.7,
20230921,47,16.27,31855.0,29197.7,
20230921,47,16.28,31855.0,29193.2,
20230921,47,16.29,31855.0,29192.6,
20230921,47,16.30,31856.0,29190.6,
20230921,47,16.40,31856.0,29190.6,
20230921,47,16.50,31856.0,29181.5,
20230921,47,16.55,31856.0,29179.7,
20230921,47,16.76,31856.0,29176.7,
20230921,47,16.77,31903.8,29166.7,
20230921,47,16.95,31903.8,29166.7,
20230921,47,16.99,31903.8,29165.6,
20230921,47,17.00,31903.8,29165.5,
20230921,47,17.01,31903.8,29145.5,
20230921,47,17.03,31953.8,29069.5,
20230921,47,17.18,31953.8,29069.5,
20230921,47,17.25,31953.8,29013.4,
20230921,47,17.29,31953.8,29012.7,
20230921,47,17.34,31953.8,28960.7,
20230921,47,17.45,31953.8,28930.7,
20230921,47,17.49,31953.8,28930.5,
20230921,47,17.50,31953.8,28856.5,
20230921,47,17.55,31953.8,28855.4,
20230921,47,17.61,31953.8,28854.2,
20230921,47,17.64,31953.8,28845.2,
20230921,47,17.65,32028.8,28794.2,
20230921,47,17.79,32028.8,28794.2,
20230921,47,17.88,32028.8,28792.6,
20230921,47,17.90,32028.8,28686.7,
20230921,47,18.00,32058.7,28440.7,
20230921,47,18.03,32058.7,28388.7,
20230921,47,18.05,32058.7,28376.6,
20230921,47,18.07,32058.7,28374.6,
20230921,47,18.14,32058.7,28373.2,
20230921,47,18.15,32068.6,28373.1,
20230921,47,18.30,32068.6,28343.1,
20230921,47,18.45,32068.6,28313.0,
20230921,47,18.61,32068.6,28283.0,
20230921,47,18.62,32068.6,28253.0,
20230921,47,18.63,32075.7,28250.7,
20230921,47,18.65,32075.7,28250.7,
20230921,47,18.70,32075.7,28232.3,
20230921,47,18.76,32075.7,28182.3,
20230921,47,18.80,32075.7,28136.9,
20230921,47,18.81,32075.7,28127.6,
20230921,47,18.85,32075.7,28005.6,
20230921,47,19.00,32075.7,27955.6,
20230921,47,19.07,32075.7,27954.9,
20230921,47,19.20,32075.7,27653.9,
20230921,47,19.29,32075.7,27531.9,
20230921,47,19.55,32075.7,27530.9,
20230921,47,19.66,32075.7,27528.9,
20230921,47,19.69,32075.7,27527.7,
20230921,47,19.71,32284.7,27330.2,
20230921,47,19.79,32284.7,27330.2,
20230921,47,20.00,32284.7,27321.8,
20230921,47,20.11,32296.1,27264.9,
20230921,47,20.16,32296.2,27246.0,
20230921,47,20.47,32296.2,27246.0,
20230921,47,20.53,32296.2,27243.3,
20230921,47,20.79,32296.2,27238.9,
20230921,47,20.80,32296.2,27238.1,
20230921,47,21.00,32296.2,27237.4,
20230921,47,21.05,32296.2,27236.4,
20230921,47,21.12,32296.2,27235.1,
20230921,47,21.18,32296.2,26585.1,
20230921,47,21.28,32296.2,26544.0,
20230921,47,22.00,32296.2,26538.6,
20230921,47,22.28,32346.2,26491.7,
20230921,47,22.55,32346.2,26491.7,
20230921,47,22.80,32795.3,26479.1,
20230921,47,22.94,32795.3,26479.1,
20230921,47,23.00,32808.3,26478.7,
20230921,47,23.03,32808.3,26478.7,
20230921,47,23.85,32808.3,26478.6,
20230921,47,24.00,32808.3,26477.4,
20230921,47,24.05,32808.3,26475.2,
20230921,47,24.78,32808.3,26474.2,
20230921,47,24.83,32808.3,26469.8,
20230921,47,25.00,32808.3,26459.3,
20230921,47,25.43,32808.3,26458.5,
20230921,47,25.55,32808.3,26456.1,
20230921,47,25.56,32808.3,26455.1,
20230921,47,26.63,32808.3,26168.1,
20230921,47,27.00,32808.3,26166.9,
20230921,47,27.01,32808.3,26096.7,
20230921,47,27.05,32808.3,26090.2,
20230921,47,27.62,32808.3,26089.2,
20230921,47,27.80,32808.3,26084.7,
20230921,47,28.03,32808.3,26083.6,
20230921,47,28.55,32808.3,26074.5,
20230921,47,28.80,32808.3,26073.5,
20230921,47,29.03,32808.3,26069.1,
20230921,47,29.10,32808.3,26066.2,
20230921,47,30.00,32808.3,26065.4,
20230921,47,30.03,32809.0,26013.2,
20230921,47,30.05,32809.0,26013.2,
20230921,47,30.36,32809.0,26012.4,
20230921,47,30.56,32809.0,26004.2,
20230921,47,32.00,32809.0,26003.2,
20230921,47,33.03,32809.0,25851.2,
20230921,47,34.00,32809.0,25850.9,
20230921,47,35.00,32809.0,25832.4,
20230921,47,36.00,32809.0,25802.8,
20230921,47,37.94,32809.0,25777.8,
20230921,47,39.98,32869.0,25751.8,
20230921,47,40.00,32869.0,25751.8,
20230921,47,40.01,32869.0,25690.7,
20230921,47,40.50,32869.0,25690.6,
20230921,47,41.80,32869.0,25690.5,
20230921,47,43.94,32869.0,25670.5,
20230921,47,44.50,32869.0,25659.8,
20230921,47,45.00,32869.0,25659.5,
20230921,47,45.01,32869.0,25586.5,
20230921,47,45.12,32869.0,25157.4,
20230921,47,46.00,32869.0,25155.7,
20230921,47,50.00,32869.0,25150.4,
20230921,47,50.01,32870.0,25080.5,
20230921,47,50.12,32870.0,25080.5,
20230921,47,50.90,32870.0,25076.2,
20230921,47,60.00,32870.0,25074.9,
20230921,47,61.00,32870.0,25010.7,
20230921,47,62.00,32870.0,24998.7,
20230921,47,67.94,32870.0,24957.6,
20230921,47,77.24,32870.0,24926.1,
20230921,47,77.80,32870.0,24565.0,
20230921,47,79.90,32870.0,24523.4,
20230921,47,79.98,32890.0,24521.7,
20230921,47,80.00,32890.0,24521.7,
20230921,47,80.01,32890.0,23914.9,
20230921,47,80.10,32890.0,23668.4,
20230921,47,80.20,32890.0,23658.6,
20230921,47,80.21,32909.9,23650.5,
20230921,47,80.50,32909.9,23650.5,
20230921,47,81.00,32909.9,23650.4,
20230921,47,82.01,32909.9,23530.8,
20230921,47,85.00,32909.9,23435.2,
20230921,47,90.00,32909.9,23423.2,
20230921,47,99.90,32909.9,23393.8,
20230921,47,100.00,32909.9,23393.5,
20230921,47,100.01,32921.5,22419.7,
20230921,47,101.00,32921.5,22419.7,
20230921,47,102.00,32921.5,22273.8,
20230921,47,105.00,32921.5,22220.1,
20230921,47,120.10,32921.5,22219.9,
20230921,47,130.00,32921.5,22184.3,
20230921,47,138.00,32921.5,22178.5,
20230921,47,150.00,32921.5,22083.8,
20230921,47,190.00,32921.5,22081.2,
20230921,47,200.00,32921.5,22080.3,
20230921,47,200.01,32921.5,20578.7,
20230921,47,200.10,32921.5,19228.3,
20230921,47,200.50,32921.5,19087.2,
20230921,47,200.98,32921.5,19081.9,
20230921,47,200.99,32921.5,19081.8,
20230921,47,201.00,32921.5,19081.7,
20230921,47,210.00,32921.5,19003.8,
20230921,47,250.00,32921.5,18807.1,
20230921,47,300.00,32921.5,18626.6,
20230921,47,500.00,32921.5,18102.2,
20230921,47,548.66,32921.5,18100.2,
20230921,47,550.02,32921.5,18028.8,
20230921,47,999.00,32921.5,17823.6,
20230921,47,999.99,32921.5,0.0,
20230921,48,0.00,0.0,37981.0,
20230921,48,0.00,11133.1,37981.0,
20230921,48,0.01,29205.5,37981.0,
20230921,48,0.02,29378.5,37978.6,
20230921,48,0.03,29378.5,37966.2,
20230921,48,0.04,29393.1,37937.9,
20230921,48,0.10,29393.1,37937.9,
20230921,48,0.20,29393.1,37823.6,
20230921,48,0.30,29393.1,37748.6,
20230921,48,0.62,29393.1,37744.6,
20230921,48,1.00,30067.1,37664.6,
20230921,48,1.01,30067.1,37549.2,
20230921,48,1.12,30067.1,37519.2,
20230921,48,1.25,30107.2,37489.2,
20230921,48,1.27,30233.5,37489.2,
20230921,48,2.01,30233.5,37489.2,
20230921,48,2.04,30236.4,37449.2,
20230921,48,2.10,30236.4,37449.2,
20230921,48,2.12,30236.4,37443.2,
20230921,48,2.15,30349.8,37383.2,
20230921,48,2.46,30352.3,37383.2,
20230921,48,2.75,30355.3,37383.2,
20230921,48,2.77,30359.3,37383.2,
20230921,48,3.00,30362.7,37383.2,
20230921,48,3.01,30362.7,37323.1,
20230921,48,3.12,30362.7,37273.1,
20230921,48,4.00,30362.7,37183.1,
20230921,48,4.01,30363.1,37181.5,
20230921,48,4.07,30364.9,37181.5,
20230921,48,4.08,30371.9,37181.5,
20230921,48,4.25,30374.9,37181.5,
20230921,48,4.27,30378.9,37181.5,
20230921,48,4.55,30379.6,37181.5,
20230921,48,4.65,30384.4,37181.5,
20230921,48,4.91,30387.0,37181.5,
20230921,48,5.00,30575.8,37181.5,
20230921,48,5.01,30575.8,36895.1,
20230921,48,5.04,30575.8,36825.1,
20230921,48,5.12,30575.8,36125.1,
20230921,48,5.50,30575.9,36065.1,
20230921,48,5.69,30575.9,36065.1,
20230921,48,5.70,30576.9,36057.8,
20230921,48,5.75,30579.9,36057.8,
20230921,48,5.77,30584.8,36057.8,
20230921,48,6.00,30614.9,36057.8,
20230921,48,6.09,30616.8,36002.6,
20230921,48,6.11,30624.1,36002.6,
20230921,48,6.26,30624.1,36002.6,
20230921,48,6.50,30634.1,35995.0,
20230921,48,6.81,30635.6,35995.0,
20230921,48,6.94,30643.1,35995.0,
20230921,48,7.00,30645.9,35995.0,
20230921,48,7.01,30645.9,35994.9,
20230921,48,7.12,30645.9,35867.1,
20230921,48,7.25,30648.9,35807.1,
20230921,48,7.27,30654.4,35807.1,
20230921,48,7.36,30656.9,35807.1,
20230921,48,7.47,30656.9,35807.1,
20230921,48,7.50,30696.9,35691.1,
20230921,48,7.70,30699.6,35691.1,
20230921,48,7.90,30699.6,35691.1,
20230921,48,7.94,30699.6,35683.6,
20230921,48,8.00,30729.0,35567.6,
20230921,48,8.01,30729.0,35469.5,
20230921,48,8.02,30750.6,35467.1,
20230921,48,8.12,30752.4,35467.1,
20230921,48,8.14,30759.7,35467.1,
20230921,48,8.50,30759.7,35467.1,
20230921,48,8.59,30759.7,35457.1,
20230921,48,8.75,30762.7,35455.9,
20230921,48,8.77,30768.7,35455.9,
20230921,48,8.97,30768.7,35455.9,
20230921,48,9.00,30768.7,35415.9,
20230921,48,9.08,30770.3,35409.0,
20230921,48,9.09,30770.3,35409.0,
20230921,48,9.23,30770.3,35252.0,
20230921,48,9.36,30770.3,35104.0,
20230921,48,9.43,30770.3,34957.0,
20230921,48,9.50,30770.3,34947.0,
20230921,48,9.60,30770.3,34799.0,
20230921,48,9.66,30770.3,34741.0,
20230921,48,9.79,30770.3,34593.0,
20230921,48,9.80,30770.3,34587.2,
20230921,48,9.81,30772.9,34537.2,
20230921,48,9.82,30772.9,34487.2,
20230921,48,10.00,30856.4,34426.2,
20230921,48,10.05,30877.5,34333.9,
20230921,48,10.15,30879.3,34333.9,
20230921,48,10.17,30879.3,34333.9,
20230921,48,10.18,30886.5,34303.9,
20230921,48,10.20,30886.5,34303.9,
20230921,48,10.21,30886.5,34179.9,
20230921,48,10.22,30886.5,34125.9,
20230921,48,10.23,30886.5,34075.9,
20230921,48,10.25,30889.5,34025.9,
20230921,48,10.27,30895.5,34025.9,
20230921,48,10.31,30895.5,34025.9,
20230921,48,10.38,30895.5,34015.9,
20230921,48,10.44,30896.1,33891.9,
20230921,48,10.46,30896.1,33891.9,
20230921,48,10.48,30898.6,33767.9,
20230921,48,10.50,30898.8,33767.9,
20230921,48,10.51,30898.8,33677.9,
20230921,48,10.58,30898.8,33554.9,
20230921,48,10.59,30898.8,33320.5,
20230921,48,10.73,30899.4,33082.7,
20230921,48,10.78,30899.4,33082.7,
20230921,48,10.79,30901.8,33068.6,
20230921,48,10.97,30901.8,33068.6,
20230921,48,11.00,30901.8,33018.6,
20230921,48,11.02,30902.4,32950.3,
20230921,48,11.06,30915.2,32950.3,
20230921,48,11.09,30917.7,32950.3,
20230921,48,11.16,30917.7,32950.3,
20230921,48,11.18,30922.5,32947.5,
20230921,48,11.19,30922.5,32947.5,
20230921,48,11.31,30923.1,32776.1,
20230921,48,11.35,30924.6,32776.1,
20230921,48,11.40,30927.0,32776.1,
20230921,48,11.43,30927.0,32626.1,
20230921,48,11.49,30931.7,32616.1,
20230921,48,11.50,30931.7,32616.1,
20230921,48,11.57,30938.3,32581.0,
20230921,48,11.60,30938.8,32581.0,
20230921,48,11.61,30939.4,32581.0,
20230921,48,11.67,30939.4,32216.0,
20230921,48,11.69,30942.4,32068.0,
20230921,48,11.70,30944.7,31868.0,
20230921,48,11.75,30947.7,31867.5,
20230921,48,11.78,30947.7,31867.5,
20230921,48,11.80,30947.7,31667.5,
20230921,48,11.85,30948.2,31667.3,
20230921,48,11.87,30948.2,31645.3,
20230921,48,11.93,30948.2,31445.3,
20230921,48,11.95,30948.2,31245.3,
20230921,48,12.00,31018.3,31244.6,
20230921,48,12.01,31018.3,31240.1,
20230921,48,12.11,31018.8,31040.1,
20230921,48,12.12,31018.8,31040.1,
20230921,48,12.13,31018.8,30840.1,
20230921,48,12.19,31018.8,30768.8,
20230921,48,12.21,31021.9,30568.8,
20230921,48,12.26,31132.8,30553.2,
20230921,48,12.31,31132.8,30553.2,
20230921,48,12.32,31132.8,30543.2,
20230921,48,12.36,31134.2,30343.2,
20230921,48,12.47,31135.0,30343.2,
20230921,48,12.50,31135.0,30143.2,
20230921,48,12.51,31135.0,30133.1,
20230921,48,12.57,31135.9,30130.9,
20230921,48,12.61,31136.4,30130.9,
20230921,48,12.66,31136.4,30130.9,
20230921,48,12.68,31137.2,30072.9,
20230921,48,12.72,31137.2,30044.4,
20230921,48,12.74,31137.2,30043.9,
20230921,48,12.78,31138.0,30033.1,
20230921,48,12.85,31338.0,30023.7,
20230921,48,12.91,31338.0,30023.7,
20230921,48,12.94,31338.0,30023.4,
20230921,48,12.97,31338.0,29792.7,
20230921,48,13.00,31338.0,29707.7,
20230921,48,13.01,31338.6,29695.7,
20230921,48,13.02,31341.0,29686.0,
20230921,48,13.03,31341.0,29652.3,
20230921,48,13.04,31341.0,29618.6,
20230921,48,13.05,31341.0,29584.9,
20230921,48,13.17,31341.0,29551.2,
20230921,48,13.18,31341.0,29541.7,
20230921,48,13.20,31341.0,29541.6,
20230921,48,13.23,31341.0,29541.5,
20230921,48,13.27,31341.0,29540.3,
20230921,48,13.37,31341.0,29539.7,
20230921,48,13.39,31341.0,29515.7,
20230921,48,13.43,31341.0,29415.7,
20230921,48,13.46,31341.0,29385.7,
20230921,48,13.50,31351.0,29353.5,
20230921,48,13.55,31351.0,29353.5,
20230921,48,13.57,31351.0,29310.1,
20230921,48,13.60,31351.0,29274.1,
20230921,48,13.77,31351.0,29273.6,
20230921,48,13.79,31351.0,29273.4,
20230921,48,13.89,31351.0,29220.4,
20230921,48,13.94,31351.0,29161.4,
20230921,48,13.95,31351.0,29142.5,
20230921,48,13.96,31351.0,29133.9,
20230921,48,14.00,31351.0,28899.9,
20230921,48,14.02,31351.0,28787.5,
20230921,48,14.07,31414.3,28669.5,
20230921,48,14.08,31414.3,28669.5,
20230921,48,14.10,31414.3,28597.0,
20230921,48,14.11,31414.3,28596.4,
20230921,48,14.14,31422.2,28494.4,
20230921,48,14.20,31422.2,28494.4,
20230921,48,14.21,31422.2,28492.4,
20230921,48,14.30,31422.2,28467.4,
20230921,48,14.31,31422.2,28464.1,
20230921,48,14.40,31422.2,28373.1,
20230921,48,14.41,31422.2,28161.1,
20230921,48,14.50,31442.2,28158.9,
20230921,48,14.53,31442.2,28157.8,
20230921,48,14.55,31442.2,27677.8,
20230921,48,14.62,31442.2,27677.3,
20230921,48,14.67,31442.2,27677.1,
20230921,48,14.75,31442.2,27667.1,
20230921,48,14.77,31442.2,27666.8,
20230921,48,14.83,31442.2,27663.1,
20230921,48,14.94,31442.2,27663.0,
20230921,48,14.97,31462.2,27662.9,
20230921,48,14.99,31462.2,27662.9,
20230921,48,15.00,31507.2,27662.8,
20230921,48,15.01,31507.2,27662.5,
20230921,48,15.11,31507.2,27661.3,
20230921,48,15.17,31603.2,27661.1,
20230921,48,15.20,31603.2,27661.1,
20230921,48,15.22,31603.2,27659.9,
20230921,48,15.26,31603.2,27645.2,
20230921,48,15.37,31603.2,27640.7,
20230921,48,15.41,31603.2,27636.3,
20230921,48,15.47,31603.2,27610.3,
20230921,48,15.51,31603.2,27610.0,
20230921,48,15.58,31603.2,27602.4,
20230921,48,15.73,31603.2,27601.8,
20230921,48,15.80,31603.2,27594.0,
20230921,48,15.83,31603.2,27593.8,
20230921,48,15.90,31609.2,27517.8,
20230921,48,15.91,31609.2,27517.8,
20230921,48,16.00,31610.2,27517.6,
20230921,48,16.05,31610.2,27515.8,
20230921,48,16.10,31611.2,27507.6,
20230921,48,16.20,31612.2,27507.6,
20230921,48,16.21,31612.2,27457.6,
20230921,48,16.25,31612.2,27407.6,
20230921,48,16.27,31612.2,27404.6,
20230921,48,16.30,31613.2,27383.7,
20230921,48,16.32,31613.2,27383.7,
20230921,48,16.40,31613.2,27383.5,
20230921,48,16.46,31613.2,27374.8,
20230921,48,16.50,31613.2,27330.8,
20230921,48,16.96,31613.2,27330.3,
20230921,48,16.97,31661.0,27320.3,
20230921,48,16.99,31661.0,27320.3,
20230921,48,17.00,31661.0,27320.2,
20230921,48,17.17,31661.0,27300.2,
20230921,48,17.18,31661.0,27299.1,
20230921,48,17.21,31661.0,27252.9,
20230921,48,17.25,31661.0,27251.7,
20230921,48,17.29,31661.0,27251.2,
20230921,48,17.30,31661.0,27199.2,
20230921,48,17.34,31661.0,27194.7,
20230921,48,17.42,31661.0,27164.7,
20230921,48,17.45,31661.0,27154.8,
20230921,48,17.49,31661.0,27154.6,
20230921,48,17.50,31661.0,27124.6,
20230921,48,17.61,31661.0,27122.4,
20230921,48,17.64,31661.0,27113.4,
20230921,48,17.65,31736.0,27083.4,
20230921,48,17.75,31736.0,27083.4,
20230921,48,17.77,31736.0,27081.4,
20230921,48,17.79,31736.0,27080.4,
20230921,48,17.84,31736.0,27050.4,
20230921,48,17.88,31736.0,27049.2,
20230921,48,17.89,31736.0,26953.7,
20230921,48,17.90,31736.0,26928.4,
20230921,48,17.95,31736.0,26878.4,
20230921,48,18.00,31736.0,26848.4,
20230921,48,18.03,31736.0,26796.6,
20230921,48,18.05,31736.0,26796.5,
20230921,48,18.10,31736.0,26762.5,
20230921,48,18.17,31736.0,26737.5,
20230921,48,18.19,31736.0,26519.5,
20230921,48,18.21,31765.9,26498.5,
20230921,48,18.30,31765.9,26498.5,
20230921,48,18.31,31775.8,26498.3,
20230921,48,18.45,31775.8,26498.3,
20230921,48,18.50,31775.8,26493.3,
20230921,48,18.60,31775.8,26483.5,
20230921,48,18.61,31775.8,26478.8,
20230921,48,18.62,31775.8,26448.8,
20230921,48,18.63,31784.4,26448.0,
20230921,48,18.64,31784.4,26448.0,
20230921,48,18.65,31784.4,26225.0,
20230921,48,18.70,31784.4,26206.6,
20230921,48,18.76,31784.4,26156.6,
20230921,48,18.81,31784.4,26122.0,
20230921,48,18.85,31784.4,26000.0,
20230921,48,19.00,31784.4,25950.0,
20230921,48,19.11,31784.4,25949.3,
20230921,48,19.20,31784.4,25941.3,
20230921,48,19.25,31784.4,25819.3,
20230921,48,19.27,31784.4,25817.3,
20230921,48,19.54,31784.4,25816.3,
20230921,48,19.71,31993.4,25643.5,
20230921,48,19.77,31993.4,25643.5,
20230921,48,19.94,31993.4,25641.0,
20230921,48,20.00,31993.6,25640.6,
20230921,48,20.11,32005.0,25585.9,
20230921,48,20.15,32005.0,25585.9,
20230921,48,20.26,32005.0,25569.0,
20230921,48,20.32,32005.1,25527.9,
20230921,48,20.52,32005.1,25527.9,
20230921,48,20.75,32005.1,25523.5,
20230921,48,20.77,32005.1,25522.3,
20230921,48,21.00,32005.1,25521.9,
20230921,48,21.12,32005.1,25521.0,
20230921,48,21.79,32005.1,24661.0,
20230921,48,22.00,32005.1,24659.8,
20230921,48,22.21,32005.1,24617.1,
20230921,48,22.25,32005.1,24605.9,
20230921,48,22.28,32055.1,24604.9,
20230921,48,22.35,32055.1,24604.9,
20230921,48,22.94,32055.1,24445.9,
20230921,48,23.00,32068.1,24445.3,
20230921,48,23.03,32068.1,24445.3,
20230921,48,23.75,32068.1,24445.2,
20230921,48,23.99,32068.1,24439.8,
20230921,48,24.00,32068.1,24438.6,
20230921,48,24.90,32068.1,24436.6,
20230921,48,25.00,32068.1,24435.5,
20230921,48,25.08,32068.1,24434.7,
20230921,48,25.25,32068.1,24426.9,
20230921,48,25.76,32068.1,24425.9,
20230921,48,25.90,32068.1,24423.5,
20230921,48,26.75,32068.1,24419.0,
20230921,48,26.79,32068.1,24418.0,
20230921,48,26.97,32068.1,24413.6,
20230921,48,27.00,32068.1,24410.4,
20230921,48,27.01,32068.1,24346.3,
20230921,48,28.25,32068.1,24338.8,
20230921,48,29.10,32068.1,24338.0,
20230921,48,30.00,32068.1,24337.2,
20230921,48,30.03,32073.7,24288.5,
20230921,48,30.36,32073.7,24288.5,
20230921,48,30.56,32073.7,24280.8,
20230921,48,32.00,32073.7,24279.8,
20230921,48,33.03,32073.7,24133.0,
20230921,48,34.00,32073.7,24132.8,
20230921,48,35.00,32073.7,24115.3,
20230921,48,36.00,32073.7,24088.4,
20230921,48,37.94,32073.7,24063.4,
20230921,48,39.98,32133.7,24039.2,
20230921,48,40.00,32133.7,24039.2,
20230921,48,40.01,32133.7,23986.1,
20230921,48,40.50,32133.7,23986.0,
20230921,48,41.26,32133.7,23985.9,
20230921,48,43.10,32133.7,23966.8,
20230921,48,44.50,32133.7,23956.5,
20230921,48,45.00,32133.7,23956.2,
20230921,48,45.01,32133.7,23890.6,
20230921,48,45.12,32133.7,23535.8,
20230921,48,46.00,32133.7,23534.4,
20230921,48,50.00,32133.7,23533.8,
20230921,48,50.01,32134.7,23466.7,
20230921,48,50.12,32134.7,23466.7,
20230921,48,50.90,32134.7,23463.5,
20230921,48,60.00,32134.7,23462.5,
20230921,48,60.83,32134.7,23400.2,
20230921,48,61.00,32134.7,23258.8,
20230921,48,62.00,32134.7,23247.2,
20230921,48,67.94,32134.7,23207.0,
20230921,48,70.00,32134.7,23177.0,
20230921,48,77.24,32134.7,23086.0,
20230921,48,77.80,32134.7,23048.0,
20230921,48,79.90,32134.7,23009.6,
20230921,48,79.98,32154.7,23008.0,
20230921,48,80.00,32154.7,23008.0,
20230921,48,80.01,32154.7,22668.8,
20230921,48,80.02,32154.7,22431.3,
20230921,48,80.10,32154.7,22426.3,
20230921,48,80.20,32154.7,22416.7,
20230921,48,80.21,32174.6,22408.6,
20230921,48,80.50,32174.6,22408.6,
20230921,48,81.00,32174.6,22408.5,
20230921,48,82.01,32174.6,22295.2,
20230921,48,85.00,32174.6,22208.2,
20230921,48,90.00,32174.6,22196.6,
20230921,48,99.90,32174.6,22168.3,
20230921,48,100.00,32174.6,22168.1,
20230921,48,100.01,32186.0,21640.9,
20230921,48,101.00,32186.0,21640.9,
20230921,48,102.00,32186.0,21495.0,
20230921,48,105.00,32186.0,21443.1,
20230921,48,120.10,32186.0,21442.9,
20230921,48,130.00,32186.0,21408.6,
20230921,48,138.00,32186.0,21403.2,
20230921,48,150.00,32186.0,21312.0,
20230921,48,190.00,32186.0,21309.5,
20230921,48,200.00,32186.0,21308.6,
20230921,48,200.01,32186.0,19853.8,
20230921,48,200.10,32186.0,18515.7,
20230921,48,200.50,32186.0,18454.1,
20230921,48,200.98,32186.0,18448.8,
20230921,48,200.99,32186.0,18448.7,
20230921,48,201.00,32186.0,18448.6,
20230921,48,210.00,32186.0,18373.3,
20230921,48,250.00,32186.0,18182.8,
20230921,48,300.00,32186.0,18003.7,
20230921,48,500.00,32186.0,17479.5,
20230921,48,548.66,32186.0,17477.5,
20230921,48,550.02,32186.0,17418.1,
20230921,48,999.00,32186.0,17212.9,
20230921,48,999.99,32186.0,0.0,
20230921,1,0.00,0.0,31635.8,1
20230921,1,0.00,8124.3,31635.8,1
20230921,1,0.01,22455.7,31635.8,1
20230921,1,0.02,22621.1,31633.7,1
20230921,1,0.03,22621.1,31631.5,1
20230921,1,0.04,22641.2,31608.2,1
20230921,1,0.10,22641.2,31608.2,1
20230921,1,0.20,22641.2,31488.1,1
20230921,1,0.42,22785.6,31423.1,1
20230921,1,0.62,22785.6,31423.1,1
20230921,1,1.00,23336.9,31363.1,1
20230921,1,1.01,23336.9,31222.8,1
20230921,1,1.12,23336.9,31202.8,1
20230921,1,1.92,23342.9,31182.8,1
20230921,1,2.01,23342.9,31182.8,1
20230921,1,2.03,23346.8,31142.8,1
20230921,1,2.10,23346.8,31142.8,1
20230921,1,2.12,23346.8,31136.8,1
20230921,1,2.15,23461.3,31096.8,1
20230921,1,3.00,23465.1,31096.8,1
20230921,1,3.01,23465.1,31056.7,1
20230921,1,3.12,23465.1,31016.7,1
20230921,1,3.42,23471.1,30956.7,1
20230921,1,4.00,23471.1,30956.7,1
20230921,1,4.01,23471.5,30956.2,1
20230921,1,4.05,23478.8,30956.2,1
20230921,1,4.65,23481.4,30956.2,1
20230921,1,4.92,23487.4,30956.2,1
20230921,1,5.00,23639.2,30956.2,1
20230921,1,5.01,23639.2,30748.0,1
20230921,1,5.12,23639.2,30688.0,1
20230921,1,5.50,23639.3,30648.0,1
20230921,1,6.00,23651.9,30648.0,1
20230921,1,6.01,23651.9,30570.3,1
20230921,1,6.02,23657.0,30568.1,1
20230921,1,6.07,23664.3,30568.1,1
20230921,1,6.26,23664.3,30568.1,1
20230921,1,6.42,23670.3,30562.1,1
20230921,1,6.50,23680.3,30562.1,1
20230921,1,6.92,23681.0,30562.1,1
20230921,1,6.94,23689.6,30562.1,1
20230921,1,6.96,23689.6,30562.1,1
20230921,1,7.00,23719.7,30555.3,1
20230921,1,7.01,23719.7,30555.2,1
20230921,1,7.12,23719.7,30437.1,1
20230921,1,7.47,23719.7,30397.1,1
20230921,1,7.50,23739.7,30281.1,1
20230921,1,7.92,23746.0,30281.1,1
20230921,1,8.00,23746.0,30281.1,1
20230921,1,8.02,23758.5,30193.0,1
20230921,1,8.08,23765.8,30193.0,1
20230921,1,8.41,23765.8,30193.0,1
20230921,1,8.50,23767.1,30163.0,1
20230921,1,8.59,23767.1,30153.0,1
20230921,1,9.23,23767.1,30151.8,1
20230921,1,9.36,23773.6,30004.8,1
20230921,1,9.42,23780.6,30004.8,1
20230921,1,9.50,23780.6,30004.8,1
20230921,1,9.66,23780.6,29857.8,1
20230921,1,9.79,23780.6,29710.8,1
20230921,1,9.80,23780.6,29705.2,1
20230921,1,9.81,23780.6,29655.2,1
20230921,1,9.82,23780.6,29605.2,1
20230921,1,10.00,23846.9,29545.2,1
20230921,1,10.01,23846.9,29462.3,1
20230921,1,10.05,23868.8,29452.3,1
20230921,1,10.10,23876.0,29452.3,1
20230921,1,10.20,23876.0,29452.3,1
20230921,1,10.21,23876.0,29328.3,1
20230921,1,10.22,23876.0,29296.3,1
20230921,1,10.23,23876.0,29246.3,1
20230921,1,10.24,23878.5,29196.3,1
20230921,1,10.38,23880.9,29196.3,1
20230921,1,10.41,23880.9,29072.3,1
20230921,1,10.46,23880.9,29022.3,1
20230921,1,10.51,23880.9,28898.3,1
20230921,1,10.52,23883.4,28774.3,1
20230921,1,10.58,23883.4,28774.3,1
20230921,1,10.59,23885.6,28515.7,1
20230921,1,10.66,23888.0,28255.3,1
20230921,1,10.80,23890.3,28255.3,1
20230921,1,10.92,23897.3,28254.8,1
20230921,1,11.00,23897.3,28254.8,1
20230921,1,11.19,23897.3,28135.0,1
20230921,1,11.25,23897.3,28032.2,1
20230921,1,11.33,23905.2,28031.6,1
20230921,1,11.39,23905.2,28031.6,1
20230921,1,11.40,23905.2,28017.5,1
20230921,1,11.43,23905.2,27866.5,1
20230921,1,11.44,23905.2,27835.6,1
20230921,1,11.46,23905.2,27785.6,1
20230921,1,11.50,23905.2,27735.6,1
20230921,1,11.55,23917.5,27685.3,1
20230921,1,11.67,23917.5,27685.3,1
20230921,1,11.69,23917.5,27534.3,1
20230921,1,11.76,23917.5,27333.8,1
20230921,1,11.80,23917.5,27133.8,1
20230921,1,11.81,23921.8,27133.6,1
20230921,1,11.85,23921.8,27133.6,1
20230921,1,11.91,23921.8,26933.6,1
20230921,1,11.98,23921.8,26733.6,1
20230921,1,12.00,23951.8,26533.6,1
20230921,1,12.01,23951.8,26530.8,1
20230921,1,12.07,23951.8,26515.8,1
20230921,1,12.14,23951.8,26315.8,1
20230921,1,12.15,23951.8,26314.6,1
20230921,1,12.21,23954.9,26114.6,1
20230921,1,12.25,23954.9,26114.6,1
20230921,1,12.31,23954.9,25914.6,1
20230921,1,12.36,23954.9,25689.7,1
20230921,1,12.41,23954.9,25489.7,1
20230921,1,12.46,23957.4,25414.7,1
20230921,1,12.50,23995.4,25414.7,1
20230921,1,12.55,23995.4,25414.6,1
20230921,1,12.66,23995.4,25214.6,1
20230921,1,12.68,23995.4,25156.6,1
20230921,1,12.85,24177.4,25145.5,1
20230921,1,12.90,24177.4,25145.5,1
20230921,1,13.00,24177.7,25119.6,1
20230921,1,13.01,24177.7,25110.3,1
20230921,1,13.02,24180.1,25109.3,1
20230921,1,13.03,24180.1,25109.3,1
20230921,1,13.04,24180.1,25100.6,1
20230921,1,13.05,24202.1,25088.9,1
20230921,1,13.16,24202.1,25088.9,1
20230921,1,13.18,24202.1,25019.2,1
20230921,1,13.20,24202.1,25019.1,1
20230921,1,13.31,24202.1,25019.0,1
20230921,1,13.50,24212.1,25006.0,1
20230921,1,13.51,24212.5,25003.0,1
20230921,1,13.71,24215.0,25003.0,1
20230921,1,13.92,24215.0,25003.0,1
20230921,1,13.95,24215.0,25002.3,1
20230921,1,14.00,24215.0,24994.1,1
20230921,1,14.01,24215.0,24832.1,1
20230921,1,14.02,24215.0,24807.1,1
20230921,1,14.10,24215.0,24724.1,1
20230921,1,14.21,24215.0,24723.5,1
20230921,1,14.23,24215.0,24712.6,1
20230921,1,14.30,24215.0,24710.4,1
20230921,1,14.41,24215.0,24709.0,1
20230921,1,14.50,24215.0,24659.0,1
20230921,1,14.60,24215.0,24658.1,1
20230921,1,14.67,24215.0,24657.0,1
20230921,1,14.83,24215.0,24647.0,1
20230921,1,15.00,24215.0,24646.9,1
20230921,1,15.01,24215.0,24591.9,1
20230921,1,15.05,24215.0,24590.9,1
20230921,1,15.11,24215.0,24590.8,1
20230921,1,15.14,24215.0,24580.0,1
20230921,1,15.17,24311.0,24577.6,1
20230921,1,15.20,24311.0,24577.6,1
20230921,1,15.21,24311.0,24577.5,1
20230921,1,15.29,24311.0,24577.3,1
20230921,1,15.42,24311.0,24576.9,1
20230921,1,15.50,24311.0,24572.5,1
20230921,1,15.72,24375.0,24572.1,1
20230921,1,15.80,24375.0,24572.1,1
20230921,1,15.82,24425.0,24571.9,1
20230921,1,15.83,24489.0,24571.9,1
20230921,1,15.90,24496.0,24571.9,1
20230921,1,15.94,24546.0,24571.9,1
20230921,1,15.98,24613.7,24571.9,1
20230921,1,16.00,24614.7,24571.9,1
20230921,1,16.02,24614.7,24443.7,1
20230921,1,16.06,24614.7,24422.0,1
20230921,1,16.10,24615.7,24417.6,1
20230921,1,16.20,24616.7,24417.6,1
20230921,1,16.30,24617.7,24417.6,1
20230921,1,16.40,24617.7,24417.6,1
20230921,1,16.41,24665.5,24399.5,1
20230921,1,16.92,24665.5,24399.5,1
20230921,1,17.18,24665.5,24396.5,1
20230921,1,17.22,24665.5,24350.3,1
20230921,1,17.34,24665.5,24349.2,1
20230921,1,17.49,24665.5,24319.2,1
20230921,1,17.50,24665.5,24289.2,1
20230921,1,17.64,24665.5,24288.2,1
20230921,1,17.65,24740.5,24237.2,1
20230921,1,17.73,24740.5,24237.2,1
20230921,1,17.79,24740.5,24236.0,1
20230921,1,17.95,24740.5,24206.0,1
20230921,1,18.00,24740.5,24176.0,1
20230921,1,18.01,24770.4,24174.8,1
20230921,1,18.03,24770.4,24174.8,1
20230921,1,18.10,24770.4,24174.7,1
20230921,1,18.13,24770.4,24140.2,1
20230921,1,18.25,24770.4,24123.7,1
20230921,1,18.30,24770.4,24093.7,1
20230921,1,18.40,24770.4,24093.6,1
20230921,1,18.41,24780.3,24083.6,1
20230921,1,18.42,24780.3,24083.6,1
20230921,1,18.49,24780.3,24080.6,1
20230921,1,18.50,24780.3,24000.9,1
20230921,1,18.62,24780.3,24000.2,1
20230921,1,18.69,24780.3,23990.4,1
20230921,1,18.81,24780.3,23989.2,1
20230921,1,19.00,24780.3,23867.2,1
20230921,1,19.20,24780.3,23670.6,1
20230921,1,19.60,24780.3,23548.6,1
20230921,1,19.92,24780.3,23526.6,1
20230921,1,20.00,24780.3,23524.4,1
20230921,1,20.05,24780.3,23446.5,1
20230921,1,20.11,24791.8,23446.0,1
20230921,1,20.14,24791.8,23446.0,1
20230921,1,20.15,24791.8,23443.8,1
20230921,1,20.29,24791.8,23421.0,1
20230921,1,20.42,24791.9,23417.0,1
20230921,1,20.67,24791.9,23417.0,1
20230921,1,21.00,24791.9,23413.6,1
20230921,1,21.30,24791.9,23413.5,1
20230921,1,21.38,24791.9,23247.9,1
20230921,1,21.42,24791.9,23233.9,1
20230921,1,21.51,24791.9,23232.7,1
20230921,1,21.66,24791.9,23228.3,1
20230921,1,22.00,24791.9,23227.1,1
20230921,1,22.05,24791.9,23225.4,1
20230921,1,22.22,24791.9,23147.4,1
20230921,1,22.28,24841.9,23137.1,1
20230921,1,22.75,24841.9,23137.1,1
20230921,1,22.79,24841.9,22836.1,1
20230921,1,22.92,24841.9,22834.9,1
20230921,1,23.00,24854.9,22833.9,1
20230921,1,23.03,24854.9,22833.9,1
20230921,1,24.00,24854.9,22833.8,1
20230921,1,24.42,24854.9,22832.1,1
20230921,1,24.92,24854.9,22831.1,1
20230921,1,25.00,24854.9,22826.7,1
20230921,1,25.52,24854.9,22826.0,1
20230921,1,25.92,24854.9,22824.8,1
20230921,1,26.65,24854.9,22824.0,1
20230921,1,26.88,24854.9,22822.9,1
20230921,1,27.00,24854.9,22815.9,1
20230921,1,27.19,24854.9,22765.4,1
20230921,1,28.14,24854.9,22760.9,1
20230921,1,28.33,24854.9,22756.5,1
20230921,1,28.95,24854.9,22753.7,1
20230921,1,29.09,24854.9,22588.7,1
20230921,1,29.10,24854.9,22366.7,1
20230921,1,30.00,24854.9,22366.2,1
20230921,1,30.36,24854.9,22340.8,1
20230921,1,30.56,24854.9,22327.7,1
20230921,1,32.00,24854.9,22326.7,1
20230921,1,32.70,24855.8,22213.3,1
20230921,1,33.03,24855.8,22213.3,1
20230921,1,34.00,24855.8,22213.1,1
20230921,1,35.00,24855.8,22194.6,1
20230921,1,36.00,24855.8,22167.1,1
20230921,1,39.50,24855.8,22142.6,1
20230921,1,39.98,24915.8,22142.5,1
20230921,1,40.00,24915.8,22142.5,1
20230921,1,41.33,24915.8,22109.6,1
20230921,1,42.60,24915.8,22098.4,1
20230921,1,43.50,24915.8,22087.3,1
20230921,1,45.00,24915.8,22087.0,1
20230921,1,45.01,24915.8,22020.9,1
20230921,1,50.00,24915.8,21743.7,1
20230921,1,50.01,24916.4,21684.5,1
20230921,1,50.12,24916.4,21684.5,1
20230921,1,50.90,24916.4,21682.6,1
20230921,1,60.00,24916.4,21681.7,1
20230921,1,61.00,24916.4,21624.0,1
20230921,1,62.00,24916.4,21612.8,1
20230921,1,67.94,24916.4,21573.6,1
20230921,1,70.00,24916.4,21549.8,1
20230921,1,77.80,24916.4,21491.8,1
20230921,1,79.90,24916.4,21464.7,1
20230921,1,79.98,24936.4,21463.9,1
20230921,1,79.99,24936.4,21463.9,1
20230921,1,80.00,24936.4,21371.3,1
20230921,1,80.01,24936.4,21003.2,1
20230921,1,80.10,24936.4,20780.7,1
20230921,1,80.20,24936.4,20777.9,1
20230921,1,80.21,24956.3,20769.8,1
20230921,1,80.50,24956.3,20769.8,1
20230921,1,81.00,24956.3,20769.6,1
20230921,1,82.01,24956.3,20633.0,1
20230921,1,85.00,24956.3,20563.9,1
20230921,1,90.00,24956.3,20554.2,1
20230921,1,99.90,24956.3,20533.1,1
20230921,1,100.00,24956.3,20533.0,1
20230921,1,100.01,24966.5,18348.1,1
20230921,1,101.00,24966.5,18348.1,1
20230921,1,102.00,24966.5,18223.0,1
20230921,1,105.00,24966.5,18172.3,1
20230921,1,120.10,24966.5,18172.2,1
20230921,1,130.00,24966.5,18133.0,1
20230921,1,138.00,24966.5,18128.1,1
20230921,1,190.00,24966.5,18039.3,1
20230921,1,200.00,24966.5,18038.7,1
20230921,1,200.01,24966.5,16888.5,1
20230921,1,200.10,24966.5,15736.6,1
20230921,1,200.50,24966.5,15708.2,1
20230921,1,200.98,24966.5,15703.3,1
20230921,1,200.99,24966.5,15703.2,1
20230921,1,201.00,24966.5,15703.1,1
20230921,1,210.00,24966.5,15630.6,1
20230921,1,250.00,24966.5,15443.5,1
20230921,1,300.00,24966.5,15265.5,1
20230921,1,548.66,24966.5,14753.9,1
20230921,1,550.02,24966.5,14703.7,1
20230921,1,999.00,24967.1,14498.5,1
20230921,1,999.99,24967.1,0.0,1
20230921,2,0.00,0.0,22597.1,0
20230921,2,0.00,4610.8,22597.1,0
20230921,2,0.01,16640.6,22597.1,0
20230921,2,0.02,16662.8,22596.9,0
20230921,2,0.03,16662.8,22596.5,0
20230921,2,0.04,16683.8,22577.4,0
20230921,2,0.10,16683.8,22577.4,0
20230921,2,0.20,16683.8,22457.3,0
20230921,2,0.30,16683.8,22442.3,0
20230921,2,0.43,16728.8,22438.3,0
20230921,2,0.62,16728.8,22438.3,0
20230921,2,1.00,17251.4,22398.3,0
20230921,2,1.01,17251.4,22280.6,0
20230921,2,1.12,17251.4,22260.6,0
20230921,2,1.93,17254.4,22250.6,0
20230921,2,2.00,17255.1,22250.6,0
20230921,2,2.01,17255.1,22250.6,0
20230921,2,2.10,17255.1,22225.6,0
20230921,2,2.12,17255.1,22219.6,0
20230921,2,2.15,17369.6,22199.6,0
20230921,2,2.40,17371.2,22199.6,0
20230921,2,3.00,17371.9,22199.6,0
20230921,2,3.01,17371.9,22159.5,0
20230921,2,3.12,17371.9,22134.5,0
20230921,2,3.43,17374.9,22104.5,0
20230921,2,3.72,17374.9,22104.5,0
20230921,2,3.73,17375.8,22097.8,0
20230921,2,4.65,17378.2,22097.8,0
20230921,2,4.79,17379.7,22097.8,0
20230921,2,4.93,17382.9,22097.8,0
20230921,2,5.00,17457.8,22097.8,0
20230921,2,5.01,17457.8,21980.5,0
20230921,2,5.12,17457.8,21945.5,0
20230921,2,6.00,17457.8,21925.5,0
20230921,2,6.02,17460.2,21865.2,0
20230921,2,6.26,17460.2,21865.2,0
20230921,2,6.43,17464.2,21859.2,0
20230921,2,7.00,17468.2,21859.2,0
20230921,2,7.01,17468.2,21859.1,0
20230921,2,7.12,17468.2,21742.2,0
20230921,2,7.19,17469.7,21722.2,0
20230921,2,7.50,17489.7,21722.2,0
20230921,2,7.90,17489.7,21722.2,0
20230921,2,7.93,17493.7,21714.9,0
20230921,2,8.00,17523.0,21714.9,0
20230921,2,8.02,17534.9,21696.0,0
20230921,2,8.50,17534.9,21696.0,0
20230921,2,8.92,17534.9,21686.0,0
20230921,2,9.09,17534.9,21666.0,0
20230921,2,9.43,17538.9,21509.0,0
20230921,2,9.48,17538.9,21509.0,0
20230921,2,9.58,17540.5,21499.0,0
20230921,2,10.00,17600.9,21499.0,0
20230921,2,10.05,17603.5,21265.2,0
20230921,2,10.13,17604.6,21265.2,0
20230921,2,10.17,17604.6,21265.2,0
20230921,2,10.21,17604.6,21235.2,0
20230921,2,10.92,17604.6,20976.7,0
20230921,2,10.93,17608.6,20956.7,0
20230921,2,11.00,17608.6,20956.7,0
20230921,2,11.07,17608.6,20946.7,0
20230921,2,11.08,17608.6,20896.7,0
20230921,2,11.26,17608.6,20846.7,0
20230921,2,11.48,17608.6,20841.9,0
20230921,2,11.50,17608.6,20826.9,0
20230921,2,11.61,17608.6,20776.6,0
20230921,2,11.69,17608.6,20611.6,0
20230921,2,11.77,17608.6,20411.6,0
20230921,2,11.80,17608.6,20211.6,0
20230921,2,11.85,17608.6,20211.5,0
20230921,2,11.91,17608.6,20009.5,0
20230921,2,11.95,17608.6,19809.5,0
20230921,2,11.97,17610.1,19808.8,0
20230921,2,11.98,17610.1,19808.8,0
20230921,2,12.00,17640.1,19587.8,0
20230921,2,12.07,17640.1,19587.7,0
20230921,2,12.13,17640.6,19387.7,0
20230921,2,12.15,17640.6,19387.7,0
20230921,2,12.21,17643.6,19187.7,0
20230921,2,12.23,17643.6,19187.7,0
20230921,2,12.28,17644.1,18987.7,0
20230921,2,12.36,17644.1,18987.7,0
20230921,2,12.44,17644.6,18787.7,0
20230921,2,12.50,17682.6,18787.7,0
20230921,2,12.52,17682.6,18787.6,0
20230921,2,12.54,17682.6,18567.0,0
20230921,2,12.60,17683.1,18367.0,0
20230921,2,12.66,17683.1,18367.0,0
20230921,2,12.68,17683.1,18309.0,0
20230921,2,12.75,17683.6,18298.7,0
20230921,2,12.78,17683.6,18298.7,0
20230921,2,12.80,17683.6,18287.9,0
20230921,2,12.86,17683.6,18285.7,0
20230921,2,12.92,17683.6,18261.7,0
20230921,2,12.96,17683.6,18211.7,0
20230921,2,13.00,17742.9,18200.8,0
20230921,2,13.02,17744.0,18099.7,0
20230921,2,13.14,17744.0,18099.7,0
20230921,2,13.16,17744.0,18088.9,0
20230921,2,13.17,17744.0,18024.4,0
20230921,2,13.18,17744.0,18022.2,0
20230921,2,13.20,17744.0,18022.1,0
20230921,2,13.32,17744.0,18022.0,0
20230921,2,13.48,17744.0,18000.3,0
20230921,2,13.50,17754.0,17975.3,0
20230921,2,13.54,17754.0,17975.3,0
20230921,2,13.72,17754.0,17973.1,0
20230921,2,13.90,17754.0,17972.9,0
20230921,2,13.93,17754.0,17968.5,0
20230921,2,13.95,17754.0,17968.1,0
20230921,2,14.00,17754.0,17960.1,0
20230921,2,14.10,17754.0,17850.7,0
20230921,2,14.30,17754.0,17850.1,0
20230921,2,14.42,17754.0,17848.7,0
20230921,2,14.50,17754.0,17798.5,0
20230921,2,14.55,17754.0,17797.7,0
20230921,2,14.83,17754.0,17797.1,0
20230921,2,14.99,17754.0,17797.0,0
20230921,2,15.00,17754.0,17792.9,0
20230921,2,15.03,17754.0,17788.7,0
20230921,2,15.17,17850.0,17644.7,0
20230921,2,15.20,17850.0,17644.7,0
20230921,2,15.22,17850.0,17644.6,0
20230921,2,15.39,17850.0,17638.7,0
20230921,2,15.43,17850.0,17616.7,0
20230921,2,15.50,17850.0,17612.8,0
20230921,2,15.57,17850.0,17611.8,0
20230921,2,15.58,17850.0,17399.8,0
20230921,2,15.65,17850.0,17399.2,0
20230921,2,15.67,17850.0,17395.2,0
20230921,2,15.68,17914.0,17303.2,0
20230921,2,15.80,17914.0,17303.2,0
20230921,2,15.83,17978.0,17302.9,0
20230921,2,15.86,17978.0,17302.9,0
20230921,2,15.90,17985.0,17294.6,0
20230921,2,15.91,17985.0,17294.6,0
20230921,2,15.98,18049.0,17294.4,0
20230921,2,16.00,18050.0,17294.4,0
20230921,2,16.05,18050.0,17181.7,0
20230921,2,16.10,18051.0,17175.0,0
20230921,2,16.12,18115.0,17175.0,0
20230921,2,16.20,18116.0,17175.0,0
20230921,2,16.26,18166.0,17174.6,0
20230921,2,16.27,18230.0,17170.1,0
20230921,2,16.29,18280.0,17170.1,0
20230921,2,16.30,18281.0,17170.1,0
20230921,2,16.37,18345.0,17170.1,0
20230921,2,16.40,18345.0,17170.1,0
20230921,2,16.47,18409.0,17162.6,0
20230921,2,16.50,18409.0,17162.6,0
20230921,2,16.57,18473.0,17162.0,0
20230921,2,16.66,18514.6,17162.0,0
20230921,2,16.91,18514.6,17162.0,0
20230921,2,16.92,18524.5,17152.0,0
20230921,2,16.93,18524.5,17152.0,0
20230921,2,16.94,18524.5,17149.0,0
20230921,2,16.99,18524.5,17072.0,0
20230921,2,17.00,18524.5,17071.9,0
20230921,2,17.11,18524.5,17070.3,0
20230921,2,17.18,18524.5,17017.3,0
20230921,2,17.25,18524.5,17001.1,0
20230921,2,17.45,18524.5,17000.6,0
20230921,2,17.46,18524.5,17000.4,0
20230921,2,17.48,18554.4,16956.4,0
20230921,2,17.64,18554.4,16956.4,0
20230921,2,17.65,18629.4,16935.4,0
20230921,2,17.91,18629.4,16935.4,0
20230921,2,18.00,18629.4,16716.4,0
20230921,2,18.03,18629.4,16716.2,0
20230921,2,18.04,18629.4,16716.1,0
20230921,2,18.43,18629.4,16681.1,0
20230921,2,18.44,18629.4,16678.1,0
20230921,2,18.62,18629.4,16664.4,0
20230921,2,18.93,18629.5,16654.6,0
20230921,2,18.97,18629.5,16654.6,0
20230921,2,19.00,18629.5,16372.6,0
20230921,2,19.54,18629.5,16372.1,0
20230921,2,19.71,18838.5,16230.2,0
20230921,2,19.77,18838.5,16230.2,0
20230921,2,19.93,18838.5,16215.9,0
20230921,2,20.00,18838.5,16214.0,0
20230921,2,20.11,18850.0,16140.0,0
20230921,2,20.19,18850.0,16140.0,0
20230921,2,21.00,18850.0,16132.3,0
20230921,2,21.20,18850.0,16132.2,0
20230921,2,21.43,18850.0,16128.3,0
20230921,2,22.11,18850.0,16127.3,0
20230921,2,22.93,18850.0,16117.8,0
20230921,2,23.00,18863.0,16116.8,0
20230921,2,23.03,18863.0,16116.6,0
20230921,2,24.11,18863.0,16116.5,0
20230921,2,24.32,18863.0,16112.1,0
20230921,2,24.43,18863.0,15829.1,0
20230921,2,25.00,18863.0,15828.3,0
20230921,2,26.73,18863.0,15828.0,0
20230921,2,27.00,18863.0,15823.5,0
20230921,2,27.82,18863.0,15787.0,0
20230921,2,28.04,18863.0,15782.6,0
20230921,2,29.97,18863.0,15778.4,0
20230921,2,30.00,18863.0,15776.6,0
20230921,2,30.36,18863.0,15759.4,0
20230921,2,32.00,18863.0,15746.1,0
20230921,2,32.70,18863.9,15670.3,0
20230921,2,33.03,18863.9,15670.3,0
20230921,2,34.00,18863.9,15670.1,0
20230921,2,35.00,18863.9,15652.7,0
20230921,2,36.35,18863.9,15627.6,0
20230921,2,40.00,18863.9,15606.5,0
20230921,2,40.01,18863.9,15572.0,0
20230921,2,41.63,18863.9,15571.9,0
20230921,2,42.75,18863.9,15567.7,0
20230921,2,45.00,18863.9,15557.0,0
20230921,2,45.01,18863.9,15503.9,0
20230921,2,50.00,18863.9,15497.2,0
20230921,2,50.01,18864.3,15491.9,0
20230921,2,50.12,18864.3,15491.9,0
20230921,2,50.90,18864.3,15490.4,0
20230921,2,60.00,18864.3,15489.5,0
20230921,2,61.00,18864.3,15450.5,0
20230921,2,62.00,18864.3,15441.7,0
20230921,2,67.94,18864.3,15420.8,0
20230921,2,70.00,18864.3,15399.5,0
20230921,2,77.80,18864.3,15310.2,0
20230921,2,79.90,18864.3,15298.2,0
20230921,2,80.00,18864.3,15297.7,0
20230921,2,80.01,18864.3,15000.3,0
20230921,2,80.02,18864.3,14796.0,0
20230921,2,80.20,18864.3,14791.0,0
20230921,2,80.21,18874.2,14790.9,0
20230921,2,80.50,18874.2,14790.9,0
20230921,2,81.00,18874.2,14790.7,0
20230921,2,82.01,18874.2,14679.6,0
20230921,2,85.00,18874.2,14619.6,0
20230921,2,90.00,18874.2,14610.3,0
20230921,2,99.90,18874.2,14593.1,0
20230921,2,100.00,18874.2,14593.0,0
20230921,2,100.01,18885.3,12675.9,0
20230921,2,101.00,18885.3,12675.9,0
20230921,2,102.00,18885.3,12569.4,0
20230921,2,105.00,18885.3,12534.4,0
20230921,2,120.10,18885.3,12534.3,0
20230921,2,130.00,18885.3,12501.6,0
20230921,2,138.00,18885.3,12497.0,0
20230921,2,150.00,18885.3,12471.1,0
20230921,2,190.00,18885.3,12468.6,0
20230921,2,200.00,18885.3,12468.0,0
20230921,2,200.01,18885.3,11624.3,0
20230921,2,200.10,18885.3,10767.6,0
20230921,2,200.50,18885.3,10739.9,0
20230921,2,200.98,18885.3,10735.0,0
20230921,2,200.99,18885.3,10734.9,0
20230921,2,201.00,18885.3,10734.8,0
20230921,2,210.00,18885.3,10679.4,0
20230921,2,250.00,18885.3,10541.8,0
20230921,2,300.00,18885.3,10365.8,0
20230921,2,500.00,18885.3,9853.8,0
20230921,2,548.66,18885.3,9851.8,0
20230921,2,550.02,18885.3,9845.2,0
20230921,2,999.00,18885.3,9743.1,0
20230921,2,999.99,18885.3,0.0,0
20230921,2,0.00,0.0,10933.6,1
20230921,2,0.00,4114.2,10933.6,1
20230921,2,0.01,7632.9,10933.6,1
20230921,2,0.02,7789.5,10931.5,1
20230921,2,0.03,7789.5,10929.5,1
20230921,2,0.04,7789.7,10926.4,1
20230921,2,0.20,7789.7,10926.4,1
20230921,2,0.43,7833.2,10876.4,1
20230921,2,0.62,7833.2,10876.4,1
20230921,2,1.00,7887.7,10836.4,1
20230921,2,1.12,7887.7,10811.4,1
20230921,2,1.93,7890.7,10791.4,1
20230921,2,2.01,7890.7,10791.4,1
20230921,2,2.05,7891.8,10776.4,1
20230921,2,2.12,7891.8,10776.4,1
20230921,2,3.00,7895.3,10736.4,1
20230921,2,3.01,7895.3,10736.4,1
20230921,2,3.12,7895.3,10721.4,1
20230921,2,3.43,7898.3,10661.4,1
20230921,2,4.00,7898.3,10661.4,1
20230921,2,4.01,7898.7,10660.9,1
20230921,2,4.08,7899.9,10660.9,1
20230921,2,4.93,7902.9,10660.9,1
20230921,2,5.00,7982.2,10660.9,1
20230921,2,5.01,7982.2,10547.9,1
20230921,2,5.12,7982.2,10522.9,1
20230921,2,5.50,7982.3,10482.9,1
20230921,2,6.00,7996.3,10482.9,1
20230921,2,6.01,7996.3,10466.8,1
20230921,2,6.02,7998.8,10464.7,1
20230921,2,6.12,7999.9,10464.7,1
20230921,2,6.43,8002.9,10464.7,1
20230921,2,6.50,8012.9,10464.7,1
20230921,2,6.94,8022.6,10464.7,1
20230921,2,7.00,8052.0,10464.7,1
20230921,2,7.12,8052.0,10464.7,1
20230921,2,7.47,8052.0,10424.7,1
20230921,2,7.93,8055.4,10308.7,1
20230921,2,8.00,8055.4,10308.7,1
20230921,2,8.15,8056.7,10238.3,1
20230921,2,8.50,8058.0,10238.3,1
20230921,2,8.59,8058.0,10238.3,1
20230921,2,8.72,8058.0,10237.2,1
20230921,2,9.23,8058.0,10207.2,1
20230921,2,9.43,8062.0,10060.2,1
20230921,2,9.50,8062.0,10060.2,1
20230921,2,9.66,8062.0,9913.2,1
20230921,2,9.79,8062.0,9766.2,1
20230921,2,9.80,8062.0,9760.6,1
20230921,2,9.81,8062.0,9710.6,1
20230921,2,9.82,8062.0,9660.6,1
20230921,2,10.00,8078.0,9600.6,1
20230921,2,10.05,8098.0,9597.8,1
20230921,2,10.13,8103.6,9597.8,1
20230921,2,10.19,8110.8,9597.8,1
20230921,2,10.20,8110.8,9597.8,1
20230921,2,10.21,8110.8,9473.8,1
20230921,2,10.22,8110.8,9441.8,1
20230921,2,10.23,8110.8,9391.8,1
20230921,2,10.28,8113.3,9341.8,1
20230921,2,10.36,8115.7,9341.8,1
20230921,2,10.38,8115.7,9341.8,1
20230921,2,10.45,8118.2,9217.8,1
20230921,2,10.46,8118.2,9217.8,1
20230921,2,10.51,8118.2,9093.8,1
20230921,2,10.54,8120.6,8969.8,1
20230921,2,10.63,8122.9,8969.8,1
20230921,2,10.72,8122.9,8969.3,1
20230921,2,10.93,8126.9,8939.3,1
20230921,2,11.00,8126.9,8939.3,1
20230921,2,11.04,8126.9,8829.5,1
20230921,2,11.19,8126.9,8816.0,1
20230921,2,11.30,8138.3,8712.6,1
20230921,2,11.40,8138.3,8712.6,1
20230921,2,11.43,8138.3,8561.6,1
20230921,2,11.62,8142.3,8533.1,1
20230921,2,11.67,8142.3,8533.1,1
20230921,2,11.75,8142.3,8382.1,1
20230921,2,11.79,8150.2,8381.6,1
20230921,2,12.00,8150.2,8381.6,1
20230921,2,12.31,8150.2,8378.9,1
20230921,2,12.72,8150.2,8377.7,1
20230921,2,12.85,8350.2,8322.7,1
20230921,2,13.00,8352.7,8322.7,1
20230921,2,13.01,8352.7,8313.6,1
20230921,2,13.02,8353.9,8312.7,1
20230921,2,13.04,8353.9,8312.7,1
20230921,2,13.05,8353.9,8304.0,1
20230921,2,13.50,8353.9,8270.3,1
20230921,2,13.51,8354.3,8267.5,1
20230921,2,13.93,8354.3,8267.5,1
20230921,2,14.00,8354.3,8267.1,1
20230921,2,14.02,8354.3,8215.0,1
20230921,2,14.30,8356.8,8132.0,1
20230921,2,14.59,8356.8,8132.0,1
20230921,2,14.67,8356.8,8130.9,1
20230921,2,15.00,8356.8,8120.9,1
20230921,2,15.01,8356.8,8120.5,1
20230921,2,15.41,8356.8,8119.5,1
20230921,2,15.43,8356.8,8119.3,1
20230921,2,15.47,8356.8,8118.0,1
20230921,2,15.50,8356.8,8117.9,1
20230921,2,16.00,8356.8,8117.5,1
20230921,2,16.50,8356.8,8105.8,1
20230921,2,16.71,8356.8,8104.8,1
20230921,2,16.72,8404.6,8094.8,1
20230921,2,17.00,8404.6,8094.8,1
20230921,2,17.18,8404.6,8093.9,1
20230921,2,17.34,8404.6,8063.9,1
20230921,2,17.49,8404.6,8033.9,1
20230921,2,17.50,8404.6,8003.9,1
20230921,2,17.64,8404.6,8003.8,1
20230921,2,17.67,8404.6,7973.8,1
20230921,2,17.79,8404.6,7904.8,1
20230921,2,17.95,8404.6,7873.7,1
20230921,2,18.10,8404.6,7843.7,1
20230921,2,18.25,8404.6,7813.7,1
20230921,2,18.30,8404.6,7783.7,1
20230921,2,18.39,8404.6,7783.6,1
20230921,2,18.81,8404.6,7782.4,1
20230921,2,19.00,8404.6,7660.4,1
20230921,2,20.00,8404.6,7580.4,1
20230921,2,20.41,8404.6,7572.6,1
20230921,2,20.47,8404.6,7570.6,1
20230921,2,22.19,8404.6,7570.1,1
20230921,2,22.28,8454.6,7568.9,1
20230921,2,23.00,8454.6,7568.9,1
20230921,2,24.73,8454.6,7567.6,1
20230921,2,25.00,8454.6,7566.4,1
20230921,2,25.78,8454.6,7566.1,1
20230921,2,26.00,8454.6,7565.0,1
20230921,2,27.00,8454.6,7559.2,1
20230921,2,29.10,8454.6,7548.7,1
20230921,2,30.00,8454.6,7548.2,1
20230921,2,30.56,8454.6,7539.0,1
20230921,2,32.00,8454.6,7538.0,1
20230921,2,35.00,8454.6,7494.9,1
20230921,2,36.00,8454.6,7492.9,1
20230921,2,39.50,8454.6,7471.9,1
20230921,2,39.98,8514.6,7471.8,1
20230921,2,40.00,8514.6,7471.8,1
20230921,2,41.63,8514.6,7470.0,1
20230921,2,42.83,8514.6,7463.5,1
20230921,2,43.50,8514.6,7418.5,1
20230921,2,45.00,8514.6,7418.2,1
20230921,2,45.01,8514.6,7410.9,1
20230921,2,50.00,8514.6,7259.9,1
20230921,2,50.01,8514.8,7207.3,1
20230921,2,60.00,8514.8,7207.3,1
20230921,2,61.00,8514.8,7190.0,1
20230921,2,62.00,8514.8,7188.1,1
20230921,2,67.94,8514.8,7170.3,1
20230921,2,77.80,8514.8,7168.9,1
20230921,2,79.90,8514.8,7147.7,1
20230921,2,79.98,8534.8,7147.5,1
20230921,2,80.00,8534.8,7147.5,1
20230921,2,80.01,8534.8,7094.9,1
20230921,2,80.10,8534.8,7084.3,1
20230921,2,80.20,8534.8,7081.5,1
20230921,2,80.21,8544.8,7073.5,1
20230921,2,82.01,8544.8,7073.5,1
20230921,2,85.00,8544.8,7066.7,1
20230921,2,90.00,8544.8,7066.0,1
20230921,2,100.00,8544.8,7062.7,1
20230921,2,100.01,8545.1,6984.0,1
20230921,2,101.00,8545.1,6984.0,1
20230921,2,102.00,8545.1,6945.3,1
20230921,2,120.10,8545.1,6929.0,1
20230921,2,138.00,8545.1,6923.8,1
20230921,2,200.00,8545.1,6889.9,1
20230921,2,200.01,8545.1,6591.9,1
20230921,2,200.10,8545.1,6154.3,1
20230921,2,201.00,8545.1,6153.0,1
20230921,2,210.00,8545.1,6135.4,1
20230921,2,250.00,8545.1,6081.8,1
20230921,2,548.66,8545.1,6080.7,1
20230921,2,550.02,8545.1,6037.1,1
20230921,2,999.00,8545.1,5934.0,1
20230921,2,999.99,8545.1,0.0,1
20230921,3,0.00,0.0,21759.9,0
20230921,3,0.00,4614.2,21759.9,0
20230921,3,0.01,16709.7,21759.9,0
20230921,3,0.02,16731.4,21759.7,0
20230921,3,0.03,16731.4,21759.3,0
20230921,3,0.04,16753.2,21740.6,0
20230921,3,0.10,16753.2,21740.6,0
20230921,3,0.20,16753.2,21620.5,0
20230921,3,0.30,16753.2,21605.5,0
20230921,3,0.39,16819.2,21601.5,0
20230921,3,0.62,16819.2,21601.5,0
20230921,3,1.00,17351.3,21561.5,0
20230921,3,1.01,17351.3,21444.8,0
20230921,3,1.12,17351.3,21424.8,0
20230921,3,1.89,17354.3,21414.8,0
20230921,3,2.00,17355.1,21414.8,0
20230921,3,2.01,17355.1,21414.8,0
20230921,3,2.10,17355.1,21389.8,0
20230921,3,2.12,17355.1,21383.8,0
20230921,3,2.15,17470.3,21363.8,0
20230921,3,2.58,17471.9,21363.8,0
20230921,3,3.00,17472.6,21363.8,0
20230921,3,3.01,17472.6,21323.7,0
20230921,3,3.12,17472.6,21298.7,0
20230921,3,3.39,17475.6,21268.7,0
20230921,3,4.00,17476.2,21268.7,0
20230921,3,4.65,17478.5,21268.7,0
20230921,3,4.89,17481.7,21268.7,0
20230921,3,5.00,17556.7,21268.7,0
20230921,3,5.01,17556.7,21152.4,0
20230921,3,5.12,17556.7,21117.4,0
20230921,3,5.15,17558.2,21097.4,0
20230921,3,5.52,17558.2,21097.4,0
20230921,3,5.53,17558.4,21090.9,0
20230921,3,6.00,17558.4,21090.9,0
20230921,3,6.02,17560.8,21033.6,0
20230921,3,6.26,17560.8,21033.6,0
20230921,3,6.39,17564.8,21027.6,0
20230921,3,7.00,17571.4,21027.6,0
20230921,3,7.01,17571.4,21027.5,0
20230921,3,7.12,17571.4,20911.8,0
20230921,3,7.50,17591.4,20891.8,0
20230921,3,7.72,17592.9,20891.8,0
20230921,3,7.89,17596.9,20891.8,0
20230921,3,7.90,17596.9,20891.8,0
20230921,3,8.00,17626.2,20884.5,0
20230921,3,8.02,17637.6,20865.8,0
20230921,3,8.50,17637.6,20865.8,0
20230921,3,8.76,17637.6,20855.8,0
20230921,3,8.98,17637.6,20835.8,0
20230921,3,9.09,17637.6,20825.8,0
20230921,3,9.14,17638.7,20668.8,0
20230921,3,9.39,17642.7,20668.8,0
20230921,3,10.00,17709.4,20668.8,0
20230921,3,10.05,17712.5,20588.8,0
20230921,3,10.17,17712.5,20588.8,0
20230921,3,10.19,17712.5,20558.8,0
20230921,3,10.29,17714.1,20404.3,0
20230921,3,10.58,17729.6,20404.3,0
20230921,3,10.59,17990.0,20161.4,0
20230921,3,10.76,17990.0,20161.4,0
20230921,3,10.89,17994.0,20141.4,0
20230921,3,10.98,17994.0,20141.4,0
20230921,3,11.00,17994.0,20126.4,0
20230921,3,11.27,17994.0,20116.4,0
20230921,3,11.28,17994.0,20066.4,0
20230921,3,11.50,17994.0,20016.4,0
20230921,3,11.57,17994.0,19966.1,0
20230921,3,11.69,17994.0,19801.1,0
20230921,3,11.76,17994.0,19601.1,0
20230921,3,11.80,17994.0,19401.1,0
20230921,3,11.85,17994.0,19401.0,0
20230921,3,11.91,17994.0,19201.0,0
20230921,3,11.93,17994.0,19001.0,0
20230921,3,11.95,17994.0,18986.0,0
20230921,3,11.98,17994.0,18985.3,0
20230921,3,12.00,18024.0,18764.3,0
20230921,3,12.06,18024.0,18764.2,0
20230921,3,12.11,18024.0,18564.2,0
20230921,3,12.13,18024.0,18559.6,0
20230921,3,12.21,18026.9,18359.6,0
20230921,3,12.23,18026.9,18359.6,0
20230921,3,12.35,18026.9,18159.6,0
20230921,3,12.49,18026.9,17959.6,0
20230921,3,12.50,18064.9,17742.7,0
20230921,3,12.53,18064.9,17742.6,0
20230921,3,12.66,18064.9,17542.6,0
20230921,3,12.68,18064.9,17484.6,0
20230921,3,12.69,18064.9,17474.9,0
20230921,3,12.72,18064.9,17452.4,0
20230921,3,12.76,18064.9,17439.4,0
20230921,3,12.87,18066.4,17389.4,0
20230921,3,12.98,18066.4,17389.4,0
20230921,3,13.00,18214.9,17364.4,0
20230921,3,13.02,18216.0,17363.5,0
20230921,3,13.16,18216.0,17363.5,0
20230921,3,13.18,18216.0,17303.2,0
20230921,3,13.20,18216.0,17303.1,0
20230921,3,13.34,18216.5,17303.0,0
20230921,3,13.39,18216.5,17303.0,0
20230921,3,13.40,18216.5,17300.8,0
20230921,3,13.50,18226.5,17289.9,0
20230921,3,13.56,18226.5,17289.9,0
20230921,3,13.82,18227.0,17289.7,0
20230921,3,13.86,18227.0,17289.7,0
20230921,3,13.89,18227.0,17287.7,0
20230921,3,13.95,18227.0,17287.3,0
20230921,3,14.00,18227.0,17279.5,0
20230921,3,14.06,18227.0,17170.3,0
20230921,3,14.09,18227.0,17168.1,0
20230921,3,14.10,18227.0,17157.3,0
20230921,3,14.26,18227.0,17156.7,0
20230921,3,14.30,18227.5,17106.5,0
20230921,3,14.50,18227.5,17105.1,0
20230921,3,14.55,18227.5,17104.3,0
20230921,3,14.56,18227.5,17103.7,0
20230921,3,14.74,18227.5,17062.7,0
20230921,3,14.77,18227.5,17058.3,0
20230921,3,14.78,18228.0,17040.5,0
20230921,3,14.83,18228.0,17040.5,0
20230921,3,14.87,18228.0,17040.4,0
20230921,3,14.99,18228.0,16896.4,0
20230921,3,15.00,18228.0,16896.3,0
20230921,3,15.17,18324.0,16892.3,0
20230921,3,15.20,18324.0,16892.3,0
20230921,3,15.22,18324.0,16892.2,0
20230921,3,15.25,18324.5,16888.3,0
20230921,3,15.39,18324.5,16888.3,0
20230921,3,15.41,18324.5,16884.4,0
20230921,3,15.57,18324.5,16672.4,0
20230921,3,15.58,18324.5,16646.4,0
20230921,3,15.65,18388.5,16645.8,0
20230921,3,15.67,18388.5,16645.8,0
20230921,3,15.80,18388.5,16624.8,0
20230921,3,15.83,18452.5,16624.5,0
20230921,3,15.90,18459.5,16624.5,0
20230921,3,15.91,18459.5,16624.5,0
20230921,3,15.95,18509.5,16624.3,0
20230921,3,15.98,18573.5,16624.3,0
20230921,3,16.00,18574.5,16624.3,0
20230921,3,16.05,18574.5,16517.6,0
20230921,3,16.06,18624.5,16509.8,0
20230921,3,16.10,18625.5,16509.8,0
20230921,3,16.12,18689.5,16509.8,0
20230921,3,16.20,18690.5,16509.8,0
20230921,3,16.27,18818.5,16509.8,0
20230921,3,16.30,18819.5,16509.8,0
20230921,3,16.40,18819.5,16509.8,0
20230921,3,16.47,18883.5,16502.9,0
20230921,3,16.57,18947.5,16502.9,0
20230921,3,16.66,19011.5,16502.9,0
20230921,3,16.71,19011.5,16502.9,0
20230921,3,16.72,19011.5,16502.5,0
20230921,3,16.75,19011.5,16498.0,0
20230921,3,16.76,19021.4,16488.0,0
20230921,3,16.84,19021.4,16488.0,0
20230921,3,16.85,19085.4,16412.0,0
20230921,3,16.89,19085.4,16410.7,0
20230921,3,16.94,19149.4,16407.7,0
20230921,3,16.98,19179.3,16407.7,0
20230921,3,16.99,19179.3,16406.7,0
20230921,3,17.00,19179.3,16406.6,0
20230921,3,17.03,19243.3,16405.1,0
20230921,3,17.11,19243.3,16405.1,0
20230921,3,17.16,19293.5,16353.1,0
20230921,3,17.18,19293.5,16353.1,0
20230921,3,17.25,19293.5,16336.9,0
20230921,3,17.40,19293.5,16336.5,0
20230921,3,17.45,19293.5,16292.5,0
20230921,3,17.65,19368.5,16292.3,0
20230921,3,17.92,19368.5,16292.3,0
20230921,3,18.00,19368.5,16109.3,0
20230921,3,18.03,19368.5,16107.5,0
20230921,3,18.05,19368.5,16107.4,0
20230921,3,18.34,19368.5,16047.4,0
20230921,3,18.39,19368.5,16033.9,0
20230921,3,18.62,19368.5,16031.0,0
20230921,3,18.77,19368.6,16021.2,0
20230921,3,18.93,19368.6,16021.2,0
20230921,3,19.00,19368.6,15720.2,0
20230921,3,19.50,19368.6,15719.7,0
20230921,3,19.54,19368.6,15712.0,0
20230921,3,19.71,19577.6,15589.0,0
20230921,3,19.89,19577.6,15589.0,0
20230921,3,20.00,19577.6,15587.3,0
20230921,3,20.03,19577.6,15521.1,0
20230921,3,20.11,19589.1,15516.7,0
20230921,3,20.19,19589.1,15516.7,0
20230921,3,21.00,19589.1,15513.7,0
20230921,3,21.39,19589.1,15513.6,0
20230921,3,21.71,19589.1,15512.6,0
20230921,3,21.98,19589.1,15509.0,0
20230921,3,22.89,19589.1,15499.5,0
20230921,3,23.00,19602.1,15498.5,0
20230921,3,23.03,19602.1,15498.3,0
20230921,3,23.33,19602.1,15498.2,0
20230921,3,23.45,19602.1,15493.8,0
20230921,3,25.00,19602.1,15254.8,0
20230921,3,25.54,19602.1,15254.4,0
20230921,3,26.45,19602.1,15249.9,0
20230921,3,26.64,19602.1,15245.5,0
20230921,3,27.00,19602.1,15241.5,0
20230921,3,29.97,19602.1,15206.5,0
20230921,3,30.00,19602.1,15200.7,0
20230921,3,30.36,19602.1,15184.0,0
20230921,3,32.00,19602.1,15170.5,0
20230921,3,32.70,19603.0,15096.4,0
20230921,3,33.03,19603.0,15096.4,0
20230921,3,34.00,19603.0,15096.2,0
20230921,3,35.00,19603.0,15079.3,0
20230921,3,36.35,19603.0,15055.5,0
20230921,3,40.00,19603.0,15035.6,0
20230921,3,40.01,19603.0,15004.1,0
20230921,3,41.78,19603.0,15004.0,0
20230921,3,42.96,19603.0,14999.8,0
20230921,3,45.00,19603.0,14989.4,0
20230921,3,45.01,19603.0,14940.3,0
20230921,3,50.00,19603.0,14938.8,0
20230921,3,50.01,19603.4,14933.5,0
20230921,3,50.12,19603.4,14933.5,0
20230921,3,50.90,19603.4,14932.0,0
20230921,3,60.00,19603.4,14931.1,0
20230921,3,61.00,19603.4,14893.7,0
20230921,3,62.00,19603.4,14884.9,0
20230921,3,67.94,19603.4,14864.2,0
20230921,3,70.00,19603.4,14843.8,0
20230921,3,77.80,19603.4,14757.1,0
20230921,3,79.90,19603.4,14747.1,0
20230921,3,80.00,19603.4,14746.5,0
20230921,3,80.01,19603.4,14466.2,0
20230921,3,80.02,19603.4,14268.3,0
20230921,3,80.20,19603.4,14263.3,0
20230921,3,80.21,19613.3,14263.2,0
20230921,3,80.50,19613.3,14263.2,0
20230921,3,81.00,19613.3,14263.0,0
20230921,3,82.01,19613.3,14175.4,0
20230921,3,85.00,19613.3,14120.3,0
20230921,3,90.00,19613.3,14110.7,0
20230921,3,99.90,19613.3,14094.1,0
20230921,3,100.00,19613.3,14094.0,0
20230921,3,100.01,19624.4,12664.3,0
20230921,3,101.00,19624.4,12664.3,0
20230921,3,102.00,19624.4,12557.8,0
20230921,3,105.00,19624.4,12524.1,0
20230921,3,120.10,19624.4,12524.0,0
20230921,3,130.00,19624.4,12489.5,0
20230921,3,138.00,19624.4,12485.1,0
20230921,3,150.00,19624.4,12478.2,0
20230921,3,190.00,19624.4,12475.7,0
20230921,3,200.00,19624.4,12475.1,0
20230921,3,200.01,19624.4,11659.1,0
20230921,3,200.10,19624.4,10811.5,0
20230921,3,200.50,19624.4,10784.5,0
20230921,3,200.98,19624.4,10779.6,0
20230921,3,200.99,19624.4,10779.5,0
20230921,3,201.00,19624.4,10779.4,0
20230921,3,210.00,19624.4,10724.3,0
20230921,3,250.00,19624.4,10589.5,0
20230921,3,300.00,19624.4,10414.6,0
20230921,3,500.00,19624.4,9902.5,0
20230921,3,548.66,19624.4,9900.5,0
20230921,3,550.02,19624.4,9893.9,0
20230921,3,999.00,19624.4,9791.8,0
20230921,3,999.99,19624.4,0.0,0
20230921,3,0.00,0.0,10790.9,1
20230921,3,0.00,4117.8,10790.9,1
20230921,3,0.01,7636.5,10790.9,1
20230921,3,0.02,7798.0,10789.0,1
20230921,3,0.03,7798.0,10787.0,1
20230921,3,0.04,7798.3,10784.0,1
20230921,3,0.20,7798.3,10784.0,1
20230921,3,0.39,7844.6,10734.0,1
20230921,3,0.62,7844.6,10734.0,1
20230921,3,1.00,7897.6,10694.0,1
20230921,3,1.12,7897.6,10669.4,1
20230921,3,1.80,7899.1,10649.4,1
20230921,3,1.89,7902.1,10649.4,1
20230921,3,2.01,7902.1,10649.4,1
20230921,3,2.12,7902.1,10634.4,1
20230921,3,3.00,7906.1,10594.4,1
20230921,3,3.01,7906.1,10594.4,1
20230921,3,3.12,7906.1,10579.4,1
20230921,3,3.39,7909.1,10519.4,1
20230921,3,3.60,7916.4,10519.4,1
20230921,3,3.99,7916.4,10519.4,1
20230921,3,4.00,7916.8,10518.9,1
20230921,3,4.89,7919.8,10518.9,1
20230921,3,5.00,8001.0,10518.9,1
20230921,3,5.01,8001.0,10406.0,1
20230921,3,5.12,8001.0,10381.0,1
20230921,3,5.39,8008.3,10341.0,1
20230921,3,5.50,8008.4,10341.0,1
20230921,3,6.00,8023.5,10341.0,1
20230921,3,6.01,8023.5,10325.4,1
20230921,3,6.02,8025.9,10323.3,1
20230921,3,6.39,8028.9,10323.3,1
20230921,3,6.50,8038.9,10323.3,1
20230921,3,6.94,8049.3,10323.3,1
20230921,3,7.00,8078.7,10323.3,1
20230921,3,7.12,8078.7,10323.3,1
20230921,3,7.19,8086.0,10283.3,1
20230921,3,7.47,8086.0,10283.3,1
20230921,3,7.89,8089.4,10167.3,1
20230921,3,8.00,8089.4,10167.3,1
20230921,3,8.17,8089.4,10096.9,1
20230921,3,8.36,8097.3,10066.9,1
20230921,3,8.50,8098.6,10066.9,1
20230921,3,8.59,8098.6,10066.9,1
20230921,3,8.98,8105.8,10065.8,1
20230921,3,9.07,8108.3,10065.8,1
20230921,3,9.14,8114.0,10065.8,1
20230921,3,9.17,8116.4,10065.8,1
20230921,3,9.23,8116.4,10065.8,1
20230921,3,9.26,8118.9,9918.8,1
20230921,3,9.35,8121.3,9918.8,1
20230921,3,9.39,8125.3,9918.8,1
20230921,3,9.45,8127.6,9918.8,1
20230921,3,9.50,8127.6,9918.3,1
20230921,3,9.60,8127.6,9771.3,1
20230921,3,9.66,8127.6,9770.7,1
20230921,3,9.67,8127.6,9623.7,1
20230921,3,9.76,8127.6,9603.1,1
20230921,3,9.79,8127.6,9602.6,1
20230921,3,9.80,8127.6,9596.6,1
20230921,3,9.81,8127.6,9546.6,1
20230921,3,9.82,8127.6,9496.6,1
20230921,3,9.91,8127.6,9436.6,1
20230921,3,10.00,8143.9,9435.4,1
20230921,3,10.05,8163.9,9432.6,1
20230921,3,10.17,8163.9,9432.6,1
20230921,3,10.20,8163.9,9402.6,1
20230921,3,10.21,8163.9,9278.6,1
20230921,3,10.22,8163.9,9246.6,1
20230921,3,10.23,8163.9,9196.6,1
20230921,3,10.38,8163.9,9146.6,1
20230921,3,10.45,8163.9,9022.6,1
20230921,3,10.46,8163.9,9009.5,1
20230921,3,10.51,8163.9,8885.5,1
20230921,3,10.89,8167.9,8761.5,1
20230921,3,11.00,8167.9,8761.5,1
20230921,3,11.06,8178.6,8651.7,1
20230921,3,11.19,8178.6,8651.7,1
20230921,3,11.20,8178.6,8548.9,1
20230921,3,11.35,8182.3,8522.4,1
20230921,3,11.40,8182.3,8522.4,1
20230921,3,11.67,8182.3,8371.4,1
20230921,3,12.00,8182.3,8220.4,1
20230921,3,12.17,8182.3,8217.9,1
20230921,3,12.31,8182.3,8162.9,1
20230921,3,12.85,8382.3,8161.8,1
20230921,3,13.00,8382.3,8161.8,1
20230921,3,13.01,8382.3,8152.7,1
20230921,3,13.02,8383.4,8151.8,1
20230921,3,13.04,8383.4,8151.8,1
20230921,3,13.05,8383.4,8143.1,1
20230921,3,13.34,8385.9,8109.4,1
20230921,3,13.50,8385.9,8109.4,1
20230921,3,13.51,8386.3,8106.6,1
20230921,3,13.89,8386.3,8106.6,1
20230921,3,14.00,8386.3,8106.2,1
20230921,3,14.02,8386.3,8054.1,1
20230921,3,14.67,8388.8,7971.1,1
20230921,3,15.00,8388.8,7961.1,1
20230921,3,15.01,8388.8,7960.7,1
20230921,3,15.14,8388.8,7959.7,1
20230921,3,15.18,8388.8,7959.5,1
20230921,3,15.39,8388.8,7959.4,1
20230921,3,15.50,8388.8,7958.1,1
20230921,3,16.00,8388.8,7957.0,1
20230921,3,16.16,8388.8,7945.7,1
20230921,3,16.17,8436.6,7935.7,1
20230921,3,16.31,8436.6,7935.7,1
20230921,3,16.34,8436.6,7934.5,1
20230921,3,17.00,8436.6,7874.5,1
20230921,3,17.18,8436.6,7873.6,1
20230921,3,17.28,8436.6,7843.6,1
20230921,3,17.34,8436.6,7842.5,1
20230921,3,17.49,8436.6,7812.5,1
20230921,3,17.50,8436.6,7782.5,1
20230921,3,17.64,8436.6,7782.4,1
20230921,3,17.79,8436.6,7752.4,1
20230921,3,17.95,8436.6,7722.4,1
20230921,3,18.10,8436.6,7692.4,1
20230921,3,18.25,8436.6,7662.4,1
20230921,3,18.30,8436.6,7632.4,1
20230921,3,18.81,8436.6,7632.3,1
20230921,3,19.00,8436.6,7510.3,1
20230921,3,20.00,8436.6,7487.3,1
20230921,3,20.14,8436.6,7479.7,1
20230921,3,20.18,8436.6,7477.9,1
20230921,3,20.31,8436.6,7477.4,1
20230921,3,22.28,8486.6,7476.2,1
20230921,3,22.98,8486.6,7476.2,1
20230921,3,23.00,8486.6,7475.0,1
20230921,3,24.09,8486.6,7473.7,1
20230921,3,24.31,8486.6,7472.6,1
20230921,3,25.00,8486.6,7467.5,1
20230921,3,27.00,8486.6,7467.2,1
20230921,3,29.10,8486.6,7457.5,1
20230921,3,30.00,8486.6,7457.0,1
20230921,3,30.56,8486.6,7448.8,1
20230921,3,32.00,8486.6,7447.8,1
20230921,3,35.00,8486.6,7406.2,1
20230921,3,36.00,8486.6,7403.9,1
20230921,3,39.50,8486.6,7386.2,1
20230921,3,39.98,8546.6,7386.1,1
20230921,3,40.00,8546.6,7386.1,1
20230921,3,41.78,8546.6,7384.3,1
20230921,3,43.50,8546.6,7378.2,1
20230921,3,45.00,8546.6,7377.9,1
20230921,3,45.01,8546.6,7371.2,1
20230921,3,47.04,8546.6,7279.4,1
20230921,3,50.00,8546.6,7236.4,1
20230921,3,50.01,8546.8,7184.7,1
20230921,3,60.00,8546.8,7184.7,1
20230921,3,61.00,8546.8,7167.5,1
20230921,3,62.00,8546.8,7165.9,1
20230921,3,67.94,8546.8,7148.2,1
20230921,3,77.80,8546.8,7146.6,1
20230921,3,79.90,8546.8,7126.0,1
20230921,3,79.98,8566.8,7125.8,1
20230921,3,80.00,8566.8,7125.8,1
20230921,3,80.01,8566.8,7076.3,1
20230921,3,80.10,8566.8,7065.8,1
20230921,3,80.20,8566.8,7062.9,1
20230921,3,80.21,8576.8,7054.9,1
20230921,3,82.01,8576.8,7054.9,1
20230921,3,85.00,8576.8,7048.3,1
20230921,3,90.00,8576.8,7047.6,1
20230921,3,100.00,8576.8,7044.4,1
20230921,3,100.01,8577.1,6971.0,1
20230921,3,101.00,8577.1,6971.0,1
20230921,3,102.00,8577.1,6932.3,1
20230921,3,120.10,8577.1,6916.4,1
20230921,3,138.00,8577.1,6911.4,1
20230921,3,200.00,8577.1,6877.7,1
20230921,3,200.01,8577.1,6590.2,1
20230921,3,200.10,8577.1,6153.3,1
20230921,3,201.00,8577.1,6152.0,1
20230921,3,210.00,8577.1,6134.6,1
20230921,3,250.00,8577.1,6080.8,1
20230921,3,548.66,8577.1,6079.7,1
20230921,3,550.02,8577.1,6036.1,1
20230921,3,999.00,8577.1,5933.0,1
20230921,3,999.99,8577.1,0.0,1
20230921,4,0.00,0.0,21769.6,0
20230921,4,0.00,4618.8,21769.6,0
20230921,4,0.01,16749.5,21769.6,0
20230921,4,0.02,16771.1,21769.4,0
20230921,4,0.03,16771.1,21769.0,0
20230921,4,0.04,16793.3,21751.0,0
20230921,4,0.10,16793.3,21751.0,0
20230921,4,0.20,16793.3,21630.9,0
20230921,4,0.30,16793.3,21615.9,0
20230921,4,0.62,16793.3,21611.9,0
20230921,4,1.00,17337.4,21571.9,0
20230921,4,1.01,17337.4,21454.2,0
20230921,4,1.12,17337.4,21434.2,0
20230921,4,1.14,17417.1,21424.2,0
20230921,4,2.00,17418.0,21424.2,0
20230921,4,2.01,17418.0,21424.2,0
20230921,4,2.10,17418.0,21399.2,0
20230921,4,2.12,17418.0,21393.2,0
20230921,4,2.15,17533.2,21373.2,0
20230921,4,2.39,17536.2,21373.2,0
20230921,4,2.58,17537.8,21373.2,0
20230921,4,3.00,17538.5,21373.2,0
20230921,4,3.01,17538.5,21333.1,0
20230921,4,3.12,17538.5,21308.1,0
20230921,4,3.64,17541.5,21278.1,0
20230921,4,4.00,17541.5,21278.1,0
20230921,4,4.01,17542.3,21271.7,0
20230921,4,4.65,17544.5,21271.7,0
20230921,4,4.89,17547.5,21271.7,0
20230921,4,5.00,17622.7,21271.7,0
20230921,4,5.01,17622.7,21155.0,0
20230921,4,5.12,17622.7,21120.0,0
20230921,4,5.14,17624.2,21100.0,0
20230921,4,6.00,17624.2,21100.0,0
20230921,4,6.02,17626.6,21045.0,0
20230921,4,6.14,17629.8,21045.0,0
20230921,4,6.26,17629.8,21045.0,0
20230921,4,7.00,17638.4,21039.0,0
20230921,4,7.01,17638.4,21038.9,0
20230921,4,7.12,17638.4,20923.3,0
20230921,4,7.39,17642.4,20903.3,0
20230921,4,7.50,17672.5,20903.3,0
20230921,4,7.71,17674.0,20903.3,0
20230921,4,7.90,17674.0,20903.3,0
20230921,4,8.00,17703.5,20896.2,0
20230921,4,8.02,17714.8,20877.1,0
20230921,4,8.47,17716.0,20877.1,0
20230921,4,8.50,17716.0,20877.1,0
20230921,4,8.64,17720.0,20867.1,0
20230921,4,9.09,17720.0,20867.1,0
20230921,4,9.17,17720.0,20710.1,0
20230921,4,9.89,17724.0,20680.1,0
20230921,4,10.00,17794.4,20680.1,0
20230921,4,10.05,17797.5,20600.1,0
20230921,4,10.17,17797.5,20600.1,0
20230921,4,10.19,17797.5,20570.1,0
20230921,4,10.27,17799.1,20415.6,0
20230921,4,10.58,17907.5,20415.6,0
20230921,4,10.93,17907.5,20265.8,0
20230921,4,10.98,17907.5,20215.8,0
20230921,4,11.00,17907.5,20165.8,0
20230921,4,11.14,17911.5,20155.8,0
20230921,4,11.17,17911.5,20155.8,0
20230921,4,11.50,17911.5,20120.8,0
20230921,4,11.60,17911.5,20070.5,0
20230921,4,11.64,17911.5,19905.5,0
20230921,4,11.74,17911.5,19705.5,0
20230921,4,11.80,17911.5,19505.5,0
20230921,4,11.81,17911.5,19505.4,0
20230921,4,11.88,17911.5,19305.4,0
20230921,4,11.95,17911.5,19105.4,0
20230921,4,11.98,17911.5,18901.7,0
20230921,4,12.00,17941.5,18880.7,0
20230921,4,12.02,17941.5,18880.6,0
20230921,4,12.11,17941.5,18680.6,0
20230921,4,12.12,17941.5,18676.2,0
20230921,4,12.20,17941.5,18476.2,0
20230921,4,12.21,17944.3,18276.2,0
20230921,4,12.32,17944.3,18276.2,0
20230921,4,12.49,17944.3,18076.2,0
20230921,4,12.50,17982.3,17662.6,0
20230921,4,12.66,17982.3,17662.5,0
20230921,4,12.68,17982.3,17604.5,0
20230921,4,12.73,17982.3,17583.1,0
20230921,4,12.74,17982.3,17573.8,0
20230921,4,12.84,17983.8,17560.8,0
20230921,4,13.00,18123.4,17560.8,0
20230921,4,13.02,18124.5,17560.0,0
20230921,4,13.08,18124.5,17560.0,0
20230921,4,13.16,18124.5,17546.9,0
20230921,4,13.17,18124.5,17490.1,0
20230921,4,13.18,18124.5,17415.1,0
20230921,4,13.20,18124.5,17415.0,0
20230921,4,13.24,18125.0,17414.9,0
20230921,4,13.40,18125.0,17414.9,0
20230921,4,13.43,18125.0,17412.9,0
20230921,4,13.50,18135.0,17399.9,0
20230921,4,13.64,18135.0,17399.9,0
20230921,4,13.65,18135.5,17399.5,0
20230921,4,13.77,18135.5,17399.5,0
20230921,4,13.95,18135.5,17382.4,0
20230921,4,13.97,18135.5,17374.6,0
20230921,4,14.00,18135.5,17374.4,0
20230921,4,14.05,18136.0,17265.4,0
20230921,4,14.10,18136.0,17265.4,0
20230921,4,14.30,18136.0,17264.8,0
20230921,4,14.34,18136.0,17263.4,0
20230921,4,14.46,18136.5,17203.4,0
20230921,4,14.50,18136.5,17203.4,0
20230921,4,14.55,18136.5,17202.6,0
20230921,4,14.78,18136.5,17202.1,0
20230921,4,14.83,18136.5,17058.1,0
20230921,4,14.86,18137.0,17058.0,0
20230921,4,14.89,18137.0,17058.0,0
20230921,4,14.99,18137.0,17054.2,0
20230921,4,15.00,18137.0,17054.1,0
20230921,4,15.17,18233.0,17050.3,0
20230921,4,15.20,18233.0,17050.3,0
20230921,4,15.22,18233.0,17050.2,0
20230921,4,15.32,18233.0,17035.5,0
20230921,4,15.57,18233.0,16823.5,0
20230921,4,15.58,18233.0,16797.5,0
20230921,4,15.60,18297.0,16796.9,0
20230921,4,15.67,18297.0,16796.9,0
20230921,4,15.72,18361.0,16670.9,0
20230921,4,15.80,18361.0,16670.9,0
20230921,4,15.83,18425.0,16670.6,0
20230921,4,15.90,18432.0,16670.6,0
20230921,4,15.91,18432.0,16670.6,0
20230921,4,15.98,18496.0,16670.4,0
20230921,4,16.00,18497.0,16670.4,0
20230921,4,16.01,18497.0,16567.8,0
20230921,4,16.05,18497.0,16563.3,0
20230921,4,16.08,18497.0,16555.1,0
20230921,4,16.10,18498.0,16554.7,0
20230921,4,16.12,18562.0,16554.7,0
20230921,4,16.14,18562.0,16554.7,0
20230921,4,16.20,18563.0,16551.7,0
20230921,4,16.26,18613.0,16551.7,0
20230921,4,16.27,18677.0,16551.7,0
20230921,4,16.30,18728.0,16551.7,0
20230921,4,16.37,18792.0,16551.7,0
20230921,4,16.40,18792.0,16551.7,0
20230921,4,16.47,18856.0,16545.1,0
20230921,4,16.57,18920.0,16545.1,0
20230921,4,16.65,18920.0,16545.1,0
20230921,4,16.75,18984.0,16544.8,0
20230921,4,16.78,18984.0,16544.8,0
20230921,4,16.83,18984.0,16468.8,0
20230921,4,16.85,19048.0,16467.8,0
20230921,4,16.99,19048.0,16467.8,0
20230921,4,17.00,19048.0,16467.7,0
20230921,4,17.03,19112.0,16466.1,0
20230921,4,17.08,19176.0,16466.1,0
20230921,4,17.11,19176.0,16466.1,0
20230921,4,17.16,19194.8,16414.1,0
20230921,4,17.17,19234.6,16404.1,0
20230921,4,17.18,19234.6,16404.1,0
20230921,4,17.25,19234.6,16387.9,0
20230921,4,17.36,19234.6,16387.5,0
20230921,4,17.39,19234.6,16343.5,0
20230921,4,17.45,19234.6,16340.7,0
20230921,4,17.50,19234.6,16340.5,0
20230921,4,17.65,19309.6,16338.9,0
20230921,4,17.94,19309.6,16338.9,0
20230921,4,18.00,19309.6,16174.9,0
20230921,4,18.03,19309.6,16174.7,0
20230921,4,18.06,19309.6,16174.6,0
20230921,4,18.34,19309.6,16080.6,0
20230921,4,18.62,19309.6,16067.3,0
20230921,4,18.64,19309.6,16057.5,0
20230921,4,18.86,19309.6,16056.0,0
20230921,4,19.00,19309.6,15755.0,0
20230921,4,19.18,19309.7,15754.5,0
20230921,4,19.50,19309.7,15754.5,0
20230921,4,19.54,19309.7,15751.8,0
20230921,4,19.70,19309.7,15644.6,0
20230921,4,19.71,19518.7,15641.7,0
20230921,4,19.73,19518.7,15641.7,0
20230921,4,19.89,19518.7,15637.3,0
20230921,4,20.00,19518.7,15636.3,0
20230921,4,20.11,19530.2,15575.0,0
20230921,4,21.00,19530.2,15575.0,0
20230921,4,21.14,19530.2,15574.9,0
20230921,4,21.65,19530.2,15574.6,0
20230921,4,21.83,19530.2,15571.1,0
20230921,4,23.00,19543.2,15562.1,0
20230921,4,23.03,19543.2,15561.9,0
20230921,4,23.45,19543.2,15561.8,0
20230921,4,23.57,19543.2,15557.4,0
20230921,4,25.00,19543.2,15352.4,0
20230921,4,25.94,19543.2,15352.2,0
20230921,4,26.97,19543.2,15347.7,0
20230921,4,27.00,19543.2,15343.3,0
20230921,4,27.18,19543.2,15310.1,0
20230921,4,29.97,19543.2,15304.8,0
20230921,4,30.00,19543.2,15302.1,0
20230921,4,30.36,19543.2,15285.4,0
20230921,4,32.00,19543.2,15272.3,0
20230921,4,32.70,19544.1,15197.4,0
20230921,4,33.03,19544.1,15197.4,0
20230921,4,34.00,19544.1,15197.2,0
20230921,4,35.00,19544.1,15181.1,0
20230921,4,36.35,19544.1,15158.1,0
20230921,4,40.00,19544.1,15139.1,0
20230921,4,40.01,19544.1,15109.5,0
20230921,4,41.61,19544.1,15109.4,0
20230921,4,42.87,19544.1,15105.3,0
20230921,4,45.00,19544.1,15095.1,0
20230921,4,45.01,19544.1,15050.2,0
20230921,4,50.00,19544.1,15048.6,0
20230921,4,50.01,19544.5,15043.4,0
20230921,4,50.12,19544.5,15043.4,0
20230921,4,50.90,19544.5,15042.1,0
20230921,4,60.00,19544.5,15041.3,0
20230921,4,61.00,19544.5,15005.0,0
20230921,4,62.00,19544.5,14996.2,0
20230921,4,67.94,19544.5,14975.6,0
20230921,4,70.00,19544.5,14955.8,0
20230921,4,77.80,19544.5,14871.1,0
20230921,4,79.90,19544.5,14862.2,0
20230921,4,80.00,19544.5,14861.7,0
20230921,4,80.01,19544.5,14594.8,0
20230921,4,80.02,19544.5,14401.1,0
20230921,4,80.20,19544.5,14396.1,0
20230921,4,80.21,19554.4,14396.0,0
20230921,4,80.50,19554.4,14396.0,0
20230921,4,81.00,19554.4,14395.8,0
20230921,4,82.01,19554.4,14324.7,0
20230921,4,85.00,19554.4,14272.8,0
20230921,4,90.00,19554.4,14263.4,0
20230921,4,99.90,19554.4,14247.1,0
20230921,4,100.00,19554.4,14247.0,0
20230921,4,100.01,19565.5,12824.0,0
20230921,4,101.00,19565.5,12824.0,0
20230921,4,102.00,19565.5,12717.5,0
20230921,4,105.00,19565.5,12684.8,0
20230921,4,120.10,19565.5,12684.7,0
20230921,4,130.00,19565.5,12650.9,0
20230921,4,150.00,19565.5,12646.7,0
20230921,4,190.00,19565.5,12644.1,0
20230921,4,200.00,19565.5,12643.5,0
20230921,4,200.01,19565.5,11846.6,0
20230921,4,200.10,19565.5,11006.4,0
20230921,4,200.50,19565.5,10979.4,0
20230921,4,200.98,19565.5,10974.5,0
20230921,4,200.99,19565.5,10974.4,0
20230921,4,201.00,19565.5,10974.3,0
20230921,4,210.00,19565.5,10921.0,0
20230921,4,250.00,19565.5,10788.9,0
20230921,4,300.00,19565.5,10614.3,0
20230921,4,500.00,19565.5,10102.4,0
20230921,4,548.66,19565.5,10100.4,0
20230921,4,550.02,19565.5,10093.8,0
20230921,4,999.00,19565.5,9991.7,0
20230921,4,999.99,19565.5,0.0,0
20230921,4,0.00,0.0,10668.2,1
20230921,4,0.00,4127.1,10668.2,1
20230921,4,0.01,7632.7,10668.2,1
20230921,4,0.02,7797.6,10666.3,1
20230921,4,0.03,7797.6,10664.3,1
20230921,4,0.04,7798.0,10661.4,1
20230921,4,0.20,7798.0,10661.4,1
20230921,4,0.62,7798.0,10611.4,1
20230921,4,1.00,7853.1,10571.4,1
20230921,4,1.12,7853.1,10546.6,1
20230921,4,1.14,7898.4,10526.6,1
20230921,4,1.95,7899.5,10526.6,1
20230921,4,2.01,7899.5,10526.6,1
20230921,4,2.12,7899.5,10511.6,1
20230921,4,2.39,7902.5,10471.6,1
20230921,4,3.00,7906.7,10471.6,1
20230921,4,3.01,7906.7,10471.6,1
20230921,4,3.12,7906.7,10456.6,1
20230921,4,3.64,7909.7,10396.6,1
20230921,4,3.90,7916.1,10396.6,1
20230921,4,3.96,7916.1,10396.6,1
20230921,4,3.97,7916.5,10396.1,1
20230921,4,4.89,7919.5,10396.1,1
20230921,4,5.00,8002.7,10396.1,1
20230921,4,5.01,8002.7,10283.4,1
20230921,4,5.12,8002.7,10258.4,1
20230921,4,5.50,8002.8,10218.4,1
20230921,4,5.84,8010.1,10218.4,1
20230921,4,6.00,8026.3,10218.4,1
20230921,4,6.01,8026.3,10203.3,1
20230921,4,6.02,8028.6,10201.3,1
20230921,4,6.14,8031.6,10201.3,1
20230921,4,6.50,8041.6,10201.3,1
20230921,4,6.94,8052.6,10201.3,1
20230921,4,7.00,8082.1,10201.3,1
20230921,4,7.12,8082.1,10201.3,1
20230921,4,7.39,8085.1,10161.3,1
20230921,4,7.47,8085.1,10161.3,1
20230921,4,7.66,8085.1,10045.3,1
20230921,4,7.78,8092.4,10015.3,1
20230921,4,8.00,8092.4,10015.3,1
20230921,4,8.47,8098.2,9945.1,1
20230921,4,8.50,8099.5,9945.1,1
20230921,4,8.59,8099.5,9945.1,1
20230921,4,8.64,8102.9,9944.0,1
20230921,4,9.23,8102.9,9944.0,1
20230921,4,9.48,8102.9,9797.0,1
20230921,4,9.50,8102.9,9784.1,1
20230921,4,9.56,8110.8,9637.1,1
20230921,4,9.66,8110.8,9637.1,1
20230921,4,9.67,8110.8,9438.7,1
20230921,4,9.73,8118.0,9417.5,1
20230921,4,9.79,8118.0,9417.5,1
20230921,4,9.80,8118.0,9411.5,1
20230921,4,9.81,8118.0,9361.5,1
20230921,4,9.82,8118.0,9311.5,1
20230921,4,9.88,8120.5,9251.5,1
20230921,4,9.89,8124.5,9251.5,1
20230921,4,10.00,8141.0,9251.5,1
20230921,4,10.04,8143.4,9248.8,1
20230921,4,10.05,8163.4,9248.8,1
20230921,4,10.20,8165.9,9248.8,1
20230921,4,10.21,8165.9,9124.8,1
20230921,4,10.22,8165.9,9092.8,1
20230921,4,10.23,8165.9,9042.8,1
20230921,4,10.36,8168.3,8992.8,1
20230921,4,10.38,8168.3,8992.8,1
20230921,4,10.46,8168.3,8868.8,1
20230921,4,10.51,8168.3,8744.8,1
20230921,4,10.52,8170.6,8620.8,1
20230921,4,10.92,8170.6,8620.3,1
20230921,4,11.00,8170.6,8619.7,1
20230921,4,11.06,8180.9,8510.0,1
20230921,4,11.14,8184.9,8510.0,1
20230921,4,11.19,8184.9,8510.0,1
20230921,4,11.20,8184.9,8407.2,1
20230921,4,11.33,8184.9,8382.3,1
20230921,4,11.35,8188.5,8381.8,1
20230921,4,11.40,8188.5,8381.8,1
20230921,4,11.66,8188.5,8230.8,1
20230921,4,11.67,8188.5,8175.8,1
20230921,4,11.73,8188.5,8024.8,1
20230921,4,12.00,8188.5,8023.6,1
20230921,4,12.85,8388.5,8021.0,1
20230921,4,13.00,8391.0,8021.0,1
20230921,4,13.01,8391.0,8011.6,1
20230921,4,13.02,8392.1,8010.7,1
20230921,4,13.04,8392.1,8010.7,1
20230921,4,13.05,8392.1,8002.0,1
20230921,4,13.50,8392.1,7968.3,1
20230921,4,13.51,8392.5,7965.7,1
20230921,4,13.64,8392.5,7965.7,1
20230921,4,13.74,8392.5,7965.3,1
20230921,4,13.78,8392.5,7964.8,1
20230921,4,14.00,8392.5,7964.2,1
20230921,4,14.02,8392.5,7912.0,1
20230921,4,14.30,8395.0,7829.0,1
20230921,4,14.50,8395.0,7829.0,1
20230921,4,14.67,8395.0,7828.1,1
20230921,4,14.89,8395.0,7818.1,1
20230921,4,14.92,8395.0,7816.7,1
20230921,4,15.00,8395.0,7816.6,1
20230921,4,15.01,8395.0,7816.3,1
20230921,4,15.50,8395.0,7815.4,1
20230921,4,15.65,8395.0,7815.2,1
20230921,4,15.66,8442.8,7805.2,1
20230921,4,15.96,8442.8,7805.2,1
20230921,4,16.00,8442.8,7752.4,1
20230921,4,17.00,8442.8,7741.6,1
20230921,4,17.09,8442.8,7740.7,1
20230921,4,17.18,8442.8,7740.2,1
20230921,4,17.20,8442.8,7710.2,1
20230921,4,17.26,8442.8,7709.5,1
20230921,4,17.34,8442.8,7708.5,1
20230921,4,17.49,8442.8,7678.5,1
20230921,4,17.50,8442.8,7648.5,1
20230921,4,17.64,8442.8,7648.4,1
20230921,4,17.79,8442.8,7618.4,1
20230921,4,17.95,8442.8,7588.4,1
20230921,4,18.10,8442.8,7558.4,1
20230921,4,18.25,8442.8,7528.4,1
20230921,4,18.30,8442.8,7498.4,1
20230921,4,18.81,8442.8,7498.3,1
20230921,4,19.03,8458.8,7376.3,1
20230921,4,19.89,8458.8,7376.3,1
20230921,4,19.92,8458.8,7375.9,1
20230921,4,20.00,8458.8,7374.2,1
20230921,4,20.44,8458.8,7367.0,1
20230921,4,20.61,8458.8,7366.4,1
20230921,4,22.28,8508.8,7365.8,1
20230921,4,22.68,8508.8,7365.8,1
20230921,4,22.89,8508.8,7365.3,1
20230921,4,23.00,8508.8,7364.6,1
20230921,4,23.61,8508.8,7363.4,1
20230921,4,23.79,8508.8,7362.9,1
20230921,4,23.84,8508.8,7362.8,1
20230921,4,24.03,8508.8,7362.2,1
20230921,4,25.00,8508.8,7357.7,1
20230921,4,27.00,8508.8,7357.4,1
20230921,4,29.10,8508.8,7348.1,1
20230921,4,30.00,8508.8,7347.6,1
20230921,4,30.56,8508.8,7339.5,1
20230921,4,32.00,8508.8,7338.6,1
20230921,4,35.00,8508.8,7297.2,1
20230921,4,36.00,8508.8,7295.0,1
20230921,4,39.98,8568.8,7279.8,1
20230921,4,40.00,8568.8,7279.8,1
20230921,4,40.50,8568.8,7278.1,1
20230921,4,41.61,8568.8,7278.0,1
20230921,4,41.87,8568.8,7272.1,1
20230921,4,44.50,8568.8,7229.9,1
20230921,4,45.00,8568.8,7229.6,1
20230921,4,45.01,8568.8,7223.4,1
20230921,4,50.00,8568.8,7184.5,1
20230921,4,50.01,8569.1,7133.4,1
20230921,4,60.00,8569.1,7133.4,1
20230921,4,61.00,8569.1,7116.5,1
20230921,4,62.00,8569.1,7115.1,1
20230921,4,67.94,8569.1,7097.6,1
20230921,4,77.80,8569.1,7096.1,1
20230921,4,79.90,8569.1,7076.1,1
20230921,4,79.98,8589.1,7075.9,1
20230921,4,80.00,8589.1,7075.9,1
20230921,4,80.01,8589.1,7028.2,1
20230921,4,80.10,8589.1,7017.9,1
20230921,4,80.20,8589.1,7015.0,1
20230921,4,80.21,8599.1,7007.0,1
20230921,4,82.01,8599.1,7007.0,1
20230921,4,85.00,8599.1,7000.5,1
20230921,4,90.00,8599.1,6999.8,1
20230921,4,100.00,8599.1,6996.7,1
20230921,4,100.01,8599.4,6929.5,1
20230921,4,101.00,8599.4,6929.5,1
20230921,4,102.00,8599.4,6890.8,1
20230921,4,120.10,8599.4,6875.1,1
20230921,4,138.00,8599.4,6870.2,1
20230921,4,200.00,8599.4,6836.8,1
20230921,4,200.01,8599.4,6554.3,1
20230921,4,200.10,8599.4,6118.1,1
20230921,4,201.00,8599.4,6116.8,1
20230921,4,210.00,8599.4,6099.5,1
20230921,4,250.00,8599.4,6046.2,1
20230921,4,548.66,8599.4,6045.1,1
20230921,4,550.02,8599.4,6001.5,1
20230921,4,999.00,8599.4,5898.4,1
20230921,4,999.99,8599.4,0.0,1
20230921,5,0.00,0.0,21647.0,0
20230921,5,0.00,4625.1,21647.0,0
20230921,5,0.01,16792.3,21647.0,0
20230921,5,0.02,16813.5,21646.8,0
20230921,5,0.03,16813.5,21646.4,0
20230921,5,0.04,16836.2,21628.7,0
20230921,5,0.10,16836.2,21628.7,0
20230921,5,0.20,16836.2,21508.6,0
20230921,5,0.30,16836.2,21493.6,0
20230921,5,0.62,16836.2,21489.6,0
20230921,5,1.00,17385.1,21449.6,0
20230921,5,1.01,17385.1,21332.9,0
20230921,5,1.12,17385.1,21312.9,0
20230921,5,1.19,17479.5,21302.9,0
20230921,5,2.00,17480.5,21302.9,0
20230921,5,2.01,17480.5,21302.9,0
20230921,5,2.10,17480.5,21277.9,0
20230921,5,2.12,17480.5,21271.9,0
20230921,5,2.15,17595.9,21251.9,0
20230921,5,2.44,17598.9,21251.9,0
20230921,5,2.63,17600.5,21251.9,0
20230921,5,3.00,17601.3,21251.9,0
20230921,5,3.01,17601.3,21211.8,0
20230921,5,3.12,17601.3,21186.8,0
20230921,5,3.69,17604.3,21156.8,0
20230921,5,4.08,17604.9,21156.8,0
20230921,5,4.65,17607.5,21156.8,0
20230921,5,4.94,17610.5,21156.8,0
20230921,5,5.00,17685.8,21156.8,0
20230921,5,5.01,17685.8,21040.3,0
20230921,5,5.12,17685.8,21005.3,0
20230921,5,5.26,17687.3,20985.3,0
20230921,5,6.00,17687.3,20985.3,0
20230921,5,6.02,17689.7,20932.0,0
20230921,5,6.19,17693.0,20932.0,0
20230921,5,6.26,17693.0,20932.0,0
20230921,5,6.69,17693.0,20926.0,0
20230921,5,7.00,17703.2,20919.8,0
20230921,5,7.01,17703.2,20919.7,0
20230921,5,7.12,17703.2,20806.5,0
20230921,5,7.44,17707.2,20786.5,0
20230921,5,7.50,17747.2,20786.5,0
20230921,5,7.58,17747.4,20786.5,0
20230921,5,7.88,17748.9,20786.5,0
20230921,5,7.90,17748.9,20786.5,0
20230921,5,8.00,17778.2,20779.2,0
20230921,5,8.02,17789.1,20760.5,0
20230921,5,8.50,17789.1,20760.5,0
20230921,5,8.69,17793.1,20750.5,0
20230921,5,9.01,17794.3,20750.5,0
20230921,5,9.09,17794.3,20750.5,0
20230921,5,9.46,17794.3,20593.5,0
20230921,5,9.94,17798.3,20563.5,0
20230921,5,10.00,17872.1,20563.5,0
20230921,5,10.05,17875.2,20328.7,0
20230921,5,10.17,17875.2,20328.7,0
20230921,5,10.50,17876.8,20298.7,0
20230921,5,10.96,17876.8,20298.7,0
20230921,5,10.99,17876.8,20248.7,0
20230921,5,11.00,17876.8,20198.7,0
20230921,5,11.19,17880.8,20188.7,0
20230921,5,11.46,17880.8,20188.7,0
20230921,5,11.50,17880.8,20153.7,0
20230921,5,11.58,17880.8,20103.4,0
20230921,5,11.60,17880.8,19903.4,0
20230921,5,11.67,17880.8,19738.4,0
20230921,5,11.75,17880.8,19538.4,0
20230921,5,11.80,17880.8,19338.4,0
20230921,5,11.84,17880.8,19338.3,0
20230921,5,11.90,17880.8,19138.3,0
20230921,5,11.95,17880.8,18938.3,0
20230921,5,11.97,17880.8,18933.6,0
20230921,5,11.98,17880.8,18733.6,0
20230921,5,12.00,17910.8,18713.6,0
20230921,5,12.04,17910.8,18713.5,0
20230921,5,12.13,17910.8,18513.5,0
20230921,5,12.21,17913.6,18313.5,0
20230921,5,12.23,17913.6,18313.5,0
20230921,5,12.35,17913.6,18113.5,0
20230921,5,12.39,17913.6,17913.5,0
20230921,5,12.50,17951.6,17909.3,0
20230921,5,12.53,17951.6,17909.2,0
20230921,5,12.65,17951.6,17698.8,0
20230921,5,12.66,17951.6,17685.8,0
20230921,5,12.68,17951.6,17627.8,0
20230921,5,12.79,17951.6,17607.2,0
20230921,5,12.90,18015.6,17598.3,0
20230921,5,12.98,18015.6,17598.3,0
20230921,5,13.00,18079.3,17544.4,0
20230921,5,13.02,18080.4,17474.5,0
20230921,5,13.12,18081.9,17474.5,0
20230921,5,13.18,18081.9,17474.5,0
20230921,5,13.20,18081.9,17474.4,0
20230921,5,13.36,18145.9,17474.3,0
20230921,5,13.46,18145.9,17474.3,0
20230921,5,13.50,18155.9,17399.3,0
20230921,5,13.69,18155.9,17399.3,0
20230921,5,13.87,18156.4,17385.8,0
20230921,5,13.95,18156.4,17385.8,0
20230921,5,14.00,18156.4,17378.2,0
20230921,5,14.10,18156.4,17269.4,0
20230921,5,14.26,18156.4,17268.8,0
20230921,5,14.30,18156.4,17268.6,0
20230921,5,14.35,18156.4,17267.2,0
20230921,5,14.44,18156.4,17265.2,0
20230921,5,14.50,18156.4,17214.2,0
20230921,5,14.55,18156.4,17213.4,0
20230921,5,14.61,18156.9,17212.8,0
20230921,5,14.74,18156.9,17212.8,0
20230921,5,14.82,18156.9,17199.8,0
20230921,5,14.83,18156.9,17055.8,0
20230921,5,14.94,18156.9,17055.7,0
20230921,5,14.99,18156.9,17051.9,0
20230921,5,15.00,18156.9,17051.8,0
20230921,5,15.17,18252.9,17048.0,0
20230921,5,15.20,18252.9,17048.0,0
20230921,5,15.22,18252.9,17047.9,0
20230921,5,15.35,18253.4,17032.9,0
20230921,5,15.36,18253.4,17032.9,0
20230921,5,15.54,18317.4,16820.9,0
20230921,5,15.57,18317.4,16820.9,0
20230921,5,15.58,18317.4,16794.9,0
20230921,5,15.65,18381.4,16794.3,0
20230921,5,15.67,18381.4,16794.3,0
20230921,5,15.78,18381.4,16768.3,0
20230921,5,15.80,18381.4,16756.0,0
20230921,5,15.83,18445.4,16755.7,0
20230921,5,15.90,18452.4,16755.7,0
20230921,5,15.91,18452.4,16755.7,0
20230921,5,15.98,18516.4,16755.5,0
20230921,5,16.00,18517.4,16755.5,0
20230921,5,16.05,18517.4,16657.2,0
20230921,5,16.09,18517.9,16649.0,0
20230921,5,16.10,18518.9,16649.0,0
20230921,5,16.12,18582.9,16649.0,0
20230921,5,16.19,18632.9,16649.0,0
20230921,5,16.20,18633.9,16646.0,0
20230921,5,16.21,18683.9,16646.0,0
20230921,5,16.27,18811.9,16646.0,0
20230921,5,16.30,18812.9,16646.0,0
20230921,5,16.40,18812.9,16646.0,0
20230921,5,16.47,18876.9,16639.7,0
20230921,5,16.57,18940.9,16639.7,0
20230921,5,16.66,19004.9,16639.7,0
20230921,5,16.75,19004.9,16639.4,0
20230921,5,16.80,19004.9,16638.5,0
20230921,5,16.84,19005.4,16561.5,0
20230921,5,16.85,19069.4,16561.5,0
20230921,5,16.94,19133.4,16561.5,0
20230921,5,16.99,19133.4,16561.5,0
20230921,5,17.00,19133.4,16561.4,0
20230921,5,17.03,19197.4,16559.9,0
20230921,5,17.11,19197.4,16559.9,0
20230921,5,17.16,19245.1,16507.9,0
20230921,5,17.18,19245.1,16507.9,0
20230921,5,17.25,19245.1,16491.7,0
20230921,5,17.38,19245.1,16491.2,0
20230921,5,17.44,19245.1,16447.2,0
20230921,5,17.45,19245.1,16444.4,0
20230921,5,17.46,19284.9,16434.2,0
20230921,5,17.62,19284.9,16434.2,0
20230921,5,17.65,19359.9,16429.7,0
20230921,5,17.93,19359.9,16429.7,0
20230921,5,18.00,19359.9,16257.7,0
20230921,5,18.03,19359.9,16257.5,0
20230921,5,18.06,19359.9,16257.4,0
20230921,5,18.16,19359.9,16171.4,0
20230921,5,18.50,19359.9,16158.2,0
20230921,5,18.62,19359.9,16156.6,0
20230921,5,18.69,19359.9,16146.8,0
20230921,5,18.87,19359.9,16145.4,0
20230921,5,19.00,19359.9,15844.4,0
20230921,5,19.47,19360.0,15843.9,0
20230921,5,19.49,19360.0,15843.9,0
20230921,5,19.54,19360.0,15841.3,0
20230921,5,19.71,19569.0,15747.1,0
20230921,5,19.94,19569.0,15747.1,0
20230921,5,20.00,19569.0,15746.3,0
20230921,5,20.11,19580.5,15690.0,0
20230921,5,20.69,19580.5,15690.0,0
20230921,5,21.00,19580.5,15685.6,0
20230921,5,21.66,19580.5,15685.5,0
20230921,5,21.75,19580.5,15682.2,0
20230921,5,23.00,19593.5,15673.3,0
20230921,5,23.03,19593.5,15673.1,0
20230921,5,23.75,19593.5,15673.0,0
20230921,5,23.76,19593.5,15668.6,0
20230921,5,25.00,19593.5,15455.6,0
20230921,5,25.80,19593.5,15455.4,0
20230921,5,26.65,19593.5,15450.9,0
20230921,5,26.82,19593.5,15446.5,0
20230921,5,27.00,19593.5,15441.9,0
20230921,5,29.97,19593.5,15410.2,0
20230921,5,30.00,19593.5,15402.0,0
20230921,5,30.36,19593.5,15385.8,0
20230921,5,32.00,19593.5,15372.7,0
20230921,5,32.70,19594.4,15298.7,0
20230921,5,33.03,19594.4,15298.7,0
20230921,5,34.00,19594.4,15298.5,0
20230921,5,35.00,19594.4,15282.8,0
20230921,5,36.88,19594.4,15260.9,0
20230921,5,40.00,19594.4,15242.5,0
20230921,5,40.01,19594.4,15214.7,0
20230921,5,41.34,19594.4,15214.6,0
20230921,5,42.57,19594.4,15210.5,0
20230921,5,45.00,19594.4,15199.7,0
20230921,5,45.01,19594.4,15153.7,0
20230921,5,50.00,19594.4,15153.6,0
20230921,5,50.01,19594.8,15148.6,0
20230921,5,50.12,19594.8,15148.6,0
20230921,5,50.90,19594.8,15147.4,0
20230921,5,60.00,19594.8,15146.6,0
20230921,5,61.00,19594.8,15110.8,0
20230921,5,62.00,19594.8,15102.0,0
20230921,5,67.94,19594.8,15081.6,0
20230921,5,70.00,19594.8,15062.3,0
20230921,5,77.80,19594.8,14979.5,0
20230921,5,79.90,19594.8,14972.1,0
20230921,5,80.00,19594.8,14971.6,0
20230921,5,80.01,19594.8,14713.6,0
20230921,5,80.02,19594.8,14524.6,0
20230921,5,80.20,19594.8,14519.6,0
20230921,5,80.21,19604.7,14519.5,0
20230921,5,80.50,19604.7,14519.5,0
20230921,5,81.00,19604.7,14519.3,0
20230921,5,82.01,19604.7,14462.6,0
20230921,5,85.00,19604.7,14413.6,0
20230921,5,90.00,19604.7,14404.4,0
20230921,5,99.90,19604.7,14388.6,0
20230921,5,100.00,19604.7,14388.5,0
20230921,5,100.01,19615.8,13210.8,0
20230921,5,101.00,19615.8,13210.8,0
20230921,5,102.00,19615.8,13104.3,0
20230921,5,105.00,19615.8,13072.7,0
20230921,5,120.10,19615.8,13072.6,0
20230921,5,130.00,19615.8,13039.5,0
20230921,5,150.00,19615.8,13035.5,0
20230921,5,190.00,19615.8,13032.9,0
20230921,5,200.00,19615.8,13032.3,0
20230921,5,200.01,19615.8,12235.5,0
20230921,5,200.10,19615.8,11400.7,0
20230921,5,200.50,19615.8,11373.3,0
20230921,5,200.98,19615.8,11368.4,0
20230921,5,200.99,19615.8,11368.3,0
20230921,5,201.00,19615.8,11368.2,0
20230921,5,210.00,19615.8,11315.9,0
20230921,5,250.00,19615.8,11184.5,0
20230921,5,300.00,19615.8,11010.7,0
20230921,5,500.00,19615.8,10498.7,0
20230921,5,548.66,19615.8,10496.7,0
20230921,5,550.02,19615.8,10490.1,0
20230921,5,999.00,19615.8,10388.0,0
20230921,5,999.99,19615.8,0.0,0
20230921,5,0.00,0.0,10564.7,1
20230921,5,0.00,4130.3,10564.7,1
20230921,5,0.01,7630.3,10564.7,1
20230921,5,0.02,7798.0,10562.8,1
20230921,5,0.03,7798.0,10560.8,1
20230921,5,0.04,7798.3,10558.0,1
20230921,5,0.20,7798.3,10558.0,1
20230921,5,0.62,7798.3,10508.0,1
20230921,5,1.00,7857.2,10468.0,1
20230921,5,1.12,7857.2,10443.6,1
20230921,5,1.19,7904.5,10423.6,1
20230921,5,1.65,7909.3,10423.6,1
20230921,5,2.01,7909.3,10423.6,1
20230921,5,2.12,7909.3,10408.6,1
20230921,5,2.44,7912.3,10368.6,1
20230921,5,3.00,7916.6,10368.6,1
20230921,5,3.01,7916.6,10368.6,1
20230921,5,3.12,7916.6,10353.6,1
20230921,5,3.30,7923.9,10293.6,1
20230921,5,3.69,7926.9,10293.6,1
20230921,5,4.00,7926.9,10293.6,1
20230921,5,4.01,7927.2,10293.1,1
20230921,5,4.94,7937.5,10293.1,1
20230921,5,5.00,8022.1,10293.1,1
20230921,5,5.01,8022.1,10180.3,1
20230921,5,5.12,8022.1,10155.3,1
20230921,5,5.50,8022.2,10115.3,1
20230921,5,6.00,8039.4,10115.3,1
20230921,5,6.01,8039.4,10100.7,1
20230921,5,6.02,8041.7,10098.7,1
20230921,5,6.19,8044.7,10098.7,1
20230921,5,6.50,8054.7,10098.7,1
20230921,5,6.59,8062.0,10098.7,1
20230921,5,6.94,8073.5,10098.7,1
20230921,5,7.00,8102.9,10098.7,1
20230921,5,7.12,8102.9,10098.7,1
20230921,5,7.44,8105.9,10058.7,1
20230921,5,7.47,8105.9,10058.7,1
20230921,5,8.00,8105.9,9942.7,1
20230921,5,8.06,8105.9,9872.5,1
20230921,5,8.23,8113.1,9842.5,1
20230921,5,8.39,8115.6,9842.5,1
20230921,5,8.50,8116.9,9842.5,1
20230921,5,8.55,8119.3,9842.5,1
20230921,5,8.59,8119.3,9842.5,1
20230921,5,8.69,8122.7,9841.4,1
20230921,5,8.70,8125.2,9841.4,1
20230921,5,8.86,8127.6,9841.4,1
20230921,5,9.01,8133.5,9841.4,1
20230921,5,9.02,8135.8,9841.4,1
20230921,5,9.23,8135.8,9840.9,1
20230921,5,9.29,8135.8,9693.9,1
20230921,5,9.48,8135.8,9693.3,1
20230921,5,9.50,8135.8,9680.3,1
20230921,5,9.55,8135.8,9533.3,1
20230921,5,9.66,8135.8,9532.8,1
20230921,5,9.67,8135.8,9364.4,1
20230921,5,9.79,8135.8,9343.2,1
20230921,5,9.80,8135.8,9337.2,1
20230921,5,9.81,8135.8,9287.2,1
20230921,5,9.82,8135.8,9236.0,1
20230921,5,9.94,8139.8,9176.0,1
20230921,5,10.00,8156.5,9176.0,1
20230921,5,10.05,8176.5,9173.4,1
20230921,5,10.06,8176.5,9173.4,1
20230921,5,10.20,8176.5,9143.4,1
20230921,5,10.21,8176.5,9019.4,1
20230921,5,10.22,8176.5,8987.4,1
20230921,5,10.23,8176.5,8937.4,1
20230921,5,10.38,8176.5,8887.4,1
20230921,5,10.46,8176.5,8763.4,1
20230921,5,10.51,8176.5,8639.4,1
20230921,5,10.65,8184.4,8515.4,1
20230921,5,11.00,8184.4,8515.4,1
20230921,5,11.06,8194.2,8405.7,1
20230921,5,11.19,8198.2,8405.7,1
20230921,5,11.20,8198.2,8303.0,1
20230921,5,11.35,8201.6,8279.4,1
20230921,5,11.40,8201.6,8279.4,1
20230921,5,11.67,8201.6,8128.4,1
20230921,5,12.00,8201.6,7977.4,1
20230921,5,12.06,8201.6,7974.8,1
20230921,5,12.18,8201.6,7919.8,1
20230921,5,12.21,8201.6,7919.3,1
20230921,5,12.48,8204.1,7918.7,1
20230921,5,12.85,8404.1,7918.7,1
20230921,5,13.00,8404.1,7918.7,1
20230921,5,13.01,8404.1,7909.7,1
20230921,5,13.02,8405.2,7908.8,1
20230921,5,13.04,8405.2,7908.8,1
20230921,5,13.05,8405.2,7900.1,1
20230921,5,13.50,8405.2,7866.4,1
20230921,5,13.51,8405.6,7863.8,1
20230921,5,13.69,8405.6,7863.8,1
20230921,5,13.73,8408.1,7863.4,1
20230921,5,14.00,8408.1,7863.4,1
20230921,5,14.02,8408.1,7810.4,1
20230921,5,14.67,8408.1,7727.4,1
20230921,5,14.94,8408.1,7717.4,1
20230921,5,14.98,8408.1,7716.4,1
20230921,5,15.00,8408.1,7716.3,1
20230921,5,15.01,8408.1,7715.9,1
20230921,5,15.03,8408.1,7715.0,1
20230921,5,15.50,8408.1,7714.9,1
20230921,5,15.96,8408.1,7714.7,1
20230921,5,16.00,8408.1,7667.8,1
20230921,5,16.05,8408.1,7656.4,1
20230921,5,16.06,8455.9,7646.4,1
20230921,5,16.11,8455.9,7646.4,1
20230921,5,16.20,8455.9,7645.9,1
20230921,5,17.18,8455.9,7645.2,1
20230921,5,17.34,8455.9,7615.2,1
20230921,5,17.39,8455.9,7585.2,1
20230921,5,17.49,8455.9,7584.2,1
20230921,5,17.50,8455.9,7554.2,1
20230921,5,17.64,8455.9,7554.1,1
20230921,5,17.79,8455.9,7524.1,1
20230921,5,17.95,8455.9,7494.1,1
20230921,5,18.10,8455.9,7464.1,1
20230921,5,18.25,8455.9,7434.1,1
20230921,5,18.30,8455.9,7404.1,1
20230921,5,18.81,8455.9,7404.0,1
20230921,5,18.99,8485.9,7282.0,1
20230921,5,19.03,8493.9,7282.0,1
20230921,5,19.98,8493.9,7282.0,1
20230921,5,20.00,8493.9,7281.5,1
20230921,5,20.03,8493.9,7274.6,1
20230921,5,20.05,8493.9,7272.9,1
20230921,5,20.20,8493.9,7272.3,1
20230921,5,22.28,8543.9,7271.7,1
20230921,5,22.68,8543.9,7271.7,1
20230921,5,22.86,8543.9,7271.2,1
20230921,5,23.00,8543.9,7270.5,1
20230921,5,23.77,8543.9,7269.6,1
20230921,5,23.97,8543.9,7269.2,1
20230921,5,24.19,8543.9,7268.6,1
20230921,5,25.00,8543.9,7264.3,1
20230921,5,27.00,8543.9,7264.0,1
20230921,5,29.10,8543.9,7255.1,1
20230921,5,30.00,8543.9,7254.6,1
20230921,5,30.56,8543.9,7246.8,1
20230921,5,32.00,8543.9,7245.9,1
20230921,5,35.00,8543.9,7204.9,1
20230921,5,35.50,8543.9,7202.9,1
20230921,5,36.00,8543.9,7202.8,1
20230921,5,39.50,8543.9,7189.2,1
20230921,5,39.98,8603.9,7188.9,1
20230921,5,40.00,8603.9,7188.9,1
20230921,5,41.34,8603.9,7187.2,1
20230921,5,45.00,8603.9,7181.4,1
20230921,5,45.01,8603.9,7175.6,1
20230921,5,50.00,8603.9,7172.8,1
20230921,5,50.01,8604.2,7081.0,1
20230921,5,60.00,8604.2,7081.0,1
20230921,5,61.00,8604.2,7064.2,1
20230921,5,62.00,8604.2,7062.9,1
20230921,5,67.94,8604.2,7045.4,1
20230921,5,77.80,8604.2,7044.3,1
20230921,5,79.90,8604.2,7024.8,1
20230921,5,79.98,8624.2,7024.7,1
20230921,5,80.00,8624.2,7024.7,1
20230921,5,80.01,8624.2,6979.3,1
20230921,5,80.10,8624.2,6969.1,1
20230921,5,80.20,8624.2,6966.2,1
20230921,5,80.21,8634.2,6958.2,1
20230921,5,82.01,8634.2,6958.2,1
20230921,5,85.00,8634.2,6952.3,1
20230921,5,90.00,8634.2,6951.6,1
20230921,5,100.00,8634.2,6948.6,1
20230921,5,100.01,8634.5,6884.5,1
20230921,5,101.00,8634.5,6884.5,1
20230921,5,102.00,8634.5,6845.8,1
20230921,5,120.10,8634.5,6830.3,1
20230921,5,138.00,8634.5,6825.6,1
20230921,5,200.00,8634.5,6792.2,1
20230921,5,200.01,8634.5,6512.0,1
20230921,5,200.10,8634.5,6076.3,1
20230921,5,201.00,8634.5,6075.0,1
20230921,5,210.00,8634.5,6057.7,1
20230921,5,250.00,8634.5,6005.2,1
20230921,5,548.66,8634.5,6004.1,1
20230921,5,550.02,8634.5,5960.5,1
20230921,5,999.00,8634.5,5857.4,1
20230921,5,999.99,8634.5,0.0,1
20230921,6,0.00,0.0,21555.5,0
20230921,6,0.00,4630.0,21555.5,0
20230921,6,0.01,16788.1,21555.5,0
20230921,6,0.02,16809.1,21555.3,0
20230921,6,0.03,16809.1,21554.9,0
20230921,6,0.04,16829.2,21537.5,0
20230921,6,0.10,16829.2,21537.5,0
20230921,6,0.20,16829.2,21417.4,0
20230921,6,0.30,16829.2,21402.4,0
20230921,6,0.62,16829.2,21398.4,0
20230921,6,1.00,17388.5,21358.4,0
20230921,6,1.01,17388.5,21242.1,0
20230921,6,1.12,17388.5,21222.1,0
20230921,6,1.19,17498.7,21212.1,0
20230921,6,2.00,17499.7,21212.1,0
20230921,6,2.01,17499.7,21212.1,0
20230921,6,2.10,17499.7,21187.1,0
20230921,6,2.12,17499.7,21181.1,0
20230921,6,2.15,17615.1,21161.1,0
20230921,6,2.44,17618.1,21161.1,0
20230921,6,2.63,17619.7,21161.1,0
20230921,6,3.00,17620.5,21161.1,0
20230921,6,3.01,17620.5,21121.0,0
20230921,6,3.12,17620.5,21096.0,0
20230921,6,3.69,17623.5,21066.0,0
20230921,6,4.41,17623.5,21066.0,0
20230921,6,4.42,17624.1,21059.9,0
20230921,6,4.65,17626.9,21059.9,0
20230921,6,4.94,17629.9,21059.9,0
20230921,6,5.00,17705.2,21059.9,0
20230921,6,5.01,17705.2,20944.1,0
20230921,6,5.12,17705.2,20909.1,0
20230921,6,5.25,17706.7,20889.1,0
20230921,6,6.00,17706.7,20889.1,0
20230921,6,6.02,17709.0,20837.3,0
20230921,6,6.19,17712.3,20837.3,0
20230921,6,6.26,17712.3,20837.3,0
20230921,6,6.29,17712.5,20831.3,0
20230921,6,7.00,17723.6,20831.3,0
20230921,6,7.01,17723.6,20831.2,0
20230921,6,7.12,17723.6,20718.7,0
20230921,6,7.44,17727.6,20698.7,0
20230921,6,7.50,17767.6,20698.7,0
20230921,6,7.88,17769.1,20698.7,0
20230921,6,7.90,17769.1,20698.7,0
20230921,6,8.00,17798.2,20691.2,0
20230921,6,8.02,17808.9,20672.5,0
20230921,6,8.50,17808.9,20672.5,0
20230921,6,8.69,17812.9,20662.5,0
20230921,6,8.93,17814.1,20662.5,0
20230921,6,9.09,17814.1,20662.5,0
20230921,6,9.54,17814.1,20505.5,0
20230921,6,9.94,17818.1,20475.5,0
20230921,6,10.00,17893.3,20475.5,0
20230921,6,10.05,17896.4,20395.5,0
20230921,6,10.17,17896.4,20395.5,0
20230921,6,10.19,17896.4,20365.5,0
20230921,6,10.50,17898.0,20210.7,0
20230921,6,10.58,18131.6,20210.7,0
20230921,6,10.96,18131.6,20188.2,0
20230921,6,10.99,18131.6,20138.2,0
20230921,6,11.00,18131.6,20088.2,0
20230921,6,11.19,18135.6,20078.2,0
20230921,6,11.50,18135.6,20078.2,0
20230921,6,11.54,18135.6,20027.9,0
20230921,6,11.59,18135.6,19992.9,0
20230921,6,11.61,18135.6,19792.9,0
20230921,6,11.69,18135.6,19627.9,0
20230921,6,11.76,18135.6,19427.9,0
20230921,6,11.80,18135.6,19227.9,0
20230921,6,11.85,18135.6,19227.8,0
20230921,6,11.91,18135.6,19027.8,0
20230921,6,11.95,18135.6,18827.8,0
20230921,6,11.98,18135.6,18827.1,0
20230921,6,12.00,18165.6,18607.1,0
20230921,6,12.06,18165.6,18607.0,0
20230921,6,12.15,18165.6,18407.0,0
20230921,6,12.21,18168.3,18207.0,0
20230921,6,12.25,18168.3,18207.0,0
20230921,6,12.36,18168.3,18007.0,0
20230921,6,12.50,18206.3,17807.0,0
20230921,6,12.53,18206.3,17806.9,0
20230921,6,12.61,18206.3,17599.2,0
20230921,6,12.66,18206.3,17586.2,0
20230921,6,12.68,18206.3,17528.2,0
20230921,6,12.73,18206.3,17508.3,0
20230921,6,12.79,18206.3,17504.2,0
20230921,6,12.89,18206.3,17495.6,0
20230921,6,12.98,18206.3,17482.5,0
20230921,6,13.00,18271.1,17430.8,0
20230921,6,13.02,18272.2,17430.0,0
20230921,6,13.12,18273.7,17430.0,0
20230921,6,13.16,18273.7,17430.0,0
20230921,6,13.17,18273.7,17427.8,0
20230921,6,13.18,18273.7,17417.0,0
20230921,6,13.20,18273.7,17416.9,0
20230921,6,13.44,18273.7,17416.8,0
20230921,6,13.45,18273.7,17412.4,0
20230921,6,13.50,18283.7,17409.8,0
20230921,6,13.54,18283.7,17409.8,0
20230921,6,13.59,18284.2,17334.8,0
20230921,6,13.69,18284.2,17334.8,0
20230921,6,13.71,18348.2,17334.4,0
20230921,6,13.95,18348.2,17334.4,0
20230921,6,14.00,18348.2,17326.8,0
20230921,6,14.06,18348.7,17218.2,0
20230921,6,14.10,18348.7,17218.2,0
20230921,6,14.30,18348.7,17217.6,0
20230921,6,14.34,18348.7,17216.2,0
20230921,6,14.44,18348.7,17216.0,0
20230921,6,14.50,18348.7,17165.0,0
20230921,6,14.53,18349.2,17164.3,0
20230921,6,14.55,18349.2,17164.3,0
20230921,6,14.82,18349.2,17163.8,0
20230921,6,14.83,18349.2,17019.8,0
20230921,6,14.94,18349.2,17019.7,0
20230921,6,14.99,18349.2,17015.9,0
20230921,6,15.00,18349.7,17015.8,0
20230921,6,15.17,18445.7,17010.1,0
20230921,6,15.20,18445.7,17010.1,0
20230921,6,15.22,18445.7,17010.0,0
20230921,6,15.36,18445.7,16995.7,0
20230921,6,15.41,18445.7,16783.7,0
20230921,6,15.47,18446.2,16757.7,0
20230921,6,15.57,18510.2,16757.7,0
20230921,6,15.58,18510.2,16757.7,0
20230921,6,15.66,18510.2,16757.1,0
20230921,6,15.67,18510.2,16752.6,0
20230921,6,15.68,18574.2,16732.6,0
20230921,6,15.80,18574.2,16732.6,0
20230921,6,15.83,18638.2,16732.4,0
20230921,6,15.90,18646.2,16732.4,0
20230921,6,15.91,18646.2,16732.4,0
20230921,6,15.95,18696.2,16732.2,0
20230921,6,15.98,18760.2,16732.2,0
20230921,6,16.00,18761.2,16732.2,0
20230921,6,16.05,18761.2,16633.1,0
20230921,6,16.06,18811.2,16624.9,0
20230921,6,16.10,18812.2,16624.9,0
20230921,6,16.12,18876.2,16624.9,0
20230921,6,16.19,18876.2,16624.9,0
20230921,6,16.20,18877.2,16621.9,0
20230921,6,16.27,18941.2,16621.9,0
20230921,6,16.30,18942.2,16621.9,0
20230921,6,16.37,19006.2,16621.9,0
20230921,6,16.40,19006.2,16621.9,0
20230921,6,16.47,19070.2,16615.8,0
20230921,6,16.57,19134.2,16615.8,0
20230921,6,16.63,19134.2,16615.8,0
20230921,6,16.68,19134.2,16615.5,0
20230921,6,16.75,19198.2,16614.6,0
20230921,6,16.80,19198.2,16614.6,0
20230921,6,16.83,19198.2,16537.6,0
20230921,6,16.85,19262.2,16531.6,0
20230921,6,16.94,19326.2,16531.6,0
20230921,6,16.99,19326.2,16531.6,0
20230921,6,17.00,19326.2,16531.5,0
20230921,6,17.08,19390.2,16529.9,0
20230921,6,17.14,19390.2,16529.9,0
20230921,6,17.16,19417.8,16477.9,0
20230921,6,17.18,19417.8,16477.9,0
20230921,6,17.25,19417.8,16461.7,0
20230921,6,17.38,19417.8,16461.2,0
20230921,6,17.44,19417.8,16417.2,0
20230921,6,17.45,19417.8,16414.4,0
20230921,6,17.53,19417.8,16414.2,0
20230921,6,17.54,19457.6,16404.2,0
20230921,6,17.65,19532.6,16404.2,0
20230921,6,17.93,19532.6,16404.2,0
20230921,6,18.00,19532.6,16232.2,0
20230921,6,18.03,19532.6,16230.4,0
20230921,6,18.04,19532.6,16230.3,0
20230921,6,18.06,19532.6,16217.3,0
20230921,6,18.62,19532.6,16131.3,0
20230921,6,18.69,19532.6,16121.5,0
20230921,6,18.87,19532.6,16120.1,0
20230921,6,19.00,19532.6,15819.1,0
20230921,6,19.37,19532.6,15818.7,0
20230921,6,19.49,19532.6,15814.3,0
20230921,6,19.54,19532.6,15811.7,0
20230921,6,19.55,19532.7,15727.4,0
20230921,6,19.71,19741.7,15727.4,0
20230921,6,19.94,19741.7,15727.4,0
20230921,6,20.00,19741.7,15727.0,0
20230921,6,20.11,19753.2,15674.2,0
20230921,6,21.00,19753.2,15674.2,0
20230921,6,21.63,19753.2,15674.1,0
20230921,6,21.68,19753.2,15670.9,0
20230921,6,23.00,19766.2,15662.5,0
20230921,6,23.03,19766.2,15662.3,0
20230921,6,23.08,19766.2,15662.2,0
20230921,6,23.76,19766.2,15657.8,0
20230921,6,25.00,19766.2,15444.8,0
20230921,6,25.55,19766.2,15444.6,0
20230921,6,26.58,19766.2,15440.1,0
20230921,6,26.78,19766.2,15435.7,0
20230921,6,27.00,19766.2,15430.4,0
20230921,6,29.97,19766.2,15399.7,0
20230921,6,30.00,19766.2,15393.1,0
20230921,6,30.36,19766.2,15377.3,0
20230921,6,32.00,19766.2,15364.3,0
20230921,6,32.70,19767.1,15290.3,0
20230921,6,33.03,19767.1,15290.3,0
20230921,6,34.00,19767.1,15290.1,0
20230921,6,35.00,19767.1,15274.5,0
20230921,6,36.88,19767.1,15253.3,0
20230921,6,40.00,19767.1,15235.4,0
20230921,6,40.01,19767.1,15208.3,0
20230921,6,41.35,19767.1,15208.2,0
20230921,6,42.52,19767.1,15204.1,0
20230921,6,45.00,19767.1,15193.4,0
20230921,6,45.01,19767.1,15150.1,0
20230921,6,50.00,19767.1,15150.0,0
20230921,6,50.01,19767.5,15144.9,0
20230921,6,50.12,19767.5,15144.9,0
20230921,6,50.90,19767.5,15143.9,0
20230921,6,60.00,19767.5,15143.1,0
20230921,6,61.00,19767.5,15107.7,0
20230921,6,62.00,19767.5,15098.9,0
20230921,6,67.94,19767.5,15078.7,0
20230921,6,70.00,19767.5,15058.9,0
20230921,6,77.80,19767.5,14978.2,0
20230921,6,79.90,19767.5,14970.7,0
20230921,6,80.00,19767.5,14970.2,0
20230921,6,80.01,19767.5,14718.6,0
20230921,6,80.02,19767.5,14532.7,0
20230921,6,80.20,19767.5,14527.7,0
20230921,6,80.21,19777.4,14527.6,0
20230921,6,80.50,19777.4,14527.6,0
20230921,6,81.00,19777.4,14527.4,0
20230921,6,82.01,19777.4,14479.0,0
20230921,6,85.00,19777.4,14431.9,0
20230921,6,90.00,19777.4,14422.8,0
20230921,6,99.90,19777.4,14407.3,0
20230921,6,100.00,19777.4,14407.2,0
20230921,6,100.01,19788.5,13233.4,0
20230921,6,101.00,19788.5,13233.4,0
20230921,6,102.00,19788.5,13126.9,0
20230921,6,105.00,19788.5,13095.6,0
20230921,6,120.10,19788.5,13095.5,0
20230921,6,130.00,19788.5,13063.0,0
20230921,6,150.00,19788.5,13059.2,0
20230921,6,190.00,19788.5,13056.7,0
20230921,6,200.00,19788.5,13056.1,0
20230921,6,200.01,19788.5,12263.4,0
20230921,6,200.10,19788.5,11432.2,0
20230921,6,200.50,19788.5,11404.8,0
20230921,6,200.98,19788.5,11399.9,0
20230921,6,200.99,19788.5,11399.8,0
20230921,6,201.00,19788.5,11399.7,0
20230921,6,210.00,19788.5,11348.5,0
20230921,6,250.00,19788.5,11218.4,0
20230921,6,300.00,19788.5,11044.9,0
20230921,6,500.00,19788.5,10532.7,0
20230921,6,548.66,19788.5,10530.7,0
20230921,6,550.02,19788.5,10524.1,0
20230921,6,999.00,19788.5,10422.0,0
20230921,6,999.99,19788.5,0.0,0
20230921,6,0.00,0.0,10576.1,1
20230921,6,0.00,4131.1,10576.1,1
20230921,6,0.01,7648.7,10576.1,1
20230921,6,0.02,7818.4,10574.3,1
20230921,6,0.03,7818.4,10572.3,1
20230921,6,0.04,7818.8,10569.6,1
20230921,6,0.20,7818.8,10569.6,1
20230921,6,0.62,7818.8,10519.6,1
20230921,6,1.00,7883.4,10479.6,1
20230921,6,1.12,7883.4,10455.0,1
20230921,6,1.19,7932.0,10435.0,1
20230921,6,1.86,7936.4,10435.0,1
20230921,6,2.01,7936.4,10435.0,1
20230921,6,2.12,7936.4,10420.0,1
20230921,6,2.44,7939.4,10380.0,1
20230921,6,3.00,7944.1,10380.0,1
20230921,6,3.01,7944.1,10380.0,1
20230921,6,3.12,7944.1,10365.0,1
20230921,6,3.69,7947.1,10305.0,1
20230921,6,3.72,7954.4,10305.0,1
20230921,6,4.00,7954.4,10305.0,1
20230921,6,4.01,7954.8,10304.6,1
20230921,6,4.94,7957.8,10304.6,1
20230921,6,5.00,8043.5,10304.6,1
20230921,6,5.01,8043.5,10191.8,1
20230921,6,5.12,8043.5,10166.8,1
20230921,6,5.50,8043.6,10126.8,1
20230921,6,5.57,8050.9,10126.8,1
20230921,6,6.00,8068.7,10126.8,1
20230921,6,6.01,8068.7,10112.3,1
20230921,6,6.02,8070.9,10110.3,1
20230921,6,6.19,8073.9,10110.3,1
20230921,6,6.50,8083.9,10110.3,1
20230921,6,6.94,8095.6,10110.3,1
20230921,6,7.00,8125.1,10110.3,1
20230921,6,7.12,8125.1,10110.3,1
20230921,6,7.43,8132.4,10070.3,1
20230921,6,7.44,8135.4,10070.3,1
20230921,6,7.47,8135.4,10070.3,1
20230921,6,7.89,8135.4,9954.3,1
20230921,6,8.00,8135.4,9924.3,1
20230921,6,8.50,8136.7,9854.1,1
20230921,6,8.59,8136.7,9854.1,1
20230921,6,8.69,8140.1,9853.0,1
20230921,6,8.93,8146.1,9853.0,1
20230921,6,9.23,8146.1,9853.0,1
20230921,6,9.28,8153.3,9706.0,1
20230921,6,9.35,8155.8,9706.0,1
20230921,6,9.42,8158.2,9706.0,1
20230921,6,9.47,8166.1,9706.0,1
20230921,6,9.48,8166.1,9706.0,1
20230921,6,9.49,8168.6,9693.0,1
20230921,6,9.50,8168.6,9693.0,1
20230921,6,9.55,8171.0,9546.0,1
20230921,6,9.62,8173.3,9546.0,1
20230921,6,9.66,8173.3,9545.5,1
20230921,6,9.67,8173.3,9377.1,1
20230921,6,9.74,8173.3,9355.9,1
20230921,6,9.79,8173.3,9355.3,1
20230921,6,9.80,8173.3,9349.3,1
20230921,6,9.81,8173.3,9299.3,1
20230921,6,9.82,8173.3,9249.3,1
20230921,6,9.85,8173.3,9189.3,1
20230921,6,9.89,8173.3,9188.8,1
20230921,6,9.94,8177.3,9158.8,1
20230921,6,9.97,8177.3,9158.8,1
20230921,6,10.00,8194.0,9157.6,1
20230921,6,10.05,8214.0,9155.0,1
20230921,6,10.20,8214.0,9155.0,1
20230921,6,10.21,8214.0,9031.0,1
20230921,6,10.22,8214.0,8999.0,1
20230921,6,10.23,8214.0,8949.0,1
20230921,6,10.38,8214.0,8899.0,1
20230921,6,10.46,8214.0,8775.0,1
20230921,6,10.51,8214.0,8651.0,1
20230921,6,11.00,8214.0,8527.0,1
20230921,6,11.06,8223.6,8417.3,1
20230921,6,11.19,8227.6,8417.3,1
20230921,6,11.20,8252.7,8339.7,1
20230921,6,11.35,8256.0,8317.0,1
20230921,6,11.40,8256.0,8317.0,1
20230921,6,11.67,8256.0,8166.0,1
20230921,6,11.89,8256.0,8015.0,1
20230921,6,12.00,8256.0,7960.0,1
20230921,6,12.44,8256.0,7957.3,1
20230921,6,12.53,8258.5,7956.2,1
20230921,6,12.85,8458.5,7956.2,1
20230921,6,13.00,8458.5,7956.2,1
20230921,6,13.01,8458.5,7947.1,1
20230921,6,13.02,8459.5,7946.2,1
20230921,6,13.04,8459.5,7946.2,1
20230921,6,13.05,8459.5,7937.5,1
20230921,6,13.50,8459.5,7903.8,1
20230921,6,13.51,8459.9,7901.4,1
20230921,6,13.69,8459.9,7901.4,1
20230921,6,13.78,8462.4,7901.0,1
20230921,6,14.00,8462.4,7901.0,1
20230921,6,14.02,8462.4,7848.0,1
20230921,6,14.67,8462.4,7765.0,1
20230921,6,14.94,8462.4,7755.0,1
20230921,6,15.00,8462.4,7754.2,1
20230921,6,15.01,8462.4,7753.0,1
20230921,6,15.39,8462.4,7752.1,1
20230921,6,15.48,8462.4,7752.0,1
20230921,6,15.50,8462.4,7751.9,1
20230921,6,15.88,8462.4,7751.7,1
20230921,6,15.89,8510.2,7741.7,1
20230921,6,16.00,8510.2,7741.7,1
20230921,6,16.53,8510.2,7731.3,1
20230921,6,16.56,8510.2,7688.6,1
20230921,6,16.57,8510.2,7688.1,1
20230921,6,17.18,8510.2,7687.4,1
20230921,6,17.34,8510.2,7657.4,1
20230921,6,17.49,8510.2,7627.4,1
20230921,6,17.50,8510.2,7597.4,1
20230921,6,17.51,8510.2,7597.3,1
20230921,6,17.64,8510.2,7596.3,1
20230921,6,17.79,8510.2,7566.3,1
20230921,6,17.95,8510.2,7536.3,1
20230921,6,18.10,8510.2,7506.3,1
20230921,6,18.25,8510.2,7476.3,1
20230921,6,18.30,8510.2,7446.3,1
20230921,6,18.81,8510.2,7446.2,1
20230921,6,19.00,8510.2,7324.2,1
20230921,6,20.00,8510.2,7300.2,1
20230921,6,20.39,8510.2,7293.6,1
20230921,6,20.48,8510.2,7292.0,1
20230921,6,20.69,8510.2,7291.5,1
20230921,6,22.28,8560.2,7290.3,1
20230921,6,23.00,8560.2,7290.3,1
20230921,6,23.44,8560.2,7289.4,1
20230921,6,23.45,8560.2,7288.9,1
20230921,6,24.58,8560.2,7288.2,1
20230921,6,24.59,8560.2,7288.1,1
20230921,6,24.82,8560.2,7287.5,1
20230921,6,25.00,8560.2,7283.2,1
20230921,6,27.00,8560.2,7282.9,1
20230921,6,29.10,8560.2,7274.1,1
20230921,6,30.00,8560.2,7273.6,1
20230921,6,30.56,8560.2,7265.9,1
20230921,6,32.00,8560.2,7265.0,1
20230921,6,35.00,8560.2,7224.3,1
20230921,6,36.00,8560.2,7222.4,1
20230921,6,39.98,8620.2,7209.9,1
20230921,6,40.00,8620.2,7209.9,1
20230921,6,40.50,8620.2,7208.3,1
20230921,6,41.35,8620.2,7208.2,1
20230921,6,42.55,8620.2,7202.4,1
20230921,6,44.50,8620.2,7161.5,1
20230921,6,45.00,8620.2,7161.3,1
20230921,6,50.00,8620.2,7155.7,1
20230921,6,50.01,8620.5,7105.4,1
20230921,6,60.00,8620.5,7105.4,1
20230921,6,61.00,8620.5,7089.0,1
20230921,6,62.00,8620.5,7087.8,1
20230921,6,67.94,8620.5,7070.6,1
20230921,6,77.80,8620.5,7069.5,1
20230921,6,79.90,8620.5,7050.3,1
20230921,6,79.98,8640.5,7050.2,1
20230921,6,80.00,8640.5,7050.2,1
20230921,6,80.01,8640.5,7006.3,1
20230921,6,80.10,8640.5,6996.5,1
20230921,6,80.20,8640.5,6993.4,1
20230921,6,80.21,8650.5,6985.4,1
20230921,6,82.01,8650.5,6985.4,1
20230921,6,85.00,8650.5,6980.0,1
20230921,6,90.00,8650.5,6979.2,1
20230921,6,99.90,8650.5,6976.2,1
20230921,6,100.00,8650.5,6976.1,1
20230921,6,100.01,8650.8,6914.8,1
20230921,6,101.00,8650.8,6914.8,1
20230921,6,102.00,8650.8,6876.1,1
20230921,6,120.10,8650.8,6860.7,1
20230921,6,138.00,8650.8,6856.0,1
20230921,6,200.00,8650.8,6822.6,1
20230921,6,200.01,8650.8,6540.2,1
20230921,6,200.10,8650.8,6103.9,1
20230921,6,201.00,8650.8,6102.6,1
20230921,6,210.00,8650.8,6085.3,1
20230921,6,250.00,8650.8,6033.0,1
20230921,6,548.66,8650.8,6031.9,1
20230921,6,550.02,8650.8,5988.3,1
20230921,6,999.00,8650.8,5885.2,1
20230921,6,999.99,8650.8,0.0,1
20230921,7,0.00,0.0,21764.4,0
20230921,7,0.00,4646.0,21764.4,0
20230921,7,0.01,16895.4,21764.4,0
20230921,7,0.02,16916.3,21764.2,0
20230921,7,0.03,16916.3,21763.8,0
20230921,7,0.04,16935.1,21746.6,0
20230921,7,0.10,16935.1,21746.6,0
20230921,7,0.20,16935.1,21626.5,0
20230921,7,0.30,16935.1,21611.5,0
20230921,7,0.62,16935.1,21607.5,0
20230921,7,1.00,17499.9,21567.5,0
20230921,7,1.01,17499.9,21451.6,0
20230921,7,1.12,17499.9,21431.6,0
20230921,7,1.23,17613.6,21421.6,0
20230921,7,2.00,17614.6,21421.6,0
20230921,7,2.01,17614.6,21421.6,0
20230921,7,2.10,17614.6,21396.6,0
20230921,7,2.12,17614.6,21390.6,0
20230921,7,2.15,17730.0,21370.6,0
20230921,7,2.48,17733.0,21370.6,0
20230921,7,2.71,17734.6,21370.6,0
20230921,7,3.00,17735.4,21370.6,0
20230921,7,3.01,17735.4,21330.5,0
20230921,7,3.12,17735.4,21305.5,0
20230921,7,3.73,17738.4,21275.5,0
20230921,7,4.65,17741.5,21275.5,0
20230921,7,4.90,17741.5,21275.5,0
20230921,7,4.91,17742.3,21269.5,0
20230921,7,4.98,17745.3,21269.5,0
20230921,7,5.00,17820.6,21269.5,0
20230921,7,5.01,17820.6,21153.6,0
20230921,7,5.12,17820.6,21118.6,0
20230921,7,5.40,17822.1,21098.6,0
20230921,7,6.00,17822.1,21098.6,0
20230921,7,6.02,17824.4,21047.7,0
20230921,7,6.23,17827.8,21047.7,0
20230921,7,6.26,17827.8,21047.7,0
20230921,7,7.00,17839.3,21041.7,0
20230921,7,7.01,17839.3,21041.6,0
20230921,7,7.12,17839.3,20930.2,0
20230921,7,7.48,17843.3,20910.2,0
20230921,7,7.50,17883.3,20910.2,0
20230921,7,7.90,17883.3,20910.2,0
20230921,7,8.00,17912.6,20902.9,0
20230921,7,8.02,17923.1,20884.4,0
20230921,7,8.10,17924.6,20884.4,0
20230921,7,8.50,17924.6,20884.4,0
20230921,7,8.73,17928.6,20874.4,0
20230921,7,9.09,17928.6,20874.4,0
20230921,7,9.79,17929.8,20717.4,0
20230921,7,9.98,17933.8,20717.4,0
20230921,7,10.00,18009.6,20717.4,0
20230921,7,10.04,18009.6,20637.4,0
20230921,7,10.05,18012.4,20607.4,0
20230921,7,10.17,18012.4,20607.4,0
20230921,7,10.19,18040.1,20577.4,0
20230921,7,10.79,18040.1,20450.3,0
20230921,7,10.80,18041.7,20400.3,0
20230921,7,10.82,18041.7,20400.3,0
20230921,7,11.00,18041.7,20350.3,0
20230921,7,11.23,18045.7,20340.3,0
20230921,7,11.50,18045.7,20340.3,0
20230921,7,11.58,18045.7,20290.0,0
20230921,7,11.61,18045.7,20090.0,0
20230921,7,11.67,18045.7,19925.0,0
20230921,7,11.75,18045.7,19725.0,0
20230921,7,11.80,18045.7,19525.0,0
20230921,7,11.84,18045.7,19524.9,0
20230921,7,11.90,18045.7,19324.9,0
20230921,7,11.95,18045.7,19124.9,0
20230921,7,11.97,18045.7,19124.2,0
20230921,7,11.98,18045.7,18924.2,0
20230921,7,12.00,18075.7,18904.2,0
20230921,7,12.04,18075.7,18904.1,0
20230921,7,12.13,18075.7,18669.1,0
20230921,7,12.14,18075.7,18469.1,0
20230921,7,12.21,18078.4,18263.7,0
20230921,7,12.23,18078.4,18263.7,0
20230921,7,12.35,18078.4,18063.7,0
20230921,7,12.50,18116.4,17863.7,0
20230921,7,12.66,18116.4,17863.6,0
20230921,7,12.68,18116.4,17805.6,0
20230921,7,12.73,18116.4,17786.0,0
20230921,7,12.76,18116.4,17773.4,0
20230921,7,12.83,18180.4,17760.4,0
20230921,7,13.00,18369.2,17760.4,0
20230921,7,13.02,18370.3,17759.6,0
20230921,7,13.16,18370.3,17759.6,0
20230921,7,13.18,18370.3,17709.4,0
20230921,7,13.20,18370.3,17709.3,0
20230921,7,13.50,18381.8,17709.2,0
20230921,7,13.73,18381.8,17709.2,0
20230921,7,13.95,18381.8,17708.8,0
20230921,7,14.00,18381.8,17701.2,0
20230921,7,14.04,18381.8,17592.6,0
20230921,7,14.10,18381.8,17517.6,0
20230921,7,14.27,18382.3,17517.0,0
20230921,7,14.29,18382.3,17517.0,0
20230921,7,14.30,18382.3,17503.9,0
20230921,7,14.40,18382.3,17502.5,0
20230921,7,14.50,18382.3,17500.5,0
20230921,7,14.55,18382.3,17499.9,0
20230921,7,14.83,18382.3,17499.4,0
20230921,7,14.84,18382.3,17499.3,0
20230921,7,14.98,18382.3,17499.1,0
20230921,7,14.99,18382.3,17495.3,0
20230921,7,15.00,18382.3,17495.2,0
20230921,7,15.03,18382.8,17491.4,0
20230921,7,15.17,18478.8,17491.4,0
20230921,7,15.20,18478.8,17491.4,0
20230921,7,15.22,18478.8,17491.3,0
20230921,7,15.27,18478.8,17475.5,0
20230921,7,15.41,18478.8,17364.5,0
20230921,7,15.54,18542.8,17338.5,0
20230921,7,15.58,18542.8,17338.5,0
20230921,7,15.62,18606.8,17337.9,0
20230921,7,15.67,18606.8,17337.9,0
20230921,7,15.71,18606.8,17317.9,0
20230921,7,15.80,18607.3,17105.9,0
20230921,7,15.81,18607.3,17105.7,0
20230921,7,15.83,18671.3,17096.2,0
20230921,7,15.90,18678.3,17096.2,0
20230921,7,15.91,18678.3,17096.2,0
20230921,7,15.95,18728.3,17096.0,0
20230921,7,15.98,18856.3,17096.0,0
20230921,7,16.00,18857.3,17096.0,0
20230921,7,16.05,18857.3,16997.0,0
20230921,7,16.06,18907.3,16988.8,0
20230921,7,16.10,18908.3,16988.8,0
20230921,7,16.12,18972.3,16988.8,0
20230921,7,16.20,18973.3,16988.8,0
20230921,7,16.23,18973.3,16988.8,0
20230921,7,16.27,19037.3,16985.8,0
20230921,7,16.30,19038.3,16985.8,0
20230921,7,16.37,19102.3,16985.8,0
20230921,7,16.40,19102.3,16985.8,0
20230921,7,16.47,19166.3,16979.8,0
20230921,7,16.57,19166.8,16979.8,0
20230921,7,16.58,19166.8,16979.8,0
20230921,7,16.66,19230.8,16979.5,0
20230921,7,16.75,19294.8,16979.5,0
20230921,7,16.76,19294.8,16979.5,0
20230921,7,16.85,19358.8,16978.6,0
20230921,7,16.99,19358.8,16978.6,0
20230921,7,17.03,19422.8,16978.5,0
20230921,7,17.16,19491.6,16901.5,0
20230921,7,17.18,19491.6,16901.5,0
20230921,7,17.23,19491.6,16885.3,0
20230921,7,17.25,19491.6,16833.3,0
20230921,7,17.34,19492.1,16832.9,0
20230921,7,17.45,19492.1,16826.4,0
20230921,7,17.48,19492.1,16826.2,0
20230921,7,17.50,19492.1,16823.3,0
20230921,7,17.58,19492.1,16777.8,0
20230921,7,17.65,19567.1,16755.8,0
20230921,7,17.90,19567.1,16755.8,0
20230921,7,18.00,19567.1,16499.8,0
20230921,7,18.03,19567.1,16499.6,0
20230921,7,18.04,19606.9,16476.5,0
20230921,7,18.50,19606.9,16476.5,0
20230921,7,18.62,19606.9,16474.9,0
20230921,7,18.73,19606.9,16465.1,0
20230921,7,18.96,19606.9,16463.8,0
20230921,7,19.00,19606.9,16459.3,0
20230921,7,19.09,19606.9,16458.9,0
20230921,7,19.54,19606.9,16172.9,0
20230921,7,19.70,19606.9,16095.4,0
20230921,7,19.71,19815.9,16093.1,0
20230921,7,19.98,19815.9,16093.1,0
20230921,7,20.00,19815.9,16093.0,0
20230921,7,20.05,19816.0,16042.5,0
20230921,7,20.11,19827.5,16042.5,0
20230921,7,21.00,19827.5,16042.5,0
20230921,7,21.58,19827.5,16042.4,0
20230921,7,21.67,19827.5,16039.2,0
20230921,7,21.76,19827.5,16034.8,0
20230921,7,23.00,19840.5,16026.7,0
20230921,7,23.03,19840.5,16026.6,0
20230921,7,24.37,19840.5,16026.5,0
20230921,7,24.95,19840.5,16022.1,0
20230921,7,25.00,19840.5,15708.1,0
20230921,7,26.17,19840.5,15707.9,0
20230921,7,26.92,19840.5,15703.4,0
20230921,7,27.00,19840.5,15699.0,0
20230921,7,27.07,19840.5,15669.2,0
20230921,7,29.97,19840.5,15664.3,0
20230921,7,30.00,19840.5,15658.3,0
20230921,7,30.36,19840.5,15642.4,0
20230921,7,32.00,19840.5,15629.5,0
20230921,7,32.70,19841.4,15558.3,0
20230921,7,33.03,19841.4,15558.3,0
20230921,7,34.00,19841.4,15558.1,0
20230921,7,35.00,19841.4,15542.9,0
20230921,7,36.88,19841.4,15522.2,0
20230921,7,40.00,19841.4,15504.3,0
20230921,7,40.01,19841.4,15478.2,0
20230921,7,41.37,19841.4,15478.1,0
20230921,7,42.68,19841.4,15474.0,0
20230921,7,45.00,19841.4,15463.3,0
20230921,7,45.01,19841.4,15421.1,0
20230921,7,50.00,19841.4,15421.0,0
20230921,7,50.01,19841.8,15415.9,0
20230921,7,50.12,19841.8,15415.9,0
20230921,7,50.90,19841.8,15415.0,0
20230921,7,60.00,19841.8,15414.2,0
20230921,7,61.00,19841.8,15379.4,0
20230921,7,62.00,19841.8,15370.6,0
20230921,7,67.94,19841.8,15350.6,0
20230921,7,70.00,19841.8,15330.9,0
20230921,7,77.80,19841.8,15251.3,0
20230921,7,79.90,19841.8,15244.1,0
20230921,7,80.00,19841.8,15243.7,0
20230921,7,80.01,19841.8,14995.4,0
20230921,7,80.02,19841.8,14815.9,0
20230921,7,80.20,19841.8,14810.9,0
20230921,7,80.21,19851.7,14810.8,0
20230921,7,80.50,19851.7,14810.8,0
20230921,7,81.00,19851.7,14810.6,0
20230921,7,82.01,19851.7,14769.1,0
20230921,7,85.00,19851.7,14723.0,0
20230921,7,90.00,19851.7,14714.0,0
20230921,7,99.90,19851.7,14698.4,0
20230921,7,100.00,19851.7,14698.3,0
20230921,7,100.01,19862.8,13527.5,0
20230921,7,101.00,19862.8,13527.5,0
20230921,7,102.00,19862.8,13421.0,0
20230921,7,105.00,19862.8,13390.5,0
20230921,7,120.10,19862.8,13390.4,0
20230921,7,130.00,19862.8,13358.2,0
20230921,7,150.00,19862.8,13354.6,0
20230921,7,190.00,19862.8,13352.1,0
20230921,7,200.00,19862.8,13351.5,0
20230921,7,200.01,19862.8,12565.2,0
20230921,7,200.10,19862.8,11735.5,0
20230921,7,200.50,19862.8,11707.9,0
20230921,7,200.98,19862.8,11703.0,0
20230921,7,200.99,19862.8,11702.9,0
20230921,7,201.00,19862.8,11702.8,0
20230921,7,210.00,19862.8,11653.9,0
20230921,7,250.00,19862.8,11526.1,0
20230921,7,300.00,19862.8,11353.1,0
20230921,7,500.00,19862.8,10841.0,0
20230921,7,548.66,19862.8,10839.0,0
20230921,7,550.02,19862.8,10832.4,0
20230921,7,999.00,19862.8,10730.3,0
20230921,7,999.99,19862.8,0.0,0
20230921,7,0.00,0.0,17703.6,1
20230921,7,0.00,8625.1,17703.6,1
20230921,7,0.01,13797.6,17703.6,1
20230921,7,0.02,13971.3,17701.8,1
20230921,7,0.03,13971.3,17689.8,1
20230921,7,0.04,13971.7,17681.7,1
20230921,7,0.20,13971.7,17681.7,1
20230921,7,0.62,13971.7,17621.7,1
20230921,7,1.00,14045.0,17581.7,1
20230921,7,1.01,14045.0,17536.1,1
20230921,7,1.12,14045.0,17526.1,1
20230921,7,1.23,14094.4,17506.1,1
20230921,7,1.91,14096.2,17506.1,1
20230921,7,2.01,14096.2,17506.1,1
20230921,7,2.03,14100.5,17491.1,1
20230921,7,2.12,14100.5,17491.1,1
20230921,7,2.48,14103.5,17451.1,1
20230921,7,3.00,14107.7,17451.1,1
20230921,7,3.01,14107.7,17431.1,1
20230921,7,3.12,14107.7,17406.1,1
20230921,7,3.73,14110.7,17346.1,1
20230921,7,3.81,14112.5,17346.1,1
20230921,7,4.00,14112.5,17346.1,1
20230921,7,4.01,14112.9,17344.7,1
20230921,7,4.05,14120.2,17344.7,1
20230921,7,4.98,14123.2,17344.7,1
20230921,7,5.00,14218.3,17344.7,1
20230921,7,5.01,14218.3,17181.7,1
20230921,7,5.04,14218.3,17146.7,1
20230921,7,5.12,14218.3,16446.7,1
20230921,7,5.50,14218.4,16406.7,1
20230921,7,5.70,14220.3,16406.7,1
20230921,7,6.00,14261.7,16406.7,1
20230921,7,6.01,14261.7,16392.6,1
20230921,7,6.02,14266.5,16390.6,1
20230921,7,6.06,14273.8,16390.6,1
20230921,7,6.23,14276.8,16390.6,1
20230921,7,6.26,14276.8,16390.6,1
20230921,7,6.50,14286.8,16389.0,1
20230921,7,6.94,14298.6,16389.0,1
20230921,7,7.00,14328.1,16389.0,1
20230921,7,7.12,14328.1,16389.0,1
20230921,7,7.47,14328.1,16349.0,1
20230921,7,7.48,14332.1,16233.0,1
20230921,7,7.59,14332.1,16233.0,1
20230921,7,7.60,14333.9,16223.0,1
20230921,7,8.00,14333.9,16223.0,1
20230921,7,8.08,14341.2,16147.8,1
20230921,7,8.38,14341.2,16147.8,1
20230921,7,8.50,14342.5,16117.8,1
20230921,7,8.59,14342.5,16117.8,1
20230921,7,8.73,14346.8,16116.7,1
20230921,7,9.00,14346.8,16116.7,1
20230921,7,9.23,14346.8,16110.0,1
20230921,7,9.50,14348.6,15963.0,1
20230921,7,9.56,14349.2,15816.0,1
20230921,7,9.59,14349.2,15816.0,1
20230921,7,9.60,14349.2,15796.0,1
20230921,7,9.62,14349.8,15742.0,1
20230921,7,9.66,14349.8,15742.0,1
20230921,7,9.67,14349.8,15573.6,1
20230921,7,9.68,14350.4,15552.4,1
20230921,7,9.74,14351.0,15552.4,1
20230921,7,9.79,14357.0,15552.4,1
20230921,7,9.80,14357.6,15546.4,1
20230921,7,9.81,14357.6,15496.4,1
20230921,7,9.82,14357.6,15446.4,1
20230921,7,9.98,14362.6,15386.4,1
20230921,7,10.00,14379.7,15386.4,1
20230921,7,10.05,14399.7,15374.7,1
20230921,7,10.10,14406.9,15374.7,1
20230921,7,10.20,14406.9,15374.7,1
20230921,7,10.21,14406.9,15250.7,1
20230921,7,10.22,14406.9,15218.7,1
20230921,7,10.23,14406.9,15168.7,1
20230921,7,10.28,14409.4,15118.7,1
20230921,7,10.30,14410.2,15118.7,1
20230921,7,10.38,14410.2,15118.7,1
20230921,7,10.43,14410.2,14964.7,1
20230921,7,10.46,14412.6,14951.5,1
20230921,7,10.51,14412.6,14827.5,1
20230921,7,10.64,14415.1,14703.5,1
20230921,7,10.82,14417.5,14703.5,1
20230921,7,10.98,14417.5,14703.5,1
20230921,7,11.00,14419.8,14703.3,1
20230921,7,11.06,14419.8,14593.3,1
20230921,7,11.13,14470.2,14591.1,1
20230921,7,11.19,14470.2,14591.1,1
20230921,7,11.20,14517.5,14535.8,1
20230921,7,11.23,14522.5,14535.8,1
20230921,7,11.30,14531.9,14535.8,1
20230921,7,11.40,14531.9,14513.9,1
20230921,7,11.48,14535.2,14362.9,1
20230921,7,11.53,14535.2,14362.9,1
20230921,7,11.59,14535.2,14362.6,1
20230921,7,11.67,14535.2,14332.6,1
20230921,7,11.78,14535.2,14181.6,1
20230921,7,12.00,14535.2,14181.4,1
20230921,7,12.09,14535.2,14177.7,1
20230921,7,12.26,14593.0,14177.4,1
20230921,7,12.38,14593.0,14177.4,1
20230921,7,12.44,14593.0,14122.4,1
20230921,7,12.58,14593.0,14122.1,1
20230921,7,12.63,14593.0,14121.9,1
20230921,7,12.75,14595.5,13841.9,1
20230921,7,12.85,14795.5,13841.9,1
20230921,7,13.00,14795.5,13841.9,1
20230921,7,13.01,14795.5,13832.6,1
20230921,7,13.02,14796.5,13831.7,1
20230921,7,13.04,14796.5,13831.7,1
20230921,7,13.05,14796.5,13823.0,1
20230921,7,13.06,14804.4,13789.3,1
20230921,7,13.18,14804.4,13789.3,1
20230921,7,13.36,14804.4,13789.1,1
20230921,7,13.38,14804.4,13788.8,1
20230921,7,13.39,14804.4,13788.6,1
20230921,7,13.50,14804.4,13688.6,1
20230921,7,13.51,14804.8,13686.2,1
20230921,7,13.73,14804.8,13686.2,1
20230921,7,14.00,14804.8,13685.7,1
20230921,7,14.02,14804.8,13633.6,1
20230921,7,14.03,14807.3,13550.6,1
20230921,7,14.18,14807.3,13550.6,1
20230921,7,14.27,14807.3,13550.4,1
20230921,7,14.38,14827.3,13549.2,1
20230921,7,14.53,14827.3,13549.2,1
20230921,7,14.67,14827.3,13039.2,1
20230921,7,14.98,14827.3,13029.2,1
20230921,7,14.99,14827.3,13026.8,1
20230921,7,15.00,14827.3,13022.1,1
20230921,7,15.01,14827.3,13021.7,1
20230921,7,15.50,14827.3,13020.8,1
20230921,7,15.60,14827.3,13020.6,1
20230921,7,15.75,14827.3,13020.5,1
20230921,7,16.00,14827.3,13020.4,1
20230921,7,16.03,14827.3,13009.3,1
20230921,7,16.11,14827.3,13003.0,1
20230921,7,16.37,14827.3,13001.9,1
20230921,7,16.38,14875.1,12991.9,1
20230921,7,17.00,14875.1,12991.9,1
20230921,7,17.36,14875.1,12971.9,1
20230921,7,17.38,14875.1,12932.5,1
20230921,7,17.50,14875.1,12902.5,1
20230921,7,17.53,14875.1,12901.5,1
20230921,7,17.63,14875.1,12871.5,1
20230921,7,17.68,14875.1,12870.5,1
20230921,7,17.84,14875.1,12840.5,1
20230921,7,17.99,14875.1,12810.5,1
20230921,7,18.10,14875.1,12780.5,1
20230921,7,18.14,14875.1,12778.8,1
20230921,7,18.29,14875.1,12748.8,1
20230921,7,18.30,14875.1,12718.8,1
20230921,7,18.45,14875.1,12718.7,1
20230921,7,18.81,14875.1,12688.7,1
20230921,7,19.00,14875.1,12566.7,1
20230921,7,19.17,14875.1,12514.6,1
20230921,7,19.99,14875.1,12513.4,1
20230921,7,20.00,14875.1,12471.1,1
20230921,7,20.60,14875.1,12462.3,1
20230921,7,20.75,14875.1,12460.8,1
20230921,7,21.12,14875.1,12460.3,1
20230921,7,22.24,14875.1,11070.3,1
20230921,7,22.28,14925.1,11069.1,1
20230921,7,22.47,14925.1,11069.1,1
20230921,7,22.94,14925.1,11067.3,1
20230921,7,23.00,14925.1,11066.9,1
20230921,7,24.28,14925.1,11066.1,1
20230921,7,25.00,14925.1,11064.9,1
20230921,7,25.13,14925.1,11064.5,1
20230921,7,25.30,14925.1,11063.8,1
20230921,7,27.00,14925.1,11059.5,1
20230921,7,27.01,14925.1,11049.6,1
20230921,7,29.10,14925.1,11037.8,1
20230921,7,30.00,14925.1,11037.3,1
20230921,7,30.56,14925.1,11025.9,1
20230921,7,32.00,14925.1,11025.0,1
20230921,7,35.00,14925.1,10974.1,1
20230921,7,36.00,14925.1,10972.3,1
20230921,7,39.98,14985.1,10960.7,1
20230921,7,40.00,14985.1,10960.7,1
20230921,7,40.50,14985.1,10957.9,1
20230921,7,41.37,14985.1,10957.8,1
20230921,7,41.87,14985.1,10944.9,1
20230921,7,42.55,14985.1,10879.1,1
20230921,7,44.50,14985.1,10838.8,1
20230921,7,45.00,14985.1,10838.6,1
20230921,7,45.12,14985.1,10829.1,1
20230921,7,50.00,14985.1,10828.7,1
20230921,7,50.01,14985.8,10773.4,1
20230921,7,60.00,14985.8,10773.4,1
20230921,7,61.00,14985.8,10754.1,1
20230921,7,62.00,14985.8,10752.8,1
20230921,7,67.94,14985.8,10735.8,1
20230921,7,77.80,14985.8,10729.8,1
20230921,7,79.90,14985.8,10710.6,1
20230921,7,79.98,15005.8,10710.2,1
20230921,7,80.00,15005.8,10710.2,1
20230921,7,80.01,15005.8,10661.6,1
20230921,7,80.10,15005.8,10641.6,1
20230921,7,80.20,15005.8,10632.5,1
20230921,7,80.21,15015.8,10624.5,1
20230921,7,82.01,15015.8,10624.5,1
20230921,7,85.00,15015.8,10616.1,1
20230921,7,90.00,15015.8,10614.1,1
20230921,7,99.90,15015.8,10605.9,1
20230921,7,100.00,15015.8,10605.7,1
20230921,7,100.01,15016.1,10507.1,1
20230921,7,101.00,15016.1,10507.1,1
20230921,7,102.00,15016.1,10467.7,1
20230921,7,120.10,15016.1,10438.3,1
20230921,7,138.00,15016.1,10433.5,1
20230921,7,190.00,15016.1,10349.5,1
20230921,7,200.00,15016.1,10349.4,1
20230921,7,200.01,15016.1,9857.5,1
20230921,7,200.10,15016.1,9326.6,1
20230921,7,200.50,15016.1,9325.2,1
20230921,7,201.00,15016.1,9324.8,1
20230921,7,210.00,15016.1,9305.3,1
20230921,7,250.00,15016.1,9244.8,1
20230921,7,300.00,15016.1,9243.7,1
20230921,7,548.66,15016.1,9231.7,1
20230921,7,550.02,15016.1,9187.9,1
20230921,7,999.00,15016.1,9084.8,1
20230921,7,999.99,15016.1,0.0,1
20230921,8,0.00,0.0,21950.2,0
20230921,8,0.00,4656.5,21950.2,0
20230921,8,0.01,16934.0,21950.2,0
20230921,8,0.02,16954.5,21950.0,0
20230921,8,0.03,16954.5,21949.6,0
20230921,8,0.04,16973.5,21932.6,0
20230921,8,0.07,17092.9,21932.6,0
20230921,8,0.10,17092.9,21932.6,0
20230921,8,0.20,17092.9,21812.5,0
20230921,8,0.30,17092.9,21797.5,0
20230921,8,0.62,17092.9,21793.5,0
20230921,8,1.00,17655.1,21753.5,0
20230921,8,1.01,17655.1,21637.6,0
20230921,8,1.12,17655.1,21617.6,0
20230921,8,1.32,17658.1,21607.6,0
20230921,8,2.00,17659.1,21607.6,0
20230921,8,2.01,17659.1,21607.6,0
20230921,8,2.10,17659.1,21582.6,0
20230921,8,2.12,17659.1,21576.6,0
20230921,8,2.15,17774.5,21556.6,0
20230921,8,2.57,17777.5,21556.6,0
20230921,8,2.71,17779.1,21556.6,0
20230921,8,3.00,17779.9,21556.6,0
20230921,8,3.01,17779.9,21516.5,0
20230921,8,3.12,17779.9,21491.5,0
20230921,8,3.82,17782.9,21461.5,0
20230921,8,4.00,17782.9,21461.5,0
20230921,8,4.01,17783.5,21455.6,0
20230921,8,4.65,17786.9,21455.6,0
20230921,8,4.94,17787.1,21455.6,0
20230921,8,5.00,17862.6,21455.6,0
20230921,8,5.01,17862.6,21339.7,0
20230921,8,5.07,17865.6,21304.7,0
20230921,8,5.12,17865.6,21304.7,0
20230921,8,5.41,17867.1,21284.7,0
20230921,8,6.00,17867.1,21284.7,0
20230921,8,6.02,17869.4,21234.5,0
20230921,8,6.26,17869.4,21234.5,0
20230921,8,6.32,17872.9,21228.5,0
20230921,8,7.00,17884.6,21228.5,0
20230921,8,7.01,17884.6,21228.4,0
20230921,8,7.12,17884.6,21117.6,0
20230921,8,7.50,17924.6,21097.6,0
20230921,8,7.57,17928.6,21097.6,0
20230921,8,7.90,17928.6,21097.6,0
20230921,8,8.00,17957.9,21090.3,0
20230921,8,8.02,17968.4,21072.0,0
20230921,8,8.12,17969.9,21072.0,0
20230921,8,8.50,17969.9,21072.0,0
20230921,8,8.82,17973.9,21062.0,0
20230921,8,9.09,17973.9,21062.0,0
20230921,8,10.00,18051.3,20905.0,0
20230921,8,10.05,18053.8,20825.0,0
20230921,8,10.07,18057.8,20825.0,0
20230921,8,10.14,18059.0,20825.0,0
20230921,8,10.17,18059.0,20825.0,0
20230921,8,10.19,18128.1,20795.0,0
20230921,8,10.49,18128.1,20709.3,0
20230921,8,10.82,18129.7,20679.3,0
20230921,8,11.00,18129.7,20679.3,0
20230921,8,11.03,18129.7,20669.3,0
20230921,8,11.06,18129.7,20619.3,0
20230921,8,11.32,18133.7,20569.3,0
20230921,8,11.47,18133.7,20569.3,0
20230921,8,11.50,18133.7,20369.3,0
20230921,8,11.57,18133.7,20319.0,0
20230921,8,11.61,18133.7,20119.0,0
20230921,8,11.64,18133.7,19954.0,0
20230921,8,11.74,18133.7,19754.0,0
20230921,8,11.80,18133.7,19554.0,0
20230921,8,11.81,18133.7,19553.9,0
20230921,8,11.88,18133.7,19353.9,0
20230921,8,11.95,18133.7,19153.9,0
20230921,8,12.00,18163.7,18953.2,0
20230921,8,12.02,18163.7,18953.1,0
20230921,8,12.12,18163.7,18753.1,0
20230921,8,12.15,18163.7,18553.1,0
20230921,8,12.20,18163.7,18348.9,0
20230921,8,12.21,18166.4,18148.9,0
20230921,8,12.49,18166.4,18148.9,0
20230921,8,12.50,18204.4,18113.9,0
20230921,8,12.51,18268.4,18113.8,0
20230921,8,12.56,18332.4,18113.8,0
20230921,8,12.65,18396.4,18113.8,0
20230921,8,12.66,18396.4,18113.8,0
20230921,8,12.68,18396.4,18055.8,0
20230921,8,12.74,18460.4,18034.4,0
20230921,8,12.84,18460.4,18034.4,0
20230921,8,12.89,18524.4,18015.2,0
20230921,8,12.97,18524.4,18015.2,0
20230921,8,13.00,18645.3,18011.1,0
20230921,8,13.02,18646.4,18010.3,0
20230921,8,13.16,18646.4,18010.3,0
20230921,8,13.18,18646.4,17961.7,0
20230921,8,13.20,18646.4,17961.6,0
20230921,8,13.36,18710.4,17961.5,0
20230921,8,13.45,18710.4,17961.5,0
20230921,8,13.50,18720.4,17948.4,0
20230921,8,13.52,18721.9,17948.4,0
20230921,8,13.82,18721.9,17948.4,0
20230921,8,13.95,18721.9,17948.0,0
20230921,8,14.00,18721.9,17940.4,0
20230921,8,14.10,18721.9,17832.0,0
20230921,8,14.22,18721.9,17831.4,0
20230921,8,14.29,18722.4,17825.1,0
20230921,8,14.30,18722.4,17825.1,0
20230921,8,14.49,18722.4,17823.7,0
20230921,8,14.50,18722.4,17748.7,0
20230921,8,14.55,18722.4,17748.1,0
20230921,8,14.83,18722.4,17747.6,0
20230921,8,14.99,18722.4,17747.5,0
20230921,8,15.00,18722.4,17741.3,0
20230921,8,15.05,18722.9,17735.3,0
20230921,8,15.07,18722.9,17735.3,0
20230921,8,15.17,18818.9,17731.5,0
20230921,8,15.20,18818.9,17731.5,0
20230921,8,15.22,18818.9,17731.4,0
20230921,8,15.29,18818.9,17717.0,0
20230921,8,15.41,18818.9,17716.8,0
20230921,8,15.54,18882.9,17690.8,0
20230921,8,15.58,18882.9,17690.8,0
20230921,8,15.62,18946.9,17690.2,0
20230921,8,15.67,18946.9,17690.2,0
20230921,8,15.78,18946.9,17642.2,0
20230921,8,15.80,18946.9,17591.2,0
20230921,8,15.82,18947.4,17591.0,0
20230921,8,15.83,19011.4,17591.0,0
20230921,8,15.90,19018.4,17591.0,0
20230921,8,15.91,19018.4,17591.0,0
20230921,8,15.98,19082.4,17590.8,0
20230921,8,16.00,19083.4,17590.8,0
20230921,8,16.01,19083.4,17494.0,0
20230921,8,16.03,19083.4,17282.0,0
20230921,8,16.05,19083.4,17262.0,0
20230921,8,16.10,19084.4,17253.8,0
20230921,8,16.12,19148.4,17253.8,0
20230921,8,16.19,19198.4,17253.8,0
20230921,8,16.20,19199.4,17253.8,0
20230921,8,16.24,19249.4,17253.8,0
20230921,8,16.27,19377.4,17253.8,0
20230921,8,16.30,19378.4,17253.8,0
20230921,8,16.32,19378.4,17253.8,0
20230921,8,16.40,19378.4,17250.8,0
20230921,8,16.47,19442.4,17245.0,0
20230921,8,16.54,19442.4,17245.0,0
20230921,8,16.57,19506.4,17244.7,0
20230921,8,16.58,19506.9,17244.7,0
20230921,8,16.66,19570.9,17244.7,0
20230921,8,16.75,19634.9,17243.9,0
20230921,8,16.94,19698.9,17243.9,0
20230921,8,16.99,19698.9,17243.9,0
20230921,8,17.03,19762.9,17243.8,0
20230921,8,17.08,19762.9,17243.8,0
20230921,8,17.16,19818.7,17239.3,0
20230921,8,17.18,19818.7,17239.3,0
20230921,8,17.25,19818.7,17223.1,0
20230921,8,17.29,19818.7,17222.7,0
20230921,8,17.32,19818.7,17145.7,0
20230921,8,17.35,19819.2,17093.7,0
20230921,8,17.45,19819.2,17093.7,0
20230921,8,17.50,19819.2,17093.5,0
20230921,8,17.57,19819.2,17092.0,0
20230921,8,17.63,19819.2,17089.1,0
20230921,8,17.65,19894.2,17087.1,0
20230921,8,17.75,19894.2,17087.1,0
20230921,8,18.00,19894.2,17043.1,0
20230921,8,18.03,19894.2,17042.9,0
20230921,8,18.04,19894.2,17042.8,0
20230921,8,18.10,19894.2,17029.8,0
20230921,8,18.48,19894.2,16772.8,0
20230921,8,18.49,19934.0,16762.8,0
20230921,8,18.62,19934.0,16762.8,0
20230921,8,18.82,19934.0,16753.0,0
20230921,8,18.97,19934.0,16751.8,0
20230921,8,19.00,19934.0,16692.8,0
20230921,8,19.09,19934.0,16692.4,0
20230921,8,19.48,19934.0,16461.4,0
20230921,8,19.71,20143.0,16390.9,0
20230921,8,20.00,20143.0,16390.9,0
20230921,8,20.11,20154.5,16342.6,0
20230921,8,20.12,20154.5,16342.6,0
20230921,8,20.50,20154.6,16340.4,0
20230921,8,20.55,20154.6,16338.9,0
20230921,8,21.00,20154.6,16334.5,0
20230921,8,21.54,20154.6,16334.4,0
20230921,8,21.66,20154.6,16331.2,0
20230921,8,23.00,20167.6,16323.2,0
20230921,8,23.03,20167.6,16323.1,0
20230921,8,24.02,20167.6,16323.0,0
20230921,8,25.00,20167.6,16318.6,0
20230921,8,25.65,20167.6,16318.4,0
20230921,8,26.34,20167.6,15991.4,0
20230921,8,27.00,20167.6,15986.9,0
20230921,8,27.30,20167.6,15957.7,0
20230921,8,27.50,20167.6,15953.3,0
20230921,8,29.97,20167.6,15949.0,0
20230921,8,30.00,20167.6,15943.8,0
20230921,8,30.36,20167.6,15927.8,0
20230921,8,32.00,20167.6,15915.1,0
20230921,8,32.70,20168.5,15843.2,0
20230921,8,33.03,20168.5,15843.2,0
20230921,8,34.00,20168.5,15843.0,0
20230921,8,35.00,20168.5,15828.2,0
20230921,8,36.84,20168.5,15808.7,0
20230921,8,40.00,20168.5,15791.1,0
20230921,8,40.01,20168.5,15765.3,0
20230921,8,41.41,20168.5,15765.2,0
20230921,8,42.76,20168.5,15761.1,0
20230921,8,45.00,20168.5,15750.6,0
20230921,8,45.01,20168.5,15710.0,0
20230921,8,50.00,20168.5,15709.9,0
20230921,8,50.01,20168.9,15704.7,0
20230921,8,50.12,20168.9,15704.7,0
20230921,8,50.90,20168.9,15703.8,0
20230921,8,60.00,20168.9,15703.0,0
20230921,8,61.00,20168.9,15668.7,0
20230921,8,62.00,20168.9,15659.9,0
20230921,8,67.94,20168.9,15639.6,0
20230921,8,70.00,20168.9,15619.6,0
20230921,8,77.80,20168.9,15541.7,0
20230921,8,79.90,20168.9,15534.3,0
20230921,8,80.00,20168.9,15533.9,0
20230921,8,80.01,20168.9,15288.4,0
20230921,8,80.02,20168.9,15105.1,0
20230921,8,80.20,20168.9,15100.1,0
20230921,8,80.21,20178.8,15100.0,0
20230921,8,80.50,20178.8,15100.0,0
20230921,8,81.00,20178.8,15099.8,0
20230921,8,82.01,20178.8,15065.2,0
20230921,8,85.00,20178.8,15020.0,0
20230921,8,90.00,20178.8,15011.1,0
20230921,8,99.90,20178.8,14995.5,0
20230921,8,100.00,20178.8,14995.2,0
20230921,8,100.01,20190.0,13588.4,0
20230921,8,101.00,20190.0,13588.4,0
20230921,8,102.00,20190.0,13481.9,0
20230921,8,105.00,20190.0,13451.5,0
20230921,8,120.10,20190.0,13451.4,0
20230921,8,130.00,20190.0,13419.4,0
20230921,8,150.00,20190.0,13415.9,0
20230921,8,190.00,20190.0,13413.4,0
20230921,8,200.00,20190.0,13412.8,0
20230921,8,200.01,20190.0,12633.1,0
20230921,8,200.10,20190.0,11804.7,0
20230921,8,200.50,20190.0,11777.0,0
20230921,8,200.98,20190.0,11772.1,0
20230921,8,200.99,20190.0,11772.0,0
20230921,8,201.00,20190.0,11771.9,0
20230921,8,210.00,20190.0,11723.2,0
20230921,8,250.00,20190.0,11595.9,0
20230921,8,300.00,20190.0,11422.8,0
20230921,8,500.00,20190.0,10910.8,0
20230921,8,548.66,20190.0,10908.8,0
20230921,8,550.02,20190.0,10902.2,0
20230921,8,999.00,20190.0,10800.1,0
20230921,8,999.99,20190.0,0.0,0
20230921,8,0.00,0.0,17825.9,1
20230921,8,0.00,8626.1,17825.9,1
20230921,8,0.01,13733.9,17825.9,1
20230921,8,0.02,13908.9,17824.1,1
20230921,8,0.03,13908.9,17812.1,1
20230921,8,0.04,13909.3,17804.2,1
20230921,8,0.07,13956.6,17804.2,1
20230921,8,0.20,13956.6,17804.2,1
20230921,8,0.62,13956.6,17744.2,1
20230921,8,1.00,14034.3,17704.2,1
20230921,8,1.01,14034.3,17659.2,1
20230921,8,1.12,14034.3,17649.2,1
20230921,8,1.32,14037.3,17629.2,1
20230921,8,2.01,14037.3,17629.2,1
20230921,8,2.02,14046.3,17614.2,1
20230921,8,2.12,14046.3,17614.2,1
20230921,8,2.57,14049.3,17574.2,1
20230921,8,3.00,14053.7,17574.2,1
20230921,8,3.01,14053.7,17554.2,1
20230921,8,3.12,14053.7,17529.2,1
20230921,8,3.82,14056.7,17469.2,1
20230921,8,4.00,14056.7,17469.2,1
20230921,8,4.01,14057.1,17467.8,1
20230921,8,4.02,14066.2,17467.8,1
20230921,8,5.00,14162.6,17467.8,1
20230921,8,5.01,14162.6,17305.4,1
20230921,8,5.04,14162.6,17270.4,1
20230921,8,5.07,14165.6,16570.4,1
20230921,8,5.12,14165.6,16570.4,1
20230921,8,5.50,14165.7,16530.4,1
20230921,8,6.00,14207.7,16530.4,1
20230921,8,6.01,14207.7,16516.3,1
20230921,8,6.02,14212.5,16514.4,1
20230921,8,6.03,14221.7,16514.4,1
20230921,8,6.26,14221.7,16514.4,1
20230921,8,6.32,14224.7,16512.8,1
20230921,8,6.50,14234.7,16512.8,1
20230921,8,6.94,14246.6,16512.8,1
20230921,8,7.00,14276.3,16512.8,1
20230921,8,7.12,14276.3,16512.8,1
20230921,8,7.47,14276.3,16472.8,1
20230921,8,7.57,14280.3,16356.8,1
20230921,8,8.00,14280.3,16356.8,1
20230921,8,8.03,14289.4,16281.8,1
20230921,8,8.50,14290.7,16281.8,1
20230921,8,8.59,14290.7,16281.8,1
20230921,8,8.82,14295.0,16280.8,1
20230921,8,9.00,14295.0,16280.8,1
20230921,8,9.17,14295.0,16274.1,1
20230921,8,9.23,14295.0,16264.1,1
20230921,8,9.50,14295.0,16117.1,1
20230921,8,9.51,14295.0,15970.1,1
20230921,8,9.60,14295.0,15940.1,1
20230921,8,9.66,14295.0,15887.1,1
20230921,8,9.67,14295.0,15718.7,1
20230921,8,9.79,14295.0,15697.5,1
20230921,8,9.80,14295.0,15691.5,1
20230921,8,9.81,14295.0,15641.5,1
20230921,8,9.82,14295.0,15591.5,1
20230921,8,10.00,14311.6,15532.5,1
20230921,8,10.04,14320.6,15521.1,1
20230921,8,10.05,14340.6,15521.1,1
20230921,8,10.07,14345.6,15521.1,1
20230921,8,10.14,14351.6,15521.1,1
20230921,8,10.16,14354.7,15521.1,1
20230921,8,10.20,14354.7,15521.1,1
20230921,8,10.21,14354.7,15397.1,1
20230921,8,10.22,14354.7,15365.1,1
20230921,8,10.23,14354.7,15315.1,1
20230921,8,10.24,14354.7,15265.1,1
20230921,8,10.28,14357.7,15251.9,1
20230921,8,10.30,14358.5,15251.9,1
20230921,8,10.38,14358.5,15251.9,1
20230921,8,10.39,14361.6,15127.9,1
20230921,8,10.46,14361.6,15127.9,1
20230921,8,10.50,14361.6,15003.9,1
20230921,8,10.51,14364.6,15003.8,1
20230921,8,10.63,14367.5,14879.8,1
20230921,8,11.00,14367.5,14879.6,1
20230921,8,11.02,14367.5,14769.8,1
20230921,8,11.17,14367.5,14748.7,1
20230921,8,11.19,14376.7,14728.7,1
20230921,8,11.20,14439.8,14689.2,1
20230921,8,11.29,14439.8,14689.2,1
20230921,8,11.32,14444.8,14689.0,1
20230921,8,11.40,14444.8,14689.0,1
20230921,8,11.50,14444.8,14538.0,1
20230921,8,11.51,14444.8,14537.7,1
20230921,8,11.53,14444.8,14507.7,1
20230921,8,11.64,14448.0,14505.2,1
20230921,8,11.67,14448.0,14505.2,1
20230921,8,12.00,14448.0,14354.2,1
20230921,8,12.02,14448.0,14350.5,1
20230921,8,12.10,14448.0,14350.3,1
20230921,8,12.26,14556.2,14350.0,1
20230921,8,12.37,14556.2,14350.0,1
20230921,8,12.63,14556.2,14349.8,1
20230921,8,12.67,14556.2,14259.8,1
20230921,8,12.75,14556.2,14259.5,1
20230921,8,12.85,14756.2,14259.3,1
20230921,8,13.00,14758.7,14259.3,1
20230921,8,13.01,14758.7,14249.9,1
20230921,8,13.02,14759.7,14249.0,1
20230921,8,13.04,14759.7,14249.0,1
20230921,8,13.05,14759.7,14240.3,1
20230921,8,13.17,14759.7,14206.6,1
20230921,8,13.23,14759.7,14176.6,1
20230921,8,13.39,14759.7,14175.4,1
20230921,8,13.49,14759.7,14055.4,1
20230921,8,13.50,14759.7,14055.2,1
20230921,8,13.51,14760.1,14052.8,1
20230921,8,13.82,14760.1,13997.8,1
20230921,8,14.00,14760.1,13997.3,1
20230921,8,14.02,14760.1,13945.3,1
20230921,8,14.22,14760.1,13862.3,1
20230921,8,14.30,14762.6,13862.1,1
20230921,8,14.49,14770.5,13862.1,1
20230921,8,14.53,14770.5,13862.1,1
20230921,8,14.67,14770.5,13372.1,1
20230921,8,14.95,14770.5,13362.1,1
20230921,8,15.00,14770.5,13361.3,1
20230921,8,15.01,14770.5,13360.9,1
20230921,8,15.05,14770.5,13360.0,1
20230921,8,15.07,14770.5,13355.4,1
20230921,8,15.50,14770.5,13354.0,1
20230921,8,15.51,14790.5,13352.6,1
20230921,8,15.68,14790.5,13352.6,1
20230921,8,16.00,14790.5,13352.5,1
20230921,8,16.50,14790.5,13342.4,1
20230921,8,17.00,14790.5,13341.5,1
20230921,8,17.17,14790.5,13321.5,1
20230921,8,17.38,14790.5,13315.3,1
20230921,8,17.50,14790.5,13285.3,1
20230921,8,17.51,14838.3,13275.2,1
20230921,8,17.53,14838.3,13275.2,1
20230921,8,17.68,14838.3,13245.2,1
20230921,8,17.84,14838.3,13214.2,1
20230921,8,17.99,14838.3,13184.2,1
20230921,8,18.10,14838.3,13154.2,1
20230921,8,18.14,14838.3,13152.6,1
20230921,8,18.29,14838.3,13122.6,1
20230921,8,18.30,14838.3,13092.6,1
20230921,8,18.45,14838.3,13092.5,1
20230921,8,18.78,14838.3,13062.5,1
20230921,8,18.81,14838.3,13026.7,1
20230921,8,19.00,14838.3,12970.7,1
20230921,8,19.28,14838.3,12842.6,1
20230921,8,20.00,14838.3,12841.4,1
20230921,8,20.05,14838.3,12832.8,1
20230921,8,20.50,14838.3,12790.6,1
20230921,8,20.68,14838.3,12788.3,1
20230921,8,21.12,14838.3,12787.8,1
20230921,8,22.28,14888.3,11397.8,1
20230921,8,22.43,14888.3,11397.8,1
20230921,8,22.94,14888.3,11396.0,1
20230921,8,23.00,14888.3,11395.1,1
20230921,8,23.05,14888.3,11394.4,1
20230921,8,25.00,14888.3,11393.2,1
20230921,8,25.57,14888.3,11392.8,1
20230921,8,26.62,14888.3,11391.7,1
20230921,8,26.83,14888.3,11391.1,1
20230921,8,27.00,14888.3,11386.8,1
20230921,8,27.01,14888.3,11377.2,1
20230921,8,29.10,14888.3,11365.3,1
20230921,8,30.00,14888.3,11364.9,1
20230921,8,30.56,14888.3,11353.5,1
20230921,8,32.00,14888.3,11352.6,1
20230921,8,35.00,14888.3,11302.1,1
20230921,8,36.00,14888.3,11300.2,1
20230921,8,38.71,14888.3,11289.4,1
20230921,8,39.98,14948.3,11224.5,1
20230921,8,40.00,14948.3,11224.5,1
20230921,8,40.50,14948.3,11221.8,1
20230921,8,41.41,14948.3,11221.7,1
20230921,8,42.55,14948.3,11208.7,1
20230921,8,44.50,14948.3,11168.7,1
20230921,8,45.00,14948.3,11168.5,1
20230921,8,45.12,14948.3,11159.3,1
20230921,8,50.00,14948.3,11159.0,1
20230921,8,50.01,14949.0,11103.8,1
20230921,8,60.00,14949.0,11103.8,1
20230921,8,61.00,14949.0,11084.8,1
20230921,8,62.00,14949.0,11083.4,1
20230921,8,67.94,14949.0,11066.5,1
20230921,8,77.80,14949.0,11060.1,1
20230921,8,79.90,14949.0,11041.2,1
20230921,8,79.98,14969.0,11040.9,1
20230921,8,80.00,14969.0,11040.9,1
20230921,8,80.01,14969.0,10993.5,1
20230921,8,80.10,14969.0,10973.4,1
20230921,8,80.20,14969.0,10964.0,1
20230921,8,80.21,14979.0,10956.0,1
20230921,8,82.01,14979.0,10956.0,1
20230921,8,85.00,14979.0,10948.0,1
20230921,8,90.00,14979.0,10946.0,1
20230921,8,99.90,14979.0,10937.9,1
20230921,8,100.00,14979.0,10937.8,1
20230921,8,100.01,14979.3,10839.4,1
20230921,8,101.00,14979.3,10839.4,1
20230921,8,102.00,14979.3,10800.0,1
20230921,8,120.10,14979.3,10770.2,1
20230921,8,138.00,14979.3,10765.2,1
20230921,8,190.00,14979.3,10679.7,1
20230921,8,200.00,14979.3,10679.6,1
20230921,8,200.01,14979.3,10187.5,1
20230921,8,200.10,14979.3,9659.2,1
20230921,8,200.50,14979.3,9657.8,1
20230921,8,201.00,14979.3,9657.4,1
20230921,8,210.00,14979.3,9637.8,1
20230921,8,250.00,14979.3,9577.6,1
20230921,8,300.00,14979.3,9576.5,1
20230921,8,548.66,14979.3,9564.5,1
20230921,8,550.02,14979.3,9520.7,1
20230921,8,999.00,14979.3,9417.6,1
20230921,8,999.99,14979.3,0.0,1
20230921,9,0.00,0.0,37865.9,0
20230921,9,0.00,10995.2,37865.9,0
20230921,9,0.01,28388.5,37865.9,0
20230921,9,0.02,28584.2,37863.8,0
20230921,9,0.03,28584.2,37851.4,0
20230921,9,0.04,28603.4,37826.6,0
20230921,9,0.09,28765.5,37826.6,0
20230921,9,0.10,28765.5,37826.6,0
20230921,9,0.20,28765.5,37706.5,0
20230921,9,0.30,28765.5,37631.5,0
20230921,9,0.62,28765.5,37627.5,0
20230921,9,1.00,29394.7,37547.5,0
20230921,9,1.01,29394.7,37386.6,0
20230921,9,1.12,29394.7,37356.6,0
20230921,9,1.34,29400.7,37326.6,0
20230921,9,1.78,29400.7,37326.6,0
20230921,9,1.79,29401.5,37320.6,0
20230921,9,2.00,29402.5,37320.6,0
20230921,9,2.01,29402.5,37320.6,0
20230921,9,2.02,29405.4,37280.6,0
20230921,9,2.10,29405.4,37280.6,0
20230921,9,2.12,29405.4,37274.6,0
20230921,9,2.15,29521.4,37214.6,0
20230921,9,2.59,29527.4,37214.6,0
20230921,9,2.72,29529.0,37214.6,0
20230921,9,3.00,29533.9,37214.6,0
20230921,9,3.01,29533.9,37154.5,0
20230921,9,3.12,29533.9,37104.5,0
20230921,9,3.84,29539.9,37014.5,0
20230921,9,4.00,29539.9,37014.5,0
20230921,9,4.01,29540.2,37013.0,0
20230921,9,4.03,29548.5,37013.0,0
20230921,9,4.65,29552.3,37013.0,0
20230921,9,5.00,29725.4,37013.0,0
20230921,9,5.01,29725.4,36734.8,0
20230921,9,5.04,29725.4,36664.8,0
20230921,9,5.09,29731.4,35964.8,0
20230921,9,5.12,29731.4,35964.8,0
20230921,9,5.43,29732.9,35904.8,0
20230921,9,5.50,29733.0,35904.8,0
20230921,9,6.00,29775.2,35904.8,0
20230921,9,6.01,29775.2,35841.2,0
20230921,9,6.02,29782.4,35839.2,0
20230921,9,6.04,29791.6,35839.2,0
20230921,9,6.26,29791.6,35839.2,0
20230921,9,6.34,29798.0,35831.6,0
20230921,9,6.50,29808.0,35831.6,0
20230921,9,6.94,29819.9,35831.6,0
20230921,9,7.00,29861.1,35831.6,0
20230921,9,7.01,29861.1,35831.5,0
20230921,9,7.12,29861.1,35720.9,0
20230921,9,7.47,29861.1,35660.9,0
20230921,9,7.50,29901.1,35544.9,0
20230921,9,7.59,29909.1,35544.9,0
20230921,9,7.90,29909.1,35544.9,0
20230921,9,8.00,29938.4,35537.6,0
20230921,9,8.02,29948.9,35443.9,0
20230921,9,8.05,29958.0,35443.9,0
20230921,9,8.14,29959.5,35443.9,0
20230921,9,8.50,29960.8,35443.9,0
20230921,9,8.59,29960.8,35433.9,0
20230921,9,8.84,29969.1,35432.9,0
20230921,9,9.00,29969.1,35432.9,0
20230921,9,9.09,29969.1,35426.2,0
20230921,9,9.23,29969.1,35269.2,0
20230921,9,9.24,29969.1,35122.2,0
20230921,9,9.50,29969.1,35112.2,0
20230921,9,9.59,29969.1,34965.2,0
20230921,9,9.60,29969.1,34935.2,0
20230921,9,9.66,29969.1,34881.2,0
20230921,9,9.67,29969.1,34712.8,0
20230921,9,9.79,29969.1,34691.6,0
20230921,9,9.80,29969.1,34685.6,0
20230921,9,9.81,29969.1,34635.6,0
20230921,9,9.82,29969.1,34585.6,0
20230921,9,9.97,29969.1,34525.6,0
20230921,9,10.00,30063.2,34505.6,0
20230921,9,10.01,30063.2,34414.8,0
20230921,9,10.05,30085.2,34404.8,0
20230921,9,10.06,30094.2,34404.8,0
20230921,9,10.09,30103.2,34404.8,0
20230921,9,10.17,30103.2,34404.8,0
20230921,9,10.19,30180.9,34374.8,0
20230921,9,10.20,30180.9,34297.3,0
20230921,9,10.21,30180.9,34173.3,0
20230921,9,10.22,30180.9,34141.3,0
20230921,9,10.23,30184.0,34091.3,0
20230921,9,10.30,30184.7,34041.3,0
20230921,9,10.38,30184.7,34041.3,0
20230921,9,10.39,30187.7,33917.3,0
20230921,9,10.46,30187.7,33917.3,0
20230921,9,10.51,30187.7,33793.3,0
20230921,9,10.56,30190.8,33669.3,0
20230921,9,10.72,30193.8,33669.3,0
20230921,9,10.85,30195.4,33669.3,0
20230921,9,10.86,30195.4,33669.3,0
20230921,9,10.89,30198.3,33619.3,0
20230921,9,10.92,30198.3,33619.1,0
20230921,9,10.94,30198.3,33569.1,0
20230921,9,10.99,30205.6,33555.7,0
20230921,9,11.00,30205.6,33555.7,0
20230921,9,11.19,30205.6,33436.0,0
20230921,9,11.20,30285.4,33413.2,0
20230921,9,11.24,30285.4,33413.2,0
20230921,9,11.34,30294.4,33393.2,0
20230921,9,11.40,30294.4,33393.2,0
20230921,9,11.50,30294.4,33242.2,0
20230921,9,11.53,30303.6,33191.6,0
20230921,9,11.59,30303.6,33189.4,0
20230921,9,11.61,30303.6,32959.4,0
20230921,9,11.62,30303.6,32794.4,0
20230921,9,11.67,30303.6,32773.5,0
20230921,9,11.75,30303.6,32422.5,0
20230921,9,11.80,30303.6,32222.5,0
20230921,9,11.83,30306.8,32222.4,0
20230921,9,11.84,30306.8,32222.4,0
20230921,9,11.91,30306.8,32022.4,0
20230921,9,11.95,30306.8,31822.4,0
20230921,9,11.97,30306.8,31821.7,0
20230921,9,11.98,30306.8,31801.7,0
20230921,9,12.00,30336.8,31580.7,0
20230921,9,12.01,30336.8,31577.0,0
20230921,9,12.05,30336.8,31562.0,0
20230921,9,12.15,30336.8,31362.0,0
20230921,9,12.21,30339.5,31162.0,0
20230921,9,12.23,30339.5,31162.0,0
20230921,9,12.26,30447.7,30962.0,0
20230921,9,12.36,30447.7,30962.0,0
20230921,9,12.37,30447.7,30762.0,0
20230921,9,12.44,30450.2,30556.3,0
20230921,9,12.50,30488.2,30556.3,0
20230921,9,12.64,30488.2,30556.2,0
20230921,9,12.66,30488.2,30555.9,0
20230921,9,12.68,30488.2,30497.9,0
20230921,9,12.71,30488.2,30489.4,0
20230921,9,12.85,30688.2,30476.4,0
20230921,9,12.90,30752.2,30457.0,0
20230921,9,12.98,30752.2,30457.0,0
20230921,9,13.00,30872.1,30452.8,0
20230921,9,13.01,30872.1,30442.9,0
20230921,9,13.02,30874.2,30442.0,0
20230921,9,13.04,30874.2,30442.0,0
20230921,9,13.05,30874.2,30433.0,0
20230921,9,13.16,30874.2,30399.3,0
20230921,9,13.18,30874.2,30351.0,0
20230921,9,13.20,30874.2,30350.9,0
20230921,9,13.24,30874.2,30350.8,0
20230921,9,13.36,30938.2,30320.8,0
20230921,9,13.39,30938.2,30320.8,0
20230921,9,13.50,30948.2,30220.8,0
20230921,9,13.51,30948.6,30218.4,0
20230921,9,13.56,30950.1,30218.4,0
20230921,9,13.59,30950.1,30218.4,0
20230921,9,13.68,30952.6,30163.4,0
20230921,9,13.84,30952.6,30163.4,0
20230921,9,13.95,30952.6,30162.5,0
20230921,9,13.97,30952.6,30154.7,0
20230921,9,14.00,30952.6,30104.7,0
20230921,9,14.01,30952.6,29944.2,0
20230921,9,14.02,30952.6,29919.2,0
20230921,9,14.10,30952.6,29836.2,0
20230921,9,14.25,30952.6,29835.6,0
20230921,9,14.30,30952.6,29822.5,0
20230921,9,14.32,30953.1,29821.1,0
20230921,9,14.38,30953.1,29821.1,0
20230921,9,14.50,30953.1,29820.9,0
20230921,9,14.53,30953.1,29820.3,0
20230921,9,14.55,30953.1,29370.3,0
20230921,9,14.58,30953.1,29369.6,0
20230921,9,14.67,30953.1,29369.3,0
20230921,9,14.77,30953.1,29359.3,0
20230921,9,14.83,30953.1,29359.1,0
20230921,9,14.99,30953.1,29358.8,0
20230921,9,15.00,30954.1,29358.7,0
20230921,9,15.01,30954.1,29252.1,0
20230921,9,15.07,30954.6,29251.2,0
20230921,9,15.09,30954.6,29251.2,0
20230921,9,15.17,31050.6,29245.9,0
20230921,9,15.20,31050.6,29241.3,0
20230921,9,15.22,31050.6,29241.2,0
20230921,9,15.40,31050.6,29226.1,0
20230921,9,15.41,31050.6,29226.0,0
20230921,9,15.44,31058.5,29200.0,0
20230921,9,15.50,31058.5,29200.0,0
20230921,9,15.54,31122.5,29199.8,0
20230921,9,15.58,31122.5,29199.8,0
20230921,9,15.59,31142.5,29199.2,0
20230921,9,15.60,31142.5,29199.2,0
20230921,9,15.65,31206.5,29199.1,0
20230921,9,15.67,31206.5,29199.1,0
20230921,9,15.80,31206.5,29108.1,0
20230921,9,15.83,31271.0,29102.5,0
20230921,9,15.90,31278.0,29102.5,0
20230921,9,15.91,31278.0,29102.5,0
20230921,9,15.98,31342.0,29102.3,0
20230921,9,16.00,31343.0,29102.3,0
20230921,9,16.05,31343.0,28994.8,0
20230921,9,16.10,31344.0,28986.6,0
20230921,9,16.12,31408.0,28986.6,0
20230921,9,16.13,31408.0,28986.6,0
20230921,9,16.20,31409.0,28985.4,0
20230921,9,16.23,31459.0,28985.4,0
20230921,9,16.27,31587.0,28985.4,0
20230921,9,16.29,31637.0,28985.4,0
20230921,9,16.30,31638.0,28985.4,0
20230921,9,16.34,31638.0,28985.4,0
20230921,9,16.40,31638.0,28982.4,0
20230921,9,16.47,31702.0,28976.6,0
20230921,9,16.50,31702.0,28976.6,0
20230921,9,16.57,31766.0,28975.5,0
20230921,9,16.59,31766.5,28975.5,0
20230921,9,16.63,31766.5,28975.5,0
20230921,9,16.66,31830.5,28975.3,0
20230921,9,16.71,31830.5,28975.3,0
20230921,9,16.85,31894.5,28974.5,0
20230921,9,16.94,31958.5,28974.5,0
20230921,9,16.99,31958.5,28974.5,0
20230921,9,17.00,31958.5,28974.4,0
20230921,9,17.03,32022.5,28830.7,0
20230921,9,17.16,32072.1,28830.7,0
20230921,9,17.18,32072.1,28830.7,0
20230921,9,17.25,32072.1,28814.5,0
20230921,9,17.32,32072.1,28814.0,0
20230921,9,17.34,32072.1,28762.0,0
20230921,9,17.35,32072.6,28755.4,0
20230921,9,17.38,32072.6,28755.4,0
20230921,9,17.45,32072.6,28725.4,0
20230921,9,17.50,32072.6,28725.2,0
20230921,9,17.53,32072.6,28725.1,0
20230921,9,17.58,32072.6,28695.1,0
20230921,9,17.59,32120.4,28685.1,0
20230921,9,17.63,32120.4,28682.1,0
20230921,9,17.65,32195.4,28680.1,0
20230921,9,17.68,32195.4,28680.1,0
20230921,9,17.76,32195.4,28650.1,0
20230921,9,17.84,32195.4,28573.1,0
20230921,9,17.96,32195.4,28543.1,0
20230921,9,17.97,32205.3,28532.0,0
20230921,9,17.99,32205.3,28532.0,0
20230921,9,18.00,32205.3,28502.0,0
20230921,9,18.01,32235.2,28501.0,0
20230921,9,18.03,32235.2,28501.0,0
20230921,9,18.08,32235.2,28500.9,0
20230921,9,18.12,32235.2,28487.7,0
20230921,9,18.14,32235.2,28481.5,0
20230921,9,18.16,32235.2,28451.5,0
20230921,9,18.20,32235.2,28407.5,0
20230921,9,18.29,32235.2,28406.5,0
20230921,9,18.30,32235.2,28376.5,0
20230921,9,18.43,32235.2,28376.4,0
20230921,9,18.44,32235.2,28376.2,0
20230921,9,18.45,32235.2,28118.2,0
20230921,9,18.62,32235.2,28088.2,0
20230921,9,18.81,32235.2,28078.4,0
20230921,9,18.84,32235.2,28021.4,0
20230921,9,18.90,32235.2,28020.3,0
20230921,9,19.00,32235.2,27985.6,0
20230921,9,19.06,32235.2,27837.1,0
20230921,9,19.10,32235.2,27832.6,0
20230921,9,19.15,32235.2,27830.9,0
20230921,9,19.28,32235.2,27631.9,0
20230921,9,19.48,32235.2,27536.9,0
20230921,9,19.71,32444.2,27468.0,0
20230921,9,19.98,32444.3,27468.0,0
20230921,9,20.00,32444.3,27468.0,0
20230921,9,20.11,32455.8,27412.4,0
20230921,9,20.17,32455.8,27412.4,0
20230921,9,20.23,32455.8,27370.1,0
20230921,9,20.27,32455.8,27369.9,0
20230921,9,20.40,32455.8,27368.0,0
20230921,9,20.50,32455.8,27366.6,0
20230921,9,20.60,32455.8,27365.0,0
20230921,9,21.00,32455.8,27364.5,0
20230921,9,21.03,32455.8,27364.4,0
20230921,9,21.12,32455.8,27363.2,0
20230921,9,21.50,32455.8,25973.2,0
20230921,9,21.71,32455.8,25970.0,0
20230921,9,21.93,32455.8,25962.2,0
20230921,9,22.04,32455.8,25957.8,0
20230921,9,22.28,32505.8,25957.6,0
20230921,9,22.94,32505.8,25957.6,0
20230921,9,23.00,32518.8,25956.7,0
20230921,9,23.03,32518.8,25955.8,0
20230921,9,23.84,32518.8,25955.7,0
20230921,9,24.09,32518.8,25954.8,0
20230921,9,24.79,32518.8,25953.6,0
20230921,9,25.00,32518.8,25949.2,0
20230921,9,26.13,32518.8,25948.6,0
20230921,9,26.71,32518.8,25947.5,0
20230921,9,26.98,32518.8,25943.0,0
20230921,9,27.00,32518.8,25942.4,0
20230921,9,27.01,32518.8,25903.7,0
20230921,9,27.15,32518.8,25891.8,0
20230921,9,27.50,32518.8,25887.4,0
20230921,9,27.66,32518.8,25883.0,0
20230921,9,27.82,32518.8,25878.8,0
20230921,9,29.10,32518.8,25552.8,0
20230921,9,29.97,32518.8,25552.4,0
20230921,9,30.00,32518.8,25546.5,0
20230921,9,30.36,32518.8,25519.2,0
20230921,9,30.56,32518.8,25506.6,0
20230921,9,32.00,32518.8,25505.7,0
20230921,9,32.70,32519.7,25383.4,0
20230921,9,33.03,32519.7,25383.4,0
20230921,9,34.00,32519.7,25383.2,0
20230921,9,35.00,32519.7,25368.4,0
20230921,9,35.76,32519.7,25346.9,0
20230921,9,36.00,32519.7,25345.0,0
20230921,9,36.88,32519.7,25334.0,0
20230921,9,38.50,32519.7,25315.9,0
20230921,9,39.98,32579.7,25315.8,0
20230921,9,40.00,32579.7,25315.8,0
20230921,9,40.01,32579.7,25222.9,0
20230921,9,41.13,32579.7,25222.8,0
20230921,9,42.48,32579.7,25205.2,0
20230921,9,42.50,32579.7,25194.2,0
20230921,9,42.55,32579.7,25194.0,0
20230921,9,45.00,32579.7,25153.9,0
20230921,9,45.01,32579.7,25103.5,0
20230921,9,45.12,32579.7,25103.4,0
20230921,9,50.00,32579.7,25103.1,0
20230921,9,50.01,32580.8,25042.4,0
20230921,9,50.12,32580.8,25042.4,0
20230921,9,50.90,32580.8,25041.4,0
20230921,9,60.00,32580.8,25040.6,0
20230921,9,61.00,32580.8,24987.7,0
20230921,9,62.00,32580.8,24977.4,0
20230921,9,67.94,32580.8,24940.2,0
20230921,9,70.00,32580.8,24912.9,0
20230921,9,77.80,32580.8,24835.0,0
20230921,9,79.90,32580.8,24808.2,0
20230921,9,79.98,32600.8,24807.5,0
20230921,9,80.00,32600.8,24807.5,0
20230921,9,80.01,32600.8,24513.8,0
20230921,9,80.02,32600.8,24310.8,0
20230921,9,80.10,32600.8,24305.8,0
20230921,9,80.20,32600.8,24296.2,0
20230921,9,80.21,32620.7,24288.1,0
20230921,9,80.50,32620.7,24288.1,0
20230921,9,81.00,32620.7,24287.9,0
20230921,9,82.01,32620.7,24255.6,0
20230921,9,85.00,32620.7,24202.7,0
20230921,9,90.00,32620.7,24191.5,0
20230921,9,99.90,32620.7,24167.9,0
20230921,9,100.00,32620.7,24167.5,0
20230921,9,100.01,32632.2,22661.6,0
20230921,9,101.00,32632.2,22661.6,0
20230921,9,102.00,32632.2,22515.7,0
20230921,9,105.00,32632.2,22454.1,0
20230921,9,120.10,32632.2,22454.0,0
20230921,9,130.00,32632.2,22416.9,0
20230921,9,138.00,32632.2,22413.5,0
20230921,9,150.00,32632.2,22326.9,0
20230921,9,190.00,32632.2,22324.5,0
20230921,9,200.00,32632.2,22323.8,0
20230921,9,200.01,32632.2,21049.2,0
20230921,9,200.10,32632.2,19688.0,0
20230921,9,200.50,32632.2,19660.0,0
20230921,9,200.98,32632.2,19654.7,0
20230921,9,200.99,32632.2,19654.6,0
20230921,9,201.00,32632.2,19654.5,0
20230921,9,210.00,32632.2,19585.0,0
20230921,9,250.00,32632.2,19398.4,0
20230921,9,300.00,32632.2,19224.7,0
20230921,9,500.00,32632.2,18700.8,0
20230921,9,548.66,32632.2,18698.8,0
20230921,9,550.02,32632.2,18648.4,0
20230921,9,999.00,32632.2,18443.2,0
20230921,9,999.99,32632.2,0.0,0
20230921,10,0.00,0.0,37611.1,0
20230921,10,0.00,10999.5,37611.1,0
20230921,10,0.01,28490.2,37611.1,0
20230921,10,0.02,28686.0,37609.0,0
20230921,10,0.03,28686.0,37596.6,0
20230921,10,0.04,28704.4,37571.6,0
20230921,10,0.10,28704.4,37571.6,0
20230921,10,0.16,28946.9,37451.5,0
20230921,10,0.20,28946.9,37451.5,0
20230921,10,0.30,28946.9,37376.5,0
20230921,10,0.62,28946.9,37372.5,0
20230921,10,1.00,29573.7,37292.5,0
20230921,10,1.01,29573.7,37130.4,0
20230921,10,1.12,29573.7,37100.4,0
20230921,10,1.41,29580.7,37070.4,0
20230921,10,2.00,29581.6,37070.4,0
20230921,10,2.01,29587.0,37070.4,0
20230921,10,2.10,29587.0,37030.4,0
20230921,10,2.12,29587.0,37024.4,0
20230921,10,2.15,29703.0,36964.4,0
20230921,10,2.66,29710.0,36964.4,0
20230921,10,2.70,29711.6,36964.4,0
20230921,10,3.00,29715.7,36964.4,0
20230921,10,3.01,29715.7,36904.3,0
20230921,10,3.12,29715.7,36854.3,0
20230921,10,3.91,29722.7,36764.3,0
20230921,10,4.00,29731.8,36764.3,0
20230921,10,4.01,29732.9,36756.8,0
20230921,10,4.65,29737.4,36756.8,0
20230921,10,5.00,29910.6,36756.8,0
20230921,10,5.01,29910.6,36477.2,0
20230921,10,5.04,29910.6,36407.2,0
20230921,10,5.12,29910.6,35707.2,0
20230921,10,5.16,29917.6,35647.2,0
20230921,10,5.39,29919.1,35647.2,0
20230921,10,5.50,29919.2,35647.2,0
20230921,10,6.00,29970.4,35647.2,0
20230921,10,6.01,29970.4,35583.7,0
20230921,10,6.02,29977.6,35581.6,0
20230921,10,6.26,29977.6,35581.6,0
20230921,10,6.41,29984.6,35574.0,0
20230921,10,6.50,29994.6,35574.0,0
20230921,10,6.94,30006.5,35574.0,0
20230921,10,7.00,30047.7,35574.0,0
20230921,10,7.01,30047.7,35573.9,0
20230921,10,7.12,30047.7,35464.3,0
20230921,10,7.47,30047.7,35404.3,0
20230921,10,7.50,30087.7,35288.3,0
20230921,10,7.66,30095.7,35288.3,0
20230921,10,7.90,30095.7,35288.3,0
20230921,10,8.00,30134.1,35281.0,0
20230921,10,8.02,30144.7,35187.1,0
20230921,10,8.08,30146.2,35187.1,0
20230921,10,8.43,30146.2,35187.1,0
20230921,10,8.50,30147.5,35177.1,0
20230921,10,8.59,30147.5,35167.1,0
20230921,10,8.74,30147.5,35166.1,0
20230921,10,8.91,30155.7,35136.1,0
20230921,10,9.00,30155.7,35136.1,0
20230921,10,9.09,30155.7,35129.3,0
20230921,10,9.23,30155.7,34972.3,0
20230921,10,9.50,30155.7,34825.3,0
20230921,10,9.59,30155.7,34678.3,0
20230921,10,9.60,30155.7,34668.3,0
20230921,10,9.61,30155.7,34613.3,0
20230921,10,9.66,30155.7,34593.3,0
20230921,10,9.79,30155.7,34425.7,0
20230921,10,9.80,30155.7,34419.7,0
20230921,10,9.81,30155.7,34369.7,0
20230921,10,9.82,30155.7,34319.7,0
20230921,10,9.93,30163.0,34259.7,0
20230921,10,9.99,30172.0,34259.7,0
20230921,10,10.00,30265.5,34259.7,0
20230921,10,10.05,30287.1,34168.6,0
20230921,10,10.12,30287.7,34168.6,0
20230921,10,10.16,30296.7,34168.6,0
20230921,10,10.17,30299.2,34168.6,0
20230921,10,10.19,30373.2,34138.6,0
20230921,10,10.20,30373.2,34057.4,0
20230921,10,10.21,30373.2,33933.4,0
20230921,10,10.22,30373.2,33901.4,0
20230921,10,10.23,30373.2,33851.4,0
20230921,10,10.25,30373.8,33801.4,0
20230921,10,10.30,30374.5,33801.4,0
20230921,10,10.36,30376.9,33801.4,0
20230921,10,10.37,30377.5,33801.4,0
20230921,10,10.38,30377.5,33801.4,0
20230921,10,10.43,30377.5,33677.4,0
20230921,10,10.46,30377.5,33644.0,0
20230921,10,10.50,30378.1,33520.0,0
20230921,10,10.51,30378.1,33520.0,0
20230921,10,10.54,30380.6,33396.0,0
20230921,10,10.63,30381.2,33396.0,0
20230921,10,10.72,30383.6,33396.0,0
20230921,10,10.74,30383.6,33396.0,0
20230921,10,10.75,30383.6,33366.0,0
20230921,10,10.77,30385.2,33316.0,0
20230921,10,10.78,30385.2,33316.0,0
20230921,10,10.90,30387.5,33266.0,0
20230921,10,10.99,30387.5,33265.5,0
20230921,10,11.00,30387.5,33265.3,0
20230921,10,11.19,30387.5,33145.6,0
20230921,10,11.20,30465.2,33120.7,0
20230921,10,11.40,30465.2,33120.1,0
20230921,10,11.41,30474.2,32969.1,0
20230921,10,11.50,30474.2,32969.1,0
20230921,10,11.53,30483.4,32918.3,0
20230921,10,11.56,30491.3,32918.3,0
20230921,10,11.57,30491.3,32918.3,0
20230921,10,11.59,30491.3,32918.1,0
20230921,10,11.61,30491.3,32903.1,0
20230921,10,11.64,30491.3,32718.1,0
20230921,10,11.66,30491.3,32697.3,0
20230921,10,11.67,30491.3,32497.3,0
20230921,10,11.75,30491.3,32346.3,0
20230921,10,11.78,30491.3,32146.3,0
20230921,10,11.80,30491.3,32144.1,0
20230921,10,11.83,30494.5,32142.8,0
20230921,10,11.89,30494.5,31942.8,0
20230921,10,11.95,30494.5,31742.8,0
20230921,10,11.96,30494.5,31742.1,0
20230921,10,11.98,30494.5,31542.1,0
20230921,10,12.00,30524.5,31521.1,0
20230921,10,12.03,30524.5,31517.4,0
20230921,10,12.12,30524.5,31317.4,0
20230921,10,12.16,30524.5,31117.4,0
20230921,10,12.19,30524.5,31117.2,0
20230921,10,12.21,30527.1,30909.9,0
20230921,10,12.22,30527.1,30909.9,0
20230921,10,12.26,30577.5,30709.9,0
20230921,10,12.33,30577.5,30709.9,0
20230921,10,12.43,30577.5,30509.9,0
20230921,10,12.49,30577.5,30479.9,0
20230921,10,12.50,30615.5,30279.9,0
20230921,10,12.63,30615.5,30279.8,0
20230921,10,12.66,30615.5,30266.8,0
20230921,10,12.74,30615.5,30208.8,0
20230921,10,12.83,30615.5,30153.6,0
20230921,10,12.85,30615.5,30140.5,0
20230921,10,12.94,30615.5,30120.8,0
20230921,10,13.00,30734.4,30116.5,0
20230921,10,13.01,30734.4,30106.6,0
20230921,10,13.02,30874.5,30105.7,0
20230921,10,13.04,30874.5,30098.8,0
20230921,10,13.05,30874.5,30081.4,0
20230921,10,13.08,30877.0,30047.7,0
20230921,10,13.18,30877.0,30047.7,0
20230921,10,13.20,30877.0,30047.6,0
20230921,10,13.21,30877.0,29999.3,0
20230921,10,13.32,30877.0,29992.1,0
20230921,10,13.39,30934.8,29991.8,0
20230921,10,13.46,30936.3,29991.8,0
20230921,10,13.50,30946.3,29991.8,0
20230921,10,13.51,30946.7,29989.4,0
20230921,10,13.59,30946.7,29989.4,0
20230921,10,13.61,30946.7,29964.4,0
20230921,10,13.91,30946.7,29914.4,0
20230921,10,13.95,30946.7,29912.6,0
20230921,10,14.00,30946.7,29904.6,0
20230921,10,14.02,30946.7,29744.1,0
20230921,10,14.10,30946.7,29661.1,0
20230921,10,14.24,30947.2,29660.5,0
20230921,10,14.30,30947.2,29660.5,0
20230921,10,14.39,30949.7,29659.1,0
20230921,10,14.41,30949.7,29659.1,0
20230921,10,14.45,30949.7,29658.9,0
20230921,10,14.50,30949.7,29657.8,0
20230921,10,14.53,30949.7,29656.3,0
20230921,10,14.55,30949.7,29306.3,0
20230921,10,14.67,30949.7,29305.6,0
20230921,10,14.74,30969.7,29295.6,0
20230921,10,14.83,30969.7,29295.6,0
20230921,10,14.99,30969.7,29295.5,0
20230921,10,15.00,30973.7,29295.4,0
20230921,10,15.01,30973.7,29288.7,0
20230921,10,15.02,30974.2,29283.0,0
20230921,10,15.16,30974.2,29283.0,0
20230921,10,15.17,31070.2,29277.7,0
20230921,10,15.20,31070.2,29277.7,0
20230921,10,15.22,31070.2,29277.6,0
20230921,10,15.39,31070.2,29262.3,0
20230921,10,15.41,31070.2,29262.2,0
20230921,10,15.50,31070.2,29236.2,0
20230921,10,15.57,31134.2,29235.9,0
20230921,10,15.58,31134.2,29235.9,0
20230921,10,15.67,31134.2,29235.3,0
20230921,10,15.72,31198.2,29214.3,0
20230921,10,15.77,31198.2,29214.3,0
20230921,10,15.79,31198.7,29209.8,0
20230921,10,15.80,31198.7,29209.8,0
20230921,10,15.81,31198.7,29209.5,0
20230921,10,15.83,31262.7,29209.1,0
20230921,10,15.90,31270.7,29209.1,0
20230921,10,15.91,31270.7,29209.1,0
20230921,10,15.95,31320.7,29208.9,0
20230921,10,15.98,31384.7,29208.9,0
20230921,10,16.00,31385.7,29208.9,0
20230921,10,16.05,31385.7,29098.7,0
20230921,10,16.06,31435.7,29090.5,0
20230921,10,16.10,31436.7,29090.5,0
20230921,10,16.12,31500.7,29090.5,0
20230921,10,16.20,31501.7,29090.5,0
20230921,10,16.27,31565.7,29090.5,0
20230921,10,16.30,31566.7,29090.5,0
20230921,10,16.37,31630.7,29090.5,0
20230921,10,16.40,31630.7,29090.5,0
20230921,10,16.41,31630.7,29084.7,0
20230921,10,16.47,31694.7,29081.7,0
20230921,10,16.50,31694.7,29081.7,0
20230921,10,16.57,31759.2,29080.1,0
20230921,10,16.65,31759.2,29080.1,0
20230921,10,16.73,31759.2,29079.8,0
20230921,10,16.74,31807.0,29069.8,0
20230921,10,16.75,31871.0,29069.0,0
20230921,10,16.85,31935.0,29069.0,0
20230921,10,16.94,31999.0,29069.0,0
20230921,10,16.99,31999.0,29069.0,0
20230921,10,17.00,31999.0,29068.9,0
20230921,10,17.08,32063.0,29048.9,0
20230921,10,17.16,32085.7,29048.9,0
20230921,10,17.18,32085.7,29048.9,0
20230921,10,17.25,32085.7,29032.7,0
20230921,10,17.32,32085.7,29032.2,0
20230921,10,17.35,32086.2,28980.2,0
20230921,10,17.38,32086.2,28980.2,0
20230921,10,17.45,32086.2,28950.2,0
20230921,10,17.50,32086.2,28950.0,0
20230921,10,17.53,32086.2,28949.1,0
20230921,10,17.59,32116.1,28919.1,0
20230921,10,17.60,32116.1,28919.1,0
20230921,10,17.61,32126.0,28909.1,0
20230921,10,17.63,32126.0,28909.1,0
20230921,10,17.65,32201.0,28907.1,0
20230921,10,17.66,32201.0,28907.1,0
20230921,10,17.68,32201.0,28904.1,0
20230921,10,17.84,32201.0,28874.1,0
20230921,10,17.99,32201.0,28844.1,0
20230921,10,18.00,32201.0,28814.1,0
20230921,10,18.03,32201.0,28813.9,0
20230921,10,18.11,32201.0,28813.8,0
20230921,10,18.14,32201.0,28812.8,0
20230921,10,18.20,32201.0,28782.8,0
20230921,10,18.29,32201.0,28769.4,0
20230921,10,18.30,32201.0,28739.4,0
20230921,10,18.45,32201.0,28739.3,0
20230921,10,18.62,32201.0,28709.3,0
20230921,10,18.64,32201.0,28699.5,0
20230921,10,18.81,32201.0,28693.3,0
20230921,10,18.86,32201.0,28636.3,0
20230921,10,18.91,32201.0,28635.1,0
20230921,10,19.00,32201.0,28633.9,0
20230921,10,19.10,32201.0,28485.4,0
20230921,10,19.43,32201.0,28483.7,0
20230921,10,19.54,32201.0,28449.6,0
20230921,10,19.62,32201.1,28380.9,0
20230921,10,19.71,32410.1,28380.9,0
20230921,10,20.00,32410.1,28380.9,0
20230921,10,20.01,32410.1,28333.3,0
20230921,10,20.02,32410.1,28290.9,0
20230921,10,20.11,32421.6,28286.5,0
20230921,10,20.27,32421.6,28286.5,0
20230921,10,20.39,32421.6,28284.8,0
20230921,10,20.50,32421.6,28283.4,0
20230921,10,20.87,32421.6,28281.3,0
20230921,10,21.00,32421.6,28279.4,0
20230921,10,21.12,32421.6,28279.3,0
20230921,10,21.65,32421.6,26889.3,0
20230921,10,21.74,32421.6,26885.9,0
20230921,10,22.28,32471.6,26878.2,0
20230921,10,22.47,32471.6,26878.2,0
20230921,10,22.94,32471.6,26737.2,0
20230921,10,23.00,32484.6,26736.6,0
20230921,10,23.03,32484.6,26735.6,0
20230921,10,23.26,32484.6,26735.5,0
20230921,10,23.62,32484.6,26734.3,0
20230921,10,24.28,32484.6,26433.3,0
20230921,10,25.00,32484.6,26428.9,0
20230921,10,26.20,32484.6,26428.3,0
20230921,10,27.00,32484.6,26427.1,0
20230921,10,27.01,32484.6,26388.3,0
20230921,10,27.12,32484.6,26376.4,0
20230921,10,27.43,32484.6,26371.9,0
20230921,10,27.67,32484.6,26371.2,0
20230921,10,28.30,32484.6,26366.5,0
20230921,10,28.54,32484.6,26362.1,0
20230921,10,28.61,32484.6,26360.1,0
20230921,10,28.75,32484.6,26102.1,0
20230921,10,29.10,32484.6,25974.1,0
20230921,10,29.97,32484.6,25973.7,0
20230921,10,30.00,32484.6,25966.3,0
20230921,10,30.36,32484.6,25939.0,0
20230921,10,30.56,32484.6,25926.5,0
20230921,10,32.00,32484.6,25925.6,0
20230921,10,32.70,32485.5,25801.0,0
20230921,10,33.03,32485.5,25801.0,0
20230921,10,34.00,32485.5,25800.8,0
20230921,10,35.00,32485.5,25785.3,0
20230921,10,36.00,32485.5,25763.5,0
20230921,10,36.84,32485.5,25752.4,0
20230921,10,38.50,32485.5,25733.9,0
20230921,10,39.98,32545.5,25733.8,0
20230921,10,40.00,32545.5,25733.8,0
20230921,10,40.01,32545.5,25705.1,0
20230921,10,41.45,32545.5,25705.0,0
20230921,10,41.87,32545.5,25687.0,0
20230921,10,42.50,32545.5,25582.9,0
20230921,10,42.81,32545.5,25582.6,0
20230921,10,45.00,32545.5,25571.4,0
20230921,10,45.01,32545.5,25521.8,0
20230921,10,45.12,32545.5,25521.7,0
20230921,10,50.00,32545.5,25521.4,0
20230921,10,50.01,32546.6,25460.2,0
20230921,10,50.12,32546.6,25460.2,0
20230921,10,50.90,32546.6,25459.1,0
20230921,10,60.00,32546.6,25458.4,0
20230921,10,61.00,32546.6,25405.2,0
20230921,10,62.00,32546.6,25394.6,0
20230921,10,67.94,32546.6,25357.1,0
20230921,10,70.00,32546.6,25327.9,0
20230921,10,77.80,32546.6,25249.7,0
20230921,10,79.90,32546.6,25221.8,0
20230921,10,79.98,32566.6,25221.1,0
20230921,10,80.00,32566.6,25221.1,0
20230921,10,80.01,32566.6,24925.1,0
20230921,10,80.02,32566.6,24717.8,0
20230921,10,80.10,32566.6,24712.8,0
20230921,10,80.20,32566.6,24703.0,0
20230921,10,80.21,32586.5,24694.9,0
20230921,10,80.50,32586.5,24694.9,0
20230921,10,81.00,32586.5,24694.7,0
20230921,10,82.01,32586.5,24661.4,0
20230921,10,85.00,32586.5,24607.9,0
20230921,10,90.00,32586.5,24596.8,0
20230921,10,99.90,32586.5,24573.9,0
20230921,10,100.00,32586.5,24573.6,0
20230921,10,100.01,32598.0,23063.2,0
20230921,10,101.00,32598.0,23063.2,0
20230921,10,102.00,32598.0,22917.3,0
20230921,10,105.00,32598.0,22868.6,0
20230921,10,120.10,32598.0,22868.5,0
20230921,10,130.00,32598.0,22831.3,0
20230921,10,138.00,32598.0,22827.9,0
20230921,10,150.00,32598.0,22739.4,0
20230921,10,190.00,32598.0,22737.0,0
20230921,10,200.00,32598.0,22736.3,0
20230921,10,200.01,32598.0,21456.4,0
20230921,10,200.10,32598.0,20155.6,0
20230921,10,200.50,32598.0,20127.9,0
20230921,10,200.98,32598.0,20122.6,0
20230921,10,200.99,32598.0,20122.5,0
20230921,10,201.00,32598.0,20122.4,0
20230921,10,210.00,32598.0,20052.5,0
20230921,10,250.00,32598.0,19865.5,0
20230921,10,300.00,32598.0,19691.2,0
20230921,10,500.00,32598.0,19167.4,0
20230921,10,548.66,32598.0,19165.4,0
20230921,10,550.02,32598.0,19115.0,0
20230921,10,999.00,32598.0,18909.8,0
20230921,10,999.99,32598.0,0.0,0
20230921,11,0.00,0.0,37987.2,0
20230921,11,0.00,11016.4,37987.2,0
20230921,11,0.01,28463.5,37987.2,0
20230921,11,0.02,28687.4,37985.0,0
20230921,11,0.03,28687.4,37972.6,0
20230921,11,0.04,28704.9,37947.2,0
20230921,11,0.10,28704.9,37947.2,0
20230921,11,0.20,28704.9,37827.1,0
20230921,11,0.30,28704.9,37752.1,0
20230921,11,0.59,28951.9,37748.1,0
20230921,11,0.62,28951.9,37748.1,0
20230921,11,1.00,29575.6,37668.1,0
20230921,11,1.01,29575.6,37503.0,0
20230921,11,1.12,29575.6,37473.0,0
20230921,11,2.00,29576.3,37443.0,0
20230921,11,2.01,29576.3,37443.0,0
20230921,11,2.03,29578.1,37403.0,0
20230921,11,2.09,29585.1,37403.0,0
20230921,11,2.10,29585.1,37403.0,0
20230921,11,2.12,29585.1,37397.0,0
20230921,11,2.15,29701.9,37337.0,0
20230921,11,2.21,29706.9,37337.0,0
20230921,11,2.35,29708.5,37337.0,0
20230921,11,3.00,29712.1,37337.0,0
20230921,11,3.01,29712.1,37276.9,0
20230921,11,3.10,29712.1,37226.9,0
20230921,11,3.12,29712.1,37181.9,0
20230921,11,3.59,29719.1,37091.9,0
20230921,11,4.04,29720.9,37091.9,0
20230921,11,4.41,29728.2,37091.9,0
20230921,11,4.65,29733.2,37091.9,0
20230921,11,4.70,29734.7,37091.9,0
20230921,11,5.00,29906.8,37091.9,0
20230921,11,5.01,29906.8,36810.7,0
20230921,11,5.04,29906.8,36740.7,0
20230921,11,5.09,29913.8,36040.7,0
20230921,11,5.11,29913.8,36040.7,0
20230921,11,5.12,29914.9,36032.8,0
20230921,11,5.50,29915.0,35972.8,0
20230921,11,6.00,29956.1,35972.8,0
20230921,11,6.01,29956.1,35908.5,0
20230921,11,6.02,29963.5,35906.3,0
20230921,11,6.06,29965.4,35906.3,0
20230921,11,6.26,29965.4,35906.3,0
20230921,11,6.50,29975.4,35898.7,0
20230921,11,6.59,29983.4,35898.7,0
20230921,11,6.60,29990.7,35898.7,0
20230921,11,6.94,30002.4,35898.7,0
20230921,11,7.00,30042.7,35898.7,0
20230921,11,7.01,30042.7,35898.6,0
20230921,11,7.04,30044.2,35786.8,0
20230921,11,7.12,30044.2,35786.8,0
20230921,11,7.47,30044.2,35726.8,0
20230921,11,7.50,30078.8,35610.8,0
20230921,11,7.90,30078.8,35610.8,0
20230921,11,8.00,30107.9,35603.3,0
20230921,11,8.02,30118.8,35508.6,0
20230921,11,8.08,30120.6,35508.6,0
20230921,11,8.09,30128.6,35508.6,0
20230921,11,8.50,30129.9,35508.6,0
20230921,11,8.59,30129.9,35498.6,0
20230921,11,8.80,30137.2,35497.6,0
20230921,11,9.00,30137.2,35497.6,0
20230921,11,9.09,30137.2,35490.7,0
20230921,11,9.23,30137.2,35333.7,0
20230921,11,9.36,30137.2,35186.7,0
20230921,11,9.39,30138.8,35039.7,0
20230921,11,9.50,30138.8,35039.7,0
20230921,11,9.59,30147.8,34892.7,0
20230921,11,9.60,30147.8,34882.7,0
20230921,11,9.66,30147.8,34826.7,0
20230921,11,9.67,30147.8,34679.7,0
20230921,11,9.70,30147.8,34666.2,0
20230921,11,9.79,30147.8,34636.2,0
20230921,11,9.80,30147.8,34631.0,0
20230921,11,9.81,30147.8,34581.0,0
20230921,11,9.82,30147.8,34531.0,0
20230921,11,10.00,30238.0,34471.0,0
20230921,11,10.05,30259.0,34380.0,0
20230921,11,10.09,30260.8,34380.0,0
20230921,11,10.17,30260.8,34380.0,0
20230921,11,10.20,30260.8,34350.0,0
20230921,11,10.21,30260.8,34226.0,0
20230921,11,10.22,30260.8,34194.0,0
20230921,11,10.23,30260.8,34144.0,0
20230921,11,10.27,30261.4,34094.0,0
20230921,11,10.30,30262.0,34094.0,0
20230921,11,10.31,30269.2,34094.0,0
20230921,11,10.33,30269.2,34094.0,0
20230921,11,10.38,30269.2,34074.0,0
20230921,11,10.46,30269.8,33950.0,0
20230921,11,10.51,30269.8,33826.0,0
20230921,11,10.64,30270.4,33702.0,0
20230921,11,10.65,30270.4,33702.0,0
20230921,11,10.75,30270.4,33692.0,0
20230921,11,10.78,30270.4,33642.0,0
20230921,11,10.82,30271.0,33592.0,0
20230921,11,11.00,30290.9,33592.0,0
20230921,11,11.09,30299.9,33471.9,0
20230921,11,11.19,30299.9,33471.9,0
20230921,11,11.20,30351.1,33335.7,0
20230921,11,11.33,30351.1,33335.7,0
20230921,11,11.40,30351.1,33335.4,0
20230921,11,11.50,30351.1,33184.4,0
20230921,11,11.53,30360.7,33134.1,0
20230921,11,11.59,30360.7,33134.1,0
20230921,11,11.61,30360.7,33114.1,0
20230921,11,11.64,30360.7,32949.1,0
20230921,11,11.67,30360.7,32927.8,0
20230921,11,11.69,30360.7,32776.6,0
20230921,11,11.70,30360.7,32576.6,0
20230921,11,11.72,30360.7,32546.6,0
20230921,11,11.73,30362.2,32546.3,0
20230921,11,11.77,30362.2,32546.3,0
20230921,11,11.78,30362.2,32346.3,0
20230921,11,11.80,30362.2,32344.1,0
20230921,11,11.81,30362.2,32344.0,0
20230921,11,11.83,30365.5,32343.7,0
20230921,11,11.86,30365.5,32343.7,0
20230921,11,11.91,30365.5,32143.7,0
20230921,11,11.95,30366.0,31943.7,0
20230921,11,11.98,30366.0,31943.0,0
20230921,11,12.00,30396.0,31743.0,0
20230921,11,12.06,30396.0,31738.6,0
20230921,11,12.10,30396.0,31538.6,0
20230921,11,12.15,30396.0,31538.3,0
20230921,11,12.18,30396.5,31338.3,0
20230921,11,12.21,30399.2,31338.3,0
20230921,11,12.23,30399.2,31338.3,0
20230921,11,12.26,30449.6,31138.3,0
20230921,11,12.31,30449.6,31138.3,0
20230921,11,12.33,30449.6,31138.1,0
20230921,11,12.35,30449.6,31118.1,0
20230921,11,12.36,30449.6,30918.1,0
20230921,11,12.37,30449.6,30913.5,0
20230921,11,12.39,30449.6,30700.8,0
20230921,11,12.40,30450.1,30700.5,0
20230921,11,12.50,30488.1,30700.5,0
20230921,11,12.51,30488.1,30700.4,0
20230921,11,12.63,30488.6,30500.4,0
20230921,11,12.65,30488.6,30500.4,0
20230921,11,12.66,30488.6,30485.4,0
20230921,11,12.67,30488.6,30427.4,0
20230921,11,12.85,30489.1,30426.7,0
20230921,11,12.86,30489.1,30392.9,0
20230921,11,12.89,30489.1,30383.6,0
20230921,11,13.00,30613.5,30383.4,0
20230921,11,13.01,30613.5,30373.4,0
20230921,11,13.02,30767.6,30322.7,0
20230921,11,13.03,30767.6,30322.7,0
20230921,11,13.04,30767.6,30314.0,0
20230921,11,13.05,30797.6,30310.9,0
20230921,11,13.09,30797.6,30310.9,0
20230921,11,13.18,30797.6,30297.8,0
20230921,11,13.20,30797.6,30297.7,0
20230921,11,13.32,30797.6,30297.6,0
20230921,11,13.39,30855.4,30289.3,0
20230921,11,13.47,30855.4,30289.3,0
20230921,11,13.50,30865.4,30289.1,0
20230921,11,13.51,30865.8,30286.7,0
20230921,11,13.56,30865.8,30286.7,0
20230921,11,13.59,30865.8,30279.5,0
20230921,11,13.70,30865.8,30249.5,0
20230921,11,13.95,30865.8,30194.5,0
20230921,11,14.00,30865.8,30186.1,0
20230921,11,14.02,30865.8,30025.4,0
20230921,11,14.06,30865.8,29942.4,0
20230921,11,14.09,30865.8,29942.2,0
20230921,11,14.10,30865.8,29941.3,0
20230921,11,14.30,30868.3,29940.7,0
20230921,11,14.33,30868.3,29939.3,0
20230921,11,14.50,30868.3,29889.3,0
20230921,11,14.53,30868.3,29888.6,0
20230921,11,14.55,30868.3,29538.6,0
20230921,11,14.64,30868.3,29538.0,0
20230921,11,14.65,30868.3,29537.1,0
20230921,11,14.67,30868.3,29512.1,0
20230921,11,14.70,30868.3,29502.1,0
20230921,11,14.83,30868.3,29501.6,0
20230921,11,14.91,30868.3,29501.5,0
20230921,11,14.99,30868.3,29496.9,0
20230921,11,15.00,30872.3,29496.8,0
20230921,11,15.01,30872.3,29489.8,0
20230921,11,15.11,30872.3,29488.8,0
20230921,11,15.13,30872.3,29488.7,0
20230921,11,15.17,30968.3,29488.5,0
20230921,11,15.20,30968.3,29488.5,0
20230921,11,15.22,30968.3,29488.3,0
20230921,11,15.27,30968.3,29474.8,0
20230921,11,15.45,30968.3,29474.2,0
20230921,11,15.50,30976.2,29436.2,0
20230921,11,15.58,30976.2,29436.0,0
20230921,11,15.59,30976.2,29435.3,0
20230921,11,15.65,31040.2,29429.8,0
20230921,11,15.67,31040.2,29429.8,0
20230921,11,15.70,31060.2,29408.8,0
20230921,11,15.80,31060.2,29408.8,0
20230921,11,15.83,31124.2,29408.5,0
20230921,11,15.90,31132.2,29408.5,0
20230921,11,15.91,31132.2,29408.5,0
20230921,11,15.95,31182.2,29408.3,0
20230921,11,15.98,31246.2,29408.3,0
20230921,11,16.00,31247.2,29408.3,0
20230921,11,16.03,31247.2,29290.8,0
20230921,11,16.05,31247.2,29269.8,0
20230921,11,16.06,31297.2,29261.6,0
20230921,11,16.08,31297.2,29261.6,0
20230921,11,16.10,31298.2,29257.1,0
20230921,11,16.12,31362.2,29257.1,0
20230921,11,16.14,31362.2,29257.1,0
20230921,11,16.20,31363.2,29254.8,0
20230921,11,16.27,31491.2,29254.8,0
20230921,11,16.30,31492.2,29254.8,0
20230921,11,16.40,31492.2,29254.8,0
20230921,11,16.47,31556.2,29248.8,0
20230921,11,16.50,31556.2,29248.8,0
20230921,11,16.57,31620.2,29247.3,0
20230921,11,16.66,31684.2,29247.3,0
20230921,11,16.67,31684.2,29247.3,0
20230921,11,16.70,31684.2,29246.5,0
20230921,11,16.72,31684.2,29246.4,0
20230921,11,16.75,31748.2,29246.1,0
20230921,11,16.94,31812.2,29246.1,0
20230921,11,16.99,31812.2,29246.1,0
20230921,11,17.00,31812.2,29246.0,0
20230921,11,17.03,31876.2,29226.0,0
20230921,11,17.09,31876.2,29226.0,0
20230921,11,17.16,31930.7,29223.0,0
20230921,11,17.18,31930.7,29223.0,0
20230921,11,17.25,31930.7,29206.8,0
20230921,11,17.32,31930.7,29206.3,0
20230921,11,17.38,31930.7,29154.3,0
20230921,11,17.45,31930.7,29124.3,0
20230921,11,17.50,31930.7,29124.1,0
20230921,11,17.53,31930.7,29124.0,0
20230921,11,17.63,31930.7,29094.0,0
20230921,11,17.65,32005.7,29091.0,0
20230921,11,17.68,32005.7,29091.0,0
20230921,11,17.69,32005.7,29061.0,0
20230921,11,17.70,32053.5,29051.0,0
20230921,11,17.84,32053.5,29051.0,0
20230921,11,17.97,32053.5,29021.0,0
20230921,11,17.99,32053.5,29014.6,0
20230921,11,18.00,32053.5,28984.6,0
20230921,11,18.03,32053.5,28984.4,0
20230921,11,18.13,32053.5,28984.3,0
20230921,11,18.14,32053.5,28983.3,0
20230921,11,18.29,32053.5,28953.3,0
20230921,11,18.30,32053.5,28909.6,0
20230921,11,18.32,32053.5,28909.5,0
20230921,11,18.33,32063.4,28899.5,0
20230921,11,18.45,32063.4,28899.5,0
20230921,11,18.59,32063.4,28869.5,0
20230921,11,18.62,32063.4,28866.5,0
20230921,11,18.65,32093.3,28856.7,0
20230921,11,18.81,32093.3,28856.7,0
20230921,11,19.00,32093.3,28797.7,0
20230921,11,19.21,32093.3,28649.2,0
20230921,11,19.44,32093.3,28648.7,0
20230921,11,19.54,32093.3,28611.9,0
20230921,11,19.59,32093.3,28536.3,0
20230921,11,19.71,32302.3,28535.6,0
20230921,11,19.91,32302.3,28535.6,0
20230921,11,20.00,32302.3,28493.3,0
20230921,11,20.09,32302.3,28442.1,0
20230921,11,20.10,32302.3,28440.7,0
20230921,11,20.11,32313.8,28438.9,0
20230921,11,20.20,32313.8,28437.4,0
20230921,11,20.27,32313.8,28436.9,0
20230921,11,20.29,32313.8,28435.4,0
20230921,11,20.34,32313.9,28431.0,0
20230921,11,21.00,32313.9,28431.0,0
20230921,11,21.12,32313.9,28430.9,0
20230921,11,21.50,32313.9,27040.9,0
20230921,11,21.67,32313.9,27038.5,0
20230921,11,21.72,32313.9,27031.2,0
20230921,11,21.96,32313.9,27027.9,0
20230921,11,22.28,32363.9,27025.8,0
20230921,11,22.94,32363.9,27025.8,0
20230921,11,23.00,32376.9,27025.0,0
20230921,11,23.03,32376.9,27025.0,0
20230921,11,23.72,32376.9,27024.9,0
20230921,11,23.91,32376.9,27024.3,0
20230921,11,24.00,32376.9,27023.7,0
20230921,11,24.06,32376.9,27022.5,0
20230921,11,24.35,32376.9,26990.5,0
20230921,11,24.49,32376.9,26689.5,0
20230921,11,25.00,32376.9,26685.1,0
20230921,11,26.73,32376.9,26684.5,0
20230921,11,26.79,32376.9,26684.0,0
20230921,11,27.00,32376.9,26683.3,0
20230921,11,27.01,32376.9,26643.1,0
20230921,11,27.29,32376.9,26631.4,0
20230921,11,27.98,32376.9,26626.9,0
20230921,11,27.99,32376.9,26626.4,0
20230921,11,28.23,32376.9,26625.8,0
20230921,11,28.46,32376.9,26620.8,0
20230921,11,28.60,32376.9,26249.4,0
20230921,11,28.69,32376.9,26230.4,0
20230921,11,29.10,32376.9,26229.0,0
20230921,11,29.97,32376.9,26228.5,0
20230921,11,30.00,32376.9,26224.6,0
20230921,11,30.36,32376.9,26196.7,0
20230921,11,30.56,32376.9,26183.9,0
20230921,11,32.00,32376.9,26183.0,0
20230921,11,32.70,32377.8,26054.7,0
20230921,11,33.03,32377.8,26054.7,0
20230921,11,33.33,32377.8,26054.5,0
20230921,11,34.00,32377.8,26024.5,0
20230921,11,35.00,32377.8,26007.9,0
20230921,11,36.00,32377.8,25985.0,0
20230921,11,36.84,32377.8,25972.2,0
20230921,11,39.98,32437.8,25952.1,0
20230921,11,40.00,32437.8,25952.1,0
20230921,11,40.01,32437.8,25922.9,0
20230921,11,40.50,32437.8,25922.8,0
20230921,11,41.42,32437.8,25922.7,0
20230921,11,42.79,32437.8,25903.8,0
20230921,11,44.50,32437.8,25892.1,0
20230921,11,45.00,32437.8,25891.8,0
20230921,11,45.12,32437.8,25839.3,0
20230921,11,50.00,32437.8,25838.9,0
20230921,11,50.01,32438.9,25776.2,0
20230921,11,50.12,32438.9,25776.2,0
20230921,11,50.87,32438.9,25775.0,0
20230921,11,50.90,32438.9,25669.1,0
20230921,11,60.00,32438.9,25668.4,0
20230921,11,61.00,32438.9,25614.2,0
20230921,11,62.00,32438.9,25602.7,0
20230921,11,67.94,32438.9,25564.6,0
20230921,11,70.00,32438.9,25533.5,0
20230921,11,77.80,32438.9,25453.2,0
20230921,11,79.90,32438.9,25421.8,0
20230921,11,79.98,32458.9,25420.8,0
20230921,11,80.00,32458.9,25420.8,0
20230921,11,80.01,32458.9,25116.6,0
20230921,11,80.02,32458.9,24902.2,0
20230921,11,80.10,32458.9,24897.2,0
20230921,11,80.20,32458.9,24887.0,0
20230921,11,80.21,32478.8,24878.9,0
20230921,11,80.50,32478.8,24878.9,0
20230921,11,81.00,32478.8,24878.7,0
20230921,11,82.01,32478.8,24837.7,0
20230921,11,85.00,32478.8,24781.7,0
20230921,11,90.00,32478.8,24770.5,0
20230921,11,99.90,32478.8,24747.1,0
20230921,11,100.00,32478.8,24746.7,0
20230921,11,100.01,32490.4,23227.4,0
20230921,11,101.00,32490.4,23227.4,0
20230921,11,102.00,32490.4,23081.5,0
20230921,11,105.00,32490.4,23028.9,0
20230921,11,120.10,32490.4,23028.8,0
20230921,11,130.00,32490.4,22990.6,0
20230921,11,138.00,32490.4,22987.2,0
20230921,11,150.00,32490.4,22897.8,0
20230921,11,190.00,32490.4,22895.5,0
20230921,11,200.00,32490.4,22894.8,0
20230921,11,200.01,32490.4,21599.6,0
20230921,11,200.10,32490.4,20285.0,0
20230921,11,200.50,32490.4,20257.5,0
20230921,11,200.98,32490.4,20252.2,0
20230921,11,200.99,32490.4,20252.1,0
20230921,11,201.00,32490.4,20252.0,0
20230921,11,210.00,32490.4,20180.4,0
20230921,11,250.00,32490.4,19991.4,0
20230921,11,300.00,32490.4,19817.0,0
20230921,11,500.00,32490.4,19293.6,0
20230921,11,548.66,32490.4,19291.6,0
20230921,11,550.02,32490.4,19241.2,0
20230921,11,999.00,32490.4,19036.0,0
20230921,11,999.99,32490.4,0.0,0
20230921,12,0.00,0.0,38244.8,0
20230921,12,0.00,11078.1,38244.8,0
20230921,12,0.01,28730.9,38244.8,0
20230921,12,0.02,29006.5,38242.3,0
20230921,12,0.03,29006.5,38229.9,0
20230921,12,0.04,29023.1,38204.1,0
20230921,12,0.09,29023.1,38204.1,0
20230921,12,0.10,29023.1,38203.5,0
20230921,12,0.20,29023.1,38083.4,0
20230921,12,0.30,29023.1,38008.4,0
20230921,12,0.60,29160.5,38004.4,0
20230921,12,0.62,29160.5,38004.4,0
20230921,12,1.00,29765.3,37924.4,0
20230921,12,1.01,29765.3,37755.5,0
20230921,12,1.12,29765.3,37725.5,0
20230921,12,2.00,29765.8,37695.5,0
20230921,12,2.01,29765.8,37695.5,0
20230921,12,2.09,29767.6,37655.5,0
20230921,12,2.10,29773.6,37655.5,0
20230921,12,2.12,29773.6,37649.5,0
20230921,12,2.15,29890.4,37589.5,0
20230921,12,2.35,29892.0,37589.5,0
20230921,12,2.60,29899.2,37589.5,0
20230921,12,3.00,29902.7,37589.5,0
20230921,12,3.01,29902.7,37529.4,0
20230921,12,3.10,29902.7,37479.4,0
20230921,12,3.12,29902.7,37434.4,0
20230921,12,3.60,29908.7,37344.4,0
20230921,12,4.17,29910.5,37344.4,0
20230921,12,4.65,29917.7,37344.4,0
20230921,12,4.68,29919.2,37344.4,0
20230921,12,5.00,30089.1,37344.4,0
20230921,12,5.01,30089.1,37060.5,0
20230921,12,5.04,30089.1,36990.5,0
20230921,12,5.10,30095.3,36290.5,0
20230921,12,5.12,30095.3,36290.5,0
20230921,12,5.19,30102.6,36230.5,0
20230921,12,5.50,30102.7,36230.5,0
20230921,12,5.64,30103.3,36230.5,0
20230921,12,6.00,30142.1,36230.5,0
20230921,12,6.01,30142.1,36164.7,0
20230921,12,6.02,30149.7,36162.4,0
20230921,12,6.18,30149.7,36162.4,0
20230921,12,6.19,30150.1,36160.7,0
20230921,12,6.25,30152.0,36160.7,0
20230921,12,6.26,30152.2,36154.1,0
20230921,12,6.50,30162.2,36146.5,0
20230921,12,6.60,30170.1,36146.5,0
20230921,12,6.94,30181.4,36146.5,0
20230921,12,7.00,30221.5,36146.5,0
20230921,12,7.01,30221.5,36146.4,0
20230921,12,7.02,30223.0,36026.7,0
20230921,12,7.12,30223.0,36026.7,0
20230921,12,7.47,30223.0,35966.7,0
20230921,12,7.50,30247.0,35850.7,0
20230921,12,7.79,30254.3,35850.7,0
20230921,12,7.90,30254.3,35850.7,0
20230921,12,8.00,30283.8,35843.6,0
20230921,12,8.02,30295.2,35747.5,0
20230921,12,8.10,30303.2,35747.5,0
20230921,12,8.33,30305.0,35747.5,0
20230921,12,8.50,30306.3,35747.5,0
20230921,12,8.59,30306.3,35737.5,0
20230921,12,9.00,30306.3,35736.4,0
20230921,12,9.09,30306.3,35729.5,0
20230921,12,9.23,30306.3,35572.5,0
20230921,12,9.35,30307.9,35425.5,0
20230921,12,9.36,30307.9,35425.5,0
20230921,12,9.50,30307.9,35278.5,0
20230921,12,9.58,30307.9,35131.5,0
20230921,12,9.60,30316.9,35111.5,0
20230921,12,9.66,30316.9,35053.5,0
20230921,12,9.79,30316.9,34906.5,0
20230921,12,9.80,30316.9,34900.8,0
20230921,12,9.81,30316.9,34850.8,0
20230921,12,9.82,30316.9,34800.8,0
20230921,12,10.00,30403.7,34740.8,0
20230921,12,10.05,30424.7,34650.2,0
20230921,12,10.17,30424.7,34650.2,0
20230921,12,10.20,30424.7,34620.2,0
20230921,12,10.21,30424.7,34496.2,0
20230921,12,10.22,30424.7,34464.2,0
20230921,12,10.23,30424.7,34404.2,0
20230921,12,10.28,30424.7,34354.2,0
20230921,12,10.30,30425.2,34324.2,0
20230921,12,10.38,30432.5,34324.2,0
20230921,12,10.41,30434.3,34200.2,0
20230921,12,10.46,30434.3,34200.2,0
20230921,12,10.51,30434.3,34076.2,0
20230921,12,10.67,30434.9,33942.2,0
20230921,12,10.86,30434.9,33942.2,0
20230921,12,10.90,30434.9,33892.2,0
20230921,12,10.92,30435.5,33842.2,0
20230921,12,10.94,30435.5,33842.2,0
20230921,12,11.00,30435.5,33828.5,0
20230921,12,11.10,30444.5,33708.7,0
20230921,12,11.18,30445.1,33708.7,0
20230921,12,11.40,30445.1,33708.7,0
20230921,12,11.44,30445.7,33557.7,0
20230921,12,11.50,30445.7,33557.7,0
20230921,12,11.58,30445.7,33507.4,0
20230921,12,11.61,30445.7,33487.4,0
20230921,12,11.67,30445.7,33322.4,0
20230921,12,11.69,30447.2,33171.4,0
20230921,12,11.70,30447.8,33171.4,0
20230921,12,11.71,30447.8,33169.1,0
20230921,12,11.73,30447.8,33164.2,0
20230921,12,11.77,30454.9,32964.2,0
20230921,12,11.78,30465.0,32941.9,0
20230921,12,11.80,30465.0,32941.9,0
20230921,12,11.81,30465.0,32941.8,0
20230921,12,11.88,30465.0,32741.8,0
20230921,12,11.90,30465.5,32541.8,0
20230921,12,11.95,30465.5,32541.8,0
20230921,12,11.98,30465.5,32341.1,0
20230921,12,11.99,30469.0,32319.1,0
20230921,12,12.00,30499.0,32319.1,0
20230921,12,12.02,30499.0,32315.1,0
20230921,12,12.10,30499.0,32115.1,0
20230921,12,12.11,30499.5,31915.1,0
20230921,12,12.18,30499.5,31915.1,0
20230921,12,12.21,30502.3,31715.1,0
20230921,12,12.22,30502.3,31715.1,0
20230921,12,12.26,30552.8,31695.1,0
20230921,12,12.28,30552.8,31695.1,0
20230921,12,12.30,30552.8,31665.1,0
20230921,12,12.32,30553.3,31465.1,0
20230921,12,12.44,30553.3,31465.1,0
20230921,12,12.50,30591.3,31265.1,0
20230921,12,12.51,30591.3,31264.9,0
20230921,12,12.54,30591.8,31249.9,0
20230921,12,12.65,30591.8,31249.9,0
20230921,12,12.66,30591.8,31049.9,0
20230921,12,12.70,30591.8,30991.9,0
20230921,12,12.75,30592.3,30772.3,0
20230921,12,12.76,30592.3,30772.3,0
20230921,12,12.77,30592.3,30772.1,0
20230921,12,12.81,30592.3,30762.2,0
20230921,12,12.88,30592.3,30740.1,0
20230921,12,12.96,30592.3,30687.8,0
20230921,12,12.97,30611.6,30674.8,0
20230921,12,13.00,30612.4,30674.3,0
20230921,12,13.01,30612.4,30664.4,0
20230921,12,13.02,30805.5,30663.4,0
20230921,12,13.03,30805.5,30663.4,0
20230921,12,13.04,30805.5,30654.7,0
20230921,12,13.05,30835.5,30651.1,0
20230921,12,13.14,30838.0,30651.1,0
20230921,12,13.18,30838.0,30651.1,0
20230921,12,13.20,30838.0,30651.0,0
20230921,12,13.23,30838.0,30650.9,0
20230921,12,13.30,30838.0,30637.8,0
20230921,12,13.39,30900.8,30635.2,0
20230921,12,13.40,30900.8,30635.2,0
20230921,12,13.41,30900.9,30635.1,0
20230921,12,13.47,30900.9,30635.1,0
20230921,12,13.49,30900.9,30634.9,0
20230921,12,13.50,30910.9,30621.9,0
20230921,12,13.51,30911.3,30619.5,0
20230921,12,13.58,30911.3,30619.5,0
20230921,12,13.64,30911.3,30569.5,0
20230921,12,13.76,30911.3,30569.0,0
20230921,12,13.95,30911.3,30556.7,0
20230921,12,13.97,30911.3,30547.9,0
20230921,12,14.00,30911.3,30546.7,0
20230921,12,14.02,30911.3,30355.4,0
20230921,12,14.10,30911.3,30272.4,0
20230921,12,14.17,30911.3,30270.9,0
20230921,12,14.28,30911.3,30270.7,0
20230921,12,14.30,30911.3,30215.7,0
20230921,12,14.38,30911.3,30214.3,0
20230921,12,14.45,30913.8,30214.1,0
20230921,12,14.50,30913.8,30214.1,0
20230921,12,14.51,30913.8,30213.4,0
20230921,12,14.53,30913.8,30188.4,0
20230921,12,14.55,30913.8,29858.4,0
20230921,12,14.67,30913.8,29857.9,0
20230921,12,14.83,30913.8,29847.9,0
20230921,12,14.88,30913.8,29847.8,0
20230921,12,14.99,30913.8,29847.5,0
20230921,12,15.00,30941.8,29847.4,0
20230921,12,15.01,30941.9,29792.5,0
20230921,12,15.17,31037.9,29791.4,0
20230921,12,15.20,31037.9,29791.4,0
20230921,12,15.22,31037.9,29791.3,0
20230921,12,15.31,31037.9,29781.2,0
20230921,12,15.36,31037.9,29781.1,0
20230921,12,15.44,31037.9,29781.0,0
20230921,12,15.45,31037.9,29776.4,0
20230921,12,15.50,31037.9,29738.4,0
20230921,12,15.58,31037.9,29738.2,0
20230921,12,15.59,31045.8,29737.3,0
20230921,12,15.60,31045.8,29737.3,0
20230921,12,15.67,31045.8,29731.4,0
20230921,12,15.80,31045.8,29709.4,0
20230921,12,15.83,31109.8,29709.1,0
20230921,12,15.90,31117.8,29709.1,0
20230921,12,15.91,31117.8,29709.1,0
20230921,12,15.95,31167.8,29708.9,0
20230921,12,15.98,31231.8,29708.9,0
20230921,12,16.00,31232.8,29708.9,0
20230921,12,16.05,31232.8,29583.4,0
20230921,12,16.06,31282.8,29575.2,0
20230921,12,16.10,31283.8,29575.2,0
20230921,12,16.12,31347.8,29575.2,0
20230921,12,16.20,31348.8,29575.2,0
20230921,12,16.27,31476.8,29575.2,0
20230921,12,16.28,31496.8,29575.2,0
20230921,12,16.29,31496.8,29575.2,0
20230921,12,16.30,31497.8,29574.3,0
20230921,12,16.40,31497.8,29574.3,0
20230921,12,16.41,31497.8,29567.9,0
20230921,12,16.47,31561.8,29566.8,0
20230921,12,16.49,31561.8,29566.8,0
20230921,12,16.50,31561.8,29562.3,0
20230921,12,16.51,31561.8,29561.4,0
20230921,12,16.57,31625.8,29558.6,0
20230921,12,16.66,31689.8,29558.6,0
20230921,12,16.67,31689.8,29558.6,0
20230921,12,16.70,31689.8,29558.3,0
20230921,12,16.84,31689.8,29558.2,0
20230921,12,16.85,31753.8,29557.5,0
20230921,12,16.94,31817.8,29557.5,0
20230921,12,16.99,31817.8,29557.5,0
20230921,12,17.00,31817.8,29557.4,0
20230921,12,17.03,31881.8,29537.4,0
20230921,12,17.10,31881.8,29537.4,0
20230921,12,17.16,31928.5,29534.4,0
20230921,12,17.18,31928.5,29534.4,0
20230921,12,17.25,31928.5,29518.2,0
20230921,12,17.32,31928.5,29517.6,0
20230921,12,17.38,31928.5,29465.6,0
20230921,12,17.45,31928.5,29435.6,0
20230921,12,17.50,31928.5,29435.4,0
20230921,12,17.53,31928.5,29433.8,0
20230921,12,17.57,31928.5,29403.8,0
20230921,12,17.58,31938.6,29394.0,0
20230921,12,17.63,31938.6,29394.0,0
20230921,12,17.65,32013.6,29392.0,0
20230921,12,17.68,32013.6,29392.0,0
20230921,12,17.84,32013.6,29362.0,0
20230921,12,17.93,32013.6,29332.0,0
20230921,12,17.97,32013.6,29331.0,0
20230921,12,17.99,32013.6,29324.4,0
20230921,12,18.00,32013.6,29294.4,0
20230921,12,18.03,32013.6,29294.2,0
20230921,12,18.14,32013.6,29294.1,0
20230921,12,18.21,32013.6,29264.1,0
20230921,12,18.27,32013.6,29250.1,0
20230921,12,18.28,32061.7,29240.4,0
20230921,12,18.29,32061.7,29240.4,0
20230921,12,18.30,32061.7,29210.4,0
20230921,12,18.38,32061.7,29210.3,0
20230921,12,18.45,32061.7,29169.1,0
20230921,12,18.50,32061.7,29139.1,0
20230921,12,18.51,32091.6,29138.1,0
20230921,12,18.60,32091.6,29138.1,0
20230921,12,18.62,32091.6,29135.1,0
20230921,12,18.81,32091.6,29125.3,0
20230921,12,19.00,32091.6,29067.3,0
20230921,12,19.10,32091.6,29058.8,0
20230921,12,19.69,32091.6,29057.0,0
20230921,12,19.71,32300.6,29042.0,0
20230921,12,19.79,32300.6,29042.0,0
20230921,12,19.88,32300.6,28998.0,0
20230921,12,19.98,32300.6,28911.1,0
20230921,12,20.00,32300.6,28905.2,0
20230921,12,20.10,32300.6,28838.8,0
20230921,12,20.11,32312.1,28837.3,0
20230921,12,20.31,32312.1,28580.3,0
20230921,12,20.36,32312.1,28578.7,0
20230921,12,20.44,32312.1,28578.1,0
20230921,12,20.47,32312.1,28535.8,0
20230921,12,20.50,32312.1,28534.6,0
20230921,12,20.96,32312.1,28533.1,0
20230921,12,21.00,32312.1,28531.7,0
20230921,12,21.05,32312.1,28531.6,0
20230921,12,21.11,32312.1,28527.2,0
20230921,12,21.12,32312.1,28525.9,0
20230921,12,21.59,32312.1,27135.9,0
20230921,12,21.60,32312.1,26834.9,0
20230921,12,21.67,32312.1,26834.4,0
20230921,12,21.84,32312.1,26831.2,0
20230921,12,22.28,32362.1,26824.3,0
20230921,12,22.94,32362.1,26824.3,0
20230921,12,23.00,32375.1,26823.5,0
20230921,12,23.03,32375.1,26823.5,0
20230921,12,24.44,32375.1,26823.4,0
20230921,12,24.54,32375.1,26821.2,0
20230921,12,25.00,32375.1,26820.0,0
20230921,12,25.61,32375.1,26819.3,0
20230921,12,26.00,32375.1,26814.9,0
20230921,12,27.00,32375.1,26813.6,0
20230921,12,27.01,32375.1,26771.1,0
20230921,12,27.25,32375.1,26759.8,0
20230921,12,28.38,32375.1,26758.6,0
20230921,12,28.61,32375.1,26757.5,0
20230921,12,28.64,32375.1,26751.6,0
20230921,12,29.10,32375.1,26747.1,0
20230921,12,29.72,32375.1,26746.6,0
20230921,12,29.86,32375.1,26663.6,0
20230921,12,29.91,32375.1,26360.6,0
20230921,12,29.97,32375.1,26358.4,0
20230921,12,30.00,32375.1,26350.9,0
20230921,12,30.36,32375.1,26321.6,0
20230921,12,30.56,32375.1,26309.2,0
20230921,12,32.00,32375.1,26308.3,0
20230921,12,32.70,32376.0,26175.0,0
20230921,12,33.03,32376.0,26175.0,0
20230921,12,33.33,32376.0,26174.8,0
20230921,12,34.00,32376.0,26144.8,0
20230921,12,35.00,32376.0,26127.2,0
20230921,12,36.00,32376.0,26103.3,0
20230921,12,36.84,32376.0,26088.0,0
20230921,12,39.98,32436.0,26066.5,0
20230921,12,40.00,32436.0,26066.5,0
20230921,12,40.01,32436.0,26036.4,0
20230921,12,40.50,32436.0,26036.3,0
20230921,12,41.67,32436.0,26036.2,0
20230921,12,42.87,32436.0,26016.4,0
20230921,12,44.50,32436.0,26004.2,0
20230921,12,45.00,32436.0,26003.9,0
20230921,12,45.01,32436.0,25950.3,0
20230921,12,45.12,32436.0,25681.9,0
20230921,12,50.00,32436.0,25681.3,0
20230921,12,50.01,32437.7,25617.1,0
20230921,12,50.12,32437.7,25617.1,0
20230921,12,50.90,32437.7,25615.6,0
20230921,12,60.00,32437.7,25614.8,0
20230921,12,60.74,32437.7,25560.2,0
20230921,12,61.00,32437.7,25451.9,0
20230921,12,62.00,32437.7,25439.9,0
20230921,12,67.94,32437.7,25400.7,0
20230921,12,70.00,32437.7,25370.2,0
20230921,12,77.80,32437.7,25287.0,0
20230921,12,79.90,32437.7,25250.8,0
20230921,12,79.98,32457.7,25249.4,0
20230921,12,80.00,32457.7,25249.4,0
20230921,12,80.01,32457.7,24934.8,0
20230921,12,80.02,32457.7,24712.7,0
20230921,12,80.10,32457.7,24707.7,0
20230921,12,80.20,32457.7,24696.8,0
20230921,12,80.21,32477.7,24688.8,0
20230921,12,80.50,32477.7,24688.8,0
20230921,12,81.00,32477.7,24688.6,0
20230921,12,82.01,32477.7,24634.2,0
20230921,12,85.00,32477.7,24574.8,0
20230921,12,90.00,32477.7,24563.2,0
20230921,12,99.90,32477.7,24538.9,0
20230921,12,100.00,32477.7,24538.5,0
20230921,12,100.01,32489.3,22999.2,0
20230921,12,101.00,32489.3,22999.2,0
20230921,12,102.00,32489.3,22853.3,0
20230921,12,105.00,32489.3,22794.6,0
20230921,12,120.10,32489.3,22794.5,0
20230921,12,130.00,32489.3,22756.2,0
20230921,12,138.00,32489.3,22752.6,0
20230921,12,150.00,32489.3,22664.0,0
20230921,12,190.00,32489.3,22661.7,0
20230921,12,200.00,32489.3,22661.0,0
20230921,12,200.01,32489.3,21353.4,0
20230921,12,200.10,32489.3,19959.4,0
20230921,12,200.50,32489.3,19931.9,0
20230921,12,200.98,32489.3,19926.6,0
20230921,12,200.99,32489.3,19926.5,0
20230921,12,201.00,32489.3,19926.4,0
20230921,12,210.00,32489.3,19852.3,0
20230921,12,250.00,32489.3,19659.7,0
20230921,12,300.00,32489.3,19484.4,0
20230921,12,500.00,32489.3,18961.2,0
20230921,12,548.66,32489.3,18959.2,0
20230921,12,550.02,32489.3,18908.8,0
20230921,12,999.00,32489.3,18703.6,0
20230921,12,999.99,32489.3,0.0,0
20230921,13,0.00,0.0,37085.1,0
20230921,13,0.00,11299.1,37085.1,0
20230921,13,0.01,26582.9,37085.1,0
20230921,13,0.02,26768.5,37082.3,0
20230921,13,0.03,26768.5,37069.9,0
20230921,13,0.04,26783.9,37042.6,0
20230921,13,0.09,26783.9,37042.6,0
20230921,13,0.10,26783.9,37037.6,0
20230921,13,0.20,26783.9,36917.5,0
20230921,13,0.21,26884.0,36842.5,0
20230921,13,0.30,26884.0,36842.5,0
20230921,13,0.55,26905.0,36838.5,0
20230921,13,0.62,26905.0,36838.5,0
20230921,13,1.00,27630.5,36758.5,0
20230921,13,1.01,27630.5,36443.6,0
20230921,13,1.12,27630.5,36413.6,0
20230921,13,1.93,27632.3,36383.6,0
20230921,13,1.96,27636.3,36383.6,0
20230921,13,2.00,27636.5,36383.6,0
20230921,13,2.01,27636.5,36383.6,0
20230921,13,2.08,27643.7,36343.6,0
20230921,13,2.10,27643.7,36343.6,0
20230921,13,2.12,27643.7,36337.6,0
20230921,13,2.15,27760.0,36277.6,0
20230921,13,2.30,27762.0,36277.6,0
20230921,13,2.37,27762.7,36277.6,0
20230921,13,2.94,27762.7,36277.6,0
20230921,13,2.95,27764.0,36268.6,0
20230921,13,3.00,27767.3,36268.6,0
20230921,13,3.01,27767.3,36028.5,0
20230921,13,3.10,27767.3,35978.5,0
20230921,13,3.12,27767.3,35933.5,0
20230921,13,3.71,27771.3,35843.5,0
20230921,13,3.85,27773.1,35843.5,0
20230921,13,4.05,27775.2,35843.5,0
20230921,13,4.14,27782.5,35843.5,0
20230921,13,4.65,27792.7,35843.5,0
20230921,13,4.73,27794.2,35843.5,0
20230921,13,5.00,27950.2,35843.5,0
20230921,13,5.01,27950.2,35735.3,0
20230921,13,5.04,27950.2,35665.3,0
20230921,13,5.12,27950.2,35015.3,0
20230921,13,5.46,27955.1,34955.3,0
20230921,13,5.50,27955.2,34955.3,0
20230921,13,5.77,27957.1,34955.3,0
20230921,13,5.80,27960.1,34955.3,0
20230921,13,6.00,27995.3,34955.3,0
20230921,13,6.01,27995.3,34889.1,0
20230921,13,6.02,28003.4,34886.7,0
20230921,13,6.21,28010.7,34886.7,0
20230921,13,6.26,28010.7,34886.7,0
20230921,13,6.50,28020.7,34879.1,0
20230921,13,6.94,28031.5,34879.1,0
20230921,13,7.00,28074.3,34879.1,0
20230921,13,7.01,28074.3,34879.0,0
20230921,13,7.10,28075.8,34754.5,0
20230921,13,7.12,28075.8,34754.5,0
20230921,13,7.21,28080.8,34694.5,0
20230921,13,7.47,28080.8,34694.5,0
20230921,13,7.50,28120.8,34578.5,0
20230921,13,7.55,28123.8,34578.5,0
20230921,13,7.69,28125.6,34578.5,0
20230921,13,7.71,28125.6,34578.5,0
20230921,13,7.90,28125.6,34568.5,0
20230921,13,8.00,28154.9,34561.2,0
20230921,13,8.02,28167.1,34462.7,0
20230921,13,8.19,28167.1,34462.7,0
20230921,13,8.27,28174.4,34432.7,0
20230921,13,8.50,28175.7,34432.7,0
20230921,13,8.59,28175.7,34402.7,0
20230921,13,8.96,28181.5,34401.6,0
20230921,13,9.00,28181.5,34401.6,0
20230921,13,9.09,28181.5,34394.5,0
20230921,13,9.23,28181.5,34237.5,0
20230921,13,9.30,28184.5,34090.5,0
20230921,13,9.34,28184.5,34090.5,0
20230921,13,9.36,28184.5,34080.5,0
20230921,13,9.46,28186.1,33933.5,0
20230921,13,9.48,28186.1,33933.5,0
20230921,13,9.50,28186.1,33919.6,0
20230921,13,9.51,28193.0,33772.6,0
20230921,13,9.60,28193.0,33772.6,0
20230921,13,9.61,28194.8,33710.6,0
20230921,13,9.66,28194.8,33710.6,0
20230921,13,9.68,28195.4,33563.6,0
20230921,13,9.71,28195.4,33563.6,0
20230921,13,9.75,28196.0,33543.6,0
20230921,13,9.79,28196.0,33543.6,0
20230921,13,9.80,28196.0,33538.0,0
20230921,13,9.81,28196.0,33488.0,0
20230921,13,9.82,28196.6,33438.0,0
20230921,13,9.90,28197.2,33377.0,0
20230921,13,9.97,28197.8,33377.0,0
20230921,13,10.00,28267.4,33377.0,0
20230921,13,10.05,28288.0,33276.7,0
20230921,13,10.17,28288.0,33276.7,0
20230921,13,10.19,28288.0,33246.7,0
20230921,13,10.20,28288.0,33216.7,0
20230921,13,10.21,28288.0,33092.7,0
20230921,13,10.22,28288.0,33060.7,0
20230921,13,10.23,28288.0,33010.7,0
20230921,13,10.30,28288.3,32960.7,0
20230921,13,10.34,28295.5,32960.7,0
20230921,13,10.38,28295.5,32960.7,0
20230921,13,10.46,28295.5,32836.7,0
20230921,13,10.48,28303.4,32712.7,0
20230921,13,10.50,28303.4,32712.7,0
20230921,13,10.51,28303.4,32602.7,0
20230921,13,10.58,28503.2,32478.7,0
20230921,13,10.59,28759.2,32424.4,0
20230921,13,10.61,28761.7,32424.4,0
20230921,13,10.71,28767.7,32424.4,0
20230921,13,10.89,28770.1,32424.4,0
20230921,13,11.00,28770.1,32424.4,0
20230921,13,11.05,28773.1,32354.5,0
20230921,13,11.06,28773.1,32304.5,0
20230921,13,11.13,28773.1,32304.3,0
20230921,13,11.16,28775.6,32280.1,0
20230921,13,11.19,29197.6,32280.1,0
20230921,13,11.25,29197.6,32280.1,0
20230921,13,11.34,29197.6,32277.7,0
20230921,13,11.40,29197.6,32262.7,0
20230921,13,11.43,29200.0,32111.7,0
20230921,13,11.50,29200.0,32111.7,0
20230921,13,11.56,29203.8,32061.4,0
20230921,13,11.61,29203.8,32061.4,0
20230921,13,11.63,29203.8,31896.4,0
20230921,13,11.64,29203.8,31896.2,0
20230921,13,11.67,29203.8,31696.2,0
20230921,13,11.70,29206.1,31545.2,0
20230921,13,11.71,29206.1,31544.7,0
20230921,13,11.72,29206.5,31515.1,0
20230921,13,11.74,29206.5,31515.1,0
20230921,13,11.80,29206.5,31315.1,0
20230921,13,11.81,29206.5,31315.0,0
20230921,13,11.82,29208.0,31115.0,0
20230921,13,11.88,29208.0,31115.0,0
20230921,13,11.95,29208.0,30902.0,0
20230921,13,11.98,29208.0,30701.3,0
20230921,13,12.00,29238.5,30679.3,0
20230921,13,12.01,29238.5,30675.3,0
20230921,13,12.02,29238.5,30662.2,0
20230921,13,12.03,29238.6,30462.2,0
20230921,13,12.12,29238.6,30462.2,0
20230921,13,12.14,29238.6,30262.2,0
20230921,13,12.16,29238.6,30249.2,0
20230921,13,12.17,29239.1,30248.6,0
20230921,13,12.19,29239.1,30248.6,0
20230921,13,12.20,29239.2,29993.7,0
20230921,13,12.21,29242.3,29756.1,0
20230921,13,12.26,29292.8,29756.1,0
20230921,13,12.27,29292.8,29756.1,0
20230921,13,12.30,29292.8,29730.0,0
20230921,13,12.33,29292.8,29530.0,0
20230921,13,12.35,29293.3,29529.8,0
20230921,13,12.46,29293.3,29529.8,0
20230921,13,12.50,29331.3,29329.8,0
20230921,13,12.51,29331.6,29280.0,0
20230921,13,12.52,29332.1,29280.0,0
20230921,13,12.61,29332.1,29280.0,0
20230921,13,12.62,29332.1,29279.5,0
20230921,13,12.66,29332.1,29272.1,0
20230921,13,12.70,29332.6,29162.2,0
20230921,13,12.71,29332.6,29162.2,0
20230921,13,12.72,29333.0,29162.1,0
20230921,13,12.73,29333.1,29162.1,0
20230921,13,12.77,29333.1,29162.1,0
20230921,13,12.81,29333.1,29137.7,0
20230921,13,12.85,29531.1,29080.0,0
20230921,13,13.00,29531.6,29057.0,0
20230921,13,13.01,29531.6,29046.4,0
20230921,13,13.02,29533.9,29045.3,0
20230921,13,13.03,29533.9,29045.3,0
20230921,13,13.04,29533.9,29036.6,0
20230921,13,13.05,29562.9,29031.6,0
20230921,13,13.07,29562.9,29031.6,0
20230921,13,13.18,29562.9,29030.4,0
20230921,13,13.19,29562.9,29030.3,0
20230921,13,13.20,29562.9,29029.8,0
20230921,13,13.31,29563.1,29029.2,0
20230921,13,13.34,29563.1,29029.2,0
20230921,13,13.37,29565.6,29004.2,0
20230921,13,13.39,29628.4,29004.2,0
20230921,13,13.50,29638.4,29004.2,0
20230921,13,13.51,29638.9,29001.5,0
20230921,13,13.52,29639.0,29001.4,0
20230921,13,13.53,29703.0,29001.4,0
20230921,13,13.74,29703.0,29001.4,0
20230921,13,13.95,29703.0,29001.2,0
20230921,13,14.00,29703.0,28991.8,0
20230921,13,14.01,29703.2,28779.7,0
20230921,13,14.02,29703.2,28779.7,0
20230921,13,14.10,29703.2,28696.7,0
20230921,13,14.19,29723.2,28696.1,0
20230921,13,14.21,29723.2,28696.1,0
20230921,13,14.26,29723.2,28695.5,0
20230921,13,14.30,29723.2,28676.5,0
20230921,13,14.44,29723.2,28675.1,0
20230921,13,14.50,29723.2,28674.1,0
20230921,13,14.53,29723.2,28673.2,0
20230921,13,14.55,29723.2,28553.2,0
20230921,13,14.71,29725.7,28552.3,0
20230921,13,14.83,29725.7,28552.3,0
20230921,13,14.84,29725.7,28552.2,0
20230921,13,14.85,29725.8,28502.3,0
20230921,13,14.99,29725.8,28502.3,0
20230921,13,15.00,29798.8,28502.2,0
20230921,13,15.01,29798.8,28406.1,0
20230921,13,15.17,29886.8,28405.0,0
20230921,13,15.20,29886.8,28405.0,0
20230921,13,15.22,29886.8,28404.9,0
20230921,13,15.31,29886.8,28394.2,0
20230921,13,15.32,29886.8,28394.1,0
20230921,13,15.37,29886.8,28394.0,0
20230921,13,15.40,29886.8,28182.0,0
20230921,13,15.45,29886.8,28177.4,0
20230921,13,15.50,29886.8,28139.4,0
20230921,13,15.54,29950.8,28138.1,0
20230921,13,15.58,29950.8,28138.1,0
20230921,13,15.65,30014.8,28137.3,0
20230921,13,15.67,30014.8,28137.3,0
20230921,13,15.80,30014.8,28092.3,0
20230921,13,15.83,30078.8,28092.0,0
20230921,13,15.90,30086.8,28092.0,0
20230921,13,15.91,30086.8,28090.9,0
20230921,13,15.96,30086.8,28090.7,0
20230921,13,15.98,30150.8,28087.3,0
20230921,13,16.00,30151.8,28087.3,0
20230921,13,16.05,30151.8,27962.1,0
20230921,13,16.10,30152.8,27954.0,0
20230921,13,16.11,30152.8,27954.0,0
20230921,13,16.12,30216.8,27948.0,0
20230921,13,16.18,30216.8,27948.0,0
20230921,13,16.19,30267.9,27941.3,0
20230921,13,16.20,30268.9,27941.3,0
20230921,13,16.22,30318.9,27941.3,0
20230921,13,16.24,30318.9,27941.3,0
20230921,13,16.25,30368.9,27936.8,0
20230921,13,16.27,30432.9,27936.8,0
20230921,13,16.30,30433.9,27936.8,0
20230921,13,16.37,30497.9,27933.9,0
20230921,13,16.40,30497.9,27933.9,0
20230921,13,16.47,30561.9,27926.7,0
20230921,13,16.49,30561.9,27926.7,0
20230921,13,16.50,30572.6,27917.5,0
20230921,13,16.57,30636.6,27917.5,0
20230921,13,16.66,30700.6,27917.5,0
20230921,13,16.79,30700.6,27917.5,0
20230921,13,16.81,30700.6,27917.2,0
20230921,13,16.85,30764.6,27840.2,0
20230921,13,16.91,30764.6,27840.2,0
20230921,13,16.92,30764.6,27833.1,0
20230921,13,16.94,30828.6,27832.4,0
20230921,13,16.99,30828.6,27832.4,0
20230921,13,17.00,30828.6,27832.3,0
20230921,13,17.03,30892.6,27811.4,0
20230921,13,17.10,30892.6,27811.4,0
20230921,13,17.16,30934.6,27809.6,0
20230921,13,17.18,30934.6,27809.6,0
20230921,13,17.25,30934.6,27793.4,0
20230921,13,17.27,30934.6,27792.8,0
20230921,13,17.34,30964.5,27740.8,0
20230921,13,17.38,30964.5,27740.8,0
20230921,13,17.45,30964.5,27696.8,0
20230921,13,17.50,30964.5,27696.6,0
20230921,13,17.60,30978.5,27696.5,0
20230921,13,17.65,31081.5,27696.5,0
20230921,13,17.71,31081.5,27696.5,0
20230921,13,17.77,31081.5,27695.1,0
20230921,13,17.92,31081.5,27665.1,0
20230921,13,17.93,31081.5,27664.0,0
20230921,13,18.00,31081.5,27489.0,0
20230921,13,18.03,31081.5,27488.8,0
20230921,13,18.05,31081.5,27488.7,0
20230921,13,18.30,31081.5,27411.7,0
20230921,13,18.37,31081.5,27411.6,0
20230921,13,18.40,31081.5,27403.2,0
20230921,13,18.62,31081.5,27353.5,0
20230921,13,18.81,31081.5,27343.7,0
20230921,13,18.87,31081.5,27288.7,0
20230921,13,19.00,31081.5,27006.7,0
20230921,13,19.46,31081.5,27006.2,0
20230921,13,19.71,31290.5,27005.2,0
20230921,13,19.80,31290.5,27005.2,0
20230921,13,19.88,31290.5,27003.2,0
20230921,13,19.98,31290.5,26892.1,0
20230921,13,20.00,31290.5,26876.2,0
20230921,13,20.11,31302.0,26798.3,0
20230921,13,20.31,31302.0,26798.3,0
20230921,13,20.32,31302.0,26796.7,0
20230921,13,20.40,31302.0,26796.1,0
20230921,13,20.50,31302.0,26754.0,0
20230921,13,20.62,31302.0,26752.4,0
20230921,13,21.00,31302.0,26751.2,0
20230921,13,21.12,31302.0,26751.1,0
20230921,13,21.21,31302.0,25361.1,0
20230921,13,21.55,31302.0,25360.4,0
20230921,13,21.66,31302.0,25359.2,0
20230921,13,21.79,31302.0,25357.0,0
20230921,13,21.92,31302.0,25353.8,0
20230921,13,22.28,31352.0,25347.4,0
20230921,13,22.52,31352.0,25347.4,0
20230921,13,22.54,31352.0,25344.5,0
20230921,13,22.80,31801.1,25342.9,0
20230921,13,22.86,31801.1,25342.9,0
20230921,13,22.94,31801.1,25338.5,0
20230921,13,23.00,31814.1,25337.6,0
20230921,13,23.03,31814.1,25337.6,0
20230921,13,23.30,31814.1,25337.5,0
20230921,13,23.50,31814.1,25336.5,0
20230921,13,25.00,31814.1,25093.5,0
20230921,13,25.05,31814.1,25092.9,0
20230921,13,25.34,31814.1,25092.3,0
20230921,13,27.00,31814.1,25091.1,0
20230921,13,27.01,31814.1,24893.9,0
20230921,13,28.49,31814.1,24883.1,0
20230921,13,28.92,31814.1,24881.9,0
20230921,13,29.10,31814.1,24880.1,0
20230921,13,29.48,31814.1,24879.6,0
20230921,13,29.80,31814.1,24875.2,0
20230921,13,29.97,31814.1,24874.1,0
20230921,13,30.00,31814.1,24866.8,0
20230921,13,30.06,31814.1,24836.4,0
20230921,13,30.36,31814.1,24828.5,0
20230921,13,30.56,31814.1,24816.0,0
20230921,13,32.00,31814.1,24815.0,0
20230921,13,32.70,31815.0,24671.5,0
20230921,13,33.03,31815.0,24671.5,0
20230921,13,33.33,31815.0,24671.2,0
20230921,13,33.89,31815.0,24642.2,0
20230921,13,34.00,31815.0,24637.7,0
20230921,13,35.00,31815.0,24619.0,0
20230921,13,35.73,31815.0,24590.6,0
20230921,13,36.00,31815.0,24586.8,0
20230921,13,37.40,31815.0,24566.6,0
20230921,13,39.98,31875.0,24542.9,0
20230921,13,40.00,31875.0,24542.9,0
20230921,13,40.01,31875.0,24510.1,0
20230921,13,41.78,31875.0,24510.0,0
20230921,13,42.50,31875.0,24488.8,0
20230921,13,43.01,31875.0,24488.7,0
20230921,13,45.00,31875.0,24475.5,0
20230921,13,45.01,31875.0,24416.3,0
20230921,13,45.12,31875.0,24073.6,0
20230921,13,46.50,31875.0,24072.8,0
20230921,13,50.00,31875.0,24072.5,0
20230921,13,50.01,31877.8,24005.9,0
20230921,13,50.90,31877.8,24005.9,0
20230921,13,60.00,31877.8,24005.2,0
20230921,13,60.12,31877.8,23948.6,0
20230921,13,61.00,31877.8,23946.5,0
20230921,13,62.00,31877.8,23933.8,0
20230921,13,67.94,31877.8,23891.7,0
20230921,13,70.00,31877.8,23860.5,0
20230921,13,77.80,31877.8,23746.6,0
20230921,13,79.90,31877.8,23705.8,0
20230921,13,79.98,31897.8,23704.2,0
20230921,13,80.00,31897.8,23704.2,0
20230921,13,80.01,31897.8,23281.2,0
20230921,13,80.02,31897.8,23046.4,0
20230921,13,80.10,31897.8,23041.4,0
20230921,13,80.20,31897.8,23030.8,0
20230921,13,80.21,31917.8,23022.8,0
20230921,13,80.50,31917.8,23022.8,0
20230921,13,81.00,31917.8,23022.6,0
20230921,13,82.01,31917.8,22942.8,0
20230921,13,85.00,31917.8,22875.0,0
20230921,13,90.00,31917.8,22862.8,0
20230921,13,99.90,31917.8,22837.5,0
20230921,13,100.00,31917.8,22837.2,0
20230921,13,100.01,31929.9,20826.6,0
20230921,13,101.00,31929.9,20826.6,0
20230921,13,102.00,31929.9,20680.7,0
20230921,13,105.00,31929.9,20612.7,0
20230921,13,120.10,31929.9,20612.6,0
20230921,13,130.00,31929.9,20571.9,0
20230921,13,138.00,31929.9,20567.9,0
20230921,13,150.00,31929.9,20480.0,0
20230921,13,190.00,31929.9,20477.7,0
20230921,13,200.00,31929.9,20477.0,0
20230921,13,200.01,31929.9,19144.2,0
20230921,13,200.10,31929.9,17738.2,0
20230921,13,200.50,31929.9,17711.2,0
20230921,13,200.98,31929.9,17676.9,0
20230921,13,200.99,31929.9,17676.8,0
20230921,13,201.00,31929.9,17676.7,0
20230921,13,210.00,31929.9,17593.5,0
20230921,13,250.00,31929.9,16998.2,0
20230921,13,300.00,31929.9,16821.9,0
20230921,13,500.00,31929.9,16298.6,0
20230921,13,548.66,31929.9,16296.6,0
20230921,13,550.02,31929.9,16246.0,0
20230921,13,999.00,31929.9,16040.7,0
20230921,13,999.99,31929.9,0.0,0
20230921,14,0.00,0.0,37244.0,0
20230921,14,0.00,11915.1,37244.0,0
20230921,14,0.01,26710.1,37244.0,0
20230921,14,0.02,26890.7,37240.9,0
20230921,14,0.03,26890.7,37226.6,0
20230921,14,0.04,26905.4,37197.6,0
20230921,14,0.09,26905.4,37197.6,0
20230921,14,0.10,26905.4,37184.0,0
20230921,14,0.20,26905.4,37063.9,0
20230921,14,0.26,26977.3,36988.9,0
20230921,14,0.30,26977.3,36988.9,0
20230921,14,0.62,26977.3,36984.9,0
20230921,14,0.68,27000.3,36904.9,0
20230921,14,1.00,27687.9,36904.9,0
20230921,14,1.01,27688.3,36720.8,0
20230921,14,1.12,27688.3,36690.8,0
20230921,14,1.44,27688.3,36660.8,0
20230921,14,1.45,27689.4,36653.0,0
20230921,14,1.92,27698.4,36653.0,0
20230921,14,2.00,27698.6,36653.0,0
20230921,14,2.01,27698.6,36653.0,0
20230921,14,2.10,27698.6,36613.0,0
20230921,14,2.12,27698.6,36607.0,0
20230921,14,2.15,27814.9,36547.0,0
20230921,14,2.26,27818.9,36547.0,0
20230921,14,2.68,27820.9,36547.0,0
20230921,14,3.00,27824.1,36547.0,0
20230921,14,3.01,27824.1,36306.9,0
20230921,14,3.10,27824.1,36256.9,0
20230921,14,3.12,27824.1,36211.9,0
20230921,14,3.84,27833.2,36121.9,0
20230921,14,4.26,27838.1,36121.9,0
20230921,14,4.65,27852.8,36121.9,0
20230921,14,4.68,27855.8,36121.9,0
20230921,14,5.00,28004.3,36121.9,0
20230921,14,5.01,28005.0,36009.0,0
20230921,14,5.04,28005.0,35939.0,0
20230921,14,5.12,28005.0,35289.0,0
20230921,14,5.50,28005.1,35229.0,0
20230921,14,5.75,28014.3,35229.0,0
20230921,14,6.00,28044.4,35229.0,0
20230921,14,6.01,28044.4,35158.1,0
20230921,14,6.02,28053.1,35155.5,0
20230921,14,6.26,28058.1,35155.5,0
20230921,14,6.50,28068.1,35147.9,0
20230921,14,6.68,28071.1,35147.9,0
20230921,14,6.69,28071.1,35147.9,0
20230921,14,6.94,28081.2,35137.9,0
20230921,14,7.00,28119.6,35137.9,0
20230921,14,7.01,28119.6,35137.8,0
20230921,14,7.07,28120.0,35004.3,0
20230921,14,7.12,28120.0,35004.3,0
20230921,14,7.41,28120.0,34944.3,0
20230921,14,7.47,28120.0,34914.3,0
20230921,14,7.50,28160.0,34798.3,0
20230921,14,7.66,28169.1,34798.3,0
20230921,14,7.71,28169.1,34798.3,0
20230921,14,7.90,28169.1,34778.3,0
20230921,14,8.00,28198.2,34770.8,0
20230921,14,8.02,28211.3,34669.5,0
20230921,14,8.16,28211.3,34669.5,0
20230921,14,8.26,28216.9,34659.5,0
20230921,14,8.50,28218.3,34659.5,0
20230921,14,8.59,28218.3,34649.5,0
20230921,14,8.68,28221.3,34648.3,0
20230921,14,8.69,28221.3,34648.3,0
20230921,14,9.00,28221.3,34628.3,0
20230921,14,9.09,28221.3,34621.4,0
20230921,14,9.23,28221.3,34464.4,0
20230921,14,9.36,28221.3,34317.4,0
20230921,14,9.41,28221.3,34170.4,0
20230921,14,9.42,28222.9,34140.4,0
20230921,14,9.50,28222.9,34140.4,0
20230921,14,9.58,28231.9,33993.4,0
20230921,14,9.60,28231.9,33993.4,0
20230921,14,9.66,28231.9,33927.4,0
20230921,14,9.71,28231.9,33780.4,0
20230921,14,9.79,28231.9,33760.4,0
20230921,14,9.80,28231.9,33754.8,0
20230921,14,9.81,28231.9,33704.8,0
20230921,14,9.82,28231.9,33654.8,0
20230921,14,9.85,28238.6,33592.8,0
20230921,14,9.90,28239.2,33592.8,0
20230921,14,9.94,28241.7,33592.8,0
20230921,14,10.00,28300.7,33592.8,0
20230921,14,10.05,28321.2,33492.2,0
20230921,14,10.16,28321.2,33492.2,0
20230921,14,10.17,28321.2,33477.2,0
20230921,14,10.19,28321.2,33447.2,0
20230921,14,10.20,28321.2,33256.0,0
20230921,14,10.21,28329.0,33132.0,0
20230921,14,10.22,28329.6,33100.0,0
20230921,14,10.23,28329.6,33050.0,0
20230921,14,10.26,28335.6,33000.0,0
20230921,14,10.30,28335.7,33000.0,0
20230921,14,10.31,28338.1,33000.0,0
20230921,14,10.38,28338.1,33000.0,0
20230921,14,10.46,28338.1,32876.0,0
20230921,14,10.50,28338.1,32752.0,0
20230921,14,10.51,28338.1,32612.0,0
20230921,14,10.55,28338.7,32488.0,0
20230921,14,10.58,28338.7,32488.0,0
20230921,14,10.59,28473.1,32235.9,0
20230921,14,10.67,28475.6,32114.5,0
20230921,14,10.68,28478.6,32114.5,0
20230921,14,10.69,28478.6,32114.5,0
20230921,14,10.70,28480.4,32086.3,0
20230921,14,10.78,28480.4,32086.3,0
20230921,14,10.80,28492.2,32045.7,0
20230921,14,10.87,28492.8,32045.7,0
20230921,14,11.00,28492.8,32045.7,0
20230921,14,11.03,28495.2,32025.7,0
20230921,14,11.07,28495.2,32025.7,0
20230921,14,11.15,28499.3,32023.2,0
20230921,14,11.19,28912.0,32023.2,0
20230921,14,11.26,28912.0,32023.2,0
20230921,14,11.28,28912.0,31973.2,0
20230921,14,11.40,28914.3,31923.2,0
20230921,14,11.41,28914.3,31771.7,0
20230921,14,11.42,28914.4,31716.8,0
20230921,14,11.50,28914.4,31716.8,0
20230921,14,11.57,28914.5,31716.5,0
20230921,14,11.61,28914.5,31716.5,0
20230921,14,11.67,28914.5,31551.5,0
20230921,14,11.69,28914.5,31400.5,0
20230921,14,11.70,28914.9,31387.5,0
20230921,14,11.71,28915.3,31387.5,0
20230921,14,11.72,28916.6,31338.8,0
20230921,14,11.75,28916.6,31338.6,0
20230921,14,11.77,28918.1,31138.6,0
20230921,14,11.80,28918.1,31138.6,0
20230921,14,11.83,28918.1,31138.5,0
20230921,14,11.85,28918.1,30938.5,0
20230921,14,11.89,28918.1,30925.4,0
20230921,14,11.95,28918.6,30725.4,0
20230921,14,11.96,28918.6,30724.6,0
20230921,14,11.98,28918.6,30524.6,0
20230921,14,12.00,28986.6,30501.6,0
20230921,14,12.01,28986.6,30496.8,0
20230921,14,12.03,28986.6,30483.8,0
20230921,14,12.12,28987.1,30283.8,0
20230921,14,12.15,28987.1,30083.8,0
20230921,14,12.16,28987.1,29785.2,0
20230921,14,12.17,28987.1,29760.2,0
20230921,14,12.21,28987.1,29734.1,0
20230921,14,12.26,29037.7,29534.1,0
20230921,14,12.30,29038.2,29534.1,0
20230921,14,12.32,29038.2,29528.2,0
20230921,14,12.35,29038.2,29328.2,0
20230921,14,12.40,29038.2,29326.2,0
20230921,14,12.41,29038.2,29324.7,0
20230921,14,12.44,29038.2,29323.2,0
20230921,14,12.45,29038.7,29323.1,0
20230921,14,12.46,29038.8,29323.1,0
20230921,14,12.47,29039.3,29123.1,0
20230921,14,12.50,29039.3,29123.1,0
20230921,14,12.52,29039.5,29123.0,0
20230921,14,12.56,29039.5,29123.0,0
20230921,14,12.61,29039.5,29059.7,0
20230921,14,12.65,29040.0,29059.2,0
20230921,14,12.66,29040.0,29059.2,0
20230921,14,12.71,29040.0,28954.2,0
20230921,14,12.72,29040.4,28954.0,0
20230921,14,12.73,29040.8,28953.8,0
20230921,14,12.75,29040.8,28953.8,0
20230921,14,12.81,29040.8,28753.8,0
20230921,14,12.85,29193.3,28753.5,0
20230921,14,12.86,29193.3,28753.5,0
20230921,14,13.00,29193.4,28728.5,0
20230921,14,13.01,29193.4,28717.3,0
20230921,14,13.02,29195.8,28716.2,0
20230921,14,13.04,29195.8,28716.2,0
20230921,14,13.05,29195.8,28707.5,0
20230921,14,13.18,29195.8,28673.8,0
20230921,14,13.20,29195.8,28673.7,0
20230921,14,13.21,29195.8,28673.6,0
20230921,14,13.22,29196.0,28623.6,0
20230921,14,13.39,29258.8,28622.4,0
20230921,14,13.41,29278.8,28622.4,0
20230921,14,13.50,29288.8,28622.4,0
20230921,14,13.51,29289.4,28617.8,0
20230921,14,13.66,29289.4,28617.8,0
20230921,14,13.67,29289.6,28568.0,0
20230921,14,13.91,29289.6,28568.0,0
20230921,14,13.95,29289.6,28567.8,0
20230921,14,13.96,29289.6,28557.6,0
20230921,14,14.00,29289.6,28557.5,0
20230921,14,14.02,29289.6,28393.6,0
20230921,14,14.10,29289.6,28310.6,0
20230921,14,14.14,29292.1,28310.0,0
20230921,14,14.26,29292.1,28310.0,0
20230921,14,14.29,29292.1,28290.4,0
20230921,14,14.30,29292.1,28290.3,0
20230921,14,14.50,29292.1,28287.9,0
20230921,14,14.53,29292.1,28286.0,0
20230921,14,14.55,29292.1,28006.0,0
20230921,14,14.67,29292.1,28005.4,0
20230921,14,14.68,29292.1,28000.8,0
20230921,14,14.83,29292.1,28000.5,0
20230921,14,14.99,29292.1,28000.4,0
20230921,14,15.00,29417.1,28000.3,0
20230921,14,15.01,29417.1,27996.8,0
20230921,14,15.17,29505.1,27995.3,0
20230921,14,15.20,29505.1,27995.3,0
20230921,14,15.22,29505.1,27995.2,0
20230921,14,15.40,29505.1,27987.3,0
20230921,14,15.41,29562.0,27986.4,0
20230921,14,15.42,29562.1,27986.4,0
20230921,14,15.45,29562.1,27986.4,0
20230921,14,15.50,29562.1,27948.4,0
20230921,14,15.58,29562.1,27947.9,0
20230921,14,15.70,29562.1,27947.1,0
20230921,14,15.71,29573.6,27938.7,0
20230921,14,15.80,29573.6,27938.7,0
20230921,14,15.83,29637.6,27938.4,0
20230921,14,15.90,29644.6,27938.4,0
20230921,14,15.91,29644.6,27938.4,0
20230921,14,15.98,29708.6,27938.2,0
20230921,14,15.99,29708.6,27938.2,0
20230921,14,16.00,29709.6,27800.2,0
20230921,14,16.05,29709.6,27670.9,0
20230921,14,16.07,29759.6,27663.4,0
20230921,14,16.10,29760.6,27663.4,0
20230921,14,16.12,29824.6,27661.2,0
20230921,14,16.16,29854.5,27661.2,0
20230921,14,16.18,29904.5,27661.2,0
20230921,14,16.20,29905.5,27661.2,0
20230921,14,16.26,29905.5,27661.2,0
20230921,14,16.27,29969.5,27657.6,0
20230921,14,16.30,29970.5,27657.6,0
20230921,14,16.37,30034.5,27657.6,0
20230921,14,16.40,30034.5,27657.6,0
20230921,14,16.41,30034.5,27649.4,0
20230921,14,16.47,30098.5,27649.1,0
20230921,14,16.49,30098.5,27649.1,0
20230921,14,16.55,30098.5,27648.0,0
20230921,14,16.57,30162.5,27626.3,0
20230921,14,16.68,30162.5,27626.3,0
20230921,14,16.72,30162.5,27623.4,0
20230921,14,16.73,30162.5,27618.9,0
20230921,14,16.75,30226.5,27618.3,0
20230921,14,16.85,30290.5,27618.3,0
20230921,14,16.99,30290.5,27618.3,0
20230921,14,17.00,30290.5,27618.2,0
20230921,14,17.03,30354.5,27521.2,0
20230921,14,17.08,30418.5,27521.2,0
20230921,14,17.16,30439.2,27521.2,0
20230921,14,17.18,30439.2,27521.2,0
20230921,14,17.20,30439.2,27505.0,0
20230921,14,17.21,30439.2,27503.9,0
20230921,14,17.25,30439.2,27496.2,0
20230921,14,17.31,30439.2,27495.6,0
20230921,14,17.45,30439.2,27443.6,0
20230921,14,17.49,30439.2,27443.4,0
20230921,14,17.50,30439.2,27399.4,0
20230921,14,17.62,30445.2,27399.3,0
20230921,14,17.65,30551.2,27399.3,0
20230921,14,17.77,30551.2,27399.3,0
20230921,14,17.90,30551.2,27369.3,0
20230921,14,18.00,30551.2,27128.3,0
20230921,14,18.03,30551.2,27069.4,0
20230921,14,18.05,30551.2,27054.3,0
20230921,14,18.26,30551.2,27053.1,0
20230921,14,18.29,30551.2,27051.2,0
20230921,14,18.30,30551.2,27042.4,0
20230921,14,18.62,30551.2,27042.3,0
20230921,14,18.68,30551.2,27032.5,0
20230921,14,18.81,30551.2,27030.5,0
20230921,14,18.96,30551.2,26978.5,0
20230921,14,19.00,30551.2,26976.9,0
20230921,14,19.06,30551.2,26976.4,0
20230921,14,19.29,30551.2,26675.4,0
20230921,14,19.67,30551.2,26674.9,0
20230921,14,19.71,30760.2,26632.6,0
20230921,14,19.75,30760.2,26632.6,0
20230921,14,19.86,30760.2,26496.9,0
20230921,14,20.00,30760.2,26472.2,0
20230921,14,20.11,30771.7,26423.6,0
20230921,14,20.26,30771.7,26423.6,0
20230921,14,20.68,30771.7,26422.6,0
20230921,14,20.79,30771.7,26420.6,0
20230921,14,21.12,30771.7,26418.3,0
20230921,14,21.41,30771.7,25028.3,0
20230921,14,21.73,30771.7,25025.2,0
20230921,14,21.95,30771.7,25018.9,0
20230921,14,22.26,30771.7,25017.7,0
20230921,14,22.28,30821.7,25016.8,0
20230921,14,22.68,30821.7,25016.8,0
20230921,14,22.94,30821.7,25015.6,0
20230921,14,23.00,30834.7,25014.6,0
20230921,14,23.03,30834.7,25014.6,0
20230921,14,23.85,30834.7,25014.5,0
20230921,14,24.32,30834.7,25003.1,0
20230921,14,24.38,30834.7,24998.7,0
20230921,14,24.68,30834.7,24714.7,0
20230921,14,25.00,30834.7,24713.7,0
20230921,14,25.80,30834.7,24713.0,0
20230921,14,26.68,30834.7,24710.7,0
20230921,14,27.00,30834.7,24709.7,0
20230921,14,27.01,30834.7,24525.8,0
20230921,14,27.41,30834.7,24515.7,0
20230921,14,28.68,30834.7,24514.5,0
20230921,14,29.00,30834.7,24513.7,0
20230921,14,29.10,30834.7,24511.5,0
20230921,14,29.97,30834.7,24511.0,0
20230921,14,30.00,30834.7,24502.7,0
20230921,14,30.36,30834.7,24427.4,0
20230921,14,30.56,30834.7,24413.5,0
20230921,14,31.05,30834.7,24412.5,0
20230921,14,31.15,30834.7,24411.3,0
20230921,14,31.92,30834.7,24408.5,0
20230921,14,32.00,30834.7,24404.1,0
20230921,14,32.57,30834.7,24247.4,0
20230921,14,32.70,30835.6,24246.3,0
20230921,14,32.87,30835.6,24246.3,0
20230921,14,33.03,30835.6,24236.5,0
20230921,14,34.00,30835.6,24236.1,0
20230921,14,34.70,30835.6,24215.6,0
20230921,14,35.00,30835.6,24189.8,0
20230921,14,36.00,30835.6,24156.0,0
20230921,14,36.01,30835.6,24130.0,0
20230921,14,36.98,30835.6,24127.2,0
20230921,14,38.04,30835.6,24122.7,0
20230921,14,39.09,30835.6,24122.5,0
20230921,14,39.51,30835.6,24118.1,0
20230921,14,39.98,30895.6,24117.4,0
20230921,14,40.00,30895.6,24117.4,0
20230921,14,40.01,30895.6,24081.2,0
20230921,14,41.34,30895.6,24081.1,0
20230921,14,42.68,30895.6,24058.5,0
20230921,14,45.00,30895.6,24044.6,0
20230921,14,45.01,30895.6,23973.9,0
20230921,14,45.12,30895.6,23567.3,0
20230921,14,46.00,30895.6,23566.3,0
20230921,14,50.00,30895.6,23564.8,0
20230921,14,50.01,30899.5,23494.4,0
20230921,14,50.90,30899.5,23494.4,0
20230921,14,52.50,30899.5,23493.6,0
20230921,14,56.50,30899.5,23493.5,0
20230921,14,60.00,30899.5,23493.2,0
20230921,14,60.12,30899.5,23432.8,0
20230921,14,61.00,30899.5,23429.8,0
20230921,14,62.00,30899.5,23415.8,0
20230921,14,67.94,30899.5,23370.8,0
20230921,14,77.80,30899.5,23339.9,0
20230921,14,79.90,30899.5,23293.5,0
20230921,14,79.98,30919.5,23291.0,0
20230921,14,80.00,30919.5,23291.0,0
20230921,14,80.01,30919.5,22711.5,0
20230921,14,80.02,30919.5,22470.9,0
20230921,14,80.10,30919.5,22465.9,0
20230921,14,80.20,30919.5,22455.0,0
20230921,14,80.21,30939.5,22447.0,0
20230921,14,80.50,30939.5,22447.0,0
20230921,14,81.00,30939.5,22446.8,0
20230921,14,82.01,30939.5,22340.3,0
20230921,14,85.00,30939.5,22263.3,0
20230921,14,90.00,30939.5,22248.5,0
20230921,14,99.90,30939.5,22221.7,0
20230921,14,100.00,30939.5,22221.5,0
20230921,14,100.01,30952.9,20905.9,0
20230921,14,101.00,30952.9,20905.9,0
20230921,14,102.00,30952.9,20760.0,0
20230921,14,105.00,30952.9,20665.4,0
20230921,14,120.10,30952.9,20665.3,0
20230921,14,130.00,30952.9,20620.8,0
20230921,14,138.00,30952.9,20616.3,0
20230921,14,150.00,30952.9,20528.5,0
20230921,14,190.00,30952.9,20526.2,0
20230921,14,200.00,30952.9,20525.4,0
20230921,14,200.01,30952.9,19120.2,0
20230921,14,200.10,30952.9,17685.3,0
20230921,14,200.50,30952.9,17658.3,0
20230921,14,200.98,30952.9,17618.7,0
20230921,14,200.99,30952.9,17618.6,0
20230921,14,201.00,30952.9,17618.5,0
20230921,14,210.00,30952.9,17527.8,0
20230921,14,250.00,30952.9,16924.8,0
20230921,14,300.00,30952.9,16746.8,0
20230921,14,500.00,30952.9,16223.3,0
20230921,14,548.66,30952.9,16221.3,0
20230921,14,550.02,30952.9,16162.3,0
20230921,14,999.00,30952.9,15955.2,0
20230921,14,999.99,30952.9,0.0,0
20230921,15,0.00,0.0,38659.3,0
20230921,15,0.00,12893.5,38659.3,0
20230921,15,0.01,27728.0,38659.3,0
20230921,15,0.02,27906.2,38655.9,0
20230921,15,0.03,27906.4,38628.8,0
20230921,15,0.04,27917.7,38597.6,0
20230921,15,0.09,27917.7,38597.6,0
20230921,15,0.10,27917.7,38570.4,0
20230921,15,0.20,27917.7,38450.3,0
20230921,15,0.30,27917.7,38375.3,0
20230921,15,0.62,27917.7,38371.3,0
20230921,15,0.90,27918.7,38291.3,0
20230921,15,0.96,27979.3,38291.3,0
20230921,15,1.00,28628.7,38291.3,0
20230921,15,1.01,28630.5,38093.8,0
20230921,15,1.12,28630.5,38063.8,0
20230921,15,1.45,28655.6,38033.8,0
20230921,15,1.90,28657.4,38033.8,0
20230921,15,1.95,28664.6,38033.8,0
20230921,15,2.00,28665.1,38033.8,0
20230921,15,2.01,28665.1,38033.8,0
20230921,15,2.10,28665.1,37993.8,0
20230921,15,2.12,28665.1,37987.8,0
20230921,15,2.15,28783.2,37927.8,0
20230921,15,3.00,28785.0,37927.8,0
20230921,15,3.01,28785.0,37687.7,0
20230921,15,3.10,28785.0,37637.7,0
20230921,15,3.12,28785.0,37592.7,0
20230921,15,3.21,28789.7,37502.7,0
20230921,15,3.70,28792.4,37502.7,0
20230921,15,3.78,28794.2,37502.7,0
20230921,15,3.90,28801.5,37502.7,0
20230921,15,4.65,28823.1,37502.7,0
20230921,15,5.00,28965.6,37502.7,0
20230921,15,5.01,28968.4,37381.9,0
20230921,15,5.04,28968.4,37311.9,0
20230921,15,5.12,28968.4,36661.9,0
20230921,15,5.46,28973.4,36601.9,0
20230921,15,5.50,28973.5,36601.9,0
20230921,15,5.67,28975.4,36601.9,0
20230921,15,5.84,28982.7,36601.9,0
20230921,15,5.95,28985.7,36601.9,0
20230921,15,6.00,29009.2,36601.9,0
20230921,15,6.01,29009.2,36524.2,0
20230921,15,6.02,29018.7,36521.4,0
20230921,15,6.26,29018.7,36521.4,0
20230921,15,6.50,29028.7,36513.8,0
20230921,15,6.94,29037.9,36513.8,0
20230921,15,7.00,29070.8,36513.8,0
20230921,15,7.01,29070.8,36513.7,0
20230921,15,7.12,29070.8,36365.8,0
20230921,15,7.19,29070.8,36305.8,0
20230921,15,7.44,29070.8,36295.8,0
20230921,15,7.47,29070.8,36285.8,0
20230921,15,7.50,29110.8,36169.8,0
20230921,15,7.55,29112.6,36169.8,0
20230921,15,7.63,29112.6,36169.8,0
20230921,15,7.71,29117.9,36159.8,0
20230921,15,7.79,29125.2,36159.8,0
20230921,15,7.90,29125.2,36159.8,0
20230921,15,7.94,29125.2,36152.1,0
20230921,15,8.00,29154.1,36036.1,0
20230921,15,8.02,29168.6,35930.4,0
20230921,15,8.20,29171.6,35930.4,0
20230921,15,8.21,29172.0,35930.4,0
20230921,15,8.29,29172.0,35930.4,0
20230921,15,8.50,29173.5,35900.4,0
20230921,15,8.59,29173.5,35890.4,0
20230921,15,8.80,29174.0,35889.0,0
20230921,15,8.87,29174.0,35889.0,0
20230921,15,9.00,29174.0,35879.0,0
20230921,15,9.09,29174.0,35872.0,0
20230921,15,9.19,29174.0,35715.0,0
20230921,15,9.23,29174.0,35705.0,0
20230921,15,9.36,29174.0,35558.0,0
20230921,15,9.44,29175.8,35411.0,0
20230921,15,9.48,29175.8,35391.0,0
20230921,15,9.50,29175.8,35376.1,0
20230921,15,9.60,29175.8,35229.1,0
20230921,15,9.63,29175.8,35158.1,0
20230921,15,9.66,29175.8,35148.1,0
20230921,15,9.73,29183.0,35001.1,0
20230921,15,9.75,29183.6,35001.1,0
20230921,15,9.78,29189.7,35001.1,0
20230921,15,9.79,29189.7,35001.1,0
20230921,15,9.80,29189.7,34995.5,0
20230921,15,9.81,29189.7,34945.5,0
20230921,15,9.82,29189.7,34895.5,0
20230921,15,9.96,29195.7,34832.5,0
20230921,15,10.00,29239.4,34832.5,0
20230921,15,10.05,29259.4,34731.5,0
20230921,15,10.06,29260.0,34731.5,0
20230921,15,10.09,29262.5,34731.5,0
20230921,15,10.17,29262.5,34731.5,0
20230921,15,10.19,29262.5,34701.5,0
20230921,15,10.20,29262.5,34510.3,0
20230921,15,10.22,29262.5,34386.3,0
20230921,15,10.23,29262.5,34337.3,0
20230921,15,10.25,29262.5,34287.3,0
20230921,15,10.29,29262.5,34287.2,0
20230921,15,10.37,29263.1,34257.2,0
20230921,15,10.38,29263.1,34257.2,0
20230921,15,10.45,29268.5,34133.2,0
20230921,15,10.46,29268.5,34133.2,0
20230921,15,10.50,29268.5,34009.2,0
20230921,15,10.51,29268.5,33869.2,0
20230921,15,10.58,29268.5,33745.2,0
20230921,15,10.59,29268.5,33493.1,0
20230921,15,10.68,29269.1,33239.5,0
20230921,15,10.78,29269.1,33239.5,0
20230921,15,10.80,29281.7,33211.3,0
20230921,15,10.81,29284.2,33211.3,0
20230921,15,10.87,29284.2,33211.3,0
20230921,15,10.90,29284.2,33196.3,0
20230921,15,10.99,29284.8,33193.6,0
20230921,15,11.00,29284.8,33193.6,0
20230921,15,11.01,29285.4,33173.1,0
20230921,15,11.10,29285.4,33171.1,0
20230921,15,11.11,29286.0,33171.0,0
20230921,15,11.12,29286.1,33171.0,0
20230921,15,11.15,29290.3,33171.0,0
20230921,15,11.17,29292.7,33171.0,0
20230921,15,11.19,29704.8,33171.0,0
20230921,15,11.25,29705.0,33141.0,0
20230921,15,11.40,29705.0,33141.0,0
20230921,15,11.44,29705.0,32990.0,0
20230921,15,11.45,29709.6,32964.6,0
20230921,15,11.48,29709.6,32964.6,0
20230921,15,11.49,29709.6,32914.6,0
20230921,15,11.50,29709.6,32864.6,0
20230921,15,11.53,29711.9,32864.3,0
20230921,15,11.61,29711.9,32863.8,0
20230921,15,11.63,29711.9,32698.8,0
20230921,15,11.64,29714.4,32681.0,0
20230921,15,11.67,29714.4,32681.0,0
20230921,15,11.69,29714.4,32530.0,0
20230921,15,11.75,29714.4,32505.0,0
20230921,15,11.80,29714.4,32305.0,0
20230921,15,11.83,29714.4,32304.9,0
20230921,15,11.84,29714.4,32104.9,0
20230921,15,11.89,29714.4,32094.1,0
20230921,15,11.95,29714.4,31894.1,0
20230921,15,11.96,29714.4,31893.2,0
20230921,15,12.00,29782.4,31682.3,0
20230921,15,12.03,29782.4,31674.1,0
20230921,15,12.08,29782.4,31474.1,0
20230921,15,12.12,29782.4,31463.3,0
20230921,15,12.13,29782.4,31263.3,0
20230921,15,12.15,29782.4,31262.7,0
20230921,15,12.19,29782.4,31235.3,0
20230921,15,12.20,29782.4,31234.8,0
20230921,15,12.21,29782.4,31212.6,0
20230921,15,12.24,29782.4,31012.6,0
20230921,15,12.26,29895.8,31000.3,0
20230921,15,12.29,29895.8,31000.3,0
20230921,15,12.30,29897.8,30947.3,0
20230921,15,12.32,29897.8,30941.2,0
20230921,15,12.34,29897.8,30741.2,0
20230921,15,12.44,29898.0,30673.4,0
20230921,15,12.45,29899.1,30473.4,0
20230921,15,12.46,29900.2,30473.4,0
20230921,15,12.47,29900.2,30473.4,0
20230921,15,12.50,29902.7,30471.2,0
20230921,15,12.60,29910.5,30471.1,0
20230921,15,12.64,29911.2,30471.1,0
20230921,15,12.65,29911.9,30468.9,0
20230921,15,12.66,29911.9,30468.9,0
20230921,15,12.68,29911.9,30363.9,0
20230921,15,12.69,29911.9,30333.9,0
20230921,15,12.72,29911.9,30283.9,0
20230921,15,12.73,29911.9,30283.4,0
20230921,15,12.80,29911.9,29789.0,0
20230921,15,12.85,30014.9,29786.8,0
20230921,15,12.87,30014.9,29786.8,0
20230921,15,12.93,30014.9,29761.8,0
20230921,15,12.97,30014.9,29761.6,0
20230921,15,13.00,30014.9,29757.2,0
20230921,15,13.01,30014.9,29744.7,0
20230921,15,13.02,30017.6,29743.5,0
20230921,15,13.04,30017.6,29743.5,0
20230921,15,13.05,30017.6,29734.8,0
20230921,15,13.14,30017.8,29701.1,0
20230921,15,13.18,30017.8,29701.1,0
20230921,15,13.20,30017.8,29701.0,0
20230921,15,13.30,30020.7,29700.9,0
20230921,15,13.31,30023.6,29700.9,0
20230921,15,13.32,30023.6,29700.9,0
20230921,15,13.39,30023.6,29699.7,0
20230921,15,13.50,30033.6,29599.7,0
20230921,15,13.75,30036.1,29598.1,0
20230921,15,13.95,30036.1,29598.1,0
20230921,15,14.00,30036.1,29586.5,0
20230921,15,14.02,30036.1,29422.8,0
20230921,15,14.10,30036.1,29339.8,0
20230921,15,14.23,30036.1,29339.2,0
20230921,15,14.24,30036.1,29339.0,0
20230921,15,14.26,30036.1,29338.9,0
20230921,15,14.29,30056.1,29319.9,0
20230921,15,14.30,30056.1,29319.9,0
20230921,15,14.37,30056.1,29319.5,0
20230921,15,14.38,30056.5,29269.9,0
20230921,15,14.45,30056.5,29269.9,0
20230921,15,14.46,30056.5,29265.2,0
20230921,15,14.50,30056.5,29264.6,0
20230921,15,14.53,30056.5,29262.7,0
20230921,15,14.55,30056.5,28972.7,0
20230921,15,14.73,30056.5,28972.1,0
20230921,15,14.92,30056.5,28972.0,0
20230921,15,14.95,30056.5,28930.0,0
20230921,15,14.99,30056.5,28929.7,0
20230921,15,15.00,30295.6,28929.6,0
20230921,15,15.10,30295.6,28926.1,0
20230921,15,15.17,30383.6,28714.1,0
20230921,15,15.18,30383.6,28714.1,0
20230921,15,15.19,30386.6,28707.2,0
20230921,15,15.20,30386.6,28707.2,0
20230921,15,15.22,30386.6,28707.1,0
20230921,15,15.45,30386.6,28700.6,0
20230921,15,15.50,30386.6,28662.6,0
20230921,15,15.53,30386.6,28662.0,0
20230921,15,15.58,30386.6,28661.6,0
20230921,15,15.63,30396.6,28660.8,0
20230921,15,15.65,30460.6,28660.8,0
20230921,15,15.80,30460.6,28660.8,0
20230921,15,15.83,30524.6,28660.5,0
20230921,15,15.85,30524.6,28660.5,0
20230921,15,15.90,30533.6,28660.2,0
20230921,15,15.91,30533.6,28660.2,0
20230921,15,15.98,30597.6,28660.0,0
20230921,15,16.00,30648.6,28660.0,0
20230921,15,16.05,30648.6,28498.4,0
20230921,15,16.10,30699.6,28491.4,0
20230921,15,16.12,30763.6,28489.3,0
20230921,15,16.20,30764.6,28489.3,0
20230921,15,16.27,30892.6,28489.3,0
20230921,15,16.29,30950.4,28489.3,0
20230921,15,16.30,30951.4,28489.3,0
20230921,15,16.40,30951.4,28489.3,0
20230921,15,16.47,31015.4,28480.5,0
20230921,15,16.57,31079.4,28480.5,0
20230921,15,16.60,31079.4,28480.5,0
20230921,15,16.64,31079.4,28403.5,0
20230921,15,16.66,31143.4,28402.4,0
20230921,15,16.70,31143.4,28402.4,0
20230921,15,16.71,31143.4,28402.3,0
20230921,15,16.75,31207.4,28398.5,0
20230921,15,16.76,31207.4,28398.5,0
20230921,15,16.82,31207.4,28397.8,0
20230921,15,16.83,31207.4,28395.0,0
20230921,15,16.87,31237.3,28394.8,0
20230921,15,16.94,31301.3,28394.8,0
20230921,15,16.98,31301.3,28394.8,0
20230921,15,16.99,31301.3,28375.9,0
20230921,15,17.00,31301.3,28375.8,0
20230921,15,17.03,31365.3,28355.8,0
20230921,15,17.06,31365.3,28355.8,0
20230921,15,17.16,31419.9,28303.8,0
20230921,15,17.18,31419.9,28303.8,0
20230921,15,17.20,31419.9,28287.6,0
20230921,15,17.21,31419.9,28284.7,0
20230921,15,17.25,31419.9,28276.2,0
20230921,15,17.45,31419.9,28231.5,0
20230921,15,17.47,31471.9,28231.3,0
20230921,15,17.50,31471.9,28231.3,0
20230921,15,17.65,31577.9,28231.2,0
20230921,15,17.77,31577.9,28231.2,0
20230921,15,17.90,31577.9,28201.2,0
20230921,15,17.96,31577.9,28196.7,0
20230921,15,18.00,31577.9,28071.7,0
20230921,15,18.03,31577.9,28002.2,0
20230921,15,18.09,31577.9,28002.1,0
20230921,15,18.10,31577.9,27871.1,0
20230921,15,18.13,31577.9,27861.2,0
20230921,15,18.29,31577.9,27860.1,0
20230921,15,18.30,31577.9,27858.7,0
20230921,15,18.60,31577.9,27858.6,0
20230921,15,18.62,31577.9,27858.5,0
20230921,15,18.80,31577.9,27848.7,0
20230921,15,18.81,31577.9,27547.7,0
20230921,15,18.96,31577.9,27503.7,0
20230921,15,19.00,31577.9,27501.7,0
20230921,15,19.24,31577.9,27500.9,0
20230921,15,19.45,31577.9,27499.4,0
20230921,15,19.50,31577.9,27455.0,0
20230921,15,19.71,31786.9,27453.9,0
20230921,15,19.73,31786.9,27453.9,0
20230921,15,19.86,31786.9,27453.1,0
20230921,15,20.00,31786.9,27423.9,0
20230921,15,20.01,31786.9,27375.7,0
20230921,15,20.11,31798.4,27374.3,0
20230921,15,20.46,31798.4,27374.3,0
20230921,15,20.51,31798.4,27219.0,0
20230921,15,20.85,31798.4,27215.6,0
20230921,15,21.00,31798.4,27212.1,0
20230921,15,21.12,31798.4,27212.0,0
20230921,15,21.21,31798.4,25822.0,0
20230921,15,21.70,31798.4,25820.6,0
20230921,15,21.76,31798.4,25818.6,0
20230921,15,22.02,31798.4,25812.3,0
20230921,15,22.17,31798.4,25644.3,0
20230921,15,22.28,31848.4,25643.1,0
20230921,15,22.94,31848.4,25643.1,0
20230921,15,23.00,31861.4,25641.6,0
20230921,15,23.03,31861.4,25641.6,0
20230921,15,23.46,31861.4,25641.5,0
20230921,15,23.95,31861.4,25640.5,0
20230921,15,24.00,31861.4,25639.1,0
20230921,15,24.53,31861.4,25638.7,0
20230921,15,24.95,31861.4,25635.8,0
20230921,15,25.00,31861.4,25631.2,0
20230921,15,26.11,31861.4,25624.8,0
20230921,15,26.20,31861.4,25620.4,0
20230921,15,27.00,31861.4,25619.4,0
20230921,15,27.01,31861.4,25434.9,0
20230921,15,27.20,31861.4,25425.7,0
20230921,15,27.70,31861.4,25423.3,0
20230921,15,28.45,31861.4,25422.1,0
20230921,15,29.00,31861.4,25421.1,0
20230921,15,29.10,31861.4,25418.2,0
20230921,15,29.97,31861.4,25417.7,0
20230921,15,30.00,31861.4,25400.8,0
20230921,15,30.01,31861.4,25310.8,0
20230921,15,30.36,31861.4,25310.0,0
20230921,15,30.56,31861.4,25293.6,0
20230921,15,30.70,31861.4,25292.5,0
20230921,15,31.39,31861.4,25291.5,0
20230921,15,32.00,31861.4,25290.3,0
20230921,15,32.23,31861.4,25112.3,0
20230921,15,32.70,31862.3,25109.5,0
20230921,15,32.93,31862.3,25109.5,0
20230921,15,32.95,31862.3,25108.4,0
20230921,15,33.03,31862.3,25107.6,0
20230921,15,33.23,31862.3,25107.2,0
20230921,15,34.00,31862.3,25095.4,0
20230921,15,34.33,31862.3,25071.6,0
20230921,15,34.54,31862.3,25067.2,0
20230921,15,35.00,31862.3,25040.3,0
20230921,15,36.00,31862.3,24997.5,0
20230921,15,37.37,31862.3,24961.7,0
20230921,15,39.51,31862.3,24958.9,0
20230921,15,39.80,31862.3,24956.1,0
20230921,15,39.94,31862.3,24951.6,0
20230921,15,39.98,31922.3,24912.0,0
20230921,15,40.00,31922.3,24912.0,0
20230921,15,40.01,31922.3,24869.6,0
20230921,15,41.11,31922.3,24869.5,0
20230921,15,42.08,31922.3,24844.7,0
20230921,15,42.49,31922.3,24840.3,0
20230921,15,42.54,31922.3,24825.1,0
20230921,15,45.00,31922.3,24814.9,0
20230921,15,45.01,31922.3,24729.6,0
20230921,15,45.12,31922.3,24278.0,0
20230921,15,46.00,31922.3,24276.6,0
20230921,15,50.00,31922.3,24265.4,0
20230921,15,50.01,31926.6,24188.6,0
20230921,15,50.90,31926.6,24188.6,0
20230921,15,52.50,31926.6,24187.9,0
20230921,15,56.50,31926.6,24187.8,0
20230921,15,60.00,31926.6,24187.5,0
20230921,15,60.12,31926.6,24120.9,0
20230921,15,61.00,31926.6,24116.9,0
20230921,15,62.00,31926.6,24100.9,0
20230921,15,67.94,31926.6,24051.0,0
20230921,15,75.00,31926.6,24017.6,0
20230921,15,77.24,31926.6,23885.8,0
20230921,15,77.80,31926.6,23834.0,0
20230921,15,79.90,31926.6,23778.5,0
20230921,15,79.98,31946.6,23774.4,0
20230921,15,80.00,31946.6,23774.4,0
20230921,15,80.01,31946.6,23237.1,0
20230921,15,80.02,31946.6,22960.0,0
20230921,15,80.10,31946.6,22955.0,0
20230921,15,80.12,31946.6,22942.4,0
20230921,15,80.20,31946.6,22942.0,0
20230921,15,80.21,31966.6,22934.0,0
20230921,15,80.50,31966.6,22934.0,0
20230921,15,81.00,31966.6,22933.8,0
20230921,15,82.01,31966.6,22821.9,0
20230921,15,85.00,31966.6,22736.6,0
20230921,15,90.00,31966.6,22715.5,0
20230921,15,99.90,31966.6,22686.2,0
20230921,15,100.00,31966.6,22685.7,0
20230921,15,100.01,31981.9,21142.4,0
20230921,15,101.00,31981.9,21142.4,0
20230921,15,102.00,31981.9,20996.5,0
20230921,15,105.00,31981.9,20869.9,0
20230921,15,120.10,31981.9,20869.8,0
20230921,15,130.00,31981.9,20819.0,0
20230921,15,138.00,31981.9,20813.6,0
20230921,15,150.00,31981.9,20724.9,0
20230921,15,190.00,31981.9,20722.5,0
20230921,15,200.00,31981.9,20721.5,0
20230921,15,200.01,31981.9,19112.1,0
20230921,15,200.10,31981.9,17641.4,0
20230921,15,200.50,31981.9,17609.0,0
20230921,15,200.98,31981.9,17560.2,0
20230921,15,200.99,31981.9,17560.1,0
20230921,15,201.00,31981.9,17560.0,0
20230921,15,210.00,31981.9,17460.8,0
20230921,15,250.00,31981.9,16850.1,0
20230921,15,300.00,31981.9,16670.3,0
20230921,15,500.00,31981.9,16146.5,0
20230921,15,548.66,31981.9,16144.5,0
20230921,15,550.02,31981.9,16061.0,0
20230921,15,999.00,31981.9,15850.1,0
20230921,15,999.99,31981.9,0.0,0
20230921,16,0.00,0.0,22170.0,0
20230921,16,0.00,6711.2,22170.0,0
20230921,16,0.01,16217.2,22170.0,0
20230921,16,0.02,16238.1,22169.1,0
20230921,16,0.03,16238.3,22154.8,0
20230921,16,0.04,16242.9,22133.8,0
20230921,16,0.09,16242.9,22133.8,0
20230921,16,0.10,16242.9,22123.8,0
20230921,16,0.20,16242.9,22003.7,0
20230921,16,0.30,16242.9,21988.7,0
20230921,16,0.60,16256.9,21984.7,0
20230921,16,0.62,16256.9,21984.7,0
20230921,16,0.70,16257.9,21944.7,0
20230921,16,0.80,16258.9,21944.7,0
20230921,16,0.90,16259.9,21944.7,0
20230921,16,1.00,16789.5,21944.7,0
20230921,16,1.01,16791.2,21791.0,0
20230921,16,1.12,16808.8,21771.0,0
20230921,16,1.60,16833.7,21761.0,0
20230921,16,2.01,16833.7,21761.0,0
20230921,16,2.10,16833.7,21736.0,0
20230921,16,2.12,16833.7,21730.0,0
20230921,16,2.15,16951.8,21710.0,0
20230921,16,2.33,16954.3,21710.0,0
20230921,16,3.00,16954.3,21710.0,0
20230921,16,3.01,16954.3,21589.9,0
20230921,16,3.10,16954.3,21564.9,0
20230921,16,3.12,16954.3,21534.9,0
20230921,16,3.37,16955.3,21504.9,0
20230921,16,3.85,16957.3,21504.9,0
20230921,16,4.65,16988.2,21504.9,0
20230921,16,5.00,17040.1,21504.9,0
20230921,16,5.01,17045.0,21448.4,0
20230921,16,5.12,17045.0,21413.4,0
20230921,16,5.62,17046.0,21393.4,0
20230921,16,6.00,17046.0,21393.4,0
20230921,16,6.02,17049.0,21323.0,0
20230921,16,6.10,17051.6,21323.0,0
20230921,16,6.26,17051.6,21323.0,0
20230921,16,6.97,17054.1,21317.0,0
20230921,16,7.00,17055.4,21317.0,0
20230921,16,7.01,17055.4,21316.9,0
20230921,16,7.06,17055.4,21143.7,0
20230921,16,7.12,17055.4,21133.7,0
20230921,16,7.38,17055.4,21113.7,0
20230921,16,7.39,17055.4,21103.7,0
20230921,16,7.50,17095.4,21093.7,0
20230921,16,7.87,17096.4,21093.7,0
20230921,16,7.90,17096.4,21093.7,0
20230921,16,8.00,17124.9,21085.6,0
20230921,16,8.02,17139.1,21053.9,0
20230921,16,8.35,17142.1,21053.9,0
20230921,16,8.50,17142.1,21053.9,0
20230921,16,9.06,17142.1,21043.9,0
20230921,16,9.09,17142.1,21033.9,0
20230921,16,9.29,17144.7,20876.9,0
20230921,16,9.38,17144.7,20876.9,0
20230921,16,9.39,17144.7,20866.9,0
20230921,16,10.00,17172.4,20851.9,0
20230921,16,10.10,17172.4,20761.9,0
20230921,16,10.12,17173.4,20759.7,0
20230921,16,10.17,17173.4,20759.7,0
20230921,16,10.19,17173.4,20729.7,0
20230921,16,10.21,17173.4,20538.5,0
20230921,16,10.50,17173.4,20511.5,0
20230921,16,10.58,17173.4,20461.5,0
20230921,16,10.59,17367.0,20211.4,0
20230921,16,10.60,17370.0,20153.8,0
20230921,16,10.63,17370.0,20153.8,0
20230921,16,11.06,17370.0,20151.6,0
20230921,16,11.09,17370.2,20121.6,0
20230921,16,11.17,17370.2,20121.6,0
20230921,16,11.19,17782.3,20119.4,0
20230921,16,11.38,17782.3,20119.4,0
20230921,16,11.39,17786.2,20103.3,0
20230921,16,11.40,17786.7,20078.8,0
20230921,16,11.47,17786.7,20078.8,0
20230921,16,11.49,17786.7,20028.8,0
20230921,16,11.50,17786.7,19978.8,0
20230921,16,11.61,17789.2,19978.5,0
20230921,16,11.66,17789.2,19813.5,0
20230921,16,11.69,17790.1,19801.3,0
20230921,16,11.70,17790.1,19801.3,0
20230921,16,11.77,17790.9,19796.9,0
20230921,16,11.80,17790.9,19796.9,0
20230921,16,11.81,17790.9,19796.8,0
20230921,16,11.84,17791.8,19590.8,0
20230921,16,11.88,17791.8,19590.8,0
20230921,16,11.92,17792.6,19390.8,0
20230921,16,11.95,17792.6,19390.8,0
20230921,16,12.00,17861.4,19189.6,0
20230921,16,12.02,17861.4,19180.1,0
20230921,16,12.03,17861.4,18980.1,0
20230921,16,12.05,17861.4,18941.1,0
20230921,16,12.06,17861.4,18940.3,0
20230921,16,12.11,17861.4,18939.5,0
20230921,16,12.13,17861.4,18739.5,0
20230921,16,12.19,17861.6,18730.0,0
20230921,16,12.21,17861.6,18529.2,0
20230921,16,12.26,17861.6,18525.1,0
20230921,16,12.30,17861.6,18515.7,0
20230921,16,12.39,17862.6,18315.7,0
20230921,16,12.40,17863.7,18295.9,0
20230921,16,12.41,17863.8,18268.7,0
20230921,16,12.44,17863.8,18268.7,0
20230921,16,12.50,17863.8,18068.7,0
20230921,16,12.54,17863.8,18068.6,0
20230921,16,12.56,17863.8,18066.6,0
20230921,16,12.58,17863.8,18016.6,0
20230921,16,12.64,17863.8,18015.8,0
20230921,16,12.65,17864.5,18015.7,0
20230921,16,12.66,17864.6,17815.7,0
20230921,16,12.78,17864.6,17710.7,0
20230921,16,12.81,17864.6,17709.0,0
20230921,16,13.00,17864.6,17370.7,0
20230921,16,13.01,17864.7,17367.8,0
20230921,16,13.02,17866.1,17367.8,0
20230921,16,13.16,17866.1,17367.8,0
20230921,16,13.18,17866.1,17299.1,0
20230921,16,13.20,17866.1,17299.0,0
20230921,16,13.50,17876.1,17298.9,0
20230921,16,13.95,17876.1,17296.3,0
20230921,16,14.00,17876.1,17282.1,0
20230921,16,14.09,17876.1,17170.9,0
20230921,16,14.10,17876.1,16970.9,0
20230921,16,14.30,17876.1,16970.3,0
20230921,16,14.50,17876.1,16969.9,0
20230921,16,14.55,17876.1,16968.9,0
20230921,16,14.62,17876.1,16968.3,0
20230921,16,14.78,17876.3,16968.2,0
20230921,16,14.99,17876.3,16968.2,0
20230921,16,15.00,18115.3,16968.1,0
20230921,16,15.05,18115.3,16963.9,0
20230921,16,15.06,18120.3,16959.0,0
20230921,16,15.10,18120.3,16959.0,0
20230921,16,15.15,18120.3,16958.7,0
20230921,16,15.17,18192.8,16943.2,0
20230921,16,15.20,18192.8,16943.2,0
20230921,16,15.22,18192.8,16943.0,0
20230921,16,15.33,18192.8,16932.9,0
20230921,16,15.38,18202.8,16932.5,0
20230921,16,15.39,18232.7,16932.5,0
20230921,16,15.45,18232.7,16932.5,0
20230921,16,15.50,18232.7,16894.5,0
20230921,16,15.58,18232.7,16893.0,0
20230921,16,15.80,18232.7,16892.1,0
20230921,16,15.90,18240.7,16891.8,0
20230921,16,15.91,18240.7,16891.8,0
20230921,16,16.00,18241.7,16891.6,0
20230921,16,16.05,18241.7,16721.9,0
20230921,16,16.10,18242.7,16715.4,0
20230921,16,16.12,18370.7,16715.4,0
20230921,16,16.14,18420.7,16715.4,0
20230921,16,16.20,18421.7,16715.4,0
20230921,16,16.22,18471.7,16715.4,0
20230921,16,16.27,18535.7,16715.4,0
20230921,16,16.30,18536.7,16715.4,0
20230921,16,16.37,18600.7,16715.4,0
20230921,16,16.40,18600.7,16715.4,0
20230921,16,16.57,18664.7,16706.6,0
20230921,16,16.66,18728.7,16706.6,0
20230921,16,16.70,18728.7,16706.6,0
20230921,16,16.75,18792.7,16706.5,0
20230921,16,16.77,18792.7,16706.5,0
20230921,16,16.81,18792.7,16702.0,0
20230921,16,16.87,18792.7,16701.4,0
20230921,16,16.94,18856.7,16700.4,0
20230921,16,16.99,18856.7,16700.4,0
20230921,16,17.03,18920.7,16700.3,0
20230921,16,17.13,18920.7,16700.3,0
20230921,16,17.16,18987.1,16648.3,0
20230921,16,17.18,18987.1,16648.3,0
20230921,16,17.25,18987.1,16632.1,0
20230921,16,17.26,18987.1,16631.4,0
20230921,16,17.33,18987.1,16631.1,0
20230921,16,17.35,18987.1,16612.2,0
20230921,16,17.45,18987.1,16609.3,0
20230921,16,17.53,19032.1,16609.1,0
20230921,16,17.65,19138.1,16609.1,0
20230921,16,18.00,19138.1,16609.1,0
20230921,16,18.03,19138.1,16608.8,0
20230921,16,18.25,19138.1,16608.7,0
20230921,16,18.30,19138.1,16602.7,0
20230921,16,18.62,19138.1,16345.7,0
20230921,16,19.00,19138.1,16335.9,0
20230921,16,19.05,19138.1,16323.6,0
20230921,16,19.12,19138.1,16186.6,0
20230921,16,19.18,19138.1,16185.6,0
20230921,16,19.55,19141.1,16026.6,0
20230921,16,19.60,19141.1,16026.6,0
20230921,16,19.71,19350.1,16024.6,0
20230921,16,20.00,19350.1,16024.6,0
20230921,16,20.11,19361.6,15985.3,0
20230921,16,20.33,19361.6,15985.3,0
20230921,16,21.00,19361.6,15981.0,0
20230921,16,21.37,19361.6,15980.9,0
20230921,16,21.81,19361.6,15979.9,0
20230921,16,21.85,19361.6,15973.8,0
20230921,16,21.94,19361.6,15971.8,0
20230921,16,22.69,19361.6,15813.6,0
20230921,16,23.00,19374.6,15785.4,0
20230921,16,23.03,19374.6,15785.4,0
20230921,16,23.48,19374.6,15785.3,0
20230921,16,23.62,19374.6,15780.4,0
20230921,16,24.10,19374.6,15779.4,0
20230921,16,25.00,19374.6,15778.0,0
20230921,16,25.23,19374.6,15771.2,0
20230921,16,25.56,19374.6,15766.8,0
20230921,16,25.87,19374.6,15747.9,0
20230921,16,26.35,19374.6,15747.8,0
20230921,16,26.65,19374.6,15746.8,0
20230921,16,27.00,19374.6,15421.8,0
20230921,16,28.00,19374.6,15380.0,0
20230921,16,28.60,19374.6,15379.2,0
20230921,16,29.97,19374.6,15378.2,0
20230921,16,30.00,19374.6,15357.6,0
20230921,16,30.01,19374.6,15271.6,0
20230921,16,30.36,19374.6,15263.3,0
20230921,16,30.85,19374.6,15243.0,0
20230921,16,32.00,19374.6,15242.0,0
20230921,16,32.70,19379.2,15111.4,0
20230921,16,33.03,19379.2,15111.4,0
20230921,16,33.10,19379.2,15110.9,0
20230921,16,33.68,19379.2,15109.9,0
20230921,16,33.79,19379.2,15105.5,0
20230921,16,34.00,19379.2,15086.5,0
20230921,16,35.00,19379.2,15057.2,0
20230921,16,35.10,19379.2,15001.2,0
20230921,16,36.00,19379.2,14975.0,0
20230921,16,39.27,19379.2,14951.2,0
20230921,16,39.32,19379.2,14944.5,0
20230921,16,40.00,19379.2,14940.0,0
20230921,16,40.01,19379.2,14894.9,0
20230921,16,41.02,19379.2,14894.8,0
20230921,16,41.67,19379.2,14888.1,0
20230921,16,42.14,19379.2,14883.7,0
20230921,16,42.47,19379.2,14853.8,0
20230921,16,45.00,19379.2,14837.4,0
20230921,16,50.00,19379.2,14765.8,0
20230921,16,50.01,19383.7,14756.1,0
20230921,16,50.90,19383.7,14756.1,0
20230921,16,60.00,19383.7,14755.5,0
20230921,16,60.01,19383.7,14708.5,0
20230921,16,60.12,19383.7,14708.4,0
20230921,16,61.00,19383.7,14702.2,0
20230921,16,62.00,19383.7,14693.2,0
20230921,16,67.94,19383.7,14661.4,0
20230921,16,77.80,19383.7,14636.2,0
20230921,16,79.90,19383.7,14604.4,0
20230921,16,80.00,19383.7,14602.6,0
20230921,16,80.01,19383.7,14042.8,0
20230921,16,80.02,19383.7,13768.7,0
20230921,16,80.10,19383.7,13763.7,0
20230921,16,80.12,19383.7,13763.2,0
20230921,16,80.21,19393.7,13756.7,0
20230921,16,80.50,19393.7,13756.7,0
20230921,16,81.00,19393.7,13756.5,0
20230921,16,82.01,19393.7,13631.3,0
20230921,16,85.00,19393.7,13564.4,0
20230921,16,90.00,19393.7,13535.6,0
20230921,16,99.90,19393.7,13515.4,0
20230921,16,100.00,19393.7,13515.1,0
20230921,16,100.01,19410.7,12329.1,0
20230921,16,101.00,19410.7,12329.1,0
20230921,16,102.00,19410.7,12222.6,0
20230921,16,105.00,19410.7,12141.1,0
20230921,16,120.10,19410.7,12141.0,0
20230921,16,130.00,19410.7,12090.0,0
20230921,16,138.00,19410.7,12084.2,0
20230921,16,150.00,19410.7,12082.1,0
20230921,16,190.00,19410.7,12079.6,0
20230921,16,200.00,19410.7,12079.0,0
20230921,16,200.01,19410.7,10992.0,0
20230921,16,200.10,19410.7,10065.2,0
20230921,16,200.50,19410.7,10026.2,0
20230921,16,200.98,19410.7,9967.0,0
20230921,16,200.99,19410.7,9966.9,0
20230921,16,201.00,19410.7,9966.8,0
20230921,16,210.00,19410.7,9890.5,0
20230921,16,250.00,19410.7,9761.0,0
20230921,16,300.00,19410.7,9579.7,0
20230921,16,500.00,19410.7,9068.0,0
20230921,16,548.66,19410.7,9066.0,0
20230921,16,550.02,19410.7,9059.4,0
20230921,16,999.00,19410.7,8951.9,0
20230921,16,999.99,19410.7,0.0,0
20230921,16,0.00,0.0,19335.6,1
20230921,16,0.00,9459.6,19335.6,1
20230921,16,0.01,15146.3,19335.6,1
20230921,16,0.02,15296.1,19332.6,1
20230921,16,0.03,15296.4,19318.1,1
20230921,16,0.04,15300.2,19305.3,1
20230921,16,0.09,15300.2,19305.3,1
20230921,16,0.20,15300.2,19270.3,1
20230921,16,0.62,15300.2,19210.3,1
20230921,16,1.00,15368.6,19170.3,1
20230921,16,1.01,15369.1,19105.9,1
20230921,16,1.02,15370.9,19095.9,1
20230921,16,1.12,15420.5,19095.9,1
20230921,16,1.93,15427.7,19075.9,1
20230921,16,2.00,15428.6,19075.9,1
20230921,16,2.01,15428.6,19075.9,1
20230921,16,2.02,15430.4,19060.9,1
20230921,16,2.12,15430.4,19060.9,1
20230921,16,3.00,15430.4,19020.9,1
20230921,16,3.01,15430.4,18900.9,1
20230921,16,3.03,15432.3,18875.9,1
20230921,16,3.10,15432.3,18875.9,1
20230921,16,3.12,15432.3,18860.9,1
20230921,16,3.37,15435.8,18800.9,1
20230921,16,3.85,15443.1,18800.9,1
20230921,16,4.03,15444.9,18800.9,1
20230921,16,5.00,15527.6,18800.9,1
20230921,16,5.01,15527.6,18718.5,1
20230921,16,5.04,15529.4,18683.5,1
20230921,16,5.12,15529.4,18033.5,1
20230921,16,5.46,15530.0,17993.5,1
20230921,16,5.50,15530.1,17993.5,1
20230921,16,5.62,15534.1,17993.5,1
20230921,16,5.69,15534.1,17993.5,1
20230921,16,5.77,15541.4,17983.5,1
20230921,16,5.88,15542.0,17983.5,1
20230921,16,6.00,15559.0,17983.5,1
20230921,16,6.01,15559.0,17968.3,1
20230921,16,6.02,15566.5,17965.1,1
20230921,16,6.26,15566.5,17965.1,1
20230921,16,6.29,15567.1,17963.5,1
20230921,16,6.50,15572.7,17963.5,1
20230921,16,6.71,15573.3,17963.5,1
20230921,16,6.94,15581.7,17963.5,1
20230921,16,7.00,15610.8,17963.5,1
20230921,16,7.12,15610.8,17963.5,1
20230921,16,7.13,15611.4,17923.5,1
20230921,16,7.47,15611.4,17923.5,1
20230921,16,7.68,15618.7,17807.5,1
20230921,16,7.69,15618.7,17807.5,1
20230921,16,7.74,15618.7,17787.5,1
20230921,16,7.87,15622.7,17757.5,1
20230921,16,7.94,15622.7,17757.5,1
20230921,16,8.00,15622.7,17641.5,1
20230921,16,8.50,15624.3,17560.4,1
20230921,16,8.59,15624.3,17560.4,1
20230921,16,9.00,15624.3,17558.6,1
20230921,16,9.23,15624.3,17551.7,1
20230921,16,9.36,15624.3,17404.7,1
20230921,16,9.40,15629.6,17257.7,1
20230921,16,9.50,15629.6,17257.7,1
20230921,16,9.60,15636.8,17110.7,1
20230921,16,9.66,15636.8,17030.7,1
20230921,16,9.69,15636.8,16883.7,1
20230921,16,9.70,15645.6,16862.5,1
20230921,16,9.74,15645.6,16862.5,1
20230921,16,9.79,15645.6,16832.5,1
20230921,16,9.80,15645.6,16826.9,1
20230921,16,9.81,15645.6,16776.9,1
20230921,16,9.82,15645.6,16726.9,1
20230921,16,9.96,15648.1,16661.9,1
20230921,16,10.00,15663.2,16661.9,1
20230921,16,10.05,15683.2,16649.8,1
20230921,16,10.12,15687.6,16649.8,1
20230921,16,10.20,15687.6,16649.8,1
20230921,16,10.22,15687.6,16525.8,1
20230921,16,10.23,15687.6,16476.8,1
20230921,16,10.25,15687.6,16426.8,1
20230921,16,10.32,15690.0,16426.7,1
20230921,16,10.38,15690.0,16426.7,1
20230921,16,10.41,15690.0,16302.7,1
20230921,16,10.46,15690.0,16302.5,1
20230921,16,10.50,15690.0,16178.5,1
20230921,16,10.51,15690.0,16088.5,1
20230921,16,10.56,15697.7,16001.5,1
20230921,16,10.68,15700.2,16001.5,1
20230921,16,10.70,15702.3,16001.5,1
20230921,16,10.71,15704.4,16001.5,1
20230921,16,10.75,15717.3,16001.5,1
20230921,16,11.00,15717.3,16001.5,1
20230921,16,11.01,15717.9,15979.8,1
20230921,16,11.04,15720.3,15979.8,1
20230921,16,11.07,15720.3,15979.8,1
20230921,16,11.10,15720.3,15976.8,1
20230921,16,11.13,15833.7,15960.7,1
20230921,16,11.30,15837.9,15932.1,1
20230921,16,11.39,15840.2,15932.1,1
20230921,16,11.40,15840.2,15931.6,1
20230921,16,11.67,15840.2,15780.6,1
20230921,16,11.73,15840.2,15629.6,1
20230921,16,11.74,15840.2,15629.3,1
20230921,16,11.75,15849.6,15583.7,1
20230921,16,11.99,15849.6,15583.7,1
20230921,16,12.00,15849.6,15583.1,1
20230921,16,12.59,15849.6,15574.2,1
20230921,16,12.63,15849.6,15573.7,1
20230921,16,12.75,15854.3,15423.7,1
20230921,16,12.76,15859.0,15423.7,1
20230921,16,12.96,15859.0,15423.7,1
20230921,16,13.00,15859.0,15370.7,1
20230921,16,13.01,15859.0,15359.5,1
20230921,16,13.02,15860.6,15358.0,1
20230921,16,13.04,15860.6,15358.0,1
20230921,16,13.05,15860.6,15349.3,1
20230921,16,13.06,15860.6,15315.6,1
20230921,16,13.19,15860.6,15315.4,1
20230921,16,13.39,15860.6,15314.2,1
20230921,16,13.50,15860.6,15214.2,1
20230921,16,13.74,15880.6,15213.0,1
20230921,16,14.00,15880.6,15213.0,1
20230921,16,14.02,15880.6,15159.3,1
20230921,16,14.06,15880.6,15083.3,1
20230921,16,14.26,15880.6,15083.2,1
20230921,16,14.35,15880.6,15064.2,1
20230921,16,14.40,15880.6,15059.5,1
20230921,16,14.53,15880.6,15059.2,1
20230921,16,14.60,15880.6,14759.2,1
20230921,16,14.62,15880.6,14759.1,1
20230921,16,15.00,15880.6,14758.6,1
20230921,16,15.50,15880.6,14758.4,1
20230921,16,15.74,15938.4,14757.5,1
20230921,16,16.00,15938.4,14757.3,1
20230921,16,16.81,15938.4,14737.9,1
20230921,16,16.87,15938.4,14736.8,1
20230921,16,17.00,15938.4,14733.8,1
20230921,16,17.07,15938.4,14713.8,1
20230921,16,17.50,15938.4,14712.6,1
20230921,16,17.77,15938.4,14712.5,1
20230921,16,18.15,15938.4,14682.5,1
20230921,16,18.16,15938.4,14680.8,1
20230921,16,18.28,15938.4,14671.2,1
20230921,16,18.30,15938.4,14602.1,1
20230921,16,18.50,15938.4,14602.0,1
20230921,16,18.60,15938.4,14601.0,1
20230921,16,18.81,15938.4,14600.9,1
20230921,16,19.00,15938.4,14478.9,1
20230921,16,19.06,15938.4,14478.8,1
20230921,16,19.12,15938.4,14477.5,1
20230921,16,19.20,15938.4,14476.5,1
20230921,16,19.35,15938.4,14354.5,1
20230921,16,19.50,15938.4,14311.8,1
20230921,16,19.60,15938.4,14311.7,1
20230921,16,19.90,15938.4,14310.5,1
20230921,16,20.00,15938.4,14310.4,1
20230921,16,20.01,15938.4,14290.9,1
20230921,16,20.30,15938.4,14289.4,1
20230921,16,21.12,15938.4,14289.3,1
20230921,16,21.37,15938.4,12899.3,1
20230921,16,22.28,15988.4,12898.5,1
20230921,16,22.84,15988.4,12898.5,1
20230921,16,22.86,15988.4,12897.8,1
20230921,16,22.94,15988.4,12897.3,1
20230921,16,24.00,15988.4,12894.4,1
20230921,16,25.00,15988.4,12893.6,1
20230921,16,25.61,15988.4,12893.0,1
20230921,16,26.24,15988.4,12890.3,1
20230921,16,27.00,15988.4,12822.3,1
20230921,16,27.01,15988.4,12683.2,1
20230921,16,28.00,15988.4,12674.8,1
20230921,16,28.88,15988.4,12670.6,1
20230921,16,28.90,15988.4,12670.0,1
20230921,16,29.10,15988.4,12669.4,1
20230921,16,30.00,15988.4,12668.9,1
20230921,16,30.56,15988.4,12651.1,1
20230921,16,32.00,15988.4,12650.0,1
20230921,16,32.90,15988.4,12564.5,1
20230921,16,32.94,15988.4,12563.8,1
20230921,16,34.58,15988.4,12563.3,1
20230921,16,34.61,15988.4,12562.7,1
20230921,16,34.92,15988.4,12562.2,1
20230921,16,34.95,15988.4,12551.1,1
20230921,16,35.00,15988.4,12547.4,1
20230921,16,36.00,15988.4,12544.3,1
20230921,16,39.98,16048.4,12518.9,1
20230921,16,40.00,16048.4,12518.9,1
20230921,16,41.02,16048.4,12511.9,1
20230921,16,45.00,16048.4,12490.6,1
20230921,16,45.01,16048.4,12465.1,1
20230921,16,45.12,16048.4,12031.6,1
20230921,16,46.00,16048.4,12029.8,1
20230921,16,50.00,16048.4,12006.5,1
20230921,16,50.01,16049.2,11927.7,1
20230921,16,54.50,16049.2,11927.7,1
20230921,16,58.50,16049.2,11927.6,1
20230921,16,60.00,16049.2,11927.3,1
20230921,16,61.00,16049.2,11896.6,1
20230921,16,62.00,16049.2,11887.0,1
20230921,16,67.94,16049.2,11863.4,1
20230921,16,77.80,16049.2,11853.4,1
20230921,16,79.90,16049.2,11817.7,1
20230921,16,79.98,16069.2,11811.6,1
20230921,16,80.00,16069.2,11811.6,1
20230921,16,80.01,16069.2,11579.6,1
20230921,16,80.10,16069.2,11545.4,1
20230921,16,80.20,16069.2,11527.1,1
20230921,16,80.21,16079.2,11519.1,1
20230921,16,81.00,16079.2,11519.1,1
20230921,16,82.01,16079.2,11519.0,1
20230921,16,85.00,16079.2,11497.6,1
20230921,16,90.00,16079.2,11493.5,1
20230921,16,99.90,16079.2,11480.8,1
20230921,16,100.00,16079.2,11480.6,1
20230921,16,100.01,16079.5,11317.9,1
20230921,16,101.00,16079.5,11317.9,1
20230921,16,102.00,16079.5,11278.5,1
20230921,16,120.10,16079.5,11184.5,1
20230921,16,138.00,16079.5,11177.3,1
20230921,16,190.00,16079.5,11090.3,1
20230921,16,200.00,16079.5,11089.8,1
20230921,16,200.01,16079.5,10419.9,1
20230921,16,200.10,16079.5,9844.1,1
20230921,16,200.50,16079.5,9842.8,1
20230921,16,201.00,16079.5,9837.0,1
20230921,16,210.00,16079.5,9803.7,1
20230921,16,250.00,16079.5,9315.1,1
20230921,16,300.00,16079.5,9314.0,1
20230921,16,548.66,16079.5,9301.9,1
20230921,16,550.02,16079.5,9173.2,1
20230921,16,999.00,16079.5,9066.7,1
20230921,16,999.99,16079.5,0.0,1
20230921,17,0.00,0.0,24048.0,0
20230921,17,0.00,8099.1,24048.0,0
20230921,17,0.01,18782.1,24048.0,0
20230921,17,0.02,18804.8,24040.3,0
20230921,17,0.03,18805.1,24022.0,0
20230921,17,0.04,18805.3,23999.4,0
20230921,17,0.09,18805.3,23999.4,0
20230921,17,0.10,18805.3,23986.2,0
20230921,17,0.20,18805.3,23866.1,0
20230921,17,0.30,18805.3,23851.1,0
20230921,17,0.60,18807.3,23847.1,0
20230921,17,0.62,18807.3,23847.1,0
20230921,17,0.70,18808.3,23807.1,0
20230921,17,0.80,18809.3,23807.1,0
20230921,17,0.90,18810.3,23807.1,0
20230921,17,1.00,19402.0,23807.1,0
20230921,17,1.01,19402.3,23630.6,0
20230921,17,1.12,19402.3,23610.6,0
20230921,17,1.82,19431.2,23600.6,0
20230921,17,2.01,19431.2,23600.6,0
20230921,17,2.10,19431.2,23575.6,0
20230921,17,2.11,19455.8,23569.6,0
20230921,17,2.12,19455.8,23569.6,0
20230921,17,2.15,19572.4,23549.6,0
20230921,17,2.31,19574.9,23549.6,0
20230921,17,3.00,19574.9,23549.6,0
20230921,17,3.01,19574.9,23429.6,0
20230921,17,3.10,19574.9,23404.6,0
20230921,17,3.12,19574.9,23374.6,0
20230921,17,4.07,19575.9,23344.6,0
20230921,17,4.36,19578.7,23344.6,0
20230921,17,4.61,19581.3,23344.6,0
20230921,17,4.65,19617.9,23344.6,0
20230921,17,5.00,19716.3,23344.6,0
20230921,17,5.01,19723.6,23234.9,0
20230921,17,5.12,19723.6,23199.9,0
20230921,17,6.00,19723.6,23179.9,0
20230921,17,6.02,19726.9,23135.2,0
20230921,17,6.26,19726.9,23135.2,0
20230921,17,6.32,19727.9,23129.2,0
20230921,17,6.61,19730.9,23129.2,0
20230921,17,6.75,19730.9,23129.2,0
20230921,17,6.92,19733.4,23119.2,0
20230921,17,7.00,19733.8,23119.2,0
20230921,17,7.01,19733.8,23119.1,0
20230921,17,7.12,19733.8,22920.1,0
20230921,17,7.50,19773.8,22900.1,0
20230921,17,7.54,19773.8,22900.1,0
20230921,17,7.80,19773.8,22890.1,0
20230921,17,7.90,19773.8,22880.1,0
20230921,17,8.00,19801.3,22871.0,0
20230921,17,8.01,19801.3,22870.9,0
20230921,17,8.02,19813.5,22864.0,0
20230921,17,8.50,19813.5,22864.0,0
20230921,17,8.57,19814.5,22854.0,0
20230921,17,8.75,19814.5,22854.0,0
20230921,17,8.86,19817.5,22844.0,0
20230921,17,9.00,19817.5,22844.0,0
20230921,17,9.12,19817.5,22843.9,0
20230921,17,9.22,19820.1,22813.9,0
20230921,17,9.54,19820.1,22813.9,0
20230921,17,9.80,19820.1,22803.9,0
20230921,17,10.00,19862.1,22788.9,0
20230921,17,10.19,19862.1,22698.9,0
20230921,17,10.50,19862.1,22483.3,0
20230921,17,10.58,19862.1,22433.3,0
20230921,17,10.59,19987.1,22185.4,0
20230921,17,10.75,19987.1,22061.6,0
20230921,17,10.82,19988.1,22031.6,0
20230921,17,10.86,19988.1,22031.6,0
20230921,17,11.00,19988.1,22024.6,0
20230921,17,11.05,19988.3,22023.1,0
20230921,17,11.11,19991.3,22023.1,0
20230921,17,11.19,20039.7,22023.1,0
20230921,17,11.23,20039.7,22023.1,0
20230921,17,11.26,20039.7,22017.5,0
20230921,17,11.36,20039.7,22015.5,0
20230921,17,11.37,20040.3,22015.4,0
20230921,17,11.38,20040.4,22015.4,0
20230921,17,11.50,20040.4,22015.4,0
20230921,17,11.52,20042.9,22015.1,0
20230921,17,11.54,20042.9,22015.1,0
20230921,17,11.55,20048.0,22000.2,0
20230921,17,11.61,20048.0,22000.2,0
20230921,17,11.63,20048.9,21835.2,0
20230921,17,11.65,20048.9,21835.2,0
20230921,17,11.74,20049.7,21785.2,0
20230921,17,11.75,20049.7,21784.1,0
20230921,17,11.80,20049.7,21733.0,0
20230921,17,11.85,20050.6,21708.0,0
20230921,17,11.89,20050.6,21708.0,0
20230921,17,11.95,20051.4,21508.0,0
20230921,17,11.96,20051.4,21506.5,0
20230921,17,12.00,20119.4,21306.5,0
20230921,17,12.04,20119.4,21306.5,0
20230921,17,12.06,20120.2,21094.5,0
20230921,17,12.07,20120.2,21085.1,0
20230921,17,12.09,20120.2,21033.1,0
20230921,17,12.13,20120.2,21030.9,0
20230921,17,12.22,20120.2,20830.9,0
20230921,17,12.24,20120.2,20630.9,0
20230921,17,12.25,20120.2,20621.4,0
20230921,17,12.32,20120.2,20571.4,0
20230921,17,12.43,20120.2,20371.4,0
20230921,17,12.47,20120.2,20362.0,0
20230921,17,12.53,20120.2,20162.0,0
20230921,17,12.54,20121.5,20159.8,0
20230921,17,12.55,20122.8,20159.8,0
20230921,17,12.61,20122.8,20159.8,0
20230921,17,12.66,20122.8,20140.9,0
20230921,17,12.79,20122.8,20035.9,0
20230921,17,12.80,20122.8,20035.8,0
20230921,17,12.97,20122.8,20035.7,0
20230921,17,12.98,20122.8,20009.1,0
20230921,17,13.02,20124.4,19806.9,0
20230921,17,13.05,20124.6,19806.9,0
20230921,17,13.30,20124.6,19806.9,0
20230921,17,13.31,20130.0,19757.8,0
20230921,17,13.42,20130.0,19689.9,0
20230921,17,13.50,20140.0,19685.5,0
20230921,17,13.65,20140.0,19685.5,0
20230921,17,13.95,20140.0,19288.3,0
20230921,17,14.00,20140.0,19270.1,0
20230921,17,14.01,20141.4,19167.2,0
20230921,17,14.10,20141.4,19167.2,0
20230921,17,14.11,20141.5,19166.6,0
20230921,17,14.21,20141.5,19166.6,0
20230921,17,14.30,20141.5,19166.0,0
20230921,17,14.50,20141.5,19165.6,0
20230921,17,14.58,20142.0,19164.1,0
20230921,17,14.74,20142.2,19164.1,0
20230921,17,14.75,20149.0,19161.0,0
20230921,17,14.99,20149.0,19160.4,0
20230921,17,15.00,20387.0,19160.3,0
20230921,17,15.01,20387.0,19148.0,0
20230921,17,15.04,20387.5,19144.6,0
20230921,17,15.15,20387.5,19144.6,0
20230921,17,15.17,20400.7,19069.8,0
20230921,17,15.20,20400.7,19069.8,0
20230921,17,15.22,20400.7,19069.6,0
20230921,17,15.32,20400.7,19054.3,0
20230921,17,15.45,20400.7,19054.2,0
20230921,17,15.50,20400.7,19016.2,0
20230921,17,15.51,20401.2,19015.8,0
20230921,17,15.54,20411.2,19015.8,0
20230921,17,15.58,20411.2,19015.8,0
20230921,17,15.60,20411.2,19014.9,0
20230921,17,15.61,20411.2,18814.9,0
20230921,17,15.80,20441.1,18814.6,0
20230921,17,15.81,20441.1,18814.3,0
20230921,17,15.90,20452.1,18814.2,0
20230921,17,15.91,20452.1,18814.2,0
20230921,17,15.96,20452.1,18814.0,0
20230921,17,16.00,20453.1,18614.0,0
20230921,17,16.05,20453.1,18600.4,0
20230921,17,16.10,20454.1,18593.1,0
20230921,17,16.20,20455.1,18593.1,0
20230921,17,16.22,20505.1,18593.1,0
20230921,17,16.23,20555.1,18593.1,0
20230921,17,16.27,20605.1,18593.1,0
20230921,17,16.30,20606.1,18593.1,0
20230921,17,16.57,20670.1,18593.1,0
20230921,17,16.66,20734.1,18593.1,0
20230921,17,16.70,20734.1,18593.1,0
20230921,17,16.85,20798.1,18592.9,0
20230921,17,16.94,20862.1,18592.9,0
20230921,17,16.99,20862.1,18592.9,0
20230921,17,17.03,20926.1,18592.8,0
20230921,17,17.10,20926.1,18592.8,0
20230921,17,17.16,20964.8,18592.6,0
20230921,17,17.18,20964.8,18592.0,0
20230921,17,17.20,20964.8,18575.8,0
20230921,17,17.25,20964.8,18556.9,0
20230921,17,17.33,20964.8,18556.0,0
20230921,17,17.40,20964.8,18504.0,0
20230921,17,17.45,20964.8,18495.4,0
20230921,17,17.50,20964.8,18495.2,0
20230921,17,17.57,20964.8,18494.8,0
20230921,17,17.65,21070.8,18493.8,0
20230921,17,17.79,21070.8,18493.8,0
20230921,17,17.86,21070.8,18489.3,0
20230921,17,18.00,21070.8,18486.5,0
20230921,17,18.03,21070.8,18300.5,0
20230921,17,18.45,21070.8,18300.4,0
20230921,17,18.62,21070.8,18296.6,0
20230921,17,19.00,21070.8,18295.0,0
20230921,17,19.58,21070.8,18294.3,0
20230921,17,19.71,21294.8,18242.3,0
20230921,17,19.75,21294.8,18242.3,0
20230921,17,19.82,21294.8,18236.6,0
20230921,17,19.95,21295.8,18235.6,0
20230921,17,20.00,21295.8,18235.6,0
20230921,17,20.11,21295.8,18189.8,0
20230921,17,20.62,21327.2,18187.8,0
20230921,17,21.00,21327.2,18187.8,0
20230921,17,22.00,21327.2,18187.7,0
20230921,17,22.07,21327.2,18187.6,0
20230921,17,22.16,21327.2,18186.6,0
20230921,17,22.36,21327.2,18180.6,0
20230921,17,22.80,21776.3,18178.6,0
20230921,17,22.84,21776.3,18178.6,0
20230921,17,23.00,21789.3,18153.8,0
20230921,17,23.03,21789.3,18153.6,0
20230921,17,24.04,21789.3,18153.5,0
20230921,17,24.32,21789.3,17906.5,0
20230921,17,24.61,21789.3,17905.5,0
20230921,17,24.85,21789.3,17904.0,0
20230921,17,25.00,21789.3,17885.1,0
20230921,17,25.07,21789.3,17877.5,0
20230921,17,26.57,21789.3,17873.1,0
20230921,17,26.86,21789.3,17872.9,0
20230921,17,27.00,21789.3,17871.9,0
20230921,17,28.44,21789.3,17833.8,0
20230921,17,28.62,21789.3,17828.8,0
20230921,17,28.76,21789.3,17575.8,0
20230921,17,29.11,21789.3,17446.8,0
20230921,17,29.97,21789.3,17445.8,0
20230921,17,30.00,21789.3,17431.3,0
20230921,17,30.01,21789.3,17382.1,0
20230921,17,30.34,21789.3,17356.5,0
20230921,17,31.36,21789.3,17203.5,0
20230921,17,32.00,21789.3,17202.5,0
20230921,17,32.36,21789.3,17036.0,0
20230921,17,32.51,21789.3,17031.6,0
20230921,17,32.70,21792.8,17012.6,0
20230921,17,32.78,21792.8,17012.6,0
20230921,17,33.03,21792.8,16988.0,0
20230921,17,33.61,21792.8,16987.4,0
20230921,17,34.00,21792.8,16986.4,0
20230921,17,35.00,21792.8,16949.0,0
20230921,17,35.86,21792.8,16880.1,0
20230921,17,36.00,21792.8,16879.2,0
20230921,17,37.21,21792.8,16854.2,0
20230921,17,37.61,21792.8,16849.7,0
20230921,17,39.23,21792.8,16830.8,0
20230921,17,39.64,21792.8,16826.4,0
20230921,17,39.74,21792.8,16767.0,0
20230921,17,40.00,21792.8,16748.1,0
20230921,17,40.01,21792.8,16691.2,0
20230921,17,40.16,21792.8,16691.1,0
20230921,17,41.24,21792.8,16686.2,0
20230921,17,42.60,21792.8,16678.8,0
20230921,17,45.00,21792.8,16661.5,0
20230921,17,46.00,21792.8,16587.9,0
20230921,17,50.00,21792.8,16567.0,0
20230921,17,50.01,21798.4,16561.2,0
20230921,17,50.90,21798.4,16561.2,0
20230921,17,60.00,21798.4,16560.7,0
20230921,17,60.12,21798.4,16499.4,0
20230921,17,61.00,21798.4,16489.1,0
20230921,17,62.00,21798.4,16480.1,0
20230921,17,67.94,21798.4,16433.4,0
20230921,17,77.80,21798.4,16406.8,0
20230921,17,79.90,21798.4,16395.5,0
20230921,17,80.00,21798.4,16392.8,0
20230921,17,80.01,21798.4,15785.7,0
20230921,17,80.10,21798.4,15490.5,0
20230921,17,80.12,21798.4,15484.4,0
20230921,17,80.21,21808.4,15405.0,0
20230921,17,80.50,21808.4,15405.0,0
20230921,17,81.00,21808.4,15404.9,0
20230921,17,82.01,21808.4,15302.7,0
20230921,17,85.00,21808.4,15231.2,0
20230921,17,90.00,21808.4,15187.7,0
20230921,17,99.90,21808.4,15165.0,0
20230921,17,100.00,21808.4,15164.8,0
20230921,17,100.01,21827.6,12980.5,0
20230921,17,101.00,21827.6,12980.5,0
20230921,17,102.00,21827.6,12871.3,0
20230921,17,105.00,21827.6,12751.4,0
20230921,17,120.10,21827.6,12751.3,0
20230921,17,130.00,21827.6,12690.0,0
20230921,17,138.00,21827.6,12683.2,0
20230921,17,150.00,21827.6,12667.4,0
20230921,17,190.00,21827.6,12664.9,0
20230921,17,200.00,21827.6,12664.2,0
20230921,17,200.01,21827.6,11406.6,0
20230921,17,200.10,21827.6,10469.2,0
20230921,17,200.50,21827.6,10404.9,0
20230921,17,201.00,21827.6,10394.8,0
20230921,17,210.00,21827.6,10310.4,0
20230921,17,250.00,21827.6,10208.8,0
20230921,17,300.00,21827.6,10022.9,0
20230921,17,500.00,21827.6,9510.0,0
20230921,17,548.66,21827.6,9508.0,0
20230921,17,550.02,21827.6,9501.4,0
20230921,17,999.00,21827.6,9392.4,0
20230921,17,999.99,21827.6,0.0,0
20230921,17,0.00,0.0,19327.8,1
20230921,17,0.00,9799.7,19327.8,1
20230921,17,0.01,15413.8,19327.8,1
20230921,17,0.02,15569.8,19319.4,1
20230921,17,0.03,15570.2,19304.0,1
20230921,17,0.04,15575.3,19293.1,1
20230921,17,0.09,15575.3,19293.1,1
20230921,17,0.20,15575.3,19243.0,1
20230921,17,0.62,15575.3,19183.0,1
20230921,17,1.00,15645.5,19143.0,1
20230921,17,1.01,15646.2,19066.0,1
20230921,17,1.12,15646.2,19056.0,1
20230921,17,1.51,15655.2,19036.0,1
20230921,17,1.82,15704.8,19036.0,1
20230921,17,2.00,15706.2,19036.0,1
20230921,17,2.01,15706.2,19036.0,1
20230921,17,2.12,15706.2,19021.0,1
20230921,17,3.00,15706.2,18981.0,1
20230921,17,3.01,15715.3,18861.0,1
20230921,17,3.10,15715.3,18836.0,1
20230921,17,3.12,15715.3,18821.0,1
20230921,17,4.07,15718.4,18761.0,1
20230921,17,4.51,15727.6,18761.0,1
20230921,17,5.00,15838.7,18761.0,1
20230921,17,5.01,15838.7,18636.5,1
20230921,17,5.03,15838.7,18601.5,1
20230921,17,5.04,15838.7,18591.5,1
20230921,17,5.12,15838.7,18291.5,1
20230921,17,5.50,15838.8,18251.5,1
20230921,17,6.00,15848.6,18251.5,1
20230921,17,6.01,15857.7,18236.0,1
20230921,17,6.02,15861.6,18227.3,1
20230921,17,6.26,15861.6,18227.3,1
20230921,17,6.32,15865.6,18225.7,1
20230921,17,6.69,15873.2,18225.7,1
20230921,17,6.79,15873.2,18225.7,1
20230921,17,7.00,15902.5,18195.7,1
20230921,17,7.03,15902.5,18195.7,1
20230921,17,7.12,15902.5,18175.7,1
20230921,17,7.47,15902.5,18135.7,1
20230921,17,7.50,15902.5,18019.7,1
20230921,17,7.51,15911.5,18019.5,1
20230921,17,7.77,15912.1,18019.5,1
20230921,17,7.78,15914.6,18019.5,1
20230921,17,7.94,15914.6,18019.5,1
20230921,17,8.00,15914.6,17903.5,1
20230921,17,8.03,15915.2,17843.5,1
20230921,17,8.05,15917.6,17843.5,1
20230921,17,8.30,15918.2,17843.5,1
20230921,17,8.32,15920.7,17843.5,1
20230921,17,8.56,15921.3,17843.5,1
20230921,17,8.57,15925.3,17843.5,1
20230921,17,8.59,15927.7,17843.5,1
20230921,17,8.79,15927.7,17841.3,1
20230921,17,8.82,15928.3,17811.3,1
20230921,17,8.86,15930.6,17811.3,1
20230921,17,9.00,15930.6,17810.8,1
20230921,17,9.03,15930.6,17810.3,1
20230921,17,9.04,15944.6,17794.3,1
20230921,17,9.23,15944.6,17794.3,1
20230921,17,9.31,15944.6,17647.3,1
20230921,17,9.36,15949.2,17646.7,1
20230921,17,9.50,15949.2,17499.7,1
20230921,17,9.60,15949.2,17352.7,1
20230921,17,9.66,15949.2,17259.7,1
20230921,17,9.76,15949.2,17112.7,1
20230921,17,9.79,15949.2,17112.2,1
20230921,17,9.80,15949.2,17106.2,1
20230921,17,9.81,15949.2,17056.2,1
20230921,17,9.82,15949.2,17006.2,1
20230921,17,9.99,16073.7,16938.2,1
20230921,17,10.00,16090.5,16938.2,1
20230921,17,10.03,16093.9,16923.7,1
20230921,17,10.04,16097.3,16923.7,1
20230921,17,10.05,16117.3,16923.7,1
20230921,17,10.20,16117.3,16923.7,1
20230921,17,10.21,16117.3,16799.7,1
20230921,17,10.22,16117.3,16798.5,1
20230921,17,10.23,16117.3,16749.5,1
20230921,17,10.38,16117.3,16699.5,1
20230921,17,10.46,16117.3,16575.5,1
20230921,17,10.50,16117.3,16451.5,1
20230921,17,10.51,16117.3,16361.5,1
20230921,17,10.79,16117.3,16274.5,1
20230921,17,10.80,16133.5,16235.7,1
20230921,17,10.82,16137.5,16235.7,1
20230921,17,11.00,16137.5,16235.7,1
20230921,17,11.04,16150.6,16235.6,1
20230921,17,11.22,16150.6,16235.6,1
20230921,17,11.28,16150.6,16235.4,1
20230921,17,11.30,16151.1,16235.3,1
20230921,17,11.40,16151.1,16235.3,1
20230921,17,11.45,16155.4,16084.3,1
20230921,17,11.66,16155.4,16084.3,1
20230921,17,11.67,16155.4,16080.8,1
20230921,17,11.80,16161.9,15929.8,1
20230921,17,11.81,16168.4,15929.8,1
20230921,17,11.83,16168.4,15929.8,1
20230921,17,11.85,16168.4,15901.8,1
20230921,17,12.00,16168.4,15884.4,1
20230921,17,12.01,16169.0,15876.8,1
20230921,17,12.67,16169.0,15876.8,1
20230921,17,12.79,16189.0,15876.5,1
20230921,17,13.00,16189.0,15876.5,1
20230921,17,13.01,16189.0,15836.6,1
20230921,17,13.02,16190.9,15833.8,1
20230921,17,13.04,16190.9,15833.8,1
20230921,17,13.05,16190.9,15825.1,1
20230921,17,13.39,16190.9,15791.4,1
20230921,17,14.00,16190.9,15691.4,1
20230921,17,14.16,16190.9,15634.5,1
20230921,17,14.26,16190.9,15634.2,1
20230921,17,14.27,16190.9,15615.2,1
20230921,17,14.50,16190.9,15614.1,1
20230921,17,14.53,16190.9,15613.5,1
20230921,17,14.79,16248.7,15343.5,1
20230921,17,15.00,16248.7,15343.5,1
20230921,17,15.07,16248.7,15343.1,1
20230921,17,15.19,16248.7,15343.0,1
20230921,17,15.32,16248.7,15342.9,1
20230921,17,15.41,16248.7,15342.4,1
20230921,17,15.50,16248.7,15337.8,1
20230921,17,15.65,16248.7,15336.5,1
20230921,17,17.00,16248.7,15336.2,1
20230921,17,17.14,16248.7,15316.2,1
20230921,17,17.30,16248.7,15316.0,1
20230921,17,17.50,16248.7,15315.9,1
20230921,17,17.57,16248.7,15315.8,1
20230921,17,17.77,16248.7,15312.3,1
20230921,17,18.00,16248.7,15282.3,1
20230921,17,18.30,16248.7,15244.5,1
20230921,17,18.38,16248.7,15244.4,1
20230921,17,18.60,16248.7,15233.0,1
20230921,17,18.63,16248.7,15232.9,1
20230921,17,18.64,16248.7,15231.5,1
20230921,17,18.65,16265.5,15227.9,1
20230921,17,19.00,16265.5,15227.9,1
20230921,17,19.17,16265.5,15227.8,1
20230921,17,19.30,16265.5,15161.7,1
20230921,17,19.50,16265.5,15159.9,1
20230921,17,19.82,16265.5,15159.8,1
20230921,17,19.90,16265.5,15158.8,1
20230921,17,20.00,16265.5,15158.7,1
20230921,17,20.01,16265.5,15144.0,1
20230921,17,20.07,16265.5,15142.1,1
20230921,17,20.10,16265.5,15141.0,1
20230921,17,20.19,16265.5,15140.6,1
20230921,17,20.30,16265.5,15139.1,1
20230921,17,20.41,16265.5,15139.0,1
20230921,17,20.51,16283.7,15096.8,1
20230921,17,21.05,16283.7,15096.8,1
20230921,17,21.12,16283.7,15095.6,1
20230921,17,22.07,16283.7,13705.6,1
20230921,17,22.28,16333.7,13704.6,1
20230921,17,22.92,16333.7,13704.6,1
20230921,17,24.32,16333.7,13698.4,1
20230921,17,26.24,16333.7,13698.3,1
20230921,17,27.00,16333.7,13675.3,1
20230921,17,27.83,16333.7,13530.3,1
20230921,17,27.95,16333.7,13529.1,1
20230921,17,30.00,16333.7,13526.1,1
20230921,17,30.56,16333.7,13504.4,1
20230921,17,32.00,16333.7,13503.1,1
20230921,17,32.35,16333.7,13390.6,1
20230921,17,33.33,16333.7,13389.4,1
20230921,17,34.23,16333.7,13354.4,1
20230921,17,34.61,16333.7,13353.3,1
20230921,17,35.00,16333.7,13334.8,1
20230921,17,36.00,16333.7,13331.4,1
20230921,17,39.98,16393.7,13305.3,1
20230921,17,40.00,16393.7,13305.3,1
20230921,17,41.24,16393.7,13296.3,1
20230921,17,45.00,16393.7,13277.9,1
20230921,17,45.01,16393.7,13244.8,1
20230921,17,45.12,16393.7,12935.6,1
20230921,17,46.00,16393.7,12933.0,1
20230921,17,50.00,16393.7,12908.0,1
20230921,17,50.01,16394.7,12818.7,1
20230921,17,51.00,16394.7,12818.7,1
20230921,17,54.50,16394.7,12817.9,1
20230921,17,58.50,16394.7,12817.8,1
20230921,17,60.00,16394.7,12817.5,1
20230921,17,61.00,16394.7,12778.1,1
20230921,17,62.00,16394.7,12763.9,1
20230921,17,65.00,16394.7,12738.0,1
20230921,17,67.94,16394.7,12737.3,1
20230921,17,77.80,16394.7,12730.6,1
20230921,17,79.90,16394.7,12671.4,1
20230921,17,79.98,16414.7,12660.5,1
20230921,17,80.00,16414.7,12660.5,1
20230921,17,80.01,16414.7,12413.1,1
20230921,17,80.10,16414.7,12367.0,1
20230921,17,80.20,16414.7,12347.9,1
20230921,17,80.21,16424.7,12339.9,1
20230921,17,81.00,16424.7,12339.9,1
20230921,17,82.01,16424.7,12339.8,1
20230921,17,85.00,16424.7,12315.7,1
20230921,17,90.00,16424.7,12308.7,1
20230921,17,99.90,16424.7,12292.6,1
20230921,17,100.00,16424.7,12292.4,1
20230921,17,100.01,16425.0,12117.9,1
20230921,17,101.00,16425.0,12117.9,1
20230921,17,102.00,16425.0,12081.5,1
20230921,17,120.10,16425.0,11943.6,1
20230921,17,138.00,16425.0,11938.1,1
20230921,17,190.00,16425.0,11851.3,1
20230921,17,200.00,16425.0,11850.5,1
20230921,17,200.01,16425.0,11052.2,1
20230921,17,200.10,16425.0,10432.3,1
20230921,17,200.50,16425.0,10431.0,1
20230921,17,201.00,16425.0,10430.5,1
20230921,17,210.00,16425.0,10389.8,1
20230921,17,250.00,16425.0,9893.4,1
20230921,17,300.00,16425.0,9882.3,1
20230921,17,548.66,16425.0,9869.1,1
20230921,17,550.02,16425.0,9586.9,1
20230921,17,999.00,16425.0,9479.2,1
20230921,17,999.99,16425.0,0.0,1
20230921,18,0.00,0.0,41588.1,0
20230921,18,0.00,13609.9,41588.1,0
20230921,18,0.01,28261.3,41588.1,0
20230921,18,0.02,28441.3,41575.1,0
20230921,18,0.03,28441.9,41551.2,0
20230921,18,0.04,28446.5,41526.4,0
20230921,18,0.09,28446.5,41526.4,0
20230921,18,0.10,28446.5,41469.4,0
20230921,18,0.20,28446.5,41349.3,0
20230921,18,0.30,28446.5,41284.3,0
20230921,18,0.60,28447.5,41280.3,0
20230921,18,0.62,28447.5,41280.3,0
20230921,18,0.70,28448.5,41200.3,0
20230921,18,0.80,28449.5,41200.3,0
20230921,18,0.90,28450.5,41200.3,0
20230921,18,0.93,28472.8,41200.3,0
20230921,18,1.00,29133.6,41200.3,0
20230921,18,1.01,29134.8,40963.6,0
20230921,18,1.12,29134.8,40943.6,0
20230921,18,1.19,29216.9,40913.6,0
20230921,18,2.00,29218.7,40913.6,0
20230921,18,2.01,29218.7,40913.6,0
20230921,18,2.10,29218.7,40873.6,0
20230921,18,2.12,29218.7,40867.6,0
20230921,18,2.15,29335.3,40807.6,0
20230921,18,2.31,29342.5,40807.6,0
20230921,18,2.35,29345.0,40807.6,0
20230921,18,3.00,29345.0,40807.6,0
20230921,18,3.01,29345.0,40607.6,0
20230921,18,3.10,29345.0,40567.6,0
20230921,18,3.12,29345.0,40522.6,0
20230921,18,3.18,29347.0,40432.6,0
20230921,18,3.44,29351.0,40432.6,0
20230921,18,4.61,29358.3,40432.6,0
20230921,18,4.65,29402.8,40432.6,0
20230921,18,4.69,29405.4,40432.6,0
20230921,18,5.00,29581.0,40432.6,0
20230921,18,5.01,29590.6,40227.3,0
20230921,18,5.12,29590.6,40167.3,0
20230921,18,5.43,29592.6,40107.3,0
20230921,18,5.50,29592.7,40107.3,0
20230921,18,5.69,29596.7,40107.3,0
20230921,18,6.00,29596.7,40107.3,0
20230921,18,6.01,29596.7,40045.0,0
20230921,18,6.02,29604.8,40040.6,0
20230921,18,6.26,29604.8,40040.6,0
20230921,18,6.62,29604.8,40034.6,0
20230921,18,6.90,29612.1,40024.6,0
20230921,18,7.00,29642.0,40024.6,0
20230921,18,7.01,29642.0,40024.5,0
20230921,18,7.03,29644.5,39797.4,0
20230921,18,7.12,29644.5,39797.4,0
20230921,18,7.50,29684.5,39777.4,0
20230921,18,7.68,29686.5,39777.4,0
20230921,18,7.90,29686.5,39777.4,0
20230921,18,7.94,29690.5,39772.3,0
20230921,18,8.00,29717.4,39625.3,0
20230921,18,8.01,29717.4,39565.2,0
20230921,18,8.02,29731.1,39557.3,0
20230921,18,8.14,29731.1,39557.3,0
20230921,18,8.50,29731.1,39547.3,0
20230921,18,8.56,29738.7,39536.9,0
20230921,18,8.57,29738.7,39536.9,0
20230921,18,8.59,29738.7,39506.9,0
20230921,18,8.62,29738.7,39504.2,0
20230921,18,9.00,29738.7,39494.2,0
20230921,18,9.04,29738.7,39494.1,0
20230921,18,9.12,29738.7,39484.1,0
20230921,18,9.20,29746.0,39460.1,0
20230921,18,9.23,29746.0,39460.1,0
20230921,18,9.36,29746.0,39313.1,0
20230921,18,9.37,29748.6,39166.1,0
20230921,18,9.50,29748.6,39166.1,0
20230921,18,9.66,29748.6,39019.1,0
20230921,18,9.79,29748.6,38895.1,0
20230921,18,9.80,29748.6,38890.0,0
20230921,18,9.81,29748.6,38840.0,0
20230921,18,9.82,29748.6,38790.0,0
20230921,18,9.93,29751.4,38740.0,0
20230921,18,10.00,29806.5,38732.0,0
20230921,18,10.05,29826.5,38642.0,0
20230921,18,10.14,29826.5,38642.0,0
20230921,18,10.19,29830.5,38632.0,0
20230921,18,10.20,29830.5,38416.4,0
20230921,18,10.22,29830.5,38292.4,0
20230921,18,10.23,29830.5,38243.4,0
20230921,18,10.38,29830.5,38193.4,0
20230921,18,10.46,29830.5,38069.4,0
20230921,18,10.50,29830.5,37982.4,0
20230921,18,10.51,29830.5,37842.4,0
20230921,18,10.57,29830.5,37691.4,0
20230921,18,10.58,29830.5,37661.4,0
20230921,18,10.59,29830.5,37417.9,0
20230921,18,10.62,29830.5,37171.8,0
20230921,18,11.00,29830.5,37141.8,0
20230921,18,11.01,29830.7,37139.8,0
20230921,18,11.04,29830.7,37139.8,0
20230921,18,11.19,29879.1,37124.8,0
20230921,18,11.26,29879.1,37124.8,0
20230921,18,11.35,29879.1,37122.8,0
20230921,18,11.36,29879.8,37117.3,0
20230921,18,11.37,29879.9,37117.3,0
20230921,18,11.40,29879.9,37117.3,0
20230921,18,11.45,29883.8,36966.3,0
20230921,18,11.50,29891.0,36966.3,0
20230921,18,11.51,29904.3,36966.3,0
20230921,18,11.53,29904.3,36966.3,0
20230921,18,11.56,29904.3,36801.3,0
20230921,18,11.61,29904.3,36794.3,0
20230921,18,11.62,29904.3,36792.9,0
20230921,18,11.67,29904.3,36791.5,0
20230921,18,11.71,29906.8,36669.5,0
20230921,18,11.80,29909.3,36669.5,0
20230921,18,11.82,29910.2,36669.5,0
20230921,18,11.83,29914.5,36669.5,0
20230921,18,11.91,29914.5,36669.5,0
20230921,18,11.92,29915.3,36469.5,0
20230921,18,11.95,29915.3,36469.5,0
20230921,18,11.98,29915.3,36467.7,0
20230921,18,12.00,29983.3,36267.7,0
20230921,18,12.01,29984.1,36211.6,0
20230921,18,12.03,29985.0,36211.6,0
20230921,18,12.05,29985.0,36211.6,0
20230921,18,12.06,29985.0,36161.6,0
20230921,18,12.10,29987.4,35961.6,0
20230921,18,12.14,29988.2,35961.6,0
20230921,18,12.15,29994.6,35936.1,0
20230921,18,12.18,29997.6,35736.1,0
20230921,18,12.23,29997.6,35736.1,0
20230921,18,12.25,29998.4,35536.1,0
20230921,18,12.35,29998.4,35526.7,0
20230921,18,12.40,30000.9,35326.7,0
20230921,18,12.42,30000.9,35326.7,0
20230921,18,12.44,30004.9,35317.2,0
20230921,18,12.51,30004.9,35317.2,0
20230921,18,12.54,30004.9,35117.2,0
20230921,18,12.57,30004.9,35089.5,0
20230921,18,12.58,30027.5,35038.3,0
20230921,18,12.60,30027.5,35038.3,0
20230921,18,12.64,30027.5,35028.9,0
20230921,18,12.66,30027.5,34967.9,0
20230921,18,12.70,30029.9,34862.9,0
20230921,18,12.71,30029.9,34862.9,0
20230921,18,12.78,30029.9,34420.4,0
20230921,18,12.94,30029.9,34401.5,0
20230921,18,12.97,30029.9,34401.3,0
20230921,18,13.00,30032.2,34380.3,0
20230921,18,13.01,30032.2,34301.2,0
20230921,18,13.02,30036.1,34299.1,0
20230921,18,13.04,30036.1,34299.1,0
20230921,18,13.05,30037.1,34266.4,0
20230921,18,13.15,30038.7,34232.7,0
20230921,18,13.16,30040.3,34232.7,0
20230921,18,13.26,30040.3,34232.7,0
20230921,18,13.50,30050.3,34165.4,0
20230921,18,13.51,30050.3,34165.1,0
20230921,18,13.58,30058.3,33965.1,0
20230921,18,13.59,30066.3,33965.1,0
20230921,18,13.66,30066.3,33965.1,0
20230921,18,13.76,30066.3,33962.9,0
20230921,18,13.82,30066.5,33962.6,0
20230921,18,13.95,30066.5,33962.6,0
20230921,18,14.00,30066.5,33941.2,0
20230921,18,14.01,30068.1,33830.6,0
20230921,18,14.05,30068.3,33830.6,0
20230921,18,14.06,30068.5,33830.6,0
20230921,18,14.10,30068.5,33830.6,0
20230921,18,14.12,30068.5,33830.0,0
20230921,18,14.21,30068.5,33803.9,0
20230921,18,14.26,30068.5,33803.2,0
20230921,18,14.30,30068.5,33782.0,0
20230921,18,14.50,30068.5,33781.6,0
20230921,18,14.58,30068.5,33779.8,0
20230921,18,14.61,30068.5,33779.6,0
20230921,18,14.62,30077.0,33778.2,0
20230921,18,14.86,30077.0,33778.2,0
20230921,18,14.99,30077.0,33776.0,0
20230921,18,15.00,30315.0,33775.9,0
20230921,18,15.01,30315.0,33763.2,0
20230921,18,15.15,30315.0,33759.3,0
20230921,18,15.20,30315.0,33671.3,0
20230921,18,15.22,30315.0,33671.1,0
20230921,18,15.33,30315.0,33654.5,0
20230921,18,15.39,30315.0,33653.9,0
20230921,18,15.45,30315.0,33653.4,0
20230921,18,15.46,30315.0,33615.4,0
20230921,18,15.58,30315.0,33611.0,0
20230921,18,15.63,30315.0,33610.1,0
20230921,18,15.70,30315.0,33610.0,0
20230921,18,15.80,30315.0,33409.9,0
20230921,18,15.81,30315.0,33409.6,0
20230921,18,15.90,30327.0,33409.5,0
20230921,18,15.91,30327.0,33409.5,0
20230921,18,15.96,30327.0,33409.3,0
20230921,18,16.00,30328.0,33209.3,0
20230921,18,16.05,30328.0,33194.1,0
20230921,18,16.10,30329.0,33185.9,0
20230921,18,16.14,30339.0,33185.9,0
20230921,18,16.20,30340.0,33185.9,0
20230921,18,16.26,30390.0,33185.9,0
20230921,18,16.30,30441.0,33185.9,0
20230921,18,16.40,30441.0,33185.9,0
20230921,18,16.57,30498.8,33185.8,0
20230921,18,16.66,30562.8,33185.8,0
20230921,18,16.68,30562.8,33185.8,0
20230921,18,16.70,30562.8,33185.5,0
20230921,18,16.80,30562.8,33185.3,0
20230921,18,16.85,30626.8,33185.2,0
20230921,18,16.94,30690.8,33185.2,0
20230921,18,16.99,30690.8,33184.7,0
20230921,18,17.00,30690.8,33184.6,0
20230921,18,17.03,30754.8,33183.7,0
20230921,18,17.04,30784.7,33183.7,0
20230921,18,17.06,30784.7,33183.7,0
20230921,18,17.10,30784.7,33182.9,0
20230921,18,17.16,30835.0,33182.7,0
20230921,18,17.18,30835.0,33182.7,0
20230921,18,17.25,30835.0,33166.5,0
20230921,18,17.30,30835.0,33164.5,0
20230921,18,17.36,30835.0,33164.4,0
20230921,18,17.40,30835.0,33163.8,0
20230921,18,17.45,30835.0,33105.5,0
20230921,18,17.46,30835.0,33105.2,0
20230921,18,17.48,30835.0,33086.3,0
20230921,18,17.50,30835.0,33034.3,0
20230921,18,17.63,30835.0,33034.2,0
20230921,18,17.65,30903.3,32996.5,0
20230921,18,17.77,30903.3,32996.5,0
20230921,18,17.87,30903.3,32968.5,0
20230921,18,17.91,30903.3,32846.5,0
20230921,18,17.96,30903.3,32844.5,0
20230921,18,18.00,30903.3,32843.9,0
20230921,18,18.03,30903.3,32524.8,0
20230921,18,18.30,30903.3,32524.7,0
20230921,18,18.42,30903.6,32524.6,0
20230921,18,18.50,30903.6,32524.6,0
20230921,18,18.51,30903.9,32523.5,0
20230921,18,18.60,30903.9,32523.5,0
20230921,18,18.62,30903.9,32523.4,0
20230921,18,18.65,30903.9,32521.8,0
20230921,18,18.70,30903.9,32503.4,0
20230921,18,18.71,30903.9,32453.4,0
20230921,18,18.84,30903.9,32452.9,0
20230921,18,18.85,30940.8,32439.8,0
20230921,18,18.93,30940.8,32439.8,0
20230921,18,19.00,30940.8,32437.0,0
20230921,18,19.19,30940.8,32436.3,0
20230921,18,19.38,30940.8,32432.4,0
20230921,18,19.50,30940.8,32431.5,0
20230921,18,19.64,30940.8,32431.4,0
20230921,18,19.71,31164.8,32426.9,0
20230921,18,19.72,31164.8,32426.9,0
20230921,18,19.90,31164.8,32374.9,0
20230921,18,20.00,31164.8,32374.8,0
20230921,18,20.01,31164.8,32311.8,0
20230921,18,20.21,31164.8,32309.7,0
20230921,18,20.24,31215.8,31657.7,0
20230921,18,20.30,31215.8,31657.7,0
20230921,18,20.33,31215.8,31657.6,0
20230921,18,20.51,31215.9,31651.6,0
20230921,18,20.62,31247.3,31651.6,0
20230921,18,20.63,31247.3,31651.6,0
20230921,18,20.70,31247.3,31650.7,0
20230921,18,20.90,31247.3,31649.1,0
20230921,18,21.00,31247.3,31584.7,0
20230921,18,21.05,31247.3,31584.6,0
20230921,18,21.10,31247.3,31582.3,0
20230921,18,21.18,31247.3,31470.3,0
20230921,18,21.44,31247.3,31468.3,0
20230921,18,21.66,31247.3,31467.3,0
20230921,18,21.69,31247.3,31461.8,0
20230921,18,22.00,31247.3,31461.0,0
20230921,18,22.28,31297.3,31460.8,0
20230921,18,22.36,31297.3,31460.8,0
20230921,18,22.52,31297.3,31455.0,0
20230921,18,22.80,31746.4,31432.9,0
20230921,18,22.92,31746.4,31432.9,0
20230921,18,23.00,31759.4,31423.9,0
20230921,18,23.03,31759.4,31423.7,0
20230921,18,23.43,31759.4,31423.6,0
20230921,18,23.69,31759.4,31421.6,0
20230921,18,23.74,31759.4,31420.6,0
20230921,18,24.01,31759.4,31419.9,0
20230921,18,24.23,31759.4,31418.2,0
20230921,18,25.00,31759.4,31417.7,0
20230921,18,25.26,31759.4,31409.2,0
20230921,18,25.68,31759.4,31390.3,0
20230921,18,25.72,31759.4,31388.7,0
20230921,18,25.94,31759.4,31237.7,0
20230921,18,26.57,31759.4,31236.7,0
20230921,18,26.62,31759.4,31235.0,0
20230921,18,27.00,31759.4,31230.6,0
20230921,18,27.93,31759.4,31066.2,0
20230921,18,28.19,31759.4,31065.2,0
20230921,18,28.48,31759.4,31064.6,0
20230921,18,28.49,31759.4,30715.6,0
20230921,18,28.61,31759.4,30709.0,0
20230921,18,29.51,31759.4,30678.0,0
20230921,18,29.76,31759.4,30677.4,0
20230921,18,29.97,31759.4,30676.8,0
20230921,18,30.00,31759.4,30662.7,0
20230921,18,30.01,31759.4,30585.9,0
20230921,18,30.18,31759.4,30551.3,0
20230921,18,30.56,31759.4,30550.3,0
20230921,18,30.85,31759.4,30548.9,0
20230921,18,31.44,31759.4,30547.2,0
20230921,18,31.83,31759.4,30397.7,0
20230921,18,32.00,31759.4,30374.2,0
20230921,18,32.43,31759.4,30072.3,0
20230921,18,32.70,31762.9,30071.3,0
20230921,18,33.03,31762.9,30071.3,0
20230921,18,33.06,31762.9,30070.7,0
20230921,18,33.33,31762.9,30051.7,0
20230921,18,33.36,31762.9,30014.7,0
20230921,18,33.44,31762.9,30014.0,0
20230921,18,33.59,31762.9,30013.5,0
20230921,18,34.00,31762.9,30009.1,0
20230921,18,34.68,31762.9,29963.4,0
20230921,18,34.96,31762.9,29962.4,0
20230921,18,34.97,31762.9,29961.8,0
20230921,18,35.00,31762.9,29961.3,0
20230921,18,35.13,31762.9,29869.4,0
20230921,18,35.28,31762.9,29867.7,0
20230921,18,36.00,31762.9,29845.3,0
20230921,18,36.93,31762.9,29795.3,0
20230921,18,37.98,31762.9,29794.3,0
20230921,18,38.24,31762.9,29792.6,0
20230921,18,38.26,31762.9,29788.1,0
20230921,18,39.16,31762.9,29769.2,0
20230921,18,39.18,31762.9,29769.1,0
20230921,18,39.98,31822.9,29768.2,0
20230921,18,40.00,31822.9,29768.2,0
20230921,18,40.01,31822.9,29690.3,0
20230921,18,40.18,31822.9,29690.2,0
20230921,18,40.43,31822.9,29685.8,0
20230921,18,40.57,31822.9,29666.9,0
20230921,18,40.86,31822.9,29582.2,0
20230921,18,43.41,31822.9,29537.2,0
20230921,18,44.15,31822.9,29521.7,0
20230921,18,45.00,31822.9,29500.6,0
20230921,18,45.01,31822.9,29406.6,0
20230921,18,46.00,31822.9,29236.4,0
20230921,18,50.00,31822.9,29186.4,0
20230921,18,50.01,31829.7,28206.5,0
20230921,18,50.90,31829.7,28206.5,0
20230921,18,51.00,31829.7,28206.0,0
20230921,18,51.50,31829.7,28204.7,0
20230921,18,55.50,31829.7,28204.6,0
20230921,18,60.00,31829.7,28204.3,0
20230921,18,60.01,31829.7,28106.1,0
20230921,18,60.12,31829.7,28106.0,0
20230921,18,61.00,31829.7,28093.1,0
20230921,18,62.00,31829.7,28065.5,0
20230921,18,67.94,31829.7,27986.6,0
20230921,18,70.90,31829.7,27955.8,0
20230921,18,77.24,31829.7,25482.8,0
20230921,18,77.80,31829.7,25373.0,0
20230921,18,79.90,31829.7,25277.5,0
20230921,18,79.98,31849.7,25271.2,0
20230921,18,80.00,31849.7,25271.2,0
20230921,18,80.01,31849.7,24340.6,0
20230921,18,80.10,31849.7,23976.8,0
20230921,18,80.12,31849.7,23966.1,0
20230921,18,80.20,31849.7,23889.1,0
20230921,18,80.21,31869.7,23881.1,0
20230921,18,80.50,31869.7,23881.1,0
20230921,18,81.00,31869.7,23881.0,0
20230921,18,82.01,31869.7,23768.0,0
20230921,18,85.00,31869.7,23677.6,0
20230921,18,90.00,31869.7,23618.3,0
20230921,18,99.90,31869.7,23590.9,0
20230921,18,100.00,31869.7,23590.4,0
20230921,18,100.01,31890.7,20437.9,0
20230921,18,101.00,31890.7,20437.9,0
20230921,18,102.00,31890.7,20293.4,0
20230921,18,105.00,31890.7,20049.1,0
20230921,18,120.10,31890.7,20049.0,0
20230921,18,130.00,31890.7,19974.7,0
20230921,18,138.00,31890.7,19967.2,0
20230921,18,150.00,31890.7,19914.2,0
20230921,18,190.00,31890.7,19911.5,0
20230921,18,200.00,31890.7,19909.8,0
20230921,18,200.01,31890.7,17919.6,0
20230921,18,200.10,31890.7,16483.0,0
20230921,18,200.50,31890.7,16368.6,0
20230921,18,201.00,31890.7,16358.5,0
20230921,18,210.00,31890.7,16222.7,0
20230921,18,250.00,31890.7,15631.2,0
20230921,18,300.00,31890.7,15431.0,0
20230921,18,500.00,31890.7,14917.6,0
20230921,18,548.66,31890.7,14915.6,0
20230921,18,550.02,31890.7,14550.7,0
20230921,18,999.00,31890.7,14331.7,0
20230921,18,999.99,31890.7,0.0,0
20230921,19,0.00,0.0,9507.4,0
20230921,19,0.00,2161.3,9507.4,0
20230921,19,0.01,7177.6,9507.4,0
20230921,19,0.02,7188.3,9506.4,0
20230921,19,0.03,7188.5,9493.5,0
20230921,19,0.04,7188.8,9491.2,0
20230921,19,0.09,7188.8,9491.2,0
20230921,19,0.10,7188.8,9482.9,0
20230921,19,0.20,7188.8,9462.9,0
20230921,19,0.30,7188.8,9452.9,0
20230921,19,0.62,7188.8,9448.9,0
20230921,19,1.00,7256.3,9428.9,0
20230921,19,1.01,7256.7,9381.1,0
20230921,19,1.12,7256.7,9371.1,0
20230921,19,1.59,7278.8,9361.1,0
20230921,19,2.12,7278.8,9361.1,0
20230921,19,3.00,7278.8,9341.1,0
20230921,19,3.01,7278.8,9281.1,0
20230921,19,3.12,7278.8,9271.1,0
20230921,19,3.84,7279.8,9241.1,0
20230921,19,4.65,7330.9,9241.1,0
20230921,19,5.00,7331.3,9241.1,0
20230921,19,5.01,7343.3,9176.5,0
20230921,19,5.12,7343.3,9156.5,0
20230921,19,6.00,7343.3,9136.5,0
20230921,19,6.02,7347.0,9107.6,0
20230921,19,6.09,7348.0,9107.6,0
20230921,19,6.24,7348.6,9107.6,0
20230921,19,6.26,7348.6,9107.6,0
20230921,19,7.00,7348.6,9101.6,0
20230921,19,7.12,7348.6,9101.5,0
20230921,19,7.90,7348.6,9081.5,0
20230921,19,8.00,7374.7,9076.2,0
20230921,19,8.49,7375.7,9076.2,0
20230921,19,8.50,7375.7,9076.2,0
20230921,19,8.81,7375.7,9066.2,0
20230921,19,8.99,7375.7,9056.2,0
20230921,19,9.00,7375.7,9051.0,0
20230921,19,9.12,7375.7,9050.9,0
20230921,19,10.00,7377.2,9016.9,0
20230921,19,10.17,7377.2,9006.9,0
20230921,19,10.59,7377.2,8976.9,0
20230921,19,10.74,7378.2,8976.8,0
20230921,19,10.81,7378.2,8976.8,0
20230921,19,11.19,7426.6,8966.8,0
20230921,19,11.23,7446.6,8966.8,0
20230921,19,11.50,7446.6,8966.8,0
20230921,19,11.53,7446.6,8965.8,0
20230921,19,11.82,7446.6,8800.8,0
20230921,19,11.95,7446.6,8793.8,0
20230921,19,12.66,7446.6,8791.8,0
20230921,19,12.81,7446.6,8674.9,0
20230921,19,12.84,7446.6,8644.9,0
20230921,19,12.93,7446.6,8644.2,0
20230921,19,12.99,7447.6,8642.2,0
20230921,19,13.02,7449.4,8642.2,0
20230921,19,13.03,7449.4,8642.2,0
20230921,19,13.04,7450.2,8642.1,0
20230921,19,13.05,7450.3,8642.1,0
20230921,19,13.80,7450.3,8642.1,0
20230921,19,13.81,7450.3,8640.5,0
20230921,19,13.95,7450.3,8638.9,0
20230921,19,14.00,7450.3,8616.1,0
20230921,19,14.21,7450.3,8614.8,0
20230921,19,14.99,7450.3,8614.1,0
20230921,19,15.00,7450.3,8614.0,0
20230921,19,15.22,7450.3,8612.9,0
20230921,19,15.41,7450.3,8596.3,0
20230921,19,15.43,7450.3,8570.3,0
20230921,19,15.58,7450.3,8568.9,0
20230921,19,15.91,7450.3,8568.0,0
20230921,19,16.00,7450.3,8567.8,0
20230921,19,16.05,7450.3,8551.5,0
20230921,19,16.11,7450.3,8543.3,0
20230921,19,16.78,7450.3,8541.9,0
20230921,19,16.80,7450.3,8540.5,0
20230921,19,16.81,7460.1,8540.4,0
20230921,19,16.99,7460.1,8540.4,0
20230921,19,17.25,7460.1,8540.3,0
20230921,19,17.26,7460.1,8537.6,0
20230921,19,17.44,7460.1,8515.6,0
20230921,19,17.45,7460.1,8438.6,0
20230921,19,17.46,7460.1,8438.3,0
20230921,19,17.49,7460.1,8435.5,0
20230921,19,17.56,7460.1,8435.4,0
20230921,19,17.88,7460.1,8434.6,0
20230921,19,18.00,7460.1,8390.6,0
20230921,19,18.20,7460.1,8387.7,0
20230921,19,19.00,7460.1,8129.7,0
20230921,19,19.13,7460.1,8029.9,0
20230921,19,19.71,7684.1,7841.9,0
20230921,19,19.74,7684.1,7841.9,0
20230921,19,20.00,7684.1,7840.9,0
20230921,19,20.02,7684.1,7838.6,0
20230921,19,20.39,7686.1,7786.6,0
20230921,19,21.00,7686.1,7786.6,0
20230921,19,21.29,7686.1,7786.0,0
20230921,19,21.41,7686.1,7785.1,0
20230921,19,21.99,7686.1,7782.3,0
20230921,19,22.00,7686.1,7781.3,0
20230921,19,23.00,7686.1,7726.3,0
20230921,19,23.46,7686.1,7726.1,0
20230921,19,24.24,7686.1,7720.5,0
20230921,19,25.00,7686.1,7719.5,0
20230921,19,25.02,7686.1,7710.8,0
20230921,19,26.15,7686.1,7710.0,0
20230921,19,26.49,7686.1,7392.0,0
20230921,19,27.00,7686.1,7391.3,0
20230921,19,28.00,7686.1,7383.7,0
20230921,19,28.75,7686.1,7380.8,0
20230921,19,28.84,7686.1,7379.1,0
20230921,19,29.97,7686.1,7371.5,0
20230921,19,30.00,7686.1,7357.9,0
20230921,19,30.80,7686.1,7351.9,0
20230921,19,32.00,7686.1,7350.2,0
20230921,19,32.62,7686.1,7325.3,0
20230921,19,34.00,7686.1,7302.5,0
20230921,19,34.20,7686.1,7252.7,0
20230921,19,34.59,7686.1,7251.0,0
20230921,19,35.00,7686.1,7248.2,0
20230921,19,37.60,7686.1,7243.0,0
20230921,19,38.99,7686.1,7241.3,0
20230921,19,39.87,7686.1,7238.5,0
20230921,19,40.00,7686.1,7236.8,0
20230921,19,40.01,7686.1,7208.4,0
20230921,19,40.82,7686.1,7208.3,0
20230921,19,41.01,7686.1,7203.8,0
20230921,19,41.18,7686.1,7200.4,0
20230921,19,43.66,7686.1,7125.1,0
20230921,19,44.72,7686.1,7107.9,0
20230921,19,45.00,7686.1,7106.2,0
20230921,19,50.00,7686.1,7084.6,0
20230921,19,50.01,7693.1,7083.6,0
20230921,19,60.00,7693.1,7083.6,0
20230921,19,60.12,7693.1,7058.5,0
20230921,19,67.94,7693.1,7055.2,0
20230921,19,77.80,7693.1,7045.3,0
20230921,19,79.90,7693.1,7033.9,0
20230921,19,80.00,7693.1,7032.4,0
20230921,19,80.01,7693.1,6743.3,0
20230921,19,80.21,7703.1,6615.9,0
20230921,19,82.01,7703.1,6615.9,0
20230921,19,85.00,7703.1,6597.4,0
20230921,19,90.00,7703.1,6587.3,0
20230921,19,99.90,7703.1,6583.6,0
20230921,19,100.00,7703.1,6583.5,0
20230921,19,100.01,7705.4,6542.9,0
20230921,19,101.00,7705.4,6542.9,0
20230921,19,102.00,7705.4,6522.8,0
20230921,19,120.10,7705.4,6468.4,0
20230921,19,138.00,7705.4,6465.3,0
20230921,19,150.00,7705.4,6447.0,0
20230921,19,200.00,7705.4,6444.2,0
20230921,19,200.01,7705.4,6273.5,0
20230921,19,200.50,7705.4,6073.8,0
20230921,19,210.00,7705.4,6073.6,0
20230921,19,300.00,7705.4,6057.8,0
20230921,19,500.00,7705.4,5870.8,0
20230921,19,548.66,7705.4,5868.8,0
20230921,19,999.00,7705.4,5862.2,0
20230921,19,999.99,7705.4,0.0,0
20230921,19,0.00,0.0,41073.3,1
20230921,19,0.00,17681.0,41073.3,1
20230921,19,0.01,27408.1,41073.3,1
20230921,19,0.02,27577.5,41060.2,1
20230921,19,0.03,27578.4,41045.8,1
20230921,19,0.04,27581.9,41015.7,1
20230921,19,0.09,27581.9,41015.7,1
20230921,19,0.10,27581.9,40958.5,1
20230921,19,0.20,27581.9,40858.4,1
20230921,19,0.62,27581.9,40778.4,1
20230921,19,0.70,27582.9,40718.4,1
20230921,19,0.80,27583.9,40718.4,1
20230921,19,0.90,27584.9,40718.4,1
20230921,19,1.00,28174.8,40718.4,1
20230921,19,1.01,28175.8,40517.5,1
20230921,19,1.12,28175.8,40492.5,1
20230921,19,1.74,28179.1,40472.5,1
20230921,19,2.00,28181.3,40472.5,1
20230921,19,2.01,28181.3,40472.5,1
20230921,19,2.10,28181.3,40432.5,1
20230921,19,2.12,28181.3,40426.5,1
20230921,19,2.15,28296.6,40386.5,1
20230921,19,2.22,28378.7,40386.5,1
20230921,19,2.41,28385.9,40386.5,1
20230921,19,3.00,28385.9,40386.5,1
20230921,19,3.01,28385.9,40246.5,1
20230921,19,3.10,28385.9,40216.5,1
20230921,19,3.12,28385.9,40171.5,1
20230921,19,3.99,28386.9,40111.5,1
20230921,19,4.47,28390.9,40111.5,1
20230921,19,4.82,28398.2,40111.5,1
20230921,19,5.00,28564.1,40111.5,1
20230921,19,5.01,28564.1,39961.5,1
20230921,19,5.12,28564.1,39911.5,1
20230921,19,5.50,28564.2,39871.5,1
20230921,19,6.00,28564.2,39871.5,1
20230921,19,6.01,28564.2,39837.0,1
20230921,19,6.02,28569.1,39832.2,1
20230921,19,6.24,28570.1,39832.2,1
20230921,19,6.72,28574.1,39832.2,1
20230921,19,7.00,28603.0,39832.2,1
20230921,19,7.01,28603.0,39832.2,1
20230921,19,7.22,28610.3,39578.3,1
20230921,19,7.50,28650.3,39578.3,1
20230921,19,7.94,28650.3,39578.3,1
20230921,19,8.00,28650.3,39431.3,1
20230921,19,8.01,28650.3,39371.2,1
20230921,19,8.02,28664.7,39362.7,1
20230921,19,8.49,28665.7,39362.7,1
20230921,19,8.59,28665.7,39362.7,1
20230921,19,8.97,28669.7,39359.9,1
20230921,19,9.23,28669.7,39359.9,1
20230921,19,9.36,28669.7,39212.9,1
20230921,19,9.50,28669.7,39065.9,1
20230921,19,9.59,28669.7,38918.9,1
20230921,19,9.63,28677.0,38888.9,1
20230921,19,9.66,28677.0,38888.9,1
20230921,19,9.79,28677.0,38764.9,1
20230921,19,9.80,28677.0,38759.4,1
20230921,19,9.81,28677.0,38709.4,1
20230921,19,9.82,28677.0,38659.4,1
20230921,19,10.00,28723.2,38609.4,1
20230921,19,10.05,28743.2,38529.0,1
20230921,19,10.15,28743.2,38529.0,1
20230921,19,10.19,28743.2,38519.0,1
20230921,19,10.20,28743.2,38308.7,1
20230921,19,10.22,28743.2,38184.7,1
20230921,19,10.23,28743.2,38135.7,1
20230921,19,10.38,28743.2,38085.7,1
20230921,19,10.46,28743.2,37961.7,1
20230921,19,10.50,28743.2,37874.7,1
20230921,19,10.51,28743.2,37824.7,1
20230921,19,10.58,28891.1,37673.7,1
20230921,19,10.59,29132.2,37581.0,1
20230921,19,10.74,29133.2,37581.0,1
20230921,19,10.90,29133.2,37581.0,1
20230921,19,11.00,29133.2,37571.0,1
20230921,19,11.22,29144.8,37481.0,1
20230921,19,11.40,29144.8,37481.0,1
20230921,19,11.50,29212.8,37330.0,1
20230921,19,11.59,29212.8,37329.6,1
20230921,19,11.67,29212.8,37299.6,1
20230921,19,11.88,29212.8,37158.2,1
20230921,19,11.94,29212.8,36958.2,1
20230921,19,11.98,29226.3,36758.2,1
20230921,19,12.00,29226.3,36758.2,1
20230921,19,12.01,29230.8,36751.9,1
20230921,19,12.02,29230.8,36751.9,1
20230921,19,12.03,29238.0,36551.9,1
20230921,19,12.10,29238.0,36551.9,1
20230921,19,12.15,29238.0,36351.9,1
20230921,19,12.18,29238.0,36341.9,1
20230921,19,12.27,29238.0,36141.9,1
20230921,19,12.30,29238.0,36091.9,1
20230921,19,12.36,29238.4,35891.9,1
20230921,19,12.39,29238.4,35891.9,1
20230921,19,12.44,29238.4,35841.9,1
20230921,19,12.60,29238.7,35641.9,1
20230921,19,12.61,29240.8,35641.9,1
20230921,19,12.70,29241.2,35641.9,1
20230921,19,12.73,29241.2,35641.9,1
20230921,19,12.74,29241.2,35614.1,1
20230921,19,12.76,29241.2,35414.1,1
20230921,19,12.90,29241.2,34943.0,1
20230921,19,12.97,29241.2,34928.0,1
20230921,19,12.99,29242.2,34905.0,1
20230921,19,13.00,29242.2,34905.0,1
20230921,19,13.01,29243.0,34824.8,1
20230921,19,13.02,29245.4,34822.6,1
20230921,19,13.03,29245.8,34822.6,1
20230921,19,13.04,29245.8,34822.6,1
20230921,19,13.05,29245.8,34813.9,1
20230921,19,13.18,29247.8,34780.2,1
20230921,19,13.31,29247.8,34780.2,1
20230921,19,13.36,29248.2,34775.1,1
20230921,19,13.47,29252.8,34775.1,1
20230921,19,13.50,29262.8,34775.1,1
20230921,19,13.59,29262.8,34774.5,1
20230921,19,13.60,29290.2,34746.9,1
20230921,19,13.69,29290.5,34746.9,1
20230921,19,13.75,29292.6,34746.7,1
20230921,19,14.00,29292.6,34746.7,1
20230921,19,14.01,29294.2,34637.0,1
20230921,19,14.10,29294.2,34637.0,1
20230921,19,14.15,29294.2,34636.4,1
20230921,19,14.16,29301.7,34556.6,1
20230921,19,14.19,29305.2,34556.6,1
20230921,19,14.25,29305.2,34556.6,1
20230921,19,14.30,29305.2,34546.6,1
20230921,19,14.32,29307.2,34546.2,1
20230921,19,14.37,29307.2,34546.2,1
20230921,19,14.50,29307.2,34520.3,1
20230921,19,14.60,29316.5,34519.2,1
20230921,19,14.61,29325.8,34519.2,1
20230921,19,14.90,29327.8,34519.2,1
20230921,19,14.91,29328.8,34494.9,1
20230921,19,15.00,29566.8,34494.9,1
20230921,19,15.01,29566.8,34482.6,1
20230921,19,15.15,29568.6,34478.4,1
20230921,19,15.16,29570.4,34390.4,1
20230921,19,15.20,29570.4,34390.4,1
20230921,19,15.22,29570.4,34390.2,1
20230921,19,15.52,29570.4,34389.9,1
20230921,19,15.75,29570.4,34189.9,1
20230921,19,15.80,29570.4,34189.2,1
20230921,19,15.81,29570.4,34188.9,1
20230921,19,15.85,29570.4,33988.8,1
20230921,19,15.90,29582.4,33988.5,1
20230921,19,15.91,29582.6,33988.5,1
20230921,19,15.92,29582.8,33988.5,1
20230921,19,16.00,29583.8,33976.9,1
20230921,19,16.10,29584.8,33976.8,1
20230921,19,16.20,29585.8,33976.8,1
20230921,19,16.26,29635.8,33976.8,1
20230921,19,16.30,29686.8,33976.8,1
20230921,19,16.40,29686.8,33976.8,1
20230921,19,16.47,29750.8,33976.7,1
20230921,19,16.49,29750.8,33976.7,1
20230921,19,16.66,29814.8,33976.6,1
20230921,19,16.70,29814.8,33976.6,1
20230921,19,16.74,29814.8,33976.4,1
20230921,19,16.75,29878.8,33976.2,1
20230921,19,16.76,29878.8,33976.2,1
20230921,19,16.80,29879.1,33966.7,1
20230921,19,16.85,29943.1,33966.3,1
20230921,19,17.03,30007.1,33966.3,1
20230921,19,17.08,30071.1,33966.3,1
20230921,19,17.10,30071.1,33966.3,1
20230921,19,17.16,30087.1,33966.0,1
20230921,19,17.18,30087.1,33966.0,1
20230921,19,17.20,30087.1,33949.8,1
20230921,19,17.30,30087.1,33947.6,1
20230921,19,17.40,30087.1,33947.5,1
20230921,19,17.49,30087.1,33889.4,1
20230921,19,17.50,30087.1,33889.3,1
20230921,19,17.55,30087.1,33889.2,1
20230921,19,17.59,30144.9,33823.2,1
20230921,19,17.60,30144.9,33823.2,1
20230921,19,17.63,30144.9,33813.8,1
20230921,19,17.65,30179.5,33742.4,1
20230921,19,17.76,30179.5,33742.4,1
20230921,19,17.84,30179.5,33741.7,1
20230921,19,17.87,30179.5,33741.1,1
20230921,19,17.97,30179.5,33619.1,1
20230921,19,18.00,30179.5,33618.6,1
20230921,19,18.03,30179.5,33616.7,1
20230921,19,18.15,30189.5,33616.6,1
20230921,19,18.27,30189.5,33616.6,1
20230921,19,18.30,30189.5,33616.1,1
20230921,19,18.43,30189.5,33616.0,1
20230921,19,18.48,30189.5,33597.1,1
20230921,19,18.60,30189.5,33594.9,1
20230921,19,18.62,30189.5,33594.8,1
20230921,19,18.65,30189.5,33593.2,1
20230921,19,18.90,30219.4,33552.4,1
20230921,19,19.50,30219.4,33552.4,1
20230921,19,19.74,30219.4,33552.3,1
20230921,19,19.76,30219.4,33551.3,1
20230921,19,19.90,30219.4,33546.9,1
20230921,19,20.00,30219.4,33546.8,1
20230921,19,20.01,30219.4,33480.5,1
20230921,19,20.21,30219.4,33478.1,1
20230921,19,20.22,30219.4,31965.1,1
20230921,19,20.30,30219.4,31960.8,1
20230921,19,20.42,30219.4,31960.7,1
20230921,19,20.51,30219.4,31960.1,1
20230921,19,20.62,30251.5,31959.8,1
20230921,19,20.75,30251.5,31959.8,1
20230921,19,20.85,30251.5,31952.0,1
20230921,19,21.00,30251.5,31951.5,1
20230921,19,21.10,30251.5,31951.1,1
20230921,19,21.49,30251.5,31830.1,1
20230921,19,21.50,30251.5,31829.3,1
20230921,19,21.62,30251.5,31827.8,1
20230921,19,21.99,30251.5,31763.1,1
20230921,19,22.00,30251.5,31762.1,1
20230921,19,22.25,30251.5,31437.9,1
20230921,19,22.28,30301.5,31419.0,1
20230921,19,22.47,30301.5,31419.0,1
20230921,19,22.80,30750.6,31417.9,1
20230921,19,22.84,30750.6,31417.9,1
20230921,19,22.92,30750.6,31411.9,1
20230921,19,22.94,30750.6,31402.9,1
20230921,19,23.00,30763.6,31398.4,1
20230921,19,23.03,30763.6,31398.4,1
20230921,19,23.46,30763.6,31398.3,1
20230921,19,23.95,30763.6,31397.4,1
20230921,19,24.24,30763.6,31376.5,1
20230921,19,24.25,30763.6,31375.5,1
20230921,19,24.72,30763.6,31372.6,1
20230921,19,24.86,30763.6,31371.6,1
20230921,19,25.00,30763.6,31370.9,1
20230921,19,25.14,30763.6,31370.7,1
20230921,19,26.49,30763.6,31370.2,1
20230921,19,26.97,30763.6,31369.2,1
20230921,19,27.00,30763.6,31368.2,1
20230921,19,28.25,30763.6,31251.9,1
20230921,19,28.62,30763.6,31247.5,1
20230921,19,28.74,30763.6,31228.6,1
20230921,19,29.22,30763.6,31227.6,1
20230921,19,29.29,30763.6,31226.6,1
20230921,19,29.43,30763.6,31226.0,1
20230921,19,30.00,30763.6,31225.4,1
20230921,19,30.01,30763.6,31145.5,1
20230921,19,30.56,30763.6,31107.8,1
20230921,19,30.99,30763.6,31106.4,1
20230921,19,32.00,30763.6,31105.4,1
20230921,19,32.09,30763.6,30794.8,1
20230921,19,32.25,30763.6,30645.1,1
20230921,19,32.29,30763.6,30644.4,1
20230921,19,32.70,30767.1,30643.9,1
20230921,19,33.03,30767.1,30643.9,1
20230921,19,33.24,30767.1,30643.2,1
20230921,19,33.48,30767.1,30642.2,1
20230921,19,33.49,30767.1,30641.6,1
20230921,19,33.56,30767.1,30641.1,1
20230921,19,33.73,30767.1,30636.7,1
20230921,19,34.99,30767.1,30612.4,1
20230921,19,35.00,30767.1,30593.4,1
20230921,19,35.49,30767.1,30499.3,1
20230921,19,36.00,30767.1,30498.3,1
20230921,19,37.10,30767.1,30448.3,1
20230921,19,37.74,30767.1,30443.8,1
20230921,19,38.57,30767.1,30442.8,1
20230921,19,38.87,30767.1,30438.4,1
20230921,19,39.24,30767.1,30341.6,1
20230921,19,39.98,30827.1,30322.7,1
20230921,19,39.99,30827.1,30322.7,1
20230921,19,40.00,30827.1,30321.7,1
20230921,19,41.01,30827.1,30261.7,1
20230921,19,41.36,30827.1,30242.8,1
20230921,19,42.24,30827.1,30170.9,1
20230921,19,42.30,30827.1,30170.3,1
20230921,19,43.66,30827.1,30154.2,1
20230921,19,45.00,30827.1,30148.2,1
20230921,19,45.01,30827.1,30055.2,1
20230921,19,46.00,30827.1,29957.2,1
20230921,19,50.00,30827.1,29907.2,1
20230921,19,50.01,30827.4,28073.4,1
20230921,19,50.50,30827.4,28073.4,1
20230921,19,50.90,30827.4,28073.3,1
20230921,19,51.00,30827.4,28072.5,1
20230921,19,54.50,30827.4,28071.2,1
20230921,19,60.00,30827.4,28070.8,1
20230921,19,60.12,30827.4,27987.3,1
20230921,19,61.00,30827.4,27975.3,1
20230921,19,62.00,30827.4,27946.0,1
20230921,19,67.94,30827.4,27863.4,1
20230921,19,70.90,30827.4,27839.3,1
20230921,19,77.80,30827.4,24496.3,1
20230921,19,79.90,30827.4,24392.3,1
20230921,19,79.98,30847.4,24386.6,1
20230921,19,80.00,30847.4,24386.6,1
20230921,19,80.01,30847.4,23635.9,1
20230921,19,80.10,30847.4,23360.1,1
20230921,19,80.12,30847.4,23347.2,1
20230921,19,80.20,30847.4,23266.4,1
20230921,19,80.21,30857.4,23258.4,1
20230921,19,80.50,30857.4,23258.4,1
20230921,19,81.00,30857.4,23258.3,1
20230921,19,82.01,30857.4,23160.3,1
20230921,19,85.00,30857.4,23082.1,1
20230921,19,90.00,30857.4,23027.3,1
20230921,19,99.90,30857.4,23002.0,1
20230921,19,100.00,30857.4,23001.8,1
20230921,19,100.01,30877.9,19725.8,1
20230921,19,101.00,30877.9,19725.8,1
20230921,19,102.00,30877.9,19601.4,1
20230921,19,105.00,30877.9,19380.3,1
20230921,19,120.10,30877.9,19380.1,1
20230921,19,130.00,30877.9,19303.1,1
20230921,19,138.00,30877.9,19295.2,1
20230921,19,190.00,30877.9,19259.2,1
20230921,19,200.00,30877.9,19257.0,1
20230921,19,200.01,30877.9,17252.7,1
20230921,19,200.10,30877.9,16009.2,1
20230921,19,200.50,30877.9,15878.6,1
20230921,19,201.00,30877.9,15868.7,1
20230921,19,210.00,30877.9,15725.1,1
20230921,19,250.00,30877.9,15243.4,1
20230921,19,300.00,30877.9,15040.9,1
20230921,19,548.66,30877.9,14714.2,1
20230921,19,550.02,30877.9,14298.0,1
20230921,19,999.00,30877.9,14077.1,1
20230921,19,999.99,30877.9,0.0,1
20230921,20,0.00,0.0,9554.1,0
20230921,20,0.00,2266.3,9554.1,0
20230921,20,0.01,7291.5,9554.1,0
20230921,20,0.02,7302.3,9553.2,0
20230921,20,0.03,7302.6,9539.2,0
20230921,20,0.04,7303.0,9536.8,0
20230921,20,0.09,7303.0,9536.8,0
20230921,20,0.10,7303.0,9527.7,0
20230921,20,0.20,7303.0,9507.7,0
20230921,20,0.30,7303.0,9497.7,0
20230921,20,0.62,7325.1,9493.7,0
20230921,20,1.00,7393.8,9473.7,0
20230921,20,1.01,7394.2,9424.3,0
20230921,20,1.12,7394.2,9414.3,0
20230921,20,2.12,7394.2,9404.3,0
20230921,20,2.87,7395.2,9384.3,0
20230921,20,3.00,7395.2,9384.3,0
20230921,20,3.01,7395.2,9324.3,0
20230921,20,3.12,7395.2,9314.3,0
20230921,20,4.65,7451.8,9284.3,0
20230921,20,5.00,7452.2,9284.3,0
20230921,20,5.01,7465.9,9217.7,0
20230921,20,5.12,7466.9,9197.7,0
20230921,20,6.00,7466.9,9177.7,0
20230921,20,6.02,7470.7,9148.6,0
20230921,20,6.26,7470.7,9148.6,0
20230921,20,6.91,7471.3,9142.6,0
20230921,20,7.00,7471.3,9142.6,0
20230921,20,7.12,7471.3,9142.5,0
20230921,20,7.90,7471.3,9122.5,0
20230921,20,8.00,7497.4,9117.2,0
20230921,20,8.50,7497.4,9117.2,0
20230921,20,8.57,7497.4,9107.2,0
20230921,20,9.00,7497.4,9097.2,0
20230921,20,9.12,7497.4,9097.1,0
20230921,20,9.16,7498.4,9063.1,0
20230921,20,9.27,7498.4,9063.1,0
20230921,20,9.62,7498.4,9057.9,0
20230921,20,10.00,7499.7,9057.8,0
20230921,20,10.17,7499.7,9047.8,0
20230921,20,10.57,7499.7,9017.8,0
20230921,20,11.00,7499.7,9007.8,0
20230921,20,11.19,7548.1,9006.8,0
20230921,20,11.41,7549.1,9006.8,0
20230921,20,11.53,7549.1,9006.8,0
20230921,20,11.73,7569.1,8841.8,0
20230921,20,11.82,7569.1,8841.8,0
20230921,20,11.87,7569.1,8834.8,0
20230921,20,11.95,7569.1,8834.1,0
20230921,20,12.57,7569.1,8831.9,0
20230921,20,12.66,7569.1,8801.9,0
20230921,20,12.69,7569.1,8696.9,0
20230921,20,12.79,7569.1,8694.9,0
20230921,20,12.80,7569.8,8694.8,0
20230921,20,12.81,7569.9,8694.8,0
20230921,20,13.02,7571.7,8694.8,0
20230921,20,13.47,7571.7,8694.8,0
20230921,20,13.57,7571.7,8682.8,0
20230921,20,13.58,7571.7,8681.0,0
20230921,20,13.59,7572.6,8680.1,0
20230921,20,13.66,7573.6,8680.1,0
20230921,20,13.95,7573.6,8680.1,0
20230921,20,14.00,7573.6,8656.5,0
20230921,20,14.21,7573.6,8655.2,0
20230921,20,14.99,7573.6,8654.6,0
20230921,20,15.00,7573.6,8654.5,0
20230921,20,15.22,7573.6,8653.2,0
20230921,20,15.41,7573.6,8636.6,0
20230921,20,15.58,7573.6,8610.6,0
20230921,20,15.79,7573.6,8609.7,0
20230921,20,15.91,7573.6,8608.3,0
20230921,20,16.00,7573.6,8608.1,0
20230921,20,16.05,7573.6,8591.5,0
20230921,20,16.57,7583.5,8583.3,0
20230921,20,16.59,7583.5,8583.3,0
20230921,20,16.99,7583.5,8581.9,0
20230921,20,17.25,7583.5,8581.8,0
20230921,20,17.35,7583.5,8579.2,0
20230921,20,17.40,7583.5,8578.4,0
20230921,20,17.45,7583.5,8577.0,0
20230921,20,17.83,7583.5,8576.7,0
20230921,20,18.00,7583.5,8536.7,0
20230921,20,18.06,7583.5,8533.7,0
20230921,20,18.16,7583.5,8489.7,0
20230921,20,18.21,7583.5,8489.6,0
20230921,20,18.36,7583.5,8486.8,0
20230921,20,19.00,7583.5,8230.8,0
20230921,20,19.10,7583.5,8230.1,0
20230921,20,19.23,7583.5,8070.1,0
20230921,20,19.71,7807.5,7952.1,0
20230921,20,19.99,7807.5,7952.1,0
20230921,20,20.00,7807.5,7900.1,0
20230921,20,20.38,7813.5,7897.8,0
20230921,20,20.41,7813.5,7897.8,0
20230921,20,20.91,7813.5,7896.8,0
20230921,20,21.00,7813.5,7895.9,0
20230921,20,21.60,7813.5,7895.8,0
20230921,20,22.00,7813.5,7893.0,0
20230921,20,22.66,7813.5,7835.4,0
20230921,20,23.00,7813.5,7834.4,0
20230921,20,23.46,7813.5,7834.2,0
20230921,20,24.00,7813.5,7828.1,0
20230921,20,24.47,7813.5,7827.6,0
20230921,20,24.91,7813.5,7826.8,0
20230921,20,25.00,7813.5,7825.8,0
20230921,20,27.00,7813.5,7816.9,0
20230921,20,27.16,7813.5,7809.1,0
20230921,20,27.25,7813.5,7808.4,0
20230921,20,27.29,7813.5,7805.5,0
20230921,20,28.04,7813.5,7487.5,0
20230921,20,28.84,7813.5,7485.8,0
20230921,20,29.50,7813.5,7477.8,0
20230921,20,29.97,7813.5,7476.1,0
20230921,20,30.00,7813.5,7463.4,0
20230921,20,31.95,7813.5,7457.3,0
20230921,20,32.00,7813.5,7455.6,0
20230921,20,32.62,7813.5,7430.8,0
20230921,20,32.90,7813.5,7408.3,0
20230921,20,34.00,7813.5,7405.5,0
20230921,20,34.39,7813.5,7353.8,0
20230921,20,35.00,7813.5,7352.1,0
20230921,20,36.02,7813.5,7346.5,0
20230921,20,36.67,7813.5,7344.8,0
20230921,20,36.70,7813.5,7342.0,0
20230921,20,36.84,7813.5,7340.3,0
20230921,20,38.24,7813.5,7334.8,0
20230921,20,38.55,7813.5,7332.0,0
20230921,20,40.00,7813.5,7253.7,0
20230921,20,40.01,7813.5,7223.9,0
20230921,20,44.15,7813.5,7223.8,0
20230921,20,44.72,7813.5,7206.4,0
20230921,20,45.00,7813.5,7205.8,0
20230921,20,50.00,7813.5,7184.3,0
20230921,20,50.01,7821.1,7183.3,0
20230921,20,50.12,7821.1,7183.3,0
20230921,20,60.00,7821.1,7179.8,0
20230921,20,60.01,7821.1,7153.8,0
20230921,20,67.94,7821.1,7153.7,0
20230921,20,77.80,7821.1,7143.4,0
20230921,20,79.90,7821.1,7132.1,0
20230921,20,80.00,7821.1,7130.6,0
20230921,20,80.01,7821.1,7040.0,0
20230921,20,80.21,7831.1,6901.2,0
20230921,20,82.00,7831.1,6901.2,0
20230921,20,82.01,7831.1,6697.5,0
20230921,20,85.00,7831.1,6678.9,0
20230921,20,90.00,7831.1,6668.4,0
20230921,20,99.90,7831.1,6664.6,0
20230921,20,100.00,7831.1,6664.5,0
20230921,20,100.01,7833.4,6622.8,0
20230921,20,101.00,7833.4,6622.8,0
20230921,20,102.00,7833.4,6602.7,0
20230921,20,120.10,7833.4,6547.1,0
20230921,20,138.00,7833.4,6544.2,0
20230921,20,150.00,7833.4,6526.1,0
20230921,20,200.00,7833.4,6523.3,0
20230921,20,200.01,7833.4,6346.5,0
20230921,20,200.50,7833.4,6148.5,0
20230921,20,210.00,7833.4,6148.3,0
20230921,20,300.00,7833.4,6132.4,0
20230921,20,500.00,7833.4,5945.4,0
20230921,20,548.66,7833.4,5943.4,0
20230921,20,999.00,7833.4,5936.8,0
20230921,20,999.99,7833.4,0.0,0
20230921,20,0.00,0.0,41983.7,1
20230921,20,0.00,18232.6,41983.7,1
20230921,20,0.01,27955.7,41983.7,1
20230921,20,0.02,28124.3,41970.1,1
20230921,20,0.03,28125.8,41955.6,1
20230921,20,0.04,28129.2,41924.6,1
20230921,20,0.09,28129.2,41924.6,1
20230921,20,0.10,28129.2,41861.6,1
20230921,20,0.16,28203.0,41761.5,1
20230921,20,0.20,28203.0,41761.5,1
20230921,20,0.62,28203.0,41681.5,1
20230921,20,0.64,28352.6,41621.5,1
20230921,20,0.70,28353.6,41621.5,1
20230921,20,0.80,28354.6,41621.5,1
20230921,20,0.90,28355.6,41621.5,1
20230921,20,1.00,28911.0,41621.5,1
20230921,20,1.01,28912.0,41415.2,1
20230921,20,1.12,28912.0,41390.2,1
20230921,20,2.00,28914.6,41370.2,1
20230921,20,2.01,28914.6,41370.2,1
20230921,20,2.10,28914.6,41330.2,1
20230921,20,2.12,28914.6,41324.2,1
20230921,20,2.15,29029.9,41284.2,1
20230921,20,2.41,29038.1,41284.2,1
20230921,20,2.89,29042.1,41284.2,1
20230921,20,3.00,29042.1,41284.2,1
20230921,20,3.01,29042.1,41144.2,1
20230921,20,3.10,29042.1,41114.2,1
20230921,20,3.12,29042.1,41069.2,1
20230921,20,4.66,29043.1,41009.2,1
20230921,20,4.82,29050.4,41009.2,1
20230921,20,5.00,29195.9,41009.2,1
20230921,20,5.01,29195.9,40854.4,1
20230921,20,5.12,29195.9,40804.4,1
20230921,20,5.14,29199.9,40764.4,1
20230921,20,5.50,29200.0,40764.4,1
20230921,20,6.00,29200.0,40764.4,1
20230921,20,6.01,29200.0,40729.5,1
20230921,20,6.02,29205.1,40724.6,1
20230921,20,6.91,29206.1,40724.6,1
20230921,20,7.00,29236.6,40724.6,1
20230921,20,7.01,29236.6,40724.6,1
20230921,20,7.22,29243.9,40446.8,1
20230921,20,7.39,29247.9,40446.8,1
20230921,20,7.50,29287.9,40446.8,1
20230921,20,7.94,29287.9,40446.8,1
20230921,20,8.00,29287.9,40299.8,1
20230921,20,8.01,29287.9,40239.7,1
20230921,20,8.02,29302.9,40230.9,1
20230921,20,8.59,29302.9,40230.9,1
20230921,20,9.16,29303.9,40228.0,1
20230921,20,9.23,29303.9,40228.0,1
20230921,20,9.36,29303.9,40081.0,1
20230921,20,9.50,29303.9,39934.0,1
20230921,20,9.63,29311.2,39787.0,1
20230921,20,9.64,29315.2,39787.0,1
20230921,20,9.66,29315.2,39787.0,1
20230921,20,9.79,29315.2,39663.0,1
20230921,20,9.80,29315.2,39657.5,1
20230921,20,9.81,29315.2,39607.5,1
20230921,20,9.82,29315.2,39557.5,1
20230921,20,10.00,29359.2,39507.5,1
20230921,20,10.05,29379.2,39427.5,1
20230921,20,10.19,29379.2,39427.5,1
20230921,20,10.20,29379.2,39217.2,1
20230921,20,10.22,29379.2,39093.2,1
20230921,20,10.23,29379.2,39044.2,1
20230921,20,10.38,29379.2,38994.2,1
20230921,20,10.46,29379.2,38870.2,1
20230921,20,10.50,29379.2,38783.2,1
20230921,20,10.51,29379.2,38733.2,1
20230921,20,10.58,29489.5,38582.2,1
20230921,20,10.59,29730.9,38454.3,1
20230921,20,10.93,29730.9,38454.3,1
20230921,20,11.00,29730.9,38424.3,1
20230921,20,11.40,29730.9,38333.9,1
20230921,20,11.41,29731.9,38182.9,1
20230921,20,11.50,29799.9,38182.9,1
20230921,20,11.58,29799.9,38182.9,1
20230921,20,11.67,29799.9,38172.9,1
20230921,20,11.81,29799.9,38050.9,1
20230921,20,11.88,29799.9,37850.9,1
20230921,20,11.89,29803.9,37650.9,1
20230921,20,11.94,29803.9,37650.9,1
20230921,20,11.99,29803.9,37450.9,1
20230921,20,12.00,29803.9,37440.9,1
20230921,20,12.02,29803.9,37434.1,1
20230921,20,12.03,29811.1,37234.1,1
20230921,20,12.11,29811.1,37234.1,1
20230921,20,12.19,29811.1,37034.1,1
20230921,20,12.31,29811.1,36834.1,1
20230921,20,12.39,29811.1,36584.1,1
20230921,20,12.44,29811.1,36534.1,1
20230921,20,12.47,29811.5,36334.1,1
20230921,20,12.50,29811.5,36334.1,1
20230921,20,12.55,29816.1,36334.0,1
20230921,20,12.57,29816.1,36334.0,1
20230921,20,12.70,29829.9,36313.6,1
20230921,20,12.74,29829.9,36313.6,1
20230921,20,12.77,29832.0,36113.6,1
20230921,20,12.80,29832.0,36113.6,1
20230921,20,12.92,29832.4,35626.7,1
20230921,20,12.93,29832.4,35626.7,1
20230921,20,12.96,29832.4,35596.7,1
20230921,20,13.00,29832.4,35537.7,1
20230921,20,13.01,29833.2,35457.3,1
20230921,20,13.02,29835.7,35455.0,1
20230921,20,13.04,29835.7,35455.0,1
20230921,20,13.05,29835.7,35446.3,1
20230921,20,13.31,29835.7,35412.6,1
20230921,20,13.36,29836.1,35407.3,1
20230921,20,13.50,29846.4,35407.3,1
20230921,20,13.51,29848.4,35406.9,1
20230921,20,13.58,29848.4,35406.9,1
20230921,20,13.63,29848.4,35391.9,1
20230921,20,13.66,29849.4,35367.9,1
20230921,20,13.80,29849.8,35340.1,1
20230921,20,13.99,29849.8,35340.1,1
20230921,20,14.00,29849.8,35330.1,1
20230921,20,14.01,29851.4,35219.1,1
20230921,20,14.10,29851.4,35219.1,1
20230921,20,14.14,29855.6,35218.5,1
20230921,20,14.24,29858.0,35218.5,1
20230921,20,14.30,29858.0,35218.3,1
20230921,20,14.43,29884.0,35217.9,1
20230921,20,14.50,29884.0,35217.9,1
20230921,20,14.78,29887.3,35216.8,1
20230921,20,14.80,29887.3,35216.8,1
20230921,20,14.93,29887.3,35216.7,1
20230921,20,14.94,29918.4,35192.8,1
20230921,20,14.98,29920.4,35167.1,1
20230921,20,15.00,30158.4,35167.1,1
20230921,20,15.01,30158.4,35154.8,1
20230921,20,15.10,30158.4,35150.5,1
20230921,20,15.12,30158.4,35150.4,1
20230921,20,15.15,30158.4,35083.0,1
20230921,20,15.20,30158.4,34995.0,1
20230921,20,15.55,30158.4,34994.8,1
20230921,20,15.58,30158.4,34794.8,1
20230921,20,15.59,30159.5,34770.9,1
20230921,20,15.66,30167.1,34770.9,1
20230921,20,15.72,30169.1,34770.9,1
20230921,20,15.80,30169.1,34770.6,1
20230921,20,15.81,30169.1,34770.3,1
20230921,20,15.90,30180.1,34770.2,1
20230921,20,15.92,30180.1,34770.2,1
20230921,20,15.93,30190.2,34758.6,1
20230921,20,15.94,30200.3,34758.6,1
20230921,20,15.99,30200.3,34758.6,1
20230921,20,16.00,30209.7,34747.0,1
20230921,20,16.10,30210.7,34746.9,1
20230921,20,16.12,30274.7,34746.9,1
20230921,20,16.20,30275.7,34746.9,1
20230921,20,16.25,30275.7,34746.3,1
20230921,20,16.26,30325.7,34746.2,1
20230921,20,16.27,30389.7,34746.2,1
20230921,20,16.30,30440.7,34746.2,1
20230921,20,16.37,30504.7,34746.2,1
20230921,20,16.40,30504.7,34746.2,1
20230921,20,16.43,30504.7,34746.1,1
20230921,20,16.47,30568.7,34745.8,1
20230921,20,16.57,30568.7,34745.8,1
20230921,20,16.58,30568.9,34745.7,1
20230921,20,16.59,30569.1,34745.7,1
20230921,20,16.66,30633.1,34745.7,1
20230921,20,16.70,30633.1,34745.7,1
20230921,20,16.75,30697.1,34745.5,1
20230921,20,16.79,30697.1,34745.5,1
20230921,20,16.80,30697.1,34736.0,1
20230921,20,16.94,30761.1,34735.9,1
20230921,20,16.95,30761.1,34735.9,1
20230921,20,17.00,30763.2,34735.6,1
20230921,20,17.01,30765.3,34735.6,1
20230921,20,17.03,30829.3,34735.6,1
20230921,20,17.10,30829.3,34735.6,1
20230921,20,17.16,30896.7,34735.4,1
20230921,20,17.18,30896.7,34735.4,1
20230921,20,17.30,30896.7,34719.2,1
20230921,20,17.40,30896.7,34716.9,1
20230921,20,17.50,30896.7,34659.0,1
20230921,20,17.55,30896.7,34658.9,1
20230921,20,17.63,30896.7,34591.9,1
20230921,20,17.65,30916.0,34505.2,1
20230921,20,17.66,30916.0,34505.2,1
20230921,20,17.87,30916.0,34495.8,1
20230921,20,17.91,30916.0,34373.8,1
20230921,20,17.92,30924.0,34373.2,1
20230921,20,18.00,30924.3,34373.2,1
20230921,20,18.03,30924.3,34371.3,1
20230921,20,18.16,30924.3,34371.2,1
20230921,20,18.17,30924.3,34371.1,1
20230921,20,18.30,30924.3,34370.8,1
20230921,20,18.53,30924.3,34370.7,1
20230921,20,18.58,30924.3,34351.8,1
20230921,20,18.60,30924.3,34340.0,1
20230921,20,18.62,30924.3,34339.9,1
20230921,20,18.64,30924.3,34288.1,1
20230921,20,18.68,30924.3,34287.6,1
20230921,20,18.93,30982.1,34285.4,1
20230921,20,19.40,30982.1,34285.4,1
20230921,20,19.50,30982.1,34284.7,1
20230921,20,19.58,31012.0,34284.6,1
20230921,20,19.90,31012.0,34284.6,1
20230921,20,19.99,31022.0,34284.5,1
20230921,20,20.00,31022.0,34284.5,1
20230921,20,20.01,31022.0,34214.1,1
20230921,20,20.05,31022.0,34211.7,1
20230921,20,20.21,31022.0,34207.3,1
20230921,20,20.30,31022.0,32526.3,1
20230921,20,20.41,31022.0,32526.1,1
20230921,20,20.51,31022.0,32525.1,1
20230921,20,20.62,31054.1,32524.8,1
20230921,20,20.82,31054.1,32524.8,1
20230921,20,20.89,31054.1,32524.3,1
20230921,20,21.10,31054.1,32519.8,1
20230921,20,21.12,31054.1,32394.8,1
20230921,20,21.20,31054.1,32394.2,1
20230921,20,21.25,31054.1,32388.1,1
20230921,20,21.57,31054.1,32386.5,1
20230921,20,21.89,31054.1,32385.8,1
20230921,20,22.00,31054.1,32366.9,1
20230921,20,22.28,31104.1,32115.3,1
20230921,20,22.30,31104.1,32115.3,1
20230921,20,22.34,31104.1,32114.8,1
20230921,20,22.56,31104.1,32050.0,1
20230921,20,22.66,31104.1,32045.5,1
20230921,20,22.80,31553.2,32044.5,1
20230921,20,22.91,31553.2,32044.5,1
20230921,20,22.92,31553.2,32038.4,1
20230921,20,23.00,31566.2,32029.4,1
20230921,20,23.03,31566.2,32029.4,1
20230921,20,23.14,31566.2,32029.3,1
20230921,20,23.46,31566.2,32028.1,1
20230921,20,23.98,31566.2,32027.1,1
20230921,20,24.00,31566.2,32026.4,1
20230921,20,24.77,31566.2,32024.3,1
20230921,20,24.82,31566.2,32023.8,1
20230921,20,24.91,31566.2,32020.5,1
20230921,20,25.00,31566.2,32019.5,1
20230921,20,25.03,31566.2,32019.3,1
20230921,20,25.39,31566.2,31999.3,1
20230921,20,26.75,31566.2,31998.3,1
20230921,20,26.84,31566.2,31993.9,1
20230921,20,27.00,31566.2,31993.3,1
20230921,20,27.16,31566.2,31908.2,1
20230921,20,27.24,31566.2,31907.2,1
20230921,20,27.49,31566.2,31906.6,1
20230921,20,27.64,31566.2,31887.7,1
20230921,20,28.75,31566.2,31886.7,1
20230921,20,28.88,31566.2,31886.0,1
20230921,20,29.41,31566.2,31885.5,1
20230921,20,29.55,31566.2,31884.5,1
20230921,20,29.57,31566.2,31883.9,1
20230921,20,29.70,31566.2,31883.4,1
20230921,20,29.89,31566.2,31858.2,1
20230921,20,30.00,31566.2,31857.2,1
20230921,20,30.01,31566.2,31772.3,1
20230921,20,30.56,31566.2,31733.3,1
20230921,20,30.93,31566.2,31731.9,1
20230921,20,31.66,31566.2,31727.5,1
20230921,20,32.00,31566.2,31726.5,1
20230921,20,32.12,31566.2,31402.4,1
20230921,20,32.14,31566.2,31252.8,1
20230921,20,32.70,31569.7,31252.5,1
20230921,20,33.03,31569.7,31252.5,1
20230921,20,33.10,31569.7,31251.8,1
20230921,20,33.72,31569.7,31232.8,1
20230921,20,33.91,31569.7,31228.3,1
20230921,20,34.89,31569.7,31227.3,1
20230921,20,35.00,31569.7,31222.9,1
20230921,20,35.12,31569.7,31124.5,1
20230921,20,36.00,31569.7,31018.6,1
20230921,20,36.16,31569.7,30968.6,1
20230921,20,36.83,31569.7,30967.6,1
20230921,20,38.39,31569.7,30948.7,1
20230921,20,38.41,31569.7,30929.8,1
20230921,20,38.70,31569.7,30928.8,1
20230921,20,39.98,31629.7,30840.8,1
20230921,20,40.00,31629.7,30840.8,1
20230921,20,40.66,31629.7,30775.8,1
20230921,20,42.79,31629.7,30774.8,1
20230921,20,42.91,31629.7,30757.6,1
20230921,20,44.15,31629.7,30756.7,1
20230921,20,45.00,31629.7,30749.7,1
20230921,20,45.01,31629.7,30653.9,1
20230921,20,46.00,31629.7,30554.5,1
20230921,20,50.00,31629.7,30504.5,1
20230921,20,50.01,31630.0,28345.3,1
20230921,20,50.12,31630.0,28345.3,1
20230921,20,50.50,31630.0,28248.1,1
20230921,20,50.90,31630.0,28248.0,1
20230921,20,51.00,31630.0,28246.4,1
20230921,20,54.50,31630.0,28245.0,1
20230921,20,60.00,31630.0,28244.6,1
20230921,20,61.00,31630.0,28152.7,1
20230921,20,62.00,31630.0,28122.2,1
20230921,20,67.94,31630.0,28036.1,1
20230921,20,70.90,31630.0,28011.1,1
20230921,20,77.80,31630.0,24496.1,1
20230921,20,79.90,31630.0,24385.5,1
20230921,20,79.98,31650.0,24379.8,1
20230921,20,80.00,31650.0,24379.8,1
20230921,20,80.01,31650.0,23576.2,1
20230921,20,80.10,31650.0,23285.2,1
20230921,20,80.20,31650.0,23271.9,1
20230921,20,80.21,31660.0,23263.9,1
20230921,20,80.50,31660.0,23263.9,1
20230921,20,81.00,31660.0,23263.8,1
20230921,20,82.01,31660.0,23159.2,1
20230921,20,85.00,31660.0,23077.5,1
20230921,20,90.00,31660.0,23021.4,1
20230921,20,99.90,31660.0,22995.5,1
20230921,20,100.00,31660.0,22995.3,1
20230921,20,100.01,31681.9,19931.6,1
20230921,20,101.00,31681.9,19931.6,1
20230921,20,102.00,31681.9,19807.2,1
20230921,20,105.00,31681.9,19571.9,1
20230921,20,120.10,31681.9,19571.7,1
20230921,20,130.00,31681.9,19492.1,1
20230921,20,138.00,31681.9,19484.0,1
20230921,20,190.00,31681.9,19447.3,1
20230921,20,200.00,31681.9,19444.9,1
20230921,20,200.01,31681.9,17316.2,1
20230921,20,200.10,31681.9,16066.2,1
20230921,20,200.50,31681.9,15935.6,1
20230921,20,201.00,31681.9,15925.7,1
20230921,20,210.00,31681.9,15776.4,1
20230921,20,250.00,31681.9,15291.2,1
20230921,20,300.00,31681.9,15084.6,1
20230921,20,548.66,31681.9,14758.1,1
20230921,20,550.02,31681.9,14317.4,1
20230921,20,999.00,31681.9,14095.3,1
20230921,20,999.99,31681.9,0.0,1
20230921,21,0.00,0.0,9531.6,0
20230921,21,0.00,2335.4,9531.6,0
20230921,21,0.01,7397.3,9531.6,0
20230921,21,0.02,7408.0,9530.6,0
20230921,21,0.03,7408.3,9515.8,0
20230921,21,0.04,7408.7,9513.4,0
20230921,21,0.09,7408.7,9513.4,0
20230921,21,0.10,7408.7,9503.5,0
20230921,21,0.20,7408.7,9483.5,0
20230921,21,0.30,7408.7,9473.5,0
20230921,21,0.62,7408.7,9469.5,0
20230921,21,0.98,7430.8,9449.5,0
20230921,21,1.00,7500.9,9449.5,0
20230921,21,1.01,7501.3,9401.3,0
20230921,21,1.12,7501.3,9391.3,0
20230921,21,2.12,7501.3,9381.3,0
20230921,21,2.98,7502.3,9361.3,0
20230921,21,3.00,7502.3,9361.3,0
20230921,21,3.01,7502.3,9301.3,0
20230921,21,3.12,7502.3,9291.3,0
20230921,21,4.65,7563.1,9261.3,0
20230921,21,4.98,7564.1,9261.3,0
20230921,21,5.00,7564.5,9261.3,0
20230921,21,5.01,7579.3,9196.6,0
20230921,21,5.12,7579.3,9176.6,0
20230921,21,6.00,7579.3,9156.6,0
20230921,21,6.02,7583.1,9127.7,0
20230921,21,6.26,7583.1,9127.7,0
20230921,21,7.00,7583.1,9121.7,0
20230921,21,7.12,7583.1,9121.6,0
20230921,21,7.90,7583.1,9101.6,0
20230921,21,7.97,7583.1,9096.3,0
20230921,21,8.00,7609.2,9086.3,0
20230921,21,8.14,7610.0,9086.3,0
20230921,21,8.50,7610.0,9086.3,0
20230921,21,8.98,7610.0,9076.3,0
20230921,21,9.00,7610.0,9076.2,0
20230921,21,9.27,7610.0,9076.1,0
20230921,21,9.97,7610.0,9071.0,0
20230921,21,10.00,7611.2,9061.0,0
20230921,21,10.14,7612.2,9051.0,0
20230921,21,10.17,7612.2,9051.0,0
20230921,21,10.98,7612.2,9021.0,0
20230921,21,11.00,7612.2,9020.3,0
20230921,21,11.19,7660.6,9019.3,0
20230921,21,11.50,7680.6,9019.3,0
20230921,21,11.53,7680.6,9019.3,0
20230921,21,11.82,7680.6,8854.3,0
20230921,21,11.95,7680.6,8847.3,0
20230921,21,11.97,7680.6,8845.0,0
20230921,21,12.14,7681.6,8815.0,0
20230921,21,12.16,7681.6,8815.0,0
20230921,21,12.52,7681.6,8813.6,0
20230921,21,12.66,7681.6,8812.2,0
20230921,21,12.87,7681.6,8707.2,0
20230921,21,12.97,7681.6,8705.8,0
20230921,21,12.98,7681.6,8703.9,0
20230921,21,12.99,7683.4,8701.8,0
20230921,21,13.00,7683.4,8701.8,0
20230921,21,13.02,7685.2,8701.4,0
20230921,21,13.08,7685.2,8701.4,0
20230921,21,13.09,7686.0,8701.3,0
20230921,21,13.10,7686.1,8701.3,0
20230921,21,13.22,7686.1,8701.3,0
20230921,21,13.95,7686.1,8698.5,0
20230921,21,14.00,7686.1,8675.1,0
20230921,21,14.14,7687.1,8673.8,0
20230921,21,14.21,7687.1,8673.8,0
20230921,21,14.22,7687.1,8673.2,0
20230921,21,14.99,7687.1,8661.3,0
20230921,21,15.00,7687.1,8661.2,0
20230921,21,15.22,7687.1,8660.0,0
20230921,21,15.41,7687.1,8643.4,0
20230921,21,15.58,7687.1,8617.4,0
20230921,21,15.91,7687.1,8616.6,0
20230921,21,15.92,7687.1,8616.4,0
20230921,21,15.97,7697.0,8615.6,0
20230921,21,16.00,7697.0,8615.6,0
20230921,21,16.05,7697.0,8599.3,0
20230921,21,16.29,7697.0,8591.1,0
20230921,21,16.66,7697.0,8468.1,0
20230921,21,16.99,7697.0,8465.3,0
20230921,21,17.03,7697.0,8465.2,0
20230921,21,17.25,7697.0,8388.2,0
20230921,21,17.45,7697.0,8385.6,0
20230921,21,17.51,7697.0,8385.3,0
20230921,21,17.90,7697.0,8341.3,0
20230921,21,18.00,7697.0,8085.3,0
20230921,21,18.14,7697.0,8082.3,0
20230921,21,19.00,7697.0,8082.2,0
20230921,21,19.11,7697.0,8081.5,0
20230921,21,19.71,7921.0,7788.5,0
20230921,21,19.87,7921.0,7788.5,0
20230921,21,20.00,7921.0,7787.6,0
20230921,21,20.02,7921.0,7785.2,0
20230921,21,20.14,7921.0,7733.2,0
20230921,21,20.39,7923.0,7732.2,0
20230921,21,21.00,7923.0,7732.2,0
20230921,21,22.00,7923.0,7732.1,0
20230921,21,22.14,7923.0,7674.5,0
20230921,21,22.39,7923.0,7673.5,0
20230921,21,23.00,7923.0,7670.6,0
20230921,21,23.83,7923.0,7664.4,0
20230921,21,24.14,7923.0,7663.6,0
20230921,21,25.00,7923.0,7662.6,0
20230921,21,26.03,7923.0,7653.4,0
20230921,21,26.14,7923.0,7346.4,0
20230921,21,27.00,7923.0,7345.6,0
20230921,21,27.78,7923.0,7337.4,0
20230921,21,28.11,7923.0,7335.7,0
20230921,21,28.84,7923.0,7332.9,0
20230921,21,29.29,7923.0,7324.5,0
20230921,21,29.97,7923.0,7322.8,0
20230921,21,30.00,7923.0,7312.7,0
20230921,21,31.81,7923.0,7306.7,0
20230921,21,31.93,7923.0,7305.0,0
20230921,21,32.00,7923.0,7302.2,0
20230921,21,33.52,7923.0,7276.8,0
20230921,21,33.84,7923.0,7274.0,0
20230921,21,34.00,7923.0,7195.8,0
20230921,21,34.32,7923.0,7143.6,0
20230921,21,35.00,7923.0,7141.9,0
20230921,21,35.37,7923.0,7136.9,0
20230921,21,36.00,7923.0,7114.7,0
20230921,21,36.70,7923.0,7113.0,0
20230921,21,36.84,7923.0,7111.3,0
20230921,21,40.00,7923.0,7105.9,0
20230921,21,40.01,7923.0,7074.6,0
20230921,21,44.09,7923.0,7074.5,0
20230921,21,44.72,7923.0,7057.0,0
20230921,21,45.00,7923.0,7056.8,0
20230921,21,50.00,7923.0,7035.7,0
20230921,21,50.01,7931.0,7034.7,0
20230921,21,50.12,7931.0,7034.7,0
20230921,21,60.00,7931.0,7031.1,0
20230921,21,67.94,7931.0,7004.7,0
20230921,21,77.80,7931.0,6994.4,0
20230921,21,79.90,7931.0,6983.7,0
20230921,21,80.00,7931.0,6982.1,0
20230921,21,80.01,7931.0,6890.5,0
20230921,21,80.21,7941.0,6744.1,0
20230921,21,82.00,7941.0,6744.1,0
20230921,21,82.01,7941.0,6538.8,0
20230921,21,85.00,7941.0,6520.2,0
20230921,21,90.00,7941.0,6509.5,0
20230921,21,99.90,7941.0,6505.5,0
20230921,21,100.00,7941.0,6505.4,0
20230921,21,100.01,7943.4,6463.1,0
20230921,21,101.00,7943.4,6463.1,0
20230921,21,102.00,7943.4,6443.0,0
20230921,21,120.10,7943.4,6387.6,0
20230921,21,138.00,7943.4,6384.7,0
20230921,21,150.00,7943.4,6367.6,0
20230921,21,200.00,7943.4,6364.8,0
20230921,21,200.01,7943.4,6185.0,0
20230921,21,200.50,7943.4,5987.6,0
20230921,21,210.00,7943.4,5987.4,0
20230921,21,300.00,7943.4,5971.3,0
20230921,21,500.00,7943.4,5784.3,0
20230921,21,548.66,7943.4,5782.3,0
20230921,21,999.00,7943.4,5775.7,0
20230921,21,999.99,7943.4,0.0,0
20230921,21,0.00,0.0,42431.0,1
20230921,21,0.00,18709.4,42431.0,1
20230921,21,0.01,28436.1,42431.0,1
20230921,21,0.02,28604.3,42417.0,1
20230921,21,0.03,28606.1,42402.1,1
20230921,21,0.04,28609.5,42370.5,1
20230921,21,0.09,28609.5,42370.5,1
20230921,21,0.10,28609.5,42302.6,1
20230921,21,0.14,28683.2,42202.5,1
20230921,21,0.20,28683.2,42202.5,1
20230921,21,0.62,28683.2,42122.5,1
20230921,21,0.64,28829.6,42062.5,1
20230921,21,0.70,28830.6,42062.5,1
20230921,21,0.80,28831.6,42062.5,1
20230921,21,0.90,28832.6,42062.5,1
20230921,21,1.00,29375.5,42062.5,1
20230921,21,1.01,29376.5,41677.4,1
20230921,21,1.12,29376.5,41652.4,1
20230921,21,1.93,29383.7,41632.4,1
20230921,21,2.00,29386.7,41632.4,1
20230921,21,2.01,29386.7,41632.4,1
20230921,21,2.10,29386.7,41592.4,1
20230921,21,2.12,29386.7,41586.4,1
20230921,21,2.14,29387.7,41546.4,1
20230921,21,2.15,29503.5,41546.4,1
20230921,21,2.64,29507.5,41546.4,1
20230921,21,3.00,29507.5,41546.4,1
20230921,21,3.01,29507.5,41406.4,1
20230921,21,3.10,29507.5,41376.4,1
20230921,21,3.12,29507.5,41331.4,1
20230921,21,3.85,29514.8,41271.4,1
20230921,21,4.14,29515.8,41271.4,1
20230921,21,4.64,29519.8,41271.4,1
20230921,21,5.00,29662.1,41271.4,1
20230921,21,5.01,29662.1,41114.1,1
20230921,21,5.12,29662.1,41064.1,1
20230921,21,5.50,29662.2,41024.1,1
20230921,21,5.77,29669.5,41024.1,1
20230921,21,6.00,29669.5,41024.1,1
20230921,21,6.01,29669.5,40988.6,1
20230921,21,6.02,29674.8,40983.6,1
20230921,21,6.14,29675.8,40983.6,1
20230921,21,6.64,29679.8,40983.6,1
20230921,21,7.00,29712.3,40983.6,1
20230921,21,7.01,29712.3,40983.6,1
20230921,21,7.50,29752.3,40691.8,1
20230921,21,7.69,29759.6,40691.8,1
20230921,21,7.94,29759.6,40691.8,1
20230921,21,8.00,29759.6,40544.8,1
20230921,21,8.01,29759.6,40484.7,1
20230921,21,8.02,29774.9,40475.7,1
20230921,21,8.14,29775.9,40475.7,1
20230921,21,8.59,29775.9,40475.7,1
20230921,21,8.64,29779.9,40472.8,1
20230921,21,9.23,29779.9,40472.8,1
20230921,21,9.36,29779.9,40325.8,1
20230921,21,9.50,29779.9,40178.8,1
20230921,21,9.61,29787.1,40031.8,1
20230921,21,9.66,29787.1,40031.8,1
20230921,21,9.79,29787.1,39907.8,1
20230921,21,9.80,29787.1,39902.1,1
20230921,21,9.81,29787.1,39852.1,1
20230921,21,9.82,29787.1,39802.1,1
20230921,21,9.84,29789.6,39752.1,1
20230921,21,10.00,29833.2,39752.1,1
20230921,21,10.05,29853.2,39672.1,1
20230921,21,10.07,29855.6,39672.1,1
20230921,21,10.14,29856.6,39672.1,1
20230921,21,10.19,29856.6,39672.1,1
20230921,21,10.20,29856.6,39466.1,1
20230921,21,10.22,29856.6,39342.1,1
20230921,21,10.23,29856.6,39293.1,1
20230921,21,10.30,29859.1,39243.1,1
20230921,21,10.38,29859.1,39243.1,1
20230921,21,10.43,29859.1,39119.1,1
20230921,21,10.46,29859.1,39089.1,1
20230921,21,10.50,29859.1,39002.1,1
20230921,21,10.51,29859.1,38952.1,1
20230921,21,10.53,29861.5,38801.1,1
20230921,21,10.58,29864.1,38801.1,1
20230921,21,10.59,30103.5,38567.4,1
20230921,21,10.64,30107.5,38567.4,1
20230921,21,10.76,30109.8,38567.4,1
20230921,21,11.00,30109.8,38567.1,1
20230921,21,11.13,30109.8,38476.7,1
20230921,21,11.15,30109.8,38466.7,1
20230921,21,11.40,30109.8,38466.4,1
20230921,21,11.50,30177.8,38315.4,1
20230921,21,11.53,30177.8,38315.4,1
20230921,21,11.67,30177.8,38315.1,1
20230921,21,11.80,30177.8,38193.1,1
20230921,21,11.86,30177.8,37993.1,1
20230921,21,11.87,30177.8,37983.1,1
20230921,21,11.92,30177.8,37783.1,1
20230921,21,11.94,30177.8,37782.4,1
20230921,21,12.00,30177.8,37582.4,1
20230921,21,12.02,30177.8,37575.5,1
20230921,21,12.06,30177.8,37375.5,1
20230921,21,12.10,30177.8,37354.9,1
20230921,21,12.14,30178.8,37154.9,1
20230921,21,12.18,30178.8,37154.9,1
20230921,21,12.24,30178.8,36954.9,1
20230921,21,12.28,30178.8,36904.9,1
20230921,21,12.30,30178.8,36895.5,1
20230921,21,12.36,30178.8,36695.5,1
20230921,21,12.43,30178.8,36645.5,1
20230921,21,12.44,30181.2,36617.9,1
20230921,21,12.64,30185.2,36417.9,1
20230921,21,12.67,30185.2,36417.9,1
20230921,21,12.73,30185.2,36408.4,1
20230921,21,12.75,30185.2,36208.4,1
20230921,21,12.83,30185.2,35715.1,1
20230921,21,13.00,30185.2,35714.9,1
20230921,21,13.01,30186.0,35633.8,1
20230921,21,13.02,30188.6,35631.5,1
20230921,21,13.04,30188.6,35631.5,1
20230921,21,13.05,30188.6,35622.8,1
20230921,21,13.07,30188.6,35589.1,1
20230921,21,13.13,30188.6,35579.7,1
20230921,21,13.20,30193.4,35564.7,1
20230921,21,13.30,30207.3,35564.7,1
20230921,21,13.31,30207.3,35564.7,1
20230921,21,13.46,30207.3,35559.4,1
20230921,21,13.50,30217.6,35540.5,1
20230921,21,13.63,30217.6,35540.5,1
20230921,21,13.70,30220.8,35516.5,1
20230921,21,13.86,30220.8,35516.5,1
20230921,21,14.00,30220.8,35506.5,1
20230921,21,14.01,30222.4,35395.7,1
20230921,21,14.10,30222.4,35395.7,1
20230921,21,14.14,30223.4,35395.1,1
20230921,21,14.30,30223.4,35394.8,1
20230921,21,14.43,30223.4,35394.4,1
20230921,21,14.44,30255.0,35371.0,1
20230921,21,14.47,30255.0,35371.0,1
20230921,21,14.50,30255.0,35343.1,1
20230921,21,14.53,30255.0,35340.6,1
20230921,21,14.64,30259.0,35340.0,1
20230921,21,14.80,30259.0,35340.0,1
20230921,21,14.96,30259.0,35339.9,1
20230921,21,15.00,30496.0,35337.7,1
20230921,21,15.01,30496.0,35325.2,1
20230921,21,15.10,30496.0,35295.1,1
20230921,21,15.13,30496.0,35295.0,1
20230921,21,15.14,30497.2,35271.2,1
20230921,21,15.15,30497.2,35271.2,1
20230921,21,15.20,30497.2,35182.2,1
20230921,21,15.43,30508.1,35182.0,1
20230921,21,15.44,30519.0,35182.0,1
20230921,21,15.52,30519.0,35181.8,1
20230921,21,15.61,30519.0,34981.8,1
20230921,21,15.69,30519.0,34914.3,1
20230921,21,15.80,30519.0,34913.7,1
20230921,21,15.81,30519.0,34913.4,1
20230921,21,15.86,30519.0,34913.3,1
20230921,21,15.87,30528.3,34902.6,1
20230921,21,15.90,30539.3,34902.6,1
20230921,21,15.93,30539.3,34902.6,1
20230921,21,15.99,30546.9,34900.4,1
20230921,21,16.00,30547.9,34900.4,1
20230921,21,16.10,30548.9,34900.3,1
20230921,21,16.12,30612.9,34900.3,1
20230921,21,16.14,30613.1,34900.3,1
20230921,21,16.15,30613.3,34900.3,1
20230921,21,16.20,30614.3,34900.3,1
20230921,21,16.26,30664.3,34900.3,1
20230921,21,16.27,30728.3,34900.3,1
20230921,21,16.30,30779.3,34900.3,1
20230921,21,16.37,30843.3,34900.3,1
20230921,21,16.40,30843.3,34900.3,1
20230921,21,16.47,30907.3,34900.2,1
20230921,21,16.57,30971.3,34900.2,1
20230921,21,16.68,30971.3,34900.2,1
20230921,21,16.70,30971.3,34900.1,1
20230921,21,16.75,31035.3,34899.9,1
20230921,21,16.80,31035.3,34899.4,1
20230921,21,16.85,31099.3,34899.3,1
20230921,21,16.86,31099.3,34899.3,1
20230921,21,16.87,31101.6,34899.2,1
20230921,21,16.88,31103.9,34899.2,1
20230921,21,16.90,31103.9,34899.2,1
20230921,21,16.94,31167.9,34897.0,1
20230921,21,17.00,31187.9,34897.0,1
20230921,21,17.08,31251.9,34897.0,1
20230921,21,17.10,31251.9,34897.0,1
20230921,21,17.12,31251.9,34896.7,1
20230921,21,17.16,31274.7,34877.8,1
20230921,21,17.18,31274.7,34877.8,1
20230921,21,17.30,31274.7,34861.6,1
20230921,21,17.40,31274.7,34861.5,1
20230921,21,17.50,31274.7,34803.9,1
20230921,21,17.55,31274.7,34803.8,1
20230921,21,17.63,31274.7,34736.8,1
20230921,21,17.65,31282.8,34638.9,1
20230921,21,17.86,31282.8,34638.9,1
20230921,21,17.87,31282.8,34634.5,1
20230921,21,17.88,31282.8,34512.5,1
20230921,21,17.89,31282.8,34464.8,1
20230921,21,18.00,31283.1,34414.8,1
20230921,21,18.03,31283.1,34412.9,1
20230921,21,18.14,31283.1,34412.8,1
20230921,21,18.30,31283.1,34412.7,1
20230921,21,18.31,31283.1,34412.6,1
20230921,21,18.43,31340.9,34412.0,1
20230921,21,18.46,31340.9,34412.0,1
20230921,21,18.58,31340.9,34411.5,1
20230921,21,18.60,31340.9,34393.3,1
20230921,21,18.62,31340.9,34393.2,1
20230921,21,18.64,31340.9,34391.6,1
20230921,21,18.78,31340.9,34341.1,1
20230921,21,18.90,31340.9,34291.1,1
20230921,21,19.13,31370.8,34290.4,1
20230921,21,19.50,31370.8,34290.4,1
20230921,21,19.86,31380.8,34290.3,1
20230921,21,19.90,31380.8,34290.3,1
20230921,21,20.00,31380.8,34290.2,1
20230921,21,20.01,31380.8,34217.4,1
20230921,21,20.14,31380.8,34214.9,1
20230921,21,20.21,31380.8,34213.9,1
20230921,21,20.30,31380.8,32539.9,1
20230921,21,20.32,31380.8,32539.7,1
20230921,21,20.62,31411.4,32535.2,1
20230921,21,20.64,31411.4,32535.2,1
20230921,21,20.69,31411.4,32530.6,1
20230921,21,21.10,31411.4,32524.7,1
20230921,21,21.30,31411.4,32372.7,1
20230921,21,21.68,31411.4,32372.2,1
20230921,21,21.86,31411.4,32371.5,1
20230921,21,22.00,31411.4,32370.0,1
20230921,21,22.11,31411.4,32101.6,1
20230921,21,22.14,31411.4,32036.4,1
20230921,21,22.28,31461.4,32035.4,1
20230921,21,22.64,31461.4,32035.4,1
20230921,21,22.80,31910.5,32034.1,1
20230921,21,22.92,31910.5,32034.1,1
20230921,21,23.00,31923.5,32025.1,1
20230921,21,23.03,31923.5,32024.1,1
20230921,21,23.23,31923.5,32024.0,1
20230921,21,23.26,31923.5,32005.1,1
20230921,21,23.31,31923.5,32004.5,1
20230921,21,24.14,31923.5,31998.5,1
20230921,21,24.15,31923.5,31997.5,1
20230921,21,24.20,31923.5,31996.9,1
20230921,21,24.42,31923.5,31993.4,1
20230921,21,24.56,31923.5,31989.0,1
20230921,21,24.64,31923.5,31969.6,1
20230921,21,25.00,31923.5,31968.6,1
20230921,21,26.05,31923.5,31966.3,1
20230921,21,26.14,31923.5,31965.8,1
20230921,21,26.17,31923.5,31964.8,1
20230921,21,26.64,31923.5,31964.1,1
20230921,21,26.85,31923.5,31963.1,1
20230921,21,27.00,31923.5,31962.6,1
20230921,21,27.38,31923.5,31863.6,1
20230921,21,27.62,31923.5,31863.0,1
20230921,21,28.14,31923.5,31845.0,1
20230921,21,28.52,31923.5,31844.0,1
20230921,21,28.64,31923.5,31839.6,1
20230921,21,29.34,31923.5,31838.6,1
20230921,21,30.00,31923.5,31819.6,1
20230921,21,30.01,31923.5,31732.6,1
20230921,21,30.14,31923.5,31694.7,1
20230921,21,30.56,31923.5,31693.7,1
20230921,21,30.64,31923.5,31692.3,1
20230921,21,31.26,31923.5,31691.9,1
20230921,21,32.00,31923.5,31687.4,1
20230921,21,32.14,31923.5,31354.3,1
20230921,21,32.32,31923.5,31353.3,1
20230921,21,32.40,31923.5,31203.3,1
20230921,21,32.62,31923.5,31198.9,1
20230921,21,32.70,31927.0,31089.8,1
20230921,21,33.03,31927.0,31089.8,1
20230921,21,33.41,31927.0,31089.0,1
20230921,21,34.14,31927.0,31070.1,1
20230921,21,35.00,31927.0,31069.1,1
20230921,21,35.11,31927.0,30971.1,1
20230921,21,35.45,31927.0,30952.2,1
20230921,21,36.00,31927.0,30857.4,1
20230921,21,36.14,31927.0,30807.4,1
20230921,21,38.14,31927.0,30806.4,1
20230921,21,39.98,31987.0,30805.4,1
20230921,21,40.00,31987.0,30805.4,1
20230921,21,40.14,31987.0,30737.6,1
20230921,21,42.28,31987.0,30736.6,1
20230921,21,44.09,31987.0,30719.0,1
20230921,21,45.00,31987.0,30711.7,1
20230921,21,45.01,31987.0,30613.9,1
20230921,21,46.00,31987.0,30510.2,1
20230921,21,50.00,31987.0,30460.2,1
20230921,21,50.01,31987.3,28343.1,1
20230921,21,50.12,31987.3,28343.1,1
20230921,21,50.50,31987.3,28243.7,1
20230921,21,50.90,31987.3,28243.6,1
20230921,21,51.00,31987.3,28241.0,1
20230921,21,54.50,31987.3,28239.6,1
20230921,21,60.00,31987.3,28239.2,1
20230921,21,61.00,31987.3,28142.9,1
20230921,21,62.00,31987.3,28111.8,1
20230921,21,67.94,31987.3,28024.7,1
20230921,21,70.90,31987.3,27998.7,1
20230921,21,77.80,31987.3,24463.7,1
20230921,21,79.90,31987.3,24354.1,1
20230921,21,79.98,32007.3,24348.7,1
20230921,21,80.00,32007.3,24348.7,1
20230921,21,80.01,32007.3,23515.3,1
20230921,21,80.10,32007.3,23218.9,1
20230921,21,80.20,32007.3,23207.4,1
20230921,21,80.21,32017.3,23199.4,1
20230921,21,80.50,32017.3,23199.4,1
20230921,21,81.00,32017.3,23199.3,1
20230921,21,82.01,32017.3,23069.1,1
20230921,21,85.00,32017.3,22986.0,1
20230921,21,90.00,32017.3,22928.5,1
20230921,21,99.90,32017.3,22903.0,1
20230921,21,100.00,32017.3,22902.8,1
20230921,21,100.01,32039.9,19828.2,1
20230921,21,101.00,32039.9,19828.2,1
20230921,21,102.00,32039.9,19703.8,1
20230921,21,105.00,32039.9,19468.3,1
20230921,21,120.10,32039.9,19468.1,1
20230921,21,130.00,32039.9,19387.0,1
20230921,21,138.00,32039.9,19379.0,1
20230921,21,190.00,32039.9,19341.7,1
20230921,21,200.00,32039.9,19339.2,1
20230921,21,200.01,32039.9,17189.2,1
20230921,21,200.10,32039.9,15938.2,1
20230921,21,200.50,32039.9,15807.6,1
20230921,21,201.00,32039.9,15797.7,1
20230921,21,210.00,32039.9,15648.3,1
20230921,21,250.00,32039.9,15160.7,1
20230921,21,300.00,32039.9,14951.8,1
20230921,21,548.66,32039.9,14625.2,1
20230921,21,550.02,32039.9,14170.1,1
20230921,21,999.00,32039.9,13947.1,1
20230921,21,999.99,32039.9,0.0,1
20230921,22,0.00,0.0,9564.5,0
20230921,22,0.00,2405.3,9564.5,0
20230921,22,0.01,7471.4,9564.5,0
20230921,22,0.02,7482.0,9563.3,0
20230921,22,0.03,7482.3,9548.4,0
20230921,22,0.04,7482.9,9545.9,0
20230921,22,0.09,7482.9,9545.9,0
20230921,22,0.10,7482.9,9535.3,0
20230921,22,0.20,7482.9,9515.3,0
20230921,22,0.30,7482.9,9505.3,0
20230921,22,0.62,7505.0,9501.3,0
20230921,22,1.00,7575.2,9481.3,0
20230921,22,1.01,7575.6,9431.5,0
20230921,22,1.12,7575.6,9421.5,0
20230921,22,2.12,7575.6,9411.5,0
20230921,22,2.62,7576.6,9391.5,0
20230921,22,3.00,7576.6,9391.5,0
20230921,22,3.01,7576.6,9331.5,0
20230921,22,3.12,7576.6,9321.5,0
20230921,22,4.62,7577.6,9291.5,0
20230921,22,4.65,7640.5,9291.5,0
20230921,22,5.00,7640.9,9291.5,0
20230921,22,5.01,7656.4,9225.1,0
20230921,22,5.12,7656.4,9205.1,0
20230921,22,6.00,7656.4,9185.1,0
20230921,22,6.02,7660.3,9155.9,0
20230921,22,6.26,7660.3,9155.9,0
20230921,22,7.00,7660.3,9151.9,0
20230921,22,7.12,7660.3,9151.8,0
20230921,22,7.71,7660.3,9131.8,0
20230921,22,7.90,7660.3,9121.8,0
20230921,22,8.00,7686.4,9116.5,0
20230921,22,8.50,7686.4,9116.5,0
20230921,22,8.62,7686.4,9106.5,0
20230921,22,9.00,7686.4,9106.4,0
20230921,22,9.10,7687.2,9106.3,0
20230921,22,9.46,7687.2,9106.3,0
20230921,22,9.71,7687.2,9101.2,0
20230921,22,10.00,7688.3,9091.2,0
20230921,22,10.17,7688.3,9081.2,0
20230921,22,10.62,7688.3,9051.2,0
20230921,22,11.00,7688.3,9050.5,0
20230921,22,11.10,7689.3,9049.5,0
20230921,22,11.19,7737.7,9049.5,0
20230921,22,11.53,7737.7,9049.5,0
20230921,22,11.71,7737.7,8884.5,0
20230921,22,11.82,7737.7,8854.5,0
20230921,22,11.95,7737.7,8847.5,0
20230921,22,12.00,7757.7,8845.2,0
20230921,22,12.13,7757.7,8845.2,0
20230921,22,12.50,7757.7,8843.8,0
20230921,22,12.66,7757.7,8842.4,0
20230921,22,12.71,7757.7,8737.4,0
20230921,22,12.72,7758.3,8735.9,0
20230921,22,12.73,7760.4,8735.9,0
20230921,22,12.88,7760.4,8735.9,0
20230921,22,13.00,7760.4,8734.5,0
20230921,22,13.02,7762.3,8734.0,0
20230921,22,13.10,7763.3,8734.0,0
20230921,22,13.16,7763.3,8734.0,0
20230921,22,13.25,7763.3,8732.0,0
20230921,22,13.26,7764.3,8729.0,0
20230921,22,13.27,7764.5,8729.0,0
20230921,22,13.95,7764.5,8729.0,0
20230921,22,14.00,7764.5,8705.0,0
20230921,22,14.21,7764.5,8703.7,0
20230921,22,14.85,7764.5,8703.1,0
20230921,22,14.99,7764.5,8691.1,0
20230921,22,15.00,7764.5,8691.0,0
20230921,22,15.10,7765.5,8689.9,0
20230921,22,15.22,7765.5,8689.9,0
20230921,22,15.41,7765.5,8673.3,0
20230921,22,15.58,7765.5,8647.3,0
20230921,22,15.71,7775.4,8646.5,0
20230921,22,15.91,7775.4,8646.5,0
20230921,22,16.00,7775.4,8646.3,0
20230921,22,16.05,7775.4,8630.0,0
20230921,22,16.53,7775.4,8621.8,0
20230921,22,16.84,7775.4,8619.0,0
20230921,22,16.85,7775.4,8618.2,0
20230921,22,16.99,7775.4,8552.2,0
20230921,22,17.25,7775.4,8552.1,0
20230921,22,17.28,7775.4,8549.8,0
20230921,22,17.45,7775.4,8472.8,0
20230921,22,17.74,7775.4,8472.5,0
20230921,22,18.00,7775.4,8428.5,0
20230921,22,18.09,7775.4,8425.5,0
20230921,22,18.96,7775.4,8169.5,0
20230921,22,19.00,7775.4,8112.5,0
20230921,22,19.09,7775.4,8111.8,0
20230921,22,19.10,7775.4,7874.8,0
20230921,22,19.71,7999.4,7874.7,0
20230921,22,20.00,7999.4,7874.7,0
20230921,22,20.02,7999.4,7871.8,0
20230921,22,20.39,8001.4,7819.8,0
20230921,22,21.00,8001.4,7819.8,0
20230921,22,21.10,8001.4,7819.7,0
20230921,22,21.17,8001.4,7818.7,0
20230921,22,21.99,8001.4,7817.8,0
20230921,22,22.00,8001.4,7814.9,0
20230921,22,23.00,8001.4,7755.2,0
20230921,22,23.10,8001.4,7748.6,0
20230921,22,25.00,8001.4,7747.6,0
20230921,22,25.10,8001.4,7738.6,0
20230921,22,25.50,8001.4,7737.6,0
20230921,22,27.00,8001.4,7736.8,0
20230921,22,27.10,8001.4,7728.5,0
20230921,22,27.29,8001.4,7727.6,0
20230921,22,27.46,8001.4,7364.6,0
20230921,22,28.86,8001.4,7361.8,0
20230921,22,29.83,8001.4,7353.2,0
20230921,22,29.97,8001.4,7351.5,0
20230921,22,30.00,8001.4,7342.8,0
20230921,22,30.99,8001.4,7336.6,0
20230921,22,31.10,8001.4,7334.9,0
20230921,22,32.00,8001.4,7332.1,0
20230921,22,32.41,8001.4,7306.3,0
20230921,22,32.62,8001.4,7284.3,0
20230921,22,32.92,8001.4,7281.5,0
20230921,22,32.94,8001.4,7202.7,0
20230921,22,34.00,8001.4,7201.0,0
20230921,22,34.89,8001.4,7146.4,0
20230921,22,35.00,8001.4,7144.7,0
20230921,22,36.19,8001.4,7139.9,0
20230921,22,36.73,8001.4,7138.2,0
20230921,22,36.84,8001.4,7136.5,0
20230921,22,40.00,8001.4,7130.2,0
20230921,22,40.01,8001.4,7098.3,0
20230921,22,44.66,8001.4,7098.2,0
20230921,22,44.72,8001.4,7080.5,0
20230921,22,45.00,8001.4,7079.2,0
20230921,22,50.00,8001.4,7058.5,0
20230921,22,50.01,8009.5,7057.5,0
20230921,22,50.12,8009.5,7057.5,0
20230921,22,60.00,8009.5,7053.8,0
20230921,22,60.01,8009.5,7027.2,0
20230921,22,67.94,8009.5,7027.1,0
20230921,22,77.80,8009.5,7016.7,0
20230921,22,79.90,8009.5,7005.5,0
20230921,22,80.00,8009.5,7003.9,0
20230921,22,80.01,8009.5,6910.4,0
20230921,22,80.21,8019.5,6763.0,0
20230921,22,82.01,8019.5,6763.0,0
20230921,22,85.00,8019.5,6744.1,0
20230921,22,90.00,8019.5,6733.2,0
20230921,22,99.90,8019.5,6518.1,0
20230921,22,100.00,8019.5,6518.0,0
20230921,22,100.01,8022.0,6474.0,0
20230921,22,101.00,8022.0,6474.0,0
20230921,22,102.00,8022.0,6453.9,0
20230921,22,120.10,8022.0,6395.6,0
20230921,22,138.00,8022.0,6392.7,0
20230921,22,150.00,8022.0,6375.0,0
20230921,22,200.00,8022.0,6372.2,0
20230921,22,200.01,8022.0,6187.9,0
20230921,22,200.50,8022.0,5990.6,0
20230921,22,210.00,8022.0,5990.4,0
20230921,22,300.00,8022.0,5974.2,0
20230921,22,500.00,8022.0,5787.2,0
20230921,22,548.66,8022.0,5785.2,0
20230921,22,999.00,8022.0,5778.6,0
20230921,22,999.99,8022.0,0.0,0
20230921,22,0.00,0.0,42837.3,1
20230921,22,0.00,18987.8,42837.3,1
20230921,22,0.01,28724.4,42837.3,1
20230921,22,0.02,28891.5,42823.0,1
20230921,22,0.03,28893.7,42807.6,1
20230921,22,0.04,28897.0,42775.4,1
20230921,22,0.09,28897.0,42775.4,1
20230921,22,0.10,28897.0,42703.3,1
20230921,22,0.20,28897.0,42603.2,1
20230921,22,0.62,28897.0,42523.2,1
20230921,22,0.69,29041.5,42463.2,1
20230921,22,0.80,29042.5,42463.2,1
20230921,22,0.90,29043.5,42463.2,1
20230921,22,1.00,29571.6,42463.2,1
20230921,22,1.01,29572.7,42074.1,1
20230921,22,1.10,29644.7,42049.1,1
20230921,22,1.12,29644.7,42049.1,1
20230921,22,2.00,29655.3,42029.1,1
20230921,22,2.01,29655.3,42029.1,1
20230921,22,2.10,29655.3,41989.1,1
20230921,22,2.12,29655.3,41983.1,1
20230921,22,2.15,29771.1,41943.1,1
20230921,22,2.69,29775.1,41943.1,1
20230921,22,3.00,29775.1,41943.1,1
20230921,22,3.01,29775.1,41803.1,1
20230921,22,3.10,29776.1,41773.1,1
20230921,22,3.12,29776.1,41728.1,1
20230921,22,3.99,29783.4,41668.1,1
20230921,22,4.69,29787.4,41668.1,1
20230921,22,5.00,29927.0,41668.1,1
20230921,22,5.01,29927.0,41508.0,1
20230921,22,5.10,29928.0,41458.0,1
20230921,22,5.12,29928.0,41458.0,1
20230921,22,5.50,29928.1,41418.0,1
20230921,22,5.98,29935.4,41418.0,1
20230921,22,6.00,29935.4,41418.0,1
20230921,22,6.01,29935.4,41381.9,1
20230921,22,6.02,29940.9,41376.7,1
20230921,22,6.69,29944.9,41376.7,1
20230921,22,7.00,29979.4,41376.7,1
20230921,22,7.01,29979.4,41376.7,1
20230921,22,7.10,29980.4,41081.0,1
20230921,22,7.50,30020.4,41081.0,1
20230921,22,7.94,30020.4,41081.0,1
20230921,22,7.97,30027.7,40934.0,1
20230921,22,8.00,30027.7,40934.0,1
20230921,22,8.01,30027.7,40873.9,1
20230921,22,8.02,30043.3,40864.7,1
20230921,22,8.41,30043.3,40864.7,1
20230921,22,8.59,30043.3,40849.7,1
20230921,22,8.69,30047.3,40846.7,1
20230921,22,9.10,30048.3,40846.7,1
20230921,22,9.23,30048.3,40846.7,1
20230921,22,9.24,30048.3,40699.7,1
20230921,22,9.36,30048.3,40684.7,1
20230921,22,9.50,30048.3,40537.7,1
20230921,22,9.66,30048.3,40390.7,1
20230921,22,9.79,30048.3,40266.7,1
20230921,22,9.80,30048.3,40261.1,1
20230921,22,9.81,30048.3,40211.1,1
20230921,22,9.82,30048.3,40161.1,1
20230921,22,9.96,30055.5,40111.1,1
20230921,22,10.00,30108.7,40111.1,1
20230921,22,10.05,30128.7,40031.1,1
20230921,22,10.19,30131.2,40031.1,1
20230921,22,10.20,30131.2,39825.1,1
20230921,22,10.22,30131.2,39701.1,1
20230921,22,10.23,30131.2,39652.1,1
20230921,22,10.38,30131.2,39602.1,1
20230921,22,10.40,30131.2,39478.1,1
20230921,22,10.41,30133.6,39468.1,1
20230921,22,10.46,30133.6,39453.1,1
20230921,22,10.50,30133.6,39366.1,1
20230921,22,10.51,30133.6,39315.6,1
20230921,22,10.58,30133.6,39164.6,1
20230921,22,10.59,30354.2,38926.5,1
20230921,22,10.64,30356.7,38907.7,1
20230921,22,10.69,30360.7,38907.7,1
20230921,22,10.87,30363.1,38907.7,1
20230921,22,11.00,30363.1,38907.7,1
20230921,22,11.09,30365.4,38817.3,1
20230921,22,11.10,30366.4,38817.0,1
20230921,22,11.13,30366.4,38817.0,1
20230921,22,11.24,30366.4,38807.0,1
20230921,22,11.25,30371.2,38796.8,1
20230921,22,11.40,30371.2,38796.8,1
20230921,22,11.47,30371.2,38645.8,1
20230921,22,11.50,30439.2,38645.5,1
20230921,22,11.67,30439.2,38645.5,1
20230921,22,11.80,30439.2,38523.5,1
20230921,22,11.85,30439.2,38323.5,1
20230921,22,11.87,30439.2,38323.2,1
20230921,22,11.93,30439.2,38123.2,1
20230921,22,12.00,30439.2,37923.2,1
20230921,22,12.01,30439.2,37916.7,1
20230921,22,12.10,30439.2,37716.7,1
20230921,22,12.18,30439.2,37516.7,1
20230921,22,12.23,30439.2,37316.7,1
20230921,22,12.24,30439.2,37316.0,1
20230921,22,12.27,30439.2,37266.0,1
20230921,22,12.30,30439.2,37256.6,1
20230921,22,12.36,30439.2,37056.6,1
20230921,22,12.40,30439.2,37006.6,1
20230921,22,12.41,30439.2,36991.6,1
20230921,22,12.42,30441.0,36968.4,1
20230921,22,12.44,30441.0,36968.4,1
20230921,22,12.57,30441.0,36768.4,1
20230921,22,12.62,30448.6,36768.2,1
20230921,22,12.69,30452.6,36768.2,1
20230921,22,12.71,30452.6,36758.7,1
20230921,22,12.74,30452.6,36259.7,1
20230921,22,12.80,30452.6,36059.7,1
20230921,22,13.00,30452.6,36038.5,1
20230921,22,13.01,30456.7,35956.9,1
20230921,22,13.02,30459.4,35954.4,1
20230921,22,13.04,30459.4,35954.4,1
20230921,22,13.05,30459.4,35945.7,1
20230921,22,13.10,30460.4,35912.0,1
20230921,22,13.11,30460.4,35912.0,1
20230921,22,13.13,30460.4,35902.6,1
20230921,22,13.25,30490.4,35892.6,1
20230921,22,13.31,30490.4,35892.6,1
20230921,22,13.41,30490.8,35887.3,1
20230921,22,13.42,30491.2,35887.3,1
20230921,22,13.50,30501.2,35887.3,1
20230921,22,13.54,30501.2,35886.8,1
20230921,22,13.56,30515.3,35867.9,1
20230921,22,13.61,30520.2,35867.9,1
20230921,22,13.63,30520.2,35867.9,1
20230921,22,13.76,30520.2,35842.9,1
20230921,22,14.00,30520.2,35842.6,1
20230921,22,14.01,30522.0,35731.8,1
20230921,22,14.10,30522.0,35731.8,1
20230921,22,14.24,30533.1,35731.2,1
20230921,22,14.25,30544.2,35731.2,1
20230921,22,14.30,30544.2,35703.0,1
20230921,22,14.40,30544.5,35702.5,1
20230921,22,14.41,30545.7,35678.7,1
20230921,22,14.50,30545.7,35678.7,1
20230921,22,14.60,30545.7,35677.3,1
20230921,22,14.69,30549.7,35674.5,1
20230921,22,14.80,30549.7,35674.5,1
20230921,22,14.95,30549.7,35674.4,1
20230921,22,15.00,30786.7,35674.2,1
20230921,22,15.01,30786.7,35661.3,1
20230921,22,15.10,30787.7,35656.8,1
20230921,22,15.13,30787.7,35656.7,1
20230921,22,15.14,30797.8,35646.8,1
20230921,22,15.15,30797.8,35646.8,1
20230921,22,15.20,30797.8,35557.8,1
20230921,22,15.35,30797.8,35557.6,1
20230921,22,15.40,30798.0,35555.4,1
20230921,22,15.41,30798.2,35555.4,1
20230921,22,15.52,30798.2,35555.4,1
20230921,22,15.57,30798.2,35355.4,1
20230921,22,15.80,30798.2,35287.3,1
20230921,22,15.81,30798.2,35287.0,1
20230921,22,15.90,30810.2,35286.9,1
20230921,22,16.00,30811.2,35286.9,1
20230921,22,16.05,30811.2,35286.8,1
20230921,22,16.09,30811.2,35286.2,1
20230921,22,16.10,30812.2,35284.0,1
20230921,22,16.12,30876.2,35284.0,1
20230921,22,16.13,30876.2,35284.0,1
20230921,22,16.14,30878.7,35283.5,1
20230921,22,16.15,30881.2,35257.7,1
20230921,22,16.20,30882.2,35257.7,1
20230921,22,16.26,30932.2,35257.7,1
20230921,22,16.27,30996.2,35257.7,1
20230921,22,16.30,31047.2,35257.7,1
20230921,22,16.37,31111.2,35257.7,1
20230921,22,16.40,31111.2,35257.7,1
20230921,22,16.41,31141.1,35257.6,1
20230921,22,16.47,31205.1,35257.6,1
20230921,22,16.66,31269.1,35257.6,1
20230921,22,16.70,31269.1,35257.6,1
20230921,22,16.75,31333.1,35257.4,1
20230921,22,16.80,31333.1,35257.4,1
20230921,22,16.84,31333.1,35257.3,1
20230921,22,16.85,31397.1,35252.9,1
20230921,22,17.00,31417.1,35252.9,1
20230921,22,17.03,31481.1,35252.8,1
20230921,22,17.05,31481.1,35252.8,1
20230921,22,17.08,31481.1,35252.7,1
20230921,22,17.10,31481.1,35233.8,1
20230921,22,17.16,31559.9,35233.6,1
20230921,22,17.18,31559.9,35233.6,1
20230921,22,17.24,31587.8,35217.4,1
20230921,22,17.30,31587.8,35217.4,1
20230921,22,17.40,31587.8,35217.3,1
20230921,22,17.50,31587.8,35159.8,1
20230921,22,17.55,31587.8,35159.7,1
20230921,22,17.63,31587.8,35090.7,1
20230921,22,17.76,31587.8,34984.7,1
20230921,22,17.87,31587.8,34984.2,1
20230921,22,17.88,31587.8,34862.2,1
20230921,22,17.89,31587.8,34814.5,1
20230921,22,18.00,31587.8,34764.5,1
20230921,22,18.03,31587.8,34762.5,1
20230921,22,18.23,31587.8,34762.4,1
20230921,22,18.30,31587.8,34761.8,1
20230921,22,18.40,31617.7,34761.7,1
20230921,22,18.55,31617.7,34761.7,1
20230921,22,18.58,31617.7,34761.0,1
20230921,22,18.60,31617.7,34742.7,1
20230921,22,18.62,31617.7,34742.6,1
20230921,22,18.64,31617.7,34741.0,1
20230921,22,18.69,31617.7,34691.0,1
20230921,22,18.77,31617.7,34690.5,1
20230921,22,18.78,31632.7,34655.5,1
20230921,22,19.10,31632.7,34655.5,1
20230921,22,19.13,31642.7,34655.4,1
20230921,22,19.20,31643.1,34655.4,1
20230921,22,19.50,31643.1,34650.9,1
20230921,22,19.90,31643.1,34650.8,1
20230921,22,20.00,31643.1,34650.7,1
20230921,22,20.01,31643.1,34577.0,1
20230921,22,20.11,31645.0,34574.5,1
20230921,22,20.21,31645.0,34574.5,1
20230921,22,20.30,31645.0,32643.5,1
20230921,22,20.46,31645.0,32643.3,1
20230921,22,20.62,31675.6,32642.8,1
20230921,22,20.69,31675.6,32642.8,1
20230921,22,21.05,31675.6,32638.2,1
20230921,22,21.10,31675.6,32632.3,1
20230921,22,21.50,31675.6,32451.3,1
20230921,22,22.00,31675.6,32449.6,1
20230921,22,22.05,31675.6,32162.6,1
20230921,22,22.28,31725.6,32161.0,1
20230921,22,22.51,31725.6,32161.0,1
20230921,22,22.69,31725.6,32160.4,1
20230921,22,22.80,32174.7,32159.0,1
20230921,22,22.92,32174.7,32159.0,1
20230921,22,22.99,32174.7,32150.0,1
20230921,22,23.00,32187.7,32131.1,1
20230921,22,23.03,32187.7,32129.5,1
20230921,22,23.10,32187.7,32129.4,1
20230921,22,23.13,32187.7,32128.4,1
20230921,22,23.17,32187.7,32124.0,1
20230921,22,23.23,32187.7,32123.4,1
20230921,22,23.85,32187.7,32117.5,1
20230921,22,24.23,32187.7,32051.2,1
20230921,22,24.56,32187.7,32047.5,1
20230921,22,24.69,32187.7,32027.4,1
20230921,22,24.97,32187.7,32026.4,1
20230921,22,25.00,32187.7,32025.9,1
20230921,22,25.10,32187.7,32025.6,1
20230921,22,25.14,32187.7,32024.6,1
20230921,22,25.73,32187.7,32023.9,1
20230921,22,25.88,32187.7,32023.4,1
20230921,22,26.24,32187.7,32015.0,1
20230921,22,26.46,32187.7,32014.4,1
20230921,22,26.69,32187.7,31996.2,1
20230921,22,27.00,32187.7,31995.2,1
20230921,22,27.06,32187.7,31871.2,1
20230921,22,27.10,32187.7,31866.8,1
20230921,22,28.69,32187.7,31865.8,1
20230921,22,28.89,32187.7,31864.8,1
20230921,22,29.10,32187.7,31845.8,1
20230921,22,29.68,32187.7,31844.8,1
20230921,22,30.00,32187.7,31840.3,1
20230921,22,30.01,32187.7,31781.8,1
20230921,22,30.56,32187.7,31741.3,1
20230921,22,30.69,32187.7,31739.9,1
20230921,22,30.78,32187.7,31739.5,1
20230921,22,31.00,32187.7,31735.1,1
20230921,22,31.10,32187.7,31620.6,1
20230921,22,32.00,32187.7,31619.6,1
20230921,22,32.61,32187.7,31274.9,1
20230921,22,32.70,32191.2,31122.5,1
20230921,22,32.83,32191.2,31122.5,1
20230921,22,33.03,32191.2,31103.6,1
20230921,22,33.10,32191.2,31102.8,1
20230921,22,33.33,32191.2,31101.8,1
20230921,22,34.47,32191.2,31086.8,1
20230921,22,34.80,32191.2,31067.9,1
20230921,22,35.00,32191.2,30968.3,1
20230921,22,35.10,32191.2,30869.2,1
20230921,22,36.00,32191.2,30868.2,1
20230921,22,37.10,32191.2,30818.2,1
20230921,22,39.10,32191.2,30817.2,1
20230921,22,39.98,32251.2,30816.2,1
20230921,22,40.00,32251.2,30816.2,1
20230921,22,41.10,32251.2,30745.9,1
20230921,22,42.24,32251.2,30744.7,1
20230921,22,44.66,32251.2,30726.6,1
20230921,22,45.00,32251.2,30718.3,1
20230921,22,45.01,32251.2,30620.7,1
20230921,22,46.00,32251.2,30496.3,1
20230921,22,50.00,32251.2,30446.3,1
20230921,22,50.01,32251.5,28277.1,1
20230921,22,50.12,32251.5,28277.1,1
20230921,22,50.50,32251.5,28175.5,1
20230921,22,50.90,32251.5,28175.4,1
20230921,22,51.00,32251.5,28172.8,1
20230921,22,54.50,32251.5,28171.3,1
20230921,22,60.00,32251.5,28170.9,1
20230921,22,61.00,32251.5,28072.7,1
20230921,22,62.00,32251.5,28041.0,1
20230921,22,67.94,32251.5,27953.7,1
20230921,22,70.90,32251.5,27928.2,1
20230921,22,77.80,32251.5,24108.2,1
20230921,22,79.90,32251.5,23992.2,1
20230921,22,79.98,32271.5,23986.8,1
20230921,22,80.00,32271.5,23986.8,1
20230921,22,80.01,32271.5,23134.5,1
20230921,22,80.10,32271.5,22828.2,1
20230921,22,80.20,32271.5,22814.8,1
20230921,22,80.21,32281.5,22806.8,1
20230921,22,80.50,32281.5,22806.8,1
20230921,22,81.00,32281.5,22806.7,1
20230921,22,82.01,32281.5,22672.8,1
20230921,22,85.00,32281.5,22588.0,1
20230921,22,90.00,32281.5,22529.9,1
20230921,22,99.90,32281.5,22504.5,1
20230921,22,100.00,32281.5,22504.4,1
20230921,22,100.01,32304.5,19739.8,1
20230921,22,101.00,32304.5,19739.8,1
20230921,22,102.00,32304.5,19615.4,1
20230921,22,105.00,32304.5,19362.6,1
20230921,22,120.10,32304.5,19362.4,1
20230921,22,130.00,32304.5,19280.6,1
20230921,22,138.00,32304.5,19272.5,1
20230921,22,190.00,32304.5,19234.8,1
20230921,22,200.00,32304.5,19232.1,1
20230921,22,200.01,32304.5,17146.3,1
20230921,22,200.10,32304.5,15892.5,1
20230921,22,200.50,32304.5,15761.9,1
20230921,22,201.00,32304.5,15752.0,1
20230921,22,210.00,32304.5,15600.3,1
20230921,22,250.00,32304.5,15108.9,1
20230921,22,300.00,32304.5,14897.7,1
20230921,22,548.66,32304.5,14570.6,1
20230921,22,550.02,32304.5,14110.2,1
20230921,22,999.00,32304.5,13887.1,1
20230921,22,999.99,32304.5,0.0,1
20230921,23,0.00,0.0,44466.6,2
20230921,23,0.00,19255.8,44466.6,2
20230921,23,0.01,29043.1,44466.6,2
20230921,23,0.02,29208.0,44452.1,2
20230921,23,0.03,29210.5,44436.4,2
20230921,23,0.04,29213.7,44403.6,2
20230921,23,0.09,29213.7,44403.6,2
20230921,23,0.10,29213.7,44329.5,2
20230921,23,0.20,29213.7,44229.4,2
20230921,23,0.43,29357.1,44149.4,2
20230921,23,0.62,29357.1,44149.4,2
20230921,23,0.80,29358.1,44089.4,2
20230921,23,0.90,29359.1,44089.4,2
20230921,23,1.00,29868.9,44089.4,2
20230921,23,1.01,29870.0,43876.7,2
20230921,23,1.12,29870.0,43851.7,2
20230921,23,1.32,29937.2,43831.7,2
20230921,23,2.00,29940.7,43831.7,2
20230921,23,2.01,29940.7,43831.7,2
20230921,23,2.07,29947.9,43791.7,2
20230921,23,2.10,29947.9,43791.7,2
20230921,23,2.12,29947.9,43785.7,2
20230921,23,2.15,30061.4,43745.7,2
20230921,23,2.43,30065.4,43745.7,2
20230921,23,3.00,30065.4,43745.7,2
20230921,23,3.01,30065.4,43605.7,2
20230921,23,3.10,30065.4,43575.7,2
20230921,23,3.12,30065.4,43530.7,2
20230921,23,3.32,30066.4,43470.7,2
20230921,23,4.13,30073.7,43470.7,2
20230921,23,4.43,30077.7,43470.7,2
20230921,23,5.00,30217.3,43470.7,2
20230921,23,5.01,30217.3,43311.1,2
20230921,23,5.12,30217.3,43261.1,2
20230921,23,5.32,30218.3,43221.1,2
20230921,23,5.50,30218.4,43221.1,2
20230921,23,6.00,30218.4,43221.1,2
20230921,23,6.01,30218.4,43184.3,2
20230921,23,6.02,30224.0,43179.1,2
20230921,23,6.20,30231.3,43179.1,2
20230921,23,6.43,30235.3,43179.1,2
20230921,23,6.94,30239.7,43179.1,2
20230921,23,7.00,30274.3,43179.1,2
20230921,23,7.01,30274.3,43179.1,2
20230921,23,7.32,30275.3,42883.7,2
20230921,23,7.50,30315.3,42883.7,2
20230921,23,7.94,30315.3,42883.7,2
20230921,23,8.00,30315.3,42736.7,2
20230921,23,8.01,30315.3,42676.6,2
20230921,23,8.02,30331.1,42667.2,2
20230921,23,8.26,30338.4,42667.2,2
20230921,23,8.43,30342.4,42667.2,2
20230921,23,8.46,30342.4,42667.2,2
20230921,23,8.50,30342.4,42652.2,2
20230921,23,8.59,30342.4,42651.8,2
20230921,23,8.70,30342.4,42648.8,2
20230921,23,9.23,30342.4,42633.8,2
20230921,23,9.32,30343.4,42486.8,2
20230921,23,9.36,30343.4,42486.8,2
20230921,23,9.50,30343.4,42339.8,2
20230921,23,9.66,30343.4,42192.8,2
20230921,23,9.79,30343.4,42068.8,2
20230921,23,9.80,30343.4,42063.0,2
20230921,23,9.81,30343.4,42013.0,2
20230921,23,9.82,30343.4,41963.0,2
20230921,23,10.00,30395.1,41913.0,2
20230921,23,10.05,30415.1,41833.0,2
20230921,23,10.19,30415.1,41833.0,2
20230921,23,10.20,30415.1,41626.7,2
20230921,23,10.21,30415.1,41492.7,2
20230921,23,10.22,30415.1,41254.8,2
20230921,23,10.23,30415.1,40966.4,2
20230921,23,10.32,30422.3,40916.4,2
20230921,23,10.38,30422.3,40916.4,2
20230921,23,10.43,30426.3,40792.4,2
20230921,23,10.46,30426.3,40792.4,2
20230921,23,10.50,30426.3,40690.4,2
20230921,23,10.51,30426.3,40640.4,2
20230921,23,10.59,30428.8,40489.4,2
20230921,23,10.70,30428.8,40489.4,2
20230921,23,10.71,30434.4,40480.0,2
20230921,23,10.86,30436.8,40480.0,2
20230921,23,11.00,30436.8,40480.0,2
20230921,23,11.13,30439.3,40389.5,2
20230921,23,11.32,30440.3,40389.5,2
20230921,23,11.39,30442.7,40389.5,2
20230921,23,11.40,30442.7,40389.5,2
20230921,23,11.50,30510.7,40238.5,2
20230921,23,11.66,30513.0,40238.2,2
20230921,23,11.67,30513.0,40235.7,2
20230921,23,11.79,30513.0,40113.7,2
20230921,23,11.86,30513.0,39913.7,2
20230921,23,11.92,30513.0,39713.7,2
20230921,23,12.00,30513.0,39513.7,2
20230921,23,12.08,30513.0,39306.5,2
20230921,23,12.11,30513.0,39106.5,2
20230921,23,12.17,30513.0,39104.0,2
20230921,23,12.18,30513.0,39054.0,2
20230921,23,12.20,30513.0,38854.0,2
20230921,23,12.22,30513.0,38839.0,2
20230921,23,12.23,30513.0,38829.6,2
20230921,23,12.29,30513.0,38779.6,2
20230921,23,12.31,30513.0,38579.6,2
20230921,23,12.43,30517.0,38579.3,2
20230921,23,12.44,30517.0,38579.3,2
20230921,23,12.46,30517.0,38379.3,2
20230921,23,12.47,30518.9,38356.2,2
20230921,23,12.50,30518.9,38356.2,2
20230921,23,12.56,30518.9,38355.6,2
20230921,23,12.64,30518.9,38353.1,2
20230921,23,12.71,30548.9,38331.8,2
20230921,23,12.73,30548.9,38331.8,2
20230921,23,12.80,30548.9,38131.8,2
20230921,23,12.86,30548.9,37631.0,2
20230921,23,13.00,30548.9,37621.5,2
20230921,23,13.01,30549.9,37540.4,2
20230921,23,13.02,30552.6,37532.8,2
20230921,23,13.03,30552.6,37532.8,2
20230921,23,13.04,30552.6,37524.1,2
20230921,23,13.05,30552.6,37520.4,2
20230921,23,13.12,30552.6,37486.7,2
20230921,23,13.31,30552.6,37486.5,2
20230921,23,13.32,30553.6,37481.2,2
20230921,23,13.46,30553.6,37481.2,2
20230921,23,13.47,30554.0,37452.5,2
20230921,23,13.48,30554.4,37452.5,2
20230921,23,13.49,30554.4,37452.5,2
20230921,23,13.50,30564.4,37443.1,2
20230921,23,13.57,30567.4,37443.1,2
20230921,23,13.63,30567.4,37443.1,2
20230921,23,13.70,30578.8,37418.1,2
20230921,23,13.71,30590.2,37418.1,2
20230921,23,13.93,30590.2,37418.1,2
20230921,23,14.00,30590.2,37417.6,2
20230921,23,14.01,30592.0,37306.6,2
20230921,23,14.10,30592.0,37306.6,2
20230921,23,14.13,30592.0,37306.0,2
20230921,23,14.20,30592.0,37287.1,2
20230921,23,14.21,30593.2,37263.3,2
20230921,23,14.30,30607.6,37263.3,2
20230921,23,14.43,30611.6,37262.8,2
20230921,23,14.45,30616.7,37262.8,2
20230921,23,14.50,30616.7,37262.8,2
20230921,23,14.77,30616.7,37261.4,2
20230921,23,14.80,30616.7,37251.4,2
20230921,23,15.00,30853.7,37251.3,2
20230921,23,15.01,30853.7,37238.4,2
20230921,23,15.06,30861.3,37233.8,2
20230921,23,15.10,30861.3,37233.8,2
20230921,23,15.15,30861.3,37233.7,2
20230921,23,15.20,30861.3,37145.7,2
20230921,23,15.21,30861.5,37145.5,2
20230921,23,15.22,30861.7,37145.5,2
20230921,23,15.32,30862.7,37145.5,2
20230921,23,15.39,30862.7,37145.5,2
20230921,23,15.42,30862.7,37144.9,2
20230921,23,15.55,30862.7,37118.5,2
20230921,23,15.80,30862.7,36918.5,2
20230921,23,15.81,30862.7,36918.2,2
20230921,23,15.90,30873.7,36918.1,2
20230921,23,15.93,30873.7,36918.1,2
20230921,23,15.95,30873.7,36917.6,2
20230921,23,16.00,30874.7,36913.1,2
20230921,23,16.10,30875.7,36913.0,2
20230921,23,16.12,30939.7,36913.0,2
20230921,23,16.20,30940.7,36913.0,2
20230921,23,16.26,30990.7,36913.0,2
20230921,23,16.27,31054.7,36913.0,2
20230921,23,16.30,31105.7,36843.5,2
20230921,23,16.37,31169.7,36843.5,2
20230921,23,16.40,31169.7,36843.5,2
20230921,23,16.46,31199.6,36843.4,2
20230921,23,16.47,31263.6,36843.4,2
20230921,23,16.66,31327.6,36843.4,2
20230921,23,16.70,31355.5,36843.4,2
20230921,23,16.75,31419.5,36843.2,2
20230921,23,16.77,31419.5,36843.2,2
20230921,23,16.80,31419.5,36833.2,2
20230921,23,16.81,31419.5,36833.1,2
20230921,23,16.85,31483.5,36833.0,2
20230921,23,16.98,31483.5,36833.0,2
20230921,23,17.00,31503.5,36832.4,2
20230921,23,17.01,31514.3,36823.2,2
20230921,23,17.03,31578.3,36823.2,2
20230921,23,17.10,31578.3,36823.2,2
20230921,23,17.16,31653.5,36822.9,2
20230921,23,17.18,31653.5,36822.9,2
20230921,23,17.23,31653.5,36806.7,2
20230921,23,17.30,31653.5,36787.8,2
20230921,23,17.40,31653.5,36787.7,2
20230921,23,17.50,31653.5,36730.2,2
20230921,23,17.55,31653.5,36730.1,2
20230921,23,17.62,31653.5,36661.1,2
20230921,23,17.63,31653.5,36661.0,2
20230921,23,17.87,31653.5,36555.0,2
20230921,23,17.88,31653.5,36433.0,2
20230921,23,17.89,31653.5,36385.3,2
20230921,23,18.00,31653.9,36335.3,2
20230921,23,18.03,31653.9,36333.3,2
20230921,23,18.20,31683.8,36333.2,2
20230921,23,18.30,31683.8,36333.2,2
20230921,23,18.42,31683.8,36333.1,2
20230921,23,18.43,31683.8,36332.5,2
20230921,23,18.58,31683.8,36332.0,2
20230921,23,18.60,31683.8,36313.6,2
20230921,23,18.62,31683.8,36313.5,2
20230921,23,18.64,31683.8,36311.9,2
20230921,23,18.78,31683.8,36261.9,2
20230921,23,19.28,31683.8,36211.9,2
20230921,23,19.32,31683.8,36211.4,2
20230921,23,19.37,31683.8,36211.3,2
20230921,23,19.50,31683.8,36210.6,2
20230921,23,19.78,31686.4,36210.5,2
20230921,23,19.79,31689.0,36210.5,2
20230921,23,19.90,31689.0,36210.5,2
20230921,23,20.00,31689.0,36210.4,2
20230921,23,20.01,31689.0,36136.5,2
20230921,23,20.11,31690.8,36134.0,2
20230921,23,20.21,31690.8,36134.0,2
20230921,23,20.30,31690.8,34160.0,2
20230921,23,20.43,31690.8,34159.8,2
20230921,23,20.62,31722.9,34155.2,2
20230921,23,20.87,31722.9,34155.2,2
20230921,23,21.10,31722.9,34150.8,2
20230921,23,21.32,31722.9,33728.8,2
20230921,23,21.81,31722.9,33727.8,2
20230921,23,21.98,31722.9,33726.3,2
20230921,23,22.00,31722.9,33720.4,2
20230921,23,22.28,31772.9,33428.2,2
20230921,23,22.40,31772.9,33428.2,2
20230921,23,22.43,31772.9,33409.3,2
20230921,23,22.62,31772.9,33407.9,2
20230921,23,22.77,31782.9,33406.7,2
20230921,23,22.80,32232.0,33406.7,2
20230921,23,22.92,32232.0,33406.7,2
20230921,23,23.00,32245.0,33397.7,2
20230921,23,23.03,32245.0,33397.7,2
20230921,23,23.32,32245.0,33397.6,2
20230921,23,23.34,32245.0,33396.6,2
20230921,23,23.42,32245.0,33396.0,2
20230921,23,23.85,32245.0,33390.4,2
20230921,23,24.00,32245.4,33321.7,2
20230921,23,24.23,32245.4,33320.0,2
20230921,23,24.43,32245.4,33316.1,2
20230921,23,24.85,32245.4,33315.1,2
20230921,23,25.00,32245.4,33314.6,2
20230921,23,25.32,32245.4,33313.3,2
20230921,23,25.78,32245.4,33312.3,2
20230921,23,25.96,32245.4,33307.4,2
20230921,23,25.99,32245.4,33298.6,2
20230921,23,26.00,32245.4,33297.9,2
20230921,23,26.43,32245.4,33285.3,2
20230921,23,26.95,32245.4,33284.3,2
20230921,23,27.00,32245.4,33261.6,2
20230921,23,27.10,32245.4,33163.8,2
20230921,23,27.32,32245.4,33163.2,2
20230921,23,27.57,32245.4,33143.7,2
20230921,23,28.43,32245.4,33124.7,2
20230921,23,29.05,32245.4,33123.7,2
20230921,23,29.32,32245.4,33119.2,2
20230921,23,30.00,32245.4,33118.2,2
20230921,23,30.01,32245.4,33058.8,2
20230921,23,30.42,32245.4,33016.0,2
20230921,23,30.43,32245.4,33011.6,2
20230921,23,30.56,32245.4,33011.1,2
20230921,23,30.69,32245.4,33009.7,2
20230921,23,31.02,32245.4,32891.9,2
20230921,23,31.32,32245.4,32873.0,2
20230921,23,32.00,32245.4,32872.0,2
20230921,23,32.28,32245.4,32525.2,2
20230921,23,32.45,32245.4,32366.2,2
20230921,23,32.70,32248.9,32347.3,2
20230921,23,32.74,32248.9,32347.3,2
20230921,23,33.03,32248.9,32246.2,2
20230921,23,33.32,32248.9,32245.4,2
20230921,23,35.00,32248.9,32244.4,2
20230921,23,35.32,32248.9,32145.3,2
20230921,23,36.00,32248.9,32144.3,2
20230921,23,37.32,32248.9,32094.3,2
20230921,23,39.32,32248.9,32093.3,2
20230921,23,39.98,32308.9,32092.3,2
20230921,23,40.00,32308.9,32092.3,2
20230921,23,41.32,32308.9,32020.8,2
20230921,23,44.67,32308.9,32019.4,2
20230921,23,45.00,32308.9,32001.5,2
20230921,23,45.01,32308.9,31900.9,2
20230921,23,46.00,32308.9,31751.7,2
20230921,23,46.58,32308.9,31701.7,2
20230921,23,50.00,32308.9,31692.6,2
20230921,23,50.01,32309.2,28879.4,2
20230921,23,50.12,32309.2,28879.4,2
20230921,23,50.50,32309.2,28776.6,2
20230921,23,50.90,32309.2,28776.5,2
20230921,23,51.00,32309.2,28773.8,2
20230921,23,54.50,32309.2,28772.2,2
20230921,23,60.00,32309.2,28771.7,2
20230921,23,61.00,32309.2,28672.1,2
20230921,23,62.00,32309.2,28639.9,2
20230921,23,67.94,32309.2,28552.5,2
20230921,23,70.90,32309.2,28526.9,2
20230921,23,77.24,32309.2,24421.9,2
20230921,23,77.80,32309.2,24417.7,2
20230921,23,79.90,32309.2,24293.4,2
20230921,23,79.98,32329.2,24288.0,2
20230921,23,80.00,32329.2,24288.0,2
20230921,23,80.01,32329.2,23431.4,2
20230921,23,80.10,32329.2,23121.2,2
20230921,23,80.20,32329.2,23107.8,2
20230921,23,80.21,32339.2,23099.8,2
20230921,23,80.50,32339.2,23099.8,2
20230921,23,81.00,32339.2,23099.7,2
20230921,23,82.01,32339.2,22979.0,2
20230921,23,85.00,32339.2,22892.1,2
20230921,23,90.00,32339.2,22833.8,2
20230921,23,99.90,32339.2,22807.6,2
20230921,23,100.00,32339.2,22807.4,2
20230921,23,100.01,32362.4,19968.0,2
20230921,23,101.00,32362.4,19968.0,2
20230921,23,102.00,32362.4,19843.6,2
20230921,23,105.00,32362.4,19587.5,2
20230921,23,120.10,32362.4,19587.3,2
20230921,23,130.00,32362.4,19505.1,2
20230921,23,138.00,32362.4,19497.2,2
20230921,23,190.00,32362.4,19459.3,2
20230921,23,200.00,32362.4,19456.5,2
20230921,23,200.01,32362.4,17367.5,2
20230921,23,200.10,32362.4,16112.8,2
20230921,23,200.50,32362.4,15982.2,2
20230921,23,201.00,32362.4,15972.3,2
20230921,23,210.00,32362.4,15821.8,2
20230921,23,250.00,32362.4,15327.9,2
20230921,23,300.00,32362.4,15115.7,2
20230921,23,548.66,32362.4,14788.8,2
20230921,23,550.02,32362.4,14315.4,2
20230921,23,999.00,32362.4,14092.7,2
20230921,23,999.99,32362.4,0.0,2
20230921,24,0.00,0.0,9554.7,0
20230921,24,0.00,2450.2,9554.7,0
20230921,24,0.01,7509.8,9554.7,0
20230921,24,0.02,7520.4,9553.8,0
20230921,24,0.03,7520.7,9538.9,0
20230921,24,0.04,7521.6,9536.4,0
20230921,24,0.09,7521.6,9536.4,0
20230921,24,0.10,7521.6,9525.7,0
20230921,24,0.20,7521.6,9505.7,0
20230921,24,0.30,7521.6,9495.7,0
20230921,24,0.62,7521.6,9491.7,0
20230921,24,1.00,7590.8,9471.7,0
20230921,24,1.01,7591.2,9423.7,0
20230921,24,1.12,7591.2,9413.7,0
20230921,24,1.77,7614.3,9403.7,0
20230921,24,2.12,7614.3,9403.7,0
20230921,24,3.00,7614.3,9383.7,0
20230921,24,3.01,7614.3,9323.7,0
20230921,24,3.12,7614.3,9313.7,0
20230921,24,3.77,7615.3,9283.7,0
20230921,24,4.65,7678.1,9283.7,0
20230921,24,5.00,7678.5,9283.7,0
20230921,24,5.01,7693.5,9218.5,0
20230921,24,5.12,7693.5,9198.5,0
20230921,24,6.00,7693.5,9178.5,0
20230921,24,6.02,7697.4,9149.8,0
20230921,24,6.26,7697.4,9149.8,0
20230921,24,7.00,7697.4,9145.8,0
20230921,24,7.12,7697.4,9145.7,0
20230921,24,7.77,7697.4,9125.7,0
20230921,24,7.90,7697.4,9125.6,0
20230921,24,8.00,7723.5,9120.3,0
20230921,24,8.50,7723.5,9120.3,0
20230921,24,9.00,7723.5,9110.3,0
20230921,24,9.77,7723.5,9110.2,0
20230921,24,9.82,7723.5,9109.5,0
20230921,24,9.87,7723.5,9108.1,0
20230921,24,10.00,7724.7,9102.9,0
20230921,24,10.17,7724.7,9092.9,0
20230921,24,11.00,7724.7,9062.9,0
20230921,24,11.19,7767.7,9060.5,0
20230921,24,11.53,7767.7,9060.5,0
20230921,24,11.60,7768.6,8895.5,0
20230921,24,11.82,7768.6,8895.5,0
20230921,24,11.95,7768.6,8888.5,0
20230921,24,12.19,7768.6,8886.3,0
20230921,24,12.66,7768.6,8884.9,0
20230921,24,12.70,7768.6,8779.9,0
20230921,24,13.00,7768.6,8769.9,0
20230921,24,13.02,7770.5,8769.5,0
20230921,24,13.37,7770.5,8769.5,0
20230921,24,13.60,7771.5,8766.7,0
20230921,24,13.95,7771.5,8766.7,0
20230921,24,14.00,7771.5,8742.7,0
20230921,24,14.21,7771.5,8741.4,0
20230921,24,14.23,7791.5,8740.8,0
20230921,24,14.70,7791.5,8740.8,0
20230921,24,14.99,7791.5,8730.8,0
20230921,24,15.00,7791.5,8730.7,0
20230921,24,15.22,7791.5,8697.1,0
20230921,24,15.38,7791.5,8684.9,0
20230921,24,15.41,7791.5,8672.8,0
20230921,24,15.58,7791.5,8646.8,0
20230921,24,15.60,7792.5,8646.0,0
20230921,24,15.91,7792.5,8646.0,0
20230921,24,16.00,7792.5,8645.8,0
20230921,24,16.05,7792.5,8630.3,0
20230921,24,16.17,7792.5,8622.1,0
20230921,24,16.99,7792.5,8619.3,0
20230921,24,17.25,7792.5,8619.2,0
20230921,24,17.45,7792.5,8618.1,0
20230921,24,17.63,7792.5,8617.8,0
20230921,24,17.67,7792.5,8617.0,0
20230921,24,17.70,7792.5,8538.0,0
20230921,24,17.71,7793.2,8536.6,0
20230921,24,17.72,7795.3,8536.6,0
20230921,24,17.92,7795.3,8536.6,0
20230921,24,17.93,7796.0,8536.5,0
20230921,24,17.94,7796.1,8536.5,0
20230921,24,18.00,7796.1,8536.5,0
20230921,24,18.36,7796.1,8533.5,0
20230921,24,19.00,7796.1,8277.5,0
20230921,24,19.08,7796.1,8276.9,0
20230921,24,19.21,7796.1,8111.9,0
20230921,24,19.60,7796.1,7982.9,0
20230921,24,19.71,8020.1,7982.8,0
20230921,24,20.00,8020.1,7982.8,0
20230921,24,20.02,8020.1,7980.1,0
20230921,24,20.39,8022.1,7928.1,0
20230921,24,20.43,8022.1,7928.1,0
20230921,24,20.70,8032.0,7927.2,0
20230921,24,20.84,8032.0,7927.2,0
20230921,24,21.00,8032.0,7924.3,0
20230921,24,21.60,8032.0,7924.2,0
20230921,24,22.00,8032.0,7923.2,0
20230921,24,23.00,8032.0,7864.4,0
20230921,24,23.22,8032.0,7864.2,0
20230921,24,23.46,8032.0,7863.4,0
20230921,24,23.60,8032.0,7856.9,0
20230921,24,25.00,8032.0,7855.9,0
20230921,24,25.51,8032.0,7847.0,0
20230921,24,25.60,8032.0,7844.2,0
20230921,24,26.02,8032.0,7843.2,0
20230921,24,27.00,8032.0,7841.5,0
20230921,24,27.60,8032.0,7833.1,0
20230921,24,27.82,8032.0,7832.3,0
20230921,24,28.63,8032.0,7830.6,0
20230921,24,29.22,8032.0,7820.2,0
20230921,24,29.92,8032.0,7443.2,0
20230921,24,29.97,8032.0,7440.4,0
20230921,24,30.00,8032.0,7432.2,0
20230921,24,30.18,8032.0,7425.9,0
20230921,24,30.83,8032.0,7348.2,0
20230921,24,32.00,8032.0,7346.5,0
20230921,24,33.83,8032.0,7322.1,0
20230921,24,34.00,8032.0,7320.4,0
20230921,24,34.22,8032.0,7264.9,0
20230921,24,35.00,8032.0,7242.1,0
20230921,24,35.84,8032.0,7237.5,0
20230921,24,36.67,8032.0,7235.8,0
20230921,24,36.84,8032.0,7234.1,0
20230921,24,40.00,8032.0,7229.8,0
20230921,24,40.01,8032.0,7197.6,0
20230921,24,44.72,8032.0,7197.5,0
20230921,24,45.00,8032.0,7196.6,0
20230921,24,46.58,8032.0,7176.9,0
20230921,24,50.00,8032.0,7158.9,0
20230921,24,50.01,8040.3,7157.9,0
20230921,24,50.12,8040.3,7157.9,0
20230921,24,59.90,8040.3,7154.2,0
20230921,24,60.00,8040.3,7153.7,0
20230921,24,67.94,8040.3,7126.9,0
20230921,24,77.80,8040.3,7116.3,0
20230921,24,79.90,8040.3,7105.0,0
20230921,24,80.00,8040.3,7103.2,0
20230921,24,80.01,8040.3,7010.5,0
20230921,24,80.21,8050.3,6863.2,0
20230921,24,82.01,8050.3,6863.2,0
20230921,24,85.00,8050.3,6844.3,0
20230921,24,90.00,8050.3,6833.4,0
20230921,24,99.90,8050.3,6829.8,0
20230921,24,100.00,8050.3,6829.6,0
20230921,24,100.01,8052.8,6787.2,0
20230921,24,101.00,8052.8,6787.2,0
20230921,24,102.00,8052.8,6767.1,0
20230921,24,118.11,8052.8,6709.0,0
20230921,24,120.10,8052.8,6498.3,0
20230921,24,138.00,8052.8,6495.4,0
20230921,24,150.00,8052.8,6477.5,0
20230921,24,200.00,8052.8,6474.7,0
20230921,24,200.01,8052.8,6288.4,0
20230921,24,200.50,8052.8,6086.0,0
20230921,24,210.00,8052.8,6085.8,0
20230921,24,300.00,8052.8,6068.7,0
20230921,24,500.00,8052.8,5881.7,0
20230921,24,548.66,8052.8,5879.7,0
20230921,24,999.00,8052.8,5873.1,0
20230921,24,999.99,8052.8,0.0,0
20230921,24,0.00,0.0,38515.8,1
20230921,24,0.00,17356.7,38515.8,1
20230921,24,0.01,25561.6,38515.8,1
20230921,24,0.02,25583.7,38506.5,1
20230921,24,0.03,25586.2,38494.1,1
20230921,24,0.04,25589.3,38461.6,1
20230921,24,0.09,25589.3,38461.6,1
20230921,24,0.10,25589.3,38389.2,1
20230921,24,0.20,25589.3,38289.1,1
20230921,24,0.62,25589.3,38239.1,1
20230921,24,0.80,25590.3,38219.1,1
20230921,24,0.90,25591.3,38219.1,1
20230921,24,1.00,26092.9,38219.1,1
20230921,24,1.01,26094.0,37847.6,1
20230921,24,1.06,26100.1,37822.6,1
20230921,24,1.60,26159.2,37822.6,1
20230921,24,2.00,26160.6,37822.6,1
20230921,24,2.01,26279.0,37822.6,1
20230921,24,2.10,26279.0,37792.6,1
20230921,24,2.11,26285.1,37786.6,1
20230921,24,2.15,26398.6,37786.6,1
20230921,24,3.00,26398.6,37786.6,1
20230921,24,3.01,26398.6,37686.6,1
20230921,24,3.10,26398.6,37666.6,1
20230921,24,3.15,26404.8,37626.6,1
20230921,24,3.60,26405.8,37626.6,1
20230921,24,4.01,26408.8,37626.6,1
20230921,24,4.20,26414.9,37626.6,1
20230921,24,5.00,26493.6,37626.6,1
20230921,24,5.01,26493.6,37506.6,1
20230921,24,5.25,26499.7,37476.6,1
20230921,24,5.60,26500.7,37476.6,1
20230921,24,5.77,26502.8,37476.6,1
20230921,24,6.00,26502.8,37476.6,1
20230921,24,6.01,26505.8,37453.3,1
20230921,24,6.02,26511.5,37453.3,1
20230921,24,6.30,26513.5,37453.3,1
20230921,24,6.82,26515.6,37453.3,1
20230921,24,7.00,26530.3,37453.3,1
20230921,24,7.01,26530.3,37453.3,1
20230921,24,7.35,26532.3,37158.2,1
20230921,24,7.50,26572.3,37158.2,1
20230921,24,7.60,26573.3,37158.2,1
20230921,24,7.87,26575.3,37158.2,1
20230921,24,7.94,26575.3,37157.9,1
20230921,24,8.00,26575.3,37010.9,1
20230921,24,8.01,26578.3,36990.8,1
20230921,24,8.02,26594.2,36981.4,1
20230921,24,8.74,26594.2,36981.4,1
20230921,24,9.23,26594.2,36981.1,1
20230921,24,9.36,26594.2,36834.1,1
20230921,24,9.50,26594.2,36687.1,1
20230921,24,9.60,26595.2,36540.1,1
20230921,24,9.62,26595.2,36540.1,1
20230921,24,9.66,26595.2,36539.8,1
20230921,24,10.00,26641.7,36415.8,1
20230921,24,10.01,26644.7,36335.8,1
20230921,24,10.05,26664.7,36335.8,1
20230921,24,10.19,26664.7,36335.8,1
20230921,24,10.20,26664.7,36129.5,1
20230921,24,10.21,26664.7,36005.5,1
20230921,24,10.22,26835.4,35767.7,1
20230921,24,10.38,26835.4,35699.1,1
20230921,24,10.46,26835.4,35575.1,1
20230921,24,10.49,26835.4,35488.1,1
20230921,24,10.50,26835.4,35487.4,1
20230921,24,10.51,26835.4,35437.4,1
20230921,24,11.00,26835.4,35286.4,1
20230921,24,11.40,26835.4,35255.8,1
20230921,24,11.50,26903.4,35104.8,1
20230921,24,11.60,26904.4,35104.8,1
20230921,24,11.67,26904.4,35104.8,1
20230921,24,11.78,26904.4,34982.8,1
20230921,24,11.84,26904.4,34782.8,1
20230921,24,11.85,26904.4,34732.8,1
20230921,24,11.91,26904.4,34530.6,1
20230921,24,11.95,26904.4,34330.6,1
20230921,24,11.99,26904.4,34280.6,1
20230921,24,12.00,26904.4,34080.6,1
20230921,24,12.01,26907.4,34073.6,1
20230921,24,12.08,26907.4,34073.6,1
20230921,24,12.16,26907.4,33873.6,1
20230921,24,12.28,26907.4,33673.6,1
20230921,24,12.31,26907.4,33473.6,1
20230921,24,12.44,26907.4,33471.4,1
20230921,24,12.62,26907.4,33271.4,1
20230921,24,12.63,26907.4,32775.2,1
20230921,24,12.71,26907.4,32753.9,1
20230921,24,12.74,26907.4,32738.9,1
20230921,24,12.76,26907.4,32538.9,1
20230921,24,12.83,26907.4,32536.7,1
20230921,24,12.99,26907.4,32527.3,1
20230921,24,13.00,26907.4,32497.9,1
20230921,24,13.02,26910.2,32456.7,1
20230921,24,13.18,26910.2,32456.7,1
20230921,24,13.21,26910.2,32456.1,1
20230921,24,13.31,26910.2,32451.7,1
20230921,24,13.34,26960.2,32436.9,1
20230921,24,13.50,26970.2,32436.9,1
20230921,24,13.54,26970.2,32436.9,1
20230921,24,13.60,26971.2,32426.9,1
20230921,24,13.78,26971.2,32426.9,1
20230921,24,14.00,26971.2,32417.5,1
20230921,24,14.01,26976.0,32306.6,1
20230921,24,14.10,26976.0,32306.6,1
20230921,24,14.25,26976.0,32306.1,1
20230921,24,14.30,26976.0,32287.2,1
20230921,24,14.50,26976.0,32286.7,1
20230921,24,14.71,26976.0,32285.2,1
20230921,24,14.72,26981.6,32275.8,1
20230921,24,14.80,26981.6,32275.8,1
20230921,24,15.00,27218.6,32275.7,1
20230921,24,15.01,27248.6,32262.6,1
20230921,24,15.10,27248.6,32258.0,1
20230921,24,15.15,27248.6,32257.9,1
20230921,24,15.19,27248.6,32169.9,1
20230921,24,15.20,27248.6,32142.6,1
20230921,24,15.54,27248.6,32142.4,1
20230921,24,15.55,27248.6,32127.4,1
20230921,24,15.60,27249.6,31927.4,1
20230921,24,15.80,27249.6,31927.4,1
20230921,24,15.81,27249.6,31927.1,1
20230921,24,15.90,27260.6,31927.0,1
20230921,24,16.00,27261.6,31927.0,1
20230921,24,16.01,27262.8,31903.1,1
20230921,24,16.02,27262.8,31903.1,1
20230921,24,16.10,27263.8,31898.6,1
20230921,24,16.12,27327.8,31898.6,1
20230921,24,16.18,27327.8,31898.6,1
20230921,24,16.20,27328.8,31826.9,1
20230921,24,16.22,27378.8,31826.9,1
20230921,24,16.25,27378.8,31826.9,1
20230921,24,16.27,27442.8,31816.9,1
20230921,24,16.30,27443.8,31816.9,1
20230921,24,16.37,27507.8,31816.9,1
20230921,24,16.47,27571.8,31816.9,1
20230921,24,16.66,27635.8,31816.9,1
20230921,24,16.70,27635.8,31816.9,1
20230921,24,16.75,27699.8,31816.7,1
20230921,24,16.80,27699.8,31816.7,1
20230921,24,16.85,27763.8,31816.6,1
20230921,24,17.00,27783.8,31816.6,1
20230921,24,17.01,27795.0,31797.8,1
20230921,24,17.03,27859.0,31797.8,1
20230921,24,17.10,27859.0,31797.8,1
20230921,24,17.16,27929.8,31797.5,1
20230921,24,17.18,27929.8,31797.5,1
20230921,24,17.23,27929.8,31781.3,1
20230921,24,17.40,27929.8,31762.4,1
20230921,24,17.54,27932.8,31705.9,1
20230921,24,17.55,27932.8,31705.9,1
20230921,24,17.63,27932.8,31637.9,1
20230921,24,17.66,27932.8,31531.9,1
20230921,24,17.71,27944.2,31531.2,1
20230921,24,17.72,27955.6,31531.2,1
20230921,24,17.87,27955.6,31531.2,1
20230921,24,17.94,27955.6,31409.2,1
20230921,24,18.00,27956.0,31408.7,1
20230921,24,18.01,27956.0,31406.8,1
20230921,24,18.03,27956.0,31406.5,1
20230921,24,18.33,27956.0,31406.4,1
20230921,24,18.52,27956.0,31406.3,1
20230921,24,18.55,27956.3,31405.8,1
20230921,24,18.56,27956.6,31405.8,1
20230921,24,18.62,27956.6,31405.8,1
20230921,24,19.60,27956.6,31404.2,1
20230921,24,20.00,27956.6,31404.1,1
20230921,24,20.01,27956.6,31340.3,1
20230921,24,20.11,27958.5,31337.3,1
20230921,24,20.21,27958.5,31337.3,1
20230921,24,20.62,27990.6,29363.3,1
20230921,24,20.70,27990.6,29363.3,1
20230921,24,20.71,28018.5,29358.9,1
20230921,24,21.10,28018.5,29358.9,1
20230921,24,21.25,28021.2,29000.9,1
20230921,24,21.26,28023.9,29000.9,1
20230921,24,21.54,28053.8,29000.9,1
20230921,24,21.60,28053.8,29000.9,1
20230921,24,21.98,28053.8,28999.9,1
20230921,24,22.00,28053.8,28928.0,1
20230921,24,22.01,28053.8,28668.4,1
20230921,24,22.15,28053.8,28667.4,1
20230921,24,22.20,28053.8,28666.8,1
20230921,24,22.80,28502.9,28647.9,1
20230921,24,22.92,28502.9,28647.9,1
20230921,24,22.94,28502.9,28638.9,1
20230921,24,23.00,28515.9,28633.6,1
20230921,24,23.03,28515.9,28633.6,1
20230921,24,23.14,28515.9,28633.5,1
20230921,24,23.33,28515.9,28629.6,1
20230921,24,23.50,28515.9,28629.1,1
20230921,24,23.52,28515.9,28602.2,1
20230921,24,23.60,28515.9,28596.8,1
20230921,24,24.00,28516.3,28595.8,1
20230921,24,24.01,28516.3,28595.8,1
20230921,24,24.25,28526.3,28594.8,1
20230921,24,25.00,28526.3,28594.8,1
20230921,24,25.13,28526.3,28593.5,1
20230921,24,25.37,28526.3,28592.8,1
20230921,24,25.60,28526.3,28588.4,1
20230921,24,26.00,28526.3,28587.4,1
20230921,24,26.01,28526.3,28585.8,1
20230921,24,26.38,28526.3,28584.8,1
20230921,24,26.63,28526.3,28584.2,1
20230921,24,27.00,28526.3,28565.6,1
20230921,24,27.17,28526.3,28504.2,1
20230921,24,27.60,28526.3,28485.2,1
20230921,24,28.01,28526.3,28484.2,1
20230921,24,28.49,28526.3,28483.2,1
20230921,24,29.60,28526.3,28478.7,1
20230921,24,29.79,28526.3,28477.7,1
20230921,24,30.00,28526.3,28473.3,1
20230921,24,30.01,28526.3,28425.1,1
20230921,24,30.05,28526.3,28381.4,1
20230921,24,30.48,28526.3,28262.6,1
20230921,24,30.56,28526.3,28243.7,1
20230921,24,31.60,28526.3,28242.4,1
20230921,24,31.86,28526.3,28241.4,1
20230921,24,32.00,28526.3,28222.5,1
20230921,24,32.14,28526.3,27928.5,1
20230921,24,32.28,28526.3,27830.6,1
20230921,24,32.70,28529.8,27661.9,1
20230921,24,33.03,28529.8,27661.9,1
20230921,24,33.60,28529.8,27661.1,1
20230921,24,35.00,28529.8,27660.1,1
20230921,24,35.60,28529.8,27565.7,1
20230921,24,36.00,28529.8,27564.7,1
20230921,24,37.60,28529.8,27514.7,1
20230921,24,39.60,28529.8,27513.7,1
20230921,24,40.00,28529.8,27512.7,1
20230921,24,41.60,28529.8,27441.9,1
20230921,24,44.65,28529.8,27440.3,1
20230921,24,45.00,28529.8,27429.5,1
20230921,24,45.01,28529.8,27340.0,1
20230921,24,46.00,28529.8,27183.4,1
20230921,24,46.58,28529.8,27132.2,1
20230921,24,48.50,28529.8,27122.1,1
20230921,24,50.00,28529.8,27122.0,1
20230921,24,50.12,28529.8,24679.9,1
20230921,24,50.90,28529.8,24576.4,1
20230921,24,51.00,28529.8,24573.6,1
20230921,24,52.50,28529.8,24572.0,1
20230921,24,59.90,28529.8,24571.5,1
20230921,24,60.00,28529.8,24571.0,1
20230921,24,61.00,28529.8,24493.6,1
20230921,24,62.00,28529.8,24484.6,1
20230921,24,67.94,28529.8,24415.0,1
20230921,24,70.90,28529.8,24390.7,1
20230921,24,77.80,28529.8,20349.7,1
20230921,24,79.90,28529.8,20242.0,1
20230921,24,80.00,28529.8,20238.2,1
20230921,24,80.01,28529.8,19511.9,1
20230921,24,80.10,28529.8,19214.4,1
20230921,24,80.21,28539.8,19202.4,1
20230921,24,80.50,28539.8,19202.4,1
20230921,24,81.00,28539.8,19202.3,1
20230921,24,82.01,28539.8,19078.0,1
20230921,24,85.00,28539.8,18999.1,1
20230921,24,90.00,28539.8,18944.8,1
20230921,24,99.90,28539.8,18919.7,1
20230921,24,100.00,28539.8,18919.6,1
20230921,24,100.01,28562.9,16161.8,1
20230921,24,101.00,28562.9,16161.8,1
20230921,24,102.00,28562.9,16050.2,1
20230921,24,105.00,28562.9,15859.7,1
20230921,24,120.10,28562.9,15859.5,1
20230921,24,130.00,28562.9,15782.1,1
20230921,24,138.00,28562.9,15774.1,1
20230921,24,190.00,28562.9,15772.6,1
20230921,24,200.00,28562.9,15770.0,1
20230921,24,200.01,28562.9,13890.9,1
20230921,24,200.10,28562.9,12937.6,1
20230921,24,200.50,28562.9,12808.1,1
20230921,24,201.00,28562.9,12798.2,1
20230921,24,210.00,28562.9,12678.0,1
20230921,24,250.00,28562.9,12195.1,1
20230921,24,300.00,28562.9,11982.6,1
20230921,24,548.66,28562.9,11656.0,1
20230921,24,550.02,28562.9,11172.4,1
20230921,24,999.00,28562.9,10950.5,1
20230921,24,999.99,28562.9,0.0,1
20230921,24,0.00,0.0,6835.3,2
20230921,24,0.00,3650.7,6835.3,2
20230921,24,0.01,5245.7,6835.3,2
20230921,24,0.02,5385.6,6830.2,2
20230921,24,0.03,5385.8,6827.0,2
20230921,24,0.09,5385.8,6826.5,2
20230921,24,0.20,5385.8,6824.2,2
20230921,24,0.62,5385.8,6794.2,2
20230921,24,1.00,5385.8,6754.2,2
20230921,24,1.06,5386.9,6734.6,2
20230921,24,1.12,5386.9,6734.6,2
20230921,24,2.00,5389.0,6714.6,2
20230921,24,2.01,5412.0,6714.6,2
20230921,24,2.11,5413.2,6704.6,2
20230921,24,2.12,5413.2,6704.6,2
20230921,24,3.00,5413.2,6664.6,2
20230921,24,3.01,5413.2,6624.6,2
20230921,24,3.10,5413.2,6614.6,2
20230921,24,3.12,5413.2,6609.6,2
20230921,24,3.15,5414.3,6549.6,2
20230921,24,4.01,5415.3,6549.6,2
20230921,24,4.20,5416.5,6549.6,2
20230921,24,5.00,5478.8,6549.6,2
20230921,24,5.01,5478.8,6511.7,2
20230921,24,5.12,5478.8,6491.7,2
20230921,24,5.25,5479.9,6451.7,2
20230921,24,5.50,5480.0,6451.7,2
20230921,24,5.77,5480.4,6451.7,2
20230921,24,6.00,5480.4,6451.7,2
20230921,24,6.01,5481.4,6439.3,2
20230921,24,6.30,5481.8,6434.1,2
20230921,24,6.82,5482.2,6434.1,2
20230921,24,6.94,5486.3,6434.1,2
20230921,24,7.00,5506.4,6434.1,2
20230921,24,7.35,5506.8,6434.1,2
20230921,24,7.87,5507.1,6434.1,2
20230921,24,8.00,5507.1,6434.1,2
20230921,24,8.01,5508.1,6394.1,2
20230921,24,8.59,5508.1,6394.1,2
20230921,24,9.79,5508.1,6391.1,2
20230921,24,9.80,5508.1,6385.5,2
20230921,24,9.81,5508.1,6335.5,2
20230921,24,9.82,5508.1,6285.5,2
20230921,24,10.00,5510.7,6235.5,2
20230921,24,10.01,5511.7,6235.5,2
20230921,24,10.22,5511.7,6235.5,2
20230921,24,10.23,5511.7,6186.5,2
20230921,24,10.98,5511.7,6136.5,2
20230921,24,11.00,5511.7,6136.3,2
20230921,24,11.82,5511.7,6075.9,2
20230921,24,12.01,5512.7,6075.6,2
20230921,24,12.67,5512.7,6075.6,2
20230921,24,12.71,5512.7,6075.4,2
20230921,24,12.75,5527.5,6060.4,2
20230921,24,12.77,5532.8,6060.4,2
20230921,24,13.00,5532.8,6060.4,2
20230921,24,13.01,5533.8,6020.4,2
20230921,24,13.02,5533.8,6009.2,2
20230921,24,13.03,5533.8,5975.5,2
20230921,24,13.04,5533.8,5971.8,2
20230921,24,13.05,5533.8,5968.1,2
20230921,24,13.51,5533.8,5934.4,2
20230921,24,13.63,5533.8,5933.9,2
20230921,24,14.01,5535.7,5908.9,2
20230921,24,14.71,5535.7,5908.9,2
20230921,24,15.00,5535.7,5893.9,2
20230921,24,15.01,5537.6,5870.8,2
20230921,24,15.49,5537.6,5870.8,2
20230921,24,16.40,5537.6,5870.3,2
20230921,24,16.45,5537.6,5870.2,2
20230921,24,17.30,5537.6,5870.1,2
20230921,24,17.40,5537.6,5870.0,2
20230921,24,17.50,5537.6,5868.9,2
20230921,24,17.71,5538.0,5868.8,2
20230921,24,17.72,5538.4,5868.8,2
20230921,24,17.88,5538.4,5868.8,2
20230921,24,17.89,5538.4,5821.1,2
20230921,24,18.01,5538.4,5771.1,2
20230921,24,18.30,5538.4,5770.9,2
20230921,24,18.58,5538.4,5770.8,2
20230921,24,18.60,5538.4,5752.6,2
20230921,24,18.64,5538.4,5752.5,2
20230921,24,18.77,5538.4,5702.5,2
20230921,24,18.78,5578.4,5692.5,2
20230921,24,18.79,5578.4,5692.5,2
20230921,24,19.50,5578.4,5692.0,2
20230921,24,19.90,5578.4,5691.9,2
20230921,24,20.00,5578.4,5691.8,2
20230921,24,20.01,5578.4,5680.8,2
20230921,24,20.30,5578.4,5676.7,2
20230921,24,20.71,5608.3,5676.6,2
20230921,24,21.45,5608.3,5676.6,2
20230921,24,22.00,5608.3,5675.5,2
20230921,24,22.01,5608.3,5644.5,2
20230921,24,22.09,5608.3,5644.0,2
20230921,24,22.28,5658.3,5643.4,2
20230921,24,22.56,5665.9,5643.4,2
20230921,24,24.29,5665.9,5643.4,2
20230921,24,25.20,5665.9,5642.9,2
20230921,24,25.39,5665.9,5642.4,2
20230921,24,26.00,5665.9,5633.0,2
20230921,24,27.00,5665.9,5622.2,2
20230921,24,30.00,5665.9,5600.5,2
20230921,24,32.00,5665.9,5589.9,2
20230921,24,33.33,5665.9,5535.3,2
20230921,24,35.00,5665.9,5495.3,2
20230921,24,39.98,5725.9,5491.8,2
20230921,24,40.00,5725.9,5491.8,2
20230921,24,44.65,5725.9,5490.4,2
20230921,24,45.00,5725.9,5482.8,2
20230921,24,46.00,5725.9,5471.8,2
20230921,24,50.00,5725.9,5471.2,2
20230921,24,50.01,5726.2,5379.8,2
20230921,24,60.00,5726.2,5379.8,2
20230921,24,61.00,5726.2,5356.9,2
20230921,24,62.00,5726.2,5333.4,2
20230921,24,67.94,5726.2,5315.6,2
20230921,24,77.80,5726.2,5314.6,2
20230921,24,79.90,5726.2,5297.9,2
20230921,24,79.98,5746.2,5296.6,2
20230921,24,80.00,5746.2,5296.6,2
20230921,24,80.01,5746.2,5177.9,2
20230921,24,80.20,5746.2,5165.5,2
20230921,24,82.01,5746.2,5157.5,2
20230921,24,85.00,5746.2,5148.2,2
20230921,24,90.00,5746.2,5144.8,2
20230921,24,100.00,5746.2,5143.8,2
20230921,24,100.01,5746.3,5136.8,2
20230921,24,101.00,5746.3,5136.8,2
20230921,24,102.00,5746.3,5124.0,2
20230921,24,120.10,5746.3,5069.2,2
20230921,24,138.00,5746.3,5065.5,2
20230921,24,200.00,5746.3,5028.9,2
20230921,24,200.01,5746.3,4807.2,2
20230921,24,200.10,5746.3,4508.8,2
20230921,24,201.00,5746.3,4507.7,2
20230921,24,210.00,5746.3,4480.7,2
20230921,24,548.66,5746.3,4468.1,2
20230921,24,999.00,5746.3,4461.3,2
20230921,24,999.99,5746.3,0.0,2
20230921,25,0.00,0.0,9626.7,0
20230921,25,0.00,2415.1,9626.7,0
20230921,25,0.01,7458.3,9626.7,0
20230921,25,0.02,7468.7,9625.9,0
20230921,25,0.03,7469.0,9611.2,0
20230921,25,0.04,7469.8,9608.8,0
20230921,25,0.09,7469.8,9608.8,0
20230921,25,0.10,7469.8,9598.4,0
20230921,25,0.20,7469.8,9578.4,0
20230921,25,0.30,7469.8,9568.4,0
20230921,25,0.62,7469.8,9564.4,0
20230921,25,1.00,7538.3,9544.4,0
20230921,25,1.01,7538.7,9499.0,0
20230921,25,1.12,7538.7,9489.0,0
20230921,25,1.77,7561.9,9479.0,0
20230921,25,2.12,7561.9,9479.0,0
20230921,25,3.00,7561.9,9459.0,0
20230921,25,3.01,7561.9,9399.0,0
20230921,25,3.12,7561.9,9389.0,0
20230921,25,3.77,7562.9,9359.0,0
20230921,25,4.65,7624.0,9359.0,0
20230921,25,5.00,7624.5,9359.0,0
20230921,25,5.01,7638.7,9296.2,0
20230921,25,5.12,7638.7,9276.2,0
20230921,25,6.00,7638.7,9256.2,0
20230921,25,6.02,7642.4,9229.9,0
20230921,25,6.26,7642.4,9229.9,0
20230921,25,7.00,7642.4,9225.9,0
20230921,25,7.12,7642.4,9225.8,0
20230921,25,7.77,7642.4,9205.8,0
20230921,25,7.90,7642.4,9205.7,0
20230921,25,8.00,7668.5,9200.4,0
20230921,25,8.50,7668.5,9200.4,0
20230921,25,9.00,7668.5,9190.4,0
20230921,25,9.63,7668.5,9190.3,0
20230921,25,9.77,7668.5,9184.9,0
20230921,25,10.00,7669.8,9184.2,0
20230921,25,10.12,7670.2,9174.2,0
20230921,25,10.17,7670.2,9174.2,0
20230921,25,11.00,7670.2,9144.2,0
20230921,25,11.19,7713.2,9143.2,0
20230921,25,11.53,7713.2,9143.2,0
20230921,25,11.82,7713.2,8978.2,0
20230921,25,11.95,7713.2,8971.2,0
20230921,25,12.12,7714.2,8969.4,0
20230921,25,12.38,7734.2,8969.4,0
20230921,25,12.48,7734.2,8969.4,0
20230921,25,12.66,7734.2,8959.4,0
20230921,25,13.00,7734.2,8854.4,0
20230921,25,13.02,7736.0,8854.0,0
20230921,25,13.10,7736.0,8854.0,0
20230921,25,13.11,7736.0,8792.0,0
20230921,25,13.23,7736.0,8354.0,0
20230921,25,13.95,7736.0,8295.0,0
20230921,25,14.00,7736.0,8273.4,0
20230921,25,14.01,7736.0,8272.1,0
20230921,25,14.12,7737.0,8015.1,0
20230921,25,14.21,7737.0,8015.1,0
20230921,25,14.48,7737.0,8014.5,0
20230921,25,14.62,7737.0,8004.5,0
20230921,25,14.66,7737.0,7720.5,0
20230921,25,14.99,7737.0,7719.1,0
20230921,25,15.00,7737.0,7719.0,0
20230921,25,15.22,7737.0,7685.2,0
20230921,25,15.41,7737.0,7678.3,0
20230921,25,15.44,7737.0,7652.3,0
20230921,25,15.58,7737.0,7650.9,0
20230921,25,15.59,7737.0,7650.0,0
20230921,25,15.78,7737.0,7637.9,0
20230921,25,15.79,7737.6,7637.8,0
20230921,25,15.80,7737.7,7637.8,0
20230921,25,15.91,7737.7,7637.8,0
20230921,25,16.00,7737.7,7637.6,0
20230921,25,16.05,7737.7,7623.7,0
20230921,25,16.12,7738.7,7617.2,0
20230921,25,16.22,7738.7,7617.2,0
20230921,25,16.99,7738.7,7615.8,0
20230921,25,17.00,7738.7,7615.7,0
20230921,25,17.25,7738.7,7612.1,0
20230921,25,17.45,7738.7,7611.0,0
20230921,25,17.47,7738.7,7610.8,0
20230921,25,17.48,7739.1,7609.2,0
20230921,25,17.49,7741.1,7609.2,0
20230921,25,18.00,7741.1,7609.2,0
20230921,25,18.81,7741.1,7606.4,0
20230921,25,19.00,7741.1,7603.6,0
20230921,25,19.26,7741.1,7603.0,0
20230921,25,19.71,7965.1,7602.1,0
20230921,25,20.00,7965.1,7602.1,0
20230921,25,20.02,7965.1,7599.6,0
20230921,25,20.12,7965.1,7547.6,0
20230921,25,20.39,7967.1,7547.5,0
20230921,25,20.48,7977.0,7547.5,0
20230921,25,21.00,7977.0,7547.5,0
20230921,25,21.52,7977.0,7547.4,0
20230921,25,21.83,7977.0,7546.6,0
20230921,25,22.00,7977.0,7543.7,0
20230921,25,22.12,7977.0,7488.6,0
20230921,25,23.00,7977.0,7487.6,0
20230921,25,23.79,7977.0,7487.4,0
20230921,25,24.12,7977.0,7485.7,0
20230921,25,24.84,7977.0,7484.7,0
20230921,25,25.00,7977.0,7481.9,0
20230921,25,25.14,7977.0,7474.3,0
20230921,25,26.12,7977.0,7472.6,0
20230921,25,26.86,7977.0,7471.6,0
20230921,25,27.00,7977.0,7468.8,0
20230921,25,27.38,7977.0,7460.9,0
20230921,25,27.69,7977.0,7459.2,0
20230921,25,27.86,7977.0,7456.4,0
20230921,25,28.12,7977.0,7385.7,0
20230921,25,28.63,7977.0,7385.0,0
20230921,25,29.63,7977.0,7379.1,0
20230921,25,29.97,7977.0,7377.4,0
20230921,25,30.00,7977.0,7368.2,0
20230921,25,31.13,7977.0,7362.4,0
20230921,25,31.76,7977.0,7360.7,0
20230921,25,31.88,7977.0,7359.0,0
20230921,25,32.00,7977.0,7358.1,0
20230921,25,34.00,7977.0,7336.5,0
20230921,25,34.22,7977.0,7283.6,0
20230921,25,35.00,7977.0,7260.1,0
20230921,25,40.00,7977.0,7255.3,0
20230921,25,40.01,7977.0,7223.7,0
20230921,25,45.00,7977.0,7223.6,0
20230921,25,45.52,7977.0,7206.8,0
20230921,25,50.00,7977.0,7189.8,0
20230921,25,50.01,7985.2,7188.8,0
20230921,25,50.12,7985.2,7188.8,0
20230921,25,59.90,7985.2,7185.4,0
20230921,25,60.00,7985.2,7184.9,0
20230921,25,67.94,7985.2,7158.8,0
20230921,25,77.80,7985.2,7149.3,0
20230921,25,79.90,7985.2,7101.9,0
20230921,25,80.00,7985.2,7099.9,0
20230921,25,80.01,7985.2,7016.5,0
20230921,25,80.21,7995.2,6872.1,0
20230921,25,82.00,7995.2,6872.1,0
20230921,25,82.01,7995.2,6684.2,0
20230921,25,85.00,7995.2,6665.5,0
20230921,25,90.00,7995.2,6655.0,0
20230921,25,99.90,7995.2,6651.6,0
20230921,25,100.00,7995.2,6651.5,0
20230921,25,100.01,7997.7,6616.5,0
20230921,25,101.00,7997.7,6616.5,0
20230921,25,102.00,7997.7,6596.4,0
20230921,25,120.10,7997.7,6548.9,0
20230921,25,138.00,7997.7,6546.0,0
20230921,25,150.00,7997.7,6530.1,0
20230921,25,200.00,7997.7,6527.4,0
20230921,25,200.01,7997.7,6349.4,0
20230921,25,200.50,7997.7,6143.6,0
20230921,25,210.00,7997.7,6143.4,0
20230921,25,300.00,7997.7,6126.3,0
20230921,25,500.00,7997.7,5939.3,0
20230921,25,548.66,7997.7,5937.3,0
20230921,25,999.00,7997.7,5930.7,0
20230921,25,999.99,7997.7,0.0,0
20230921,25,0.00,0.0,37196.4,1
20230921,25,0.00,17235.2,37196.4,1
20230921,25,0.01,25317.7,37196.4,1
20230921,25,0.02,25339.2,37187.7,1
20230921,25,0.03,25341.6,37176.2,1
20230921,25,0.04,25344.7,37144.2,1
20230921,25,0.09,25344.7,37144.2,1
20230921,25,0.10,25344.7,37073.2,1
20230921,25,0.12,25392.1,36973.1,1
20230921,25,0.19,25506.2,36973.1,1
20230921,25,0.20,25506.2,36973.1,1
20230921,25,0.62,25506.2,36923.1,1
20230921,25,0.90,25507.2,36903.1,1
20230921,25,1.00,26013.4,36903.1,1
20230921,25,1.01,26014.4,36536.0,1
20230921,25,1.12,26014.4,36511.0,1
20230921,25,1.96,26020.5,36501.0,1
20230921,25,2.00,26022.0,36501.0,1
20230921,25,2.01,26022.0,36501.0,1
20230921,25,2.10,26022.0,36471.0,1
20230921,25,2.12,26023.0,36465.0,1
20230921,25,2.15,26135.6,36445.0,1
20230921,25,2.19,26138.6,36445.0,1
20230921,25,3.00,26138.6,36445.0,1
20230921,25,3.01,26138.6,36345.0,1
20230921,25,3.10,26138.6,36325.0,1
20230921,25,3.12,26138.6,36285.0,1
20230921,25,3.91,26144.7,36255.0,1
20230921,25,4.12,26145.7,36255.0,1
20230921,25,4.19,26148.7,36255.0,1
20230921,25,5.00,26240.0,36255.0,1
20230921,25,5.01,26240.0,36137.8,1
20230921,25,5.12,26240.0,36107.8,1
20230921,25,5.87,26246.2,36087.8,1
20230921,25,6.00,26246.2,36087.8,1
20230921,25,6.02,26251.6,36066.0,1
20230921,25,6.12,26252.6,36066.0,1
20230921,25,6.19,26255.6,36066.0,1
20230921,25,7.00,26270.0,36066.0,1
20230921,25,7.01,26270.0,36066.0,1
20230921,25,7.12,26270.0,35775.5,1
20230921,25,7.50,26310.0,35755.5,1
20230921,25,7.71,26310.0,35755.5,1
20230921,25,7.82,26316.1,35740.5,1
20230921,25,7.94,26316.1,35740.5,1
20230921,25,8.00,26316.1,35593.5,1
20230921,25,8.01,26316.1,35573.4,1
20230921,25,8.02,26331.6,35564.7,1
20230921,25,8.12,26332.6,35564.7,1
20230921,25,8.19,26335.6,35564.7,1
20230921,25,8.31,26335.6,35564.7,1
20230921,25,9.23,26335.6,35554.7,1
20230921,25,9.36,26335.6,35407.7,1
20230921,25,9.50,26335.6,35260.7,1
20230921,25,9.66,26335.6,35113.7,1
20230921,25,9.71,26335.6,34989.7,1
20230921,25,9.72,26339.8,34978.9,1
20230921,25,9.77,26345.9,34978.9,1
20230921,25,9.93,26348.0,34978.9,1
20230921,25,10.00,26391.6,34978.9,1
20230921,25,10.05,26411.6,34694.0,1
20230921,25,10.10,26413.6,34694.0,1
20230921,25,10.12,26414.6,34694.0,1
20230921,25,10.19,26417.6,34694.0,1
20230921,25,10.20,26417.6,34694.0,1
20230921,25,10.21,26417.6,34570.0,1
20230921,25,10.22,26536.9,34334.3,1
20230921,25,10.26,26539.0,34214.4,1
20230921,25,10.31,26539.0,34214.4,1
20230921,25,10.38,26539.0,34199.4,1
20230921,25,10.42,26541.0,34075.4,1
20230921,25,10.46,26541.0,34075.4,1
20230921,25,10.50,26541.0,33988.4,1
20230921,25,10.51,26541.0,33937.8,1
20230921,25,10.58,26543.0,33786.8,1
20230921,25,10.85,26543.0,33784.3,1
20230921,25,10.86,26546.2,33781.8,1
20230921,25,11.13,26546.2,33781.8,1
20230921,25,11.40,26546.2,33779.3,1
20230921,25,11.50,26614.2,33623.2,1
20230921,25,11.67,26614.2,33622.6,1
20230921,25,11.72,26644.2,33500.6,1
20230921,25,11.76,26644.2,33500.6,1
20230921,25,11.79,26644.2,33300.6,1
20230921,25,11.84,26644.2,33250.6,1
20230921,25,11.90,26644.2,33000.6,1
20230921,25,11.98,26644.2,32800.6,1
20230921,25,12.00,26646.5,32600.6,1
20230921,25,12.07,26646.5,32565.2,1
20230921,25,12.08,26646.5,32365.2,1
20230921,25,12.12,26647.5,32344.5,1
20230921,25,12.15,26647.5,32344.5,1
20230921,25,12.19,26650.5,32144.5,1
20230921,25,12.25,26650.5,32144.5,1
20230921,25,12.31,26650.5,31944.5,1
20230921,25,12.32,26651.9,31920.9,1
20230921,25,12.40,26651.9,31920.9,1
20230921,25,12.50,26651.9,31720.9,1
20230921,25,12.68,26651.9,31720.4,1
20230921,25,12.72,26662.9,31046.0,1
20230921,25,12.73,26673.9,31046.0,1
20230921,25,12.83,26673.9,31046.0,1
20230921,25,12.85,26723.9,31015.4,1
20230921,25,13.00,26723.9,31015.4,1
20230921,25,13.02,26726.5,30980.7,1
20230921,25,13.19,26776.5,30980.7,1
20230921,25,13.21,26776.5,30980.7,1
20230921,25,13.27,26776.5,30916.7,1
20230921,25,13.31,26776.8,30916.1,1
20230921,25,13.32,26777.1,30911.0,1
20230921,25,13.50,26787.1,30911.0,1
20230921,25,13.80,26787.1,30911.0,1
20230921,25,14.00,26787.1,30906.5,1
20230921,25,14.01,26788.7,30890.3,1
20230921,25,14.10,26788.7,30890.3,1
20230921,25,14.12,26789.7,30889.8,1
20230921,25,14.19,26792.7,30889.8,1
20230921,25,14.30,26792.7,30889.8,1
20230921,25,14.50,26792.7,30889.3,1
20230921,25,14.80,26792.7,30887.8,1
20230921,25,15.00,27028.7,30887.7,1
20230921,25,15.01,27028.7,30875.4,1
20230921,25,15.10,27028.7,30871.1,1
20230921,25,15.12,27028.7,30871.0,1
20230921,25,15.15,27028.7,30861.6,1
20230921,25,15.19,27028.7,30773.6,1
20230921,25,15.20,27028.7,30745.4,1
20230921,25,15.51,27028.7,30745.2,1
20230921,25,15.52,27028.7,30737.6,1
20230921,25,15.71,27056.6,30537.6,1
20230921,25,15.73,27056.6,30537.6,1
20230921,25,15.80,27056.6,30529.8,1
20230921,25,15.81,27056.6,30520.0,1
20230921,25,15.90,27060.6,30519.9,1
20230921,25,16.00,27063.6,30471.0,1
20230921,25,16.09,27063.6,30470.9,1
20230921,25,16.10,27066.6,30396.3,1
20230921,25,16.12,27131.6,30396.3,1
20230921,25,16.20,27135.0,30396.3,1
20230921,25,16.27,27199.0,30396.3,1
20230921,25,16.30,27202.0,30396.3,1
20230921,25,16.31,27231.9,30396.3,1
20230921,25,16.37,27295.9,30386.3,1
20230921,25,16.39,27295.9,30386.3,1
20230921,25,16.40,27295.9,30385.6,1
20230921,25,16.47,27359.9,30385.0,1
20230921,25,16.48,27359.9,30385.0,1
20230921,25,16.66,27423.9,30375.6,1
20230921,25,16.69,27423.9,30375.6,1
20230921,25,16.70,27423.9,30375.5,1
20230921,25,16.75,27487.9,30375.2,1
20230921,25,16.80,27487.9,30375.2,1
20230921,25,16.85,27551.9,30375.1,1
20230921,25,17.00,27551.9,30375.1,1
20230921,25,17.01,27563.2,30356.4,1
20230921,25,17.03,27627.2,30356.4,1
20230921,25,17.10,27627.2,30356.4,1
20230921,25,17.15,27627.2,30356.2,1
20230921,25,17.16,27705.1,30337.3,1
20230921,25,17.18,27705.1,30337.3,1
20230921,25,17.40,27705.1,30321.1,1
20230921,25,17.50,27725.1,30313.3,1
20230921,25,17.63,27725.1,30313.2,1
20230921,25,17.65,27762.6,30244.7,1
20230921,25,17.82,27762.6,30244.7,1
20230921,25,17.86,27762.6,30240.3,1
20230921,25,17.87,27762.6,30239.8,1
20230921,25,18.00,27762.6,30117.8,1
20230921,25,18.03,27762.6,30115.6,1
20230921,25,18.19,27762.6,30115.5,1
20230921,25,18.50,27762.6,30115.2,1
20230921,25,18.62,27762.6,30114.5,1
20230921,25,18.63,27762.7,30113.0,1
20230921,25,19.27,27762.7,30113.0,1
20230921,25,19.52,27762.7,30094.1,1
20230921,25,20.00,27762.7,30093.5,1
20230921,25,20.11,27764.7,30031.5,1
20230921,25,20.12,27764.7,30031.5,1
20230921,25,20.19,27764.7,30031.4,1
20230921,25,20.21,27764.7,30028.4,1
20230921,25,20.62,27797.3,28309.4,1
20230921,25,20.64,27797.3,28309.4,1
20230921,25,21.10,27797.3,28232.0,1
20230921,25,21.31,27800.1,28051.0,1
20230921,25,21.32,27802.9,28051.0,1
20230921,25,21.40,27802.9,28051.0,1
20230921,25,21.60,27803.3,28045.5,1
20230921,25,21.69,27803.3,28044.8,1
20230921,25,21.83,27803.3,28044.4,1
20230921,25,22.00,27803.3,28040.0,1
20230921,25,22.12,27803.3,27806.0,1
20230921,25,22.19,27803.3,27805.0,1
20230921,25,22.47,27803.3,27804.0,1
20230921,25,22.64,27803.3,27803.4,1
20230921,25,22.80,28252.4,27785.5,1
20230921,25,22.81,28252.4,27785.5,1
20230921,25,22.86,28252.4,27766.6,1
20230921,25,22.92,28252.4,27761.2,1
20230921,25,23.00,28265.4,27752.2,1
20230921,25,23.03,28265.4,27751.2,1
20230921,25,23.31,28265.4,27751.1,1
20230921,25,23.93,28265.4,27719.9,1
20230921,25,24.00,28265.4,27716.2,1
20230921,25,24.12,28265.4,27714.7,1
20230921,25,24.19,28265.4,27713.7,1
20230921,25,24.31,28275.4,27712.7,1
20230921,25,24.50,28275.4,27712.7,1
20230921,25,25.00,28275.4,27708.2,1
20230921,25,25.62,28275.4,27708.0,1
20230921,25,25.84,28275.4,27703.6,1
20230921,25,26.12,28275.4,27591.4,1
20230921,25,26.19,28275.4,27590.4,1
20230921,25,26.34,28275.4,27589.4,1
20230921,25,27.00,28275.4,27570.4,1
20230921,25,28.12,28275.4,27510.1,1
20230921,25,28.19,28275.4,27509.1,1
20230921,25,28.69,28275.4,27508.1,1
20230921,25,29.67,28275.4,27489.2,1
20230921,25,29.87,28275.4,27470.3,1
20230921,25,30.00,28275.4,27380.5,1
20230921,25,30.01,28275.4,27334.0,1
20230921,25,30.12,28275.4,27296.4,1
20230921,25,30.19,28275.4,27295.4,1
20230921,25,30.56,28275.4,27294.8,1
20230921,25,31.98,28275.4,27293.6,1
20230921,25,32.00,28275.4,27111.5,1
20230921,25,32.12,28275.4,26839.4,1
20230921,25,32.70,28278.9,26838.4,1
20230921,25,33.03,28278.9,26838.4,1
20230921,25,34.12,28278.9,26837.6,1
20230921,25,35.00,28278.9,26836.6,1
20230921,25,36.00,28278.9,26748.0,1
20230921,25,36.12,28278.9,26698.0,1
20230921,25,38.12,28278.9,26697.0,1
20230921,25,39.95,28278.9,26696.0,1
20230921,25,40.00,28278.9,26685.4,1
20230921,25,40.12,28278.9,26617.7,1
20230921,25,42.12,28278.9,26616.7,1
20230921,25,44.50,28278.9,26615.1,1
20230921,25,45.00,28278.9,26615.0,1
20230921,25,45.01,28278.9,26527.8,1
20230921,25,45.52,28278.9,26299.4,1
20230921,25,46.00,28278.9,26289.7,1
20230921,25,48.50,28278.9,26239.7,1
20230921,25,50.00,28278.9,26239.2,1
20230921,25,50.12,28278.9,24363.1,1
20230921,25,50.90,28278.9,24261.4,1
20230921,25,51.00,28278.9,24258.4,1
20230921,25,59.90,28278.9,24256.8,1
20230921,25,60.00,28278.9,24256.3,1
20230921,25,61.00,28278.9,24182.7,1
20230921,25,62.00,28278.9,24173.7,1
20230921,25,67.94,28278.9,24105.5,1
20230921,25,70.90,28278.9,24083.8,1
20230921,25,77.80,28278.9,20474.8,1
20230921,25,79.90,28278.9,20390.0,1
20230921,25,80.00,28278.9,20386.5,1
20230921,25,80.01,28278.9,19697.3,1
20230921,25,80.10,28278.9,19413.8,1
20230921,25,80.21,28288.9,19407.4,1
20230921,25,80.50,28288.9,19407.4,1
20230921,25,81.00,28288.9,19407.3,1
20230921,25,82.01,28288.9,19276.3,1
20230921,25,85.00,28288.9,19197.8,1
20230921,25,90.00,28288.9,19145.5,1
20230921,25,99.90,28288.9,19120.9,1
20230921,25,100.00,28288.9,19120.7,1
20230921,25,100.01,28311.4,15953.7,1
20230921,25,101.00,28311.4,15953.7,1
20230921,25,102.00,28311.4,15842.1,1
20230921,25,105.00,28311.4,15700.6,1
20230921,25,120.10,28311.4,15700.4,1
20230921,25,130.00,28311.4,15625.7,1
20230921,25,138.00,28311.4,15618.1,1
20230921,25,190.00,28311.4,15616.6,1
20230921,25,200.00,28311.4,15614.3,1
20230921,25,200.01,28311.4,13788.0,1
20230921,25,200.10,28311.4,12848.5,1
20230921,25,200.50,28311.4,12719.0,1
20230921,25,201.00,28311.4,12709.1,1
20230921,25,210.00,28311.4,12603.4,1
20230921,25,250.00,28311.4,12121.2,1
20230921,25,300.00,28311.4,11908.6,1
20230921,25,548.66,28311.4,11582.6,1
20230921,25,550.02,28311.4,11140.2,1
20230921,25,999.00,28311.4,10919.7,1
20230921,25,999.99,28311.4,0.0,1
20230921,25,0.00,0.0,6306.9,2
20230921,25,0.00,3641.4,6306.9,2
20230921,25,0.01,5183.2,6306.9,2
20230921,25,0.02,5321.0,6302.1,2
20230921,25,0.03,5321.2,6299.0,2
20230921,25,0.09,5321.2,6298.5,2
20230921,25,0.19,5341.4,6296.1,2
20230921,25,0.20,5341.4,6296.1,2
20230921,25,0.62,5341.4,6266.1,2
20230921,25,1.00,5341.4,6226.1,2
20230921,25,1.12,5341.4,6207.3,2
20230921,25,1.96,5342.5,6187.3,2
20230921,25,2.00,5344.6,6187.3,2
20230921,25,2.01,5344.6,6187.3,2
20230921,25,2.12,5344.6,6177.3,2
20230921,25,2.19,5345.6,6137.3,2
20230921,25,3.00,5345.6,6137.3,2
20230921,25,3.01,5345.6,6097.3,2
20230921,25,3.10,5345.6,6087.3,2
20230921,25,3.12,5345.6,6082.3,2
20230921,25,3.91,5346.8,6022.3,2
20230921,25,4.19,5347.8,6022.3,2
20230921,25,5.00,5416.5,6022.3,2
20230921,25,5.01,5416.5,5985.9,2
20230921,25,5.12,5416.5,5965.9,2
20230921,25,5.50,5416.6,5925.9,2
20230921,25,5.87,5417.7,5925.9,2
20230921,25,6.00,5417.7,5925.9,2
20230921,25,6.01,5417.7,5913.5,2
20230921,25,6.19,5418.7,5908.5,2
20230921,25,7.00,5438.8,5908.5,2
20230921,25,7.71,5438.8,5908.5,2
20230921,25,7.82,5440.0,5893.5,2
20230921,25,8.00,5440.0,5893.5,2
20230921,25,8.19,5441.0,5853.1,2
20230921,25,8.59,5441.0,5853.1,2
20230921,25,9.52,5441.0,5850.3,2
20230921,25,9.71,5441.0,5850.1,2
20230921,25,9.77,5442.1,5835.1,2
20230921,25,9.79,5442.1,5835.1,2
20230921,25,9.80,5442.1,5829.6,2
20230921,25,9.81,5442.1,5779.6,2
20230921,25,9.82,5442.1,5729.6,2
20230921,25,9.93,5442.5,5679.6,2
20230921,25,10.00,5445.5,5679.6,2
20230921,25,10.10,5445.9,5679.6,2
20230921,25,10.19,5446.9,5679.6,2
20230921,25,10.22,5446.9,5679.6,2
20230921,25,10.23,5446.9,5630.6,2
20230921,25,10.26,5447.3,5580.6,2
20230921,25,10.42,5447.7,5580.6,2
20230921,25,10.50,5447.7,5580.6,2
20230921,25,10.58,5448.0,5580.3,2
20230921,25,11.00,5448.0,5580.3,2
20230921,25,11.48,5448.0,5520.3,2
20230921,25,11.71,5448.0,5520.1,2
20230921,25,11.72,5450.0,5497.1,2
20230921,25,12.19,5451.0,5497.1,2
20230921,25,12.46,5451.0,5497.1,2
20230921,25,12.72,5451.4,5496.6,2
20230921,25,12.73,5451.8,5496.6,2
20230921,25,12.74,5466.9,5496.6,2
20230921,25,12.77,5472.3,5496.6,2
20230921,25,13.00,5472.3,5496.6,2
20230921,25,13.01,5472.3,5456.6,2
20230921,25,13.02,5472.3,5454.2,2
20230921,25,13.03,5472.3,5445.5,2
20230921,25,13.04,5479.9,5411.8,2
20230921,25,13.05,5479.9,5378.1,2
20230921,25,13.63,5479.9,5351.4,2
20230921,25,13.98,5509.9,5328.4,2
20230921,25,14.01,5510.9,5328.4,2
20230921,25,14.15,5510.9,5328.4,2
20230921,25,14.19,5511.9,5327.9,2
20230921,25,14.26,5541.9,5327.9,2
20230921,25,14.43,5558.9,5327.9,2
20230921,25,15.71,5588.8,5327.9,2
20230921,25,15.90,5588.8,5327.9,2
20230921,25,16.40,5588.8,5326.8,2
20230921,25,16.98,5588.8,5326.6,2
20230921,25,17.30,5588.8,5326.1,2
20230921,25,17.50,5588.8,5326.0,2
20230921,25,17.88,5588.8,5325.9,2
20230921,25,17.89,5588.8,5278.2,2
20230921,25,17.91,5594.8,5228.2,2
20230921,25,18.00,5594.8,5228.2,2
20230921,25,18.19,5594.8,5227.8,2
20230921,25,18.30,5594.8,5227.6,2
20230921,25,18.58,5594.8,5227.5,2
20230921,25,18.60,5594.8,5209.5,2
20230921,25,18.64,5594.8,5209.4,2
20230921,25,18.77,5594.8,5159.4,2
20230921,25,18.78,5632.8,5147.4,2
20230921,25,19.50,5632.8,5147.4,2
20230921,25,19.81,5632.8,5147.3,2
20230921,25,19.90,5632.8,5146.7,2
20230921,25,20.00,5632.8,5146.6,2
20230921,25,20.01,5632.8,5135.8,2
20230921,25,20.19,5632.8,5133.4,2
20230921,25,20.30,5632.8,5131.8,2
20230921,25,21.40,5632.8,5131.7,2
20230921,25,21.70,5632.8,5130.5,2
20230921,25,22.00,5632.8,5130.0,2
20230921,25,22.19,5632.8,5101.9,2
20230921,25,22.28,5682.8,5101.4,2
20230921,25,22.48,5682.8,5101.4,2
20230921,25,22.64,5682.8,5100.9,2
20230921,25,24.00,5682.8,5091.1,2
20230921,25,27.00,5682.8,5081.4,2
20230921,25,30.00,5682.8,5063.9,2
20230921,25,32.00,5682.8,5053.6,2
20230921,25,33.33,5682.8,5000.9,2
20230921,25,35.00,5682.8,4962.9,2
20230921,25,39.95,5682.8,4959.6,2
20230921,25,39.98,5742.8,4952.6,2
20230921,25,40.00,5742.8,4952.6,2
20230921,25,45.00,5742.8,4951.2,2
20230921,25,50.00,5742.8,4941.1,2
20230921,25,50.01,5743.1,4852.4,2
20230921,25,60.00,5743.1,4852.4,2
20230921,25,61.00,5743.1,4829.9,2
20230921,25,62.00,5743.1,4806.9,2
20230921,25,67.94,5743.1,4789.2,2
20230921,25,77.80,5743.1,4788.1,2
20230921,25,79.90,5743.1,4773.0,2
20230921,25,79.98,5763.1,4771.7,2
20230921,25,80.00,5763.1,4771.7,2
20230921,25,80.01,5763.1,4659.0,2
20230921,25,80.20,5763.1,4647.1,2
20230921,25,82.01,5763.1,4639.1,2
20230921,25,85.00,5763.1,4629.9,2
20230921,25,90.00,5763.1,4626.6,2
20230921,25,100.00,5763.1,4625.6,2
20230921,25,100.01,5763.2,4618.3,2
20230921,25,101.00,5763.2,4618.3,2
20230921,25,102.00,5763.2,4605.5,2
20230921,25,120.10,5763.2,4561.1,2
20230921,25,138.00,5763.2,4557.5,2
20230921,25,200.00,5763.2,4520.9,2
20230921,25,200.01,5763.2,4305.0,2
20230921,25,200.10,5763.2,4009.9,2
20230921,25,201.00,5763.2,4008.8,2
20230921,25,210.00,5763.2,3987.2,2
20230921,25,548.66,5763.2,3976.0,2
20230921,25,999.00,5763.2,3969.2,2
20230921,25,999.99,5763.2,0.0,2
20230921,26,0.00,0.0,9511.0,0
20230921,26,0.00,2340.3,9511.0,0
20230921,26,0.01,7370.3,9511.0,0
20230921,26,0.02,7380.7,9510.3,0
20230921,26,0.03,7380.9,9495.4,0
20230921,26,0.04,7381.7,9493.1,0
20230921,26,0.09,7381.7,9493.1,0
20230921,26,0.10,7381.7,9483.2,0
20230921,26,0.20,7381.7,9463.2,0
20230921,26,0.30,7381.7,9453.2,0
20230921,26,0.62,7381.7,9449.2,0
20230921,26,1.00,7449.9,9429.2,0
20230921,26,1.01,7450.3,9383.2,0
20230921,26,1.12,7450.3,9373.2,0
20230921,26,1.79,7472.4,9363.2,0
20230921,26,2.12,7472.4,9363.2,0
20230921,26,3.00,7472.4,9343.2,0
20230921,26,3.01,7472.4,9283.2,0
20230921,26,3.12,7472.4,9273.2,0
20230921,26,3.79,7473.4,9243.2,0
20230921,26,4.65,7531.0,9243.2,0
20230921,26,5.00,7531.4,9243.2,0
20230921,26,5.01,7545.0,9180.4,0
20230921,26,5.12,7545.0,9160.4,0
20230921,26,5.79,7546.0,9140.4,0
20230921,26,6.00,7546.0,9140.4,0
20230921,26,6.02,7549.7,9113.9,0
20230921,26,6.26,7549.7,9113.9,0
20230921,26,7.00,7549.7,9109.9,0
20230921,26,7.12,7549.7,9109.8,0
20230921,26,7.90,7549.7,9089.8,0
20230921,26,8.00,7576.2,9084.9,0
20230921,26,8.50,7576.2,9084.9,0
20230921,26,8.66,7576.2,9074.9,0
20230921,26,9.00,7576.2,9073.5,0
20230921,26,9.79,7576.2,9073.4,0
20230921,26,9.99,7576.2,9073.3,0
20230921,26,10.00,7577.9,9071.9,0
20230921,26,10.17,7577.9,9061.9,0
20230921,26,10.80,7577.9,9031.9,0
20230921,26,11.00,7577.9,9026.6,0
20230921,26,11.19,7620.9,9025.6,0
20230921,26,11.33,7620.9,9025.6,0
20230921,26,11.53,7620.9,9024.2,0
20230921,26,11.79,7620.9,8859.2,0
20230921,26,11.82,7620.9,8858.5,0
20230921,26,11.95,7620.9,8851.5,0
20230921,26,12.12,7621.7,8849.6,0
20230921,26,12.28,7621.7,8849.6,0
20230921,26,12.66,7621.7,8839.6,0
20230921,26,12.67,7621.7,8734.6,0
20230921,26,13.00,7621.7,8731.8,0
20230921,26,13.02,7623.5,8731.4,0
20230921,26,13.15,7623.5,8731.4,0
20230921,26,13.16,7643.5,8231.4,0
20230921,26,13.28,7643.5,8231.4,0
20230921,26,13.95,7643.5,8215.4,0
20230921,26,14.00,7643.5,8193.8,0
20230921,26,14.12,7644.5,8192.5,0
20230921,26,14.13,7644.5,8192.5,0
20230921,26,14.21,7644.5,7935.5,0
20230921,26,14.28,7644.5,7934.9,0
20230921,26,14.77,7644.5,7924.9,0
20230921,26,14.99,7644.5,7597.9,0
20230921,26,15.00,7644.5,7597.8,0
20230921,26,15.22,7644.5,7563.8,0
20230921,26,15.29,7644.5,7553.1,0
20230921,26,15.41,7644.5,7550.3,0
20230921,26,15.55,7644.5,7524.3,0
20230921,26,15.58,7644.5,7512.4,0
20230921,26,15.91,7644.5,7511.5,0
20230921,26,16.00,7644.5,7511.3,0
20230921,26,16.03,7644.5,7497.3,0
20230921,26,16.04,7645.0,7497.2,0
20230921,26,16.05,7645.1,7497.2,0
20230921,26,16.12,7646.1,7490.4,0
20230921,26,16.99,7646.1,7490.4,0
20230921,26,17.10,7646.1,7490.3,0
20230921,26,17.25,7646.1,7489.5,0
20230921,26,17.27,7646.1,7488.3,0
20230921,26,17.28,7646.1,7486.4,0
20230921,26,17.29,7647.9,7486.3,0
20230921,26,17.45,7647.9,7486.3,0
20230921,26,18.00,7647.9,7486.0,0
20230921,26,19.00,7647.9,7483.3,0
20230921,26,19.23,7647.9,7482.6,0
20230921,26,19.66,7647.9,7481.7,0
20230921,26,19.71,7871.9,7478.8,0
20230921,26,20.00,7871.9,7478.8,0
20230921,26,20.02,7871.9,7476.4,0
20230921,26,20.12,7871.9,7424.4,0
20230921,26,20.28,7881.8,7424.3,0
20230921,26,20.39,7882.8,7424.3,0
20230921,26,21.00,7882.8,7424.3,0
20230921,26,21.37,7882.8,7424.2,0
20230921,26,22.00,7882.8,7423.4,0
20230921,26,22.12,7882.8,7373.7,0
20230921,26,22.16,7882.8,7372.7,0
20230921,26,23.00,7882.8,7368.6,0
20230921,26,23.50,7882.8,7368.4,0
20230921,26,24.03,7882.8,7366.7,0
20230921,26,24.12,7882.8,7363.9,0
20230921,26,24.78,7882.8,7362.9,0
20230921,26,25.00,7882.8,7361.2,0
20230921,26,26.12,7882.8,7353.8,0
20230921,26,26.93,7882.8,7352.8,0
20230921,26,26.94,7882.8,7351.1,0
20230921,26,27.00,7882.8,7348.3,0
20230921,26,28.12,7882.8,7340.5,0
20230921,26,28.16,7882.8,7339.7,0
20230921,26,28.40,7882.8,7336.9,0
20230921,26,28.57,7882.8,7267.5,0
20230921,26,29.07,7882.8,7262.1,0
20230921,26,29.97,7882.8,7260.4,0
20230921,26,30.00,7882.8,7250.0,0
20230921,26,30.50,7882.8,7244.1,0
20230921,26,31.09,7882.8,7242.4,0
20230921,26,32.00,7882.8,7240.9,0
20230921,26,34.00,7882.8,7219.3,0
20230921,26,34.62,7882.8,7166.9,0
20230921,26,35.00,7882.8,7143.7,0
20230921,26,40.00,7882.8,7138.1,0
20230921,26,40.01,7882.8,7106.8,0
20230921,26,45.00,7882.8,7106.7,0
20230921,26,46.21,7882.8,7090.0,0
20230921,26,50.00,7882.8,7073.4,0
20230921,26,50.01,7890.5,7072.5,0
20230921,26,50.12,7890.5,7072.5,0
20230921,26,59.90,7890.5,7069.2,0
20230921,26,60.00,7890.5,7068.7,0
20230921,26,67.94,7890.5,7042.6,0
20230921,26,77.80,7890.5,7033.4,0
20230921,26,79.90,7890.5,6986.0,0
20230921,26,80.00,7890.5,6984.0,0
20230921,26,80.01,7890.5,6900.7,0
20230921,26,80.21,7900.5,6754.1,0
20230921,26,82.01,7900.5,6754.1,0
20230921,26,85.00,7900.5,6735.4,0
20230921,26,90.00,7900.5,6724.9,0
20230921,26,99.90,7900.5,6721.7,0
20230921,26,100.00,7900.5,6721.6,0
20230921,26,100.01,7903.0,6499.5,0
20230921,26,101.00,7903.0,6499.5,0
20230921,26,102.00,7903.0,6479.4,0
20230921,26,120.10,7903.0,6431.9,0
20230921,26,138.00,7903.0,6428.9,0
20230921,26,150.00,7903.0,6412.7,0
20230921,26,200.00,7903.0,6410.0,0
20230921,26,200.01,7903.0,6234.3,0
20230921,26,200.50,7903.0,6029.5,0
20230921,26,210.00,7903.0,6029.3,0
20230921,26,300.00,7903.0,6012.5,0
20230921,26,500.00,7903.0,5825.5,0
20230921,26,548.66,7903.0,5823.5,0
20230921,26,999.00,7903.0,5816.9,0
20230921,26,999.99,7903.0,0.0,0
20230921,26,0.00,0.0,37554.0,1
20230921,26,0.00,17083.5,37554.0,1
20230921,26,0.01,25185.7,37554.0,1
20230921,26,0.02,25208.1,37545.3,1
20230921,26,0.03,25210.4,37533.7,1
20230921,26,0.04,25213.5,37501.8,1
20230921,26,0.09,25213.5,37501.8,1
20230921,26,0.10,25213.5,37434.3,1
20230921,26,0.12,25261.6,37334.2,1
20230921,26,0.20,25261.6,37334.2,1
20230921,26,0.60,25371.0,37284.2,1
20230921,26,0.62,25371.0,37284.2,1
20230921,26,0.90,25372.0,37264.2,1
20230921,26,1.00,25870.9,37264.2,1
20230921,26,1.01,25871.9,37077.3,1
20230921,26,1.12,25871.9,37052.3,1
20230921,26,1.93,25878.0,37042.3,1
20230921,26,2.00,25879.5,37042.3,1
20230921,26,2.01,25879.5,37042.3,1
20230921,26,2.10,25879.5,37012.3,1
20230921,26,2.12,25880.5,37006.3,1
20230921,26,2.15,25993.1,36986.3,1
20230921,26,2.60,25996.1,36986.3,1
20230921,26,3.00,25996.1,36986.3,1
20230921,26,3.01,25996.1,36886.3,1
20230921,26,3.10,25996.1,36866.3,1
20230921,26,3.12,25996.1,36826.3,1
20230921,26,3.85,26002.2,36796.3,1
20230921,26,4.12,26003.2,36796.3,1
20230921,26,4.60,26006.2,36796.3,1
20230921,26,5.00,26096.8,36796.3,1
20230921,26,5.01,26096.8,36678.9,1
20230921,26,5.12,26096.8,36648.9,1
20230921,26,5.77,26103.0,36628.9,1
20230921,26,6.00,26103.0,36628.9,1
20230921,26,6.02,26108.4,36607.1,1
20230921,26,6.12,26109.4,36607.1,1
20230921,26,6.60,26112.4,36607.1,1
20230921,26,7.00,26127.5,36607.1,1
20230921,26,7.01,26127.5,36607.1,1
20230921,26,7.12,26127.5,36331.4,1
20230921,26,7.50,26167.5,36311.4,1
20230921,26,7.58,26167.5,36311.4,1
20230921,26,7.69,26173.6,36296.4,1
20230921,26,7.94,26173.6,36296.4,1
20230921,26,8.00,26173.6,36149.4,1
20230921,26,8.01,26173.6,36129.3,1
20230921,26,8.02,26189.1,36120.6,1
20230921,26,8.12,26190.1,36120.6,1
20230921,26,8.41,26190.1,36120.6,1
20230921,26,8.60,26193.1,36110.6,1
20230921,26,9.23,26193.1,36110.6,1
20230921,26,9.36,26193.1,35963.6,1
20230921,26,9.50,26193.1,35816.6,1
20230921,26,9.58,26193.1,35669.6,1
20230921,26,9.59,26194.7,35656.2,1
20230921,26,9.61,26200.8,35656.2,1
20230921,26,9.66,26200.8,35656.2,1
20230921,26,9.81,26202.9,35532.2,1
20230921,26,10.00,26245.5,35532.2,1
20230921,26,10.01,26247.5,35452.2,1
20230921,26,10.05,26267.5,35452.2,1
20230921,26,10.12,26268.5,35452.2,1
20230921,26,10.16,26271.7,35452.2,1
20230921,26,10.19,26271.7,35452.2,1
20230921,26,10.20,26271.7,35247.3,1
20230921,26,10.21,26273.8,35123.3,1
20230921,26,10.38,26273.8,35123.3,1
20230921,26,10.41,26275.8,34999.3,1
20230921,26,10.46,26275.8,34984.3,1
20230921,26,10.50,26275.8,34897.3,1
20230921,26,10.51,26275.8,34846.8,1
20230921,26,10.58,26275.8,34695.8,1
20230921,26,10.59,26275.8,34460.7,1
20230921,26,10.60,26278.8,34221.7,1
20230921,26,10.61,26280.8,34221.7,1
20230921,26,10.94,26280.8,34219.2,1
20230921,26,11.00,26400.3,34216.7,1
20230921,26,11.28,26400.3,34155.5,1
20230921,26,11.40,26400.3,34153.0,1
20230921,26,11.50,26468.3,34002.0,1
20230921,26,11.59,26498.3,34002.0,1
20230921,26,11.61,26498.3,34002.0,1
20230921,26,11.67,26498.3,33996.9,1
20230921,26,11.75,26498.3,33874.9,1
20230921,26,11.80,26498.3,33674.9,1
20230921,26,11.83,26498.3,33624.9,1
20230921,26,11.85,26498.3,33424.9,1
20230921,26,11.89,26498.3,33404.2,1
20230921,26,11.90,26498.3,33354.2,1
20230921,26,11.94,26498.3,33154.2,1
20230921,26,11.98,26498.3,33144.8,1
20230921,26,12.00,26500.6,32944.8,1
20230921,26,12.06,26500.6,32909.3,1
20230921,26,12.12,26501.6,32709.3,1
20230921,26,12.15,26501.6,32709.3,1
20230921,26,12.25,26501.6,32509.3,1
20230921,26,12.28,26501.6,32309.3,1
20230921,26,12.40,26501.6,32245.3,1
20230921,26,12.41,26501.6,32035.8,1
20230921,26,12.42,26502.8,32012.0,1
20230921,26,12.59,26513.1,32012.0,1
20230921,26,12.60,26526.4,32012.0,1
20230921,26,12.68,26526.4,32012.0,1
20230921,26,12.69,26526.4,31812.0,1
20230921,26,12.85,26576.4,31341.7,1
20230921,26,12.87,26576.4,31341.7,1
20230921,26,13.00,26576.4,31332.3,1
20230921,26,13.02,26579.0,31296.9,1
20230921,26,13.31,26579.0,31296.9,1
20230921,26,13.34,26579.0,31291.8,1
20230921,26,13.35,26579.0,31272.9,1
20230921,26,13.37,26629.0,31272.3,1
20230921,26,13.42,26629.3,31272.3,1
20230921,26,13.43,26629.6,31272.3,1
20230921,26,13.46,26629.6,31272.3,1
20230921,26,13.50,26639.6,31241.2,1
20230921,26,14.00,26639.6,31241.2,1
20230921,26,14.01,26641.2,31225.0,1
20230921,26,14.03,26641.2,31225.0,1
20230921,26,14.10,26641.2,31220.5,1
20230921,26,14.12,26642.2,31219.9,1
20230921,26,14.30,26642.2,31219.9,1
20230921,26,14.50,26642.2,31219.4,1
20230921,26,14.60,26645.2,31217.9,1
20230921,26,14.80,26645.2,31217.9,1
20230921,26,14.92,26645.2,31217.8,1
20230921,26,15.00,26881.2,31189.7,1
20230921,26,15.01,26881.2,31177.3,1
20230921,26,15.10,26881.2,31173.0,1
20230921,26,15.15,26881.2,31172.9,1
20230921,26,15.20,26881.2,31084.9,1
20230921,26,15.51,26881.2,31084.7,1
20230921,26,15.52,26881.2,31077.1,1
20230921,26,15.58,26909.1,30877.1,1
20230921,26,15.73,26909.1,30877.1,1
20230921,26,15.80,26909.1,30869.3,1
20230921,26,15.81,26909.1,30869.0,1
20230921,26,15.90,26913.1,30868.9,1
20230921,26,15.97,26913.1,30820.0,1
20230921,26,16.00,26916.1,30810.0,1
20230921,26,16.10,26919.1,30809.9,1
20230921,26,16.12,26984.1,30809.9,1
20230921,26,16.17,26984.1,30809.9,1
20230921,26,16.20,26987.1,30791.0,1
20230921,26,16.23,26987.1,30791.0,1
20230921,26,16.24,26987.1,30715.4,1
20230921,26,16.27,27051.1,30714.7,1
20230921,26,16.30,27054.1,30714.7,1
20230921,26,16.37,27118.1,30714.7,1
20230921,26,16.41,27148.0,30714.7,1
20230921,26,16.47,27212.0,30714.7,1
20230921,26,16.66,27276.0,30714.7,1
20230921,26,16.70,27276.0,30714.7,1
20230921,26,16.75,27340.0,30714.5,1
20230921,26,16.80,27340.0,30714.5,1
20230921,26,16.82,27340.0,30714.4,1
20230921,26,16.85,27404.0,30713.8,1
20230921,26,16.86,27404.0,30713.8,1
20230921,26,17.00,27404.0,30713.7,1
20230921,26,17.01,27415.3,30695.0,1
20230921,26,17.03,27479.3,30695.0,1
20230921,26,17.10,27479.3,30695.0,1
20230921,26,17.16,27556.7,30694.8,1
20230921,26,17.18,27556.7,30694.8,1
20230921,26,17.24,27557.1,30678.6,1
20230921,26,17.40,27557.1,30678.6,1
20230921,26,17.50,27577.1,30670.8,1
20230921,26,17.63,27577.1,30670.8,1
20230921,26,17.65,27612.8,30600.5,1
20230921,26,17.87,27612.8,30600.5,1
20230921,26,18.00,27612.8,30478.5,1
20230921,26,18.03,27612.8,30476.7,1
20230921,26,18.06,27612.8,30476.1,1
20230921,26,18.60,27612.8,30471.7,1
20230921,26,18.62,27612.8,30471.4,1
20230921,26,18.63,27613.2,30470.2,1
20230921,26,19.14,27613.2,30470.2,1
20230921,26,20.00,27613.2,30469.6,1
20230921,26,20.11,27615.2,30409.7,1
20230921,26,20.12,27615.2,30409.7,1
20230921,26,20.21,27615.2,30409.6,1
20230921,26,20.50,27615.2,28597.6,1
20230921,26,20.60,27615.2,28597.0,1
20230921,26,20.62,27647.8,28594.0,1
20230921,26,20.88,27647.8,28594.0,1
20230921,26,20.98,27650.6,28575.1,1
20230921,26,20.99,27653.4,28575.1,1
20230921,26,21.07,27653.4,28575.1,1
20230921,26,21.10,27653.4,28574.4,1
20230921,26,21.82,27653.4,28392.4,1
20230921,26,21.86,27653.4,28386.3,1
20230921,26,21.87,27653.4,28386.0,1
20230921,26,22.00,27653.4,28385.4,1
20230921,26,22.03,27653.4,28154.5,1
20230921,26,22.09,27653.4,28137.0,1
20230921,26,22.12,27653.4,28132.6,1
20230921,26,22.47,27653.4,28131.6,1
20230921,26,22.60,27653.4,28052.2,1
20230921,26,22.80,28102.5,28051.2,1
20230921,26,22.92,28102.5,28051.2,1
20230921,26,22.98,28102.8,28042.2,1
20230921,26,23.00,28115.8,28042.2,1
20230921,26,23.03,28115.8,28041.5,1
20230921,26,23.67,28115.8,28036.3,1
20230921,26,23.97,28125.8,28005.3,1
20230921,26,24.00,28125.8,28005.3,1
20230921,26,24.12,28125.8,28000.1,1
20230921,26,24.15,28125.8,27999.1,1
20230921,26,24.60,28125.8,27998.1,1
20230921,26,24.77,28125.8,27997.1,1
20230921,26,25.00,28125.8,27992.6,1
20230921,26,25.60,28125.8,27992.0,1
20230921,26,25.89,28125.8,27973.0,1
20230921,26,26.12,28125.8,27968.6,1
20230921,26,26.60,28125.8,27857.7,1
20230921,26,27.00,28125.8,27856.7,1
20230921,26,28.12,28125.8,27796.5,1
20230921,26,28.60,28125.8,27795.5,1
20230921,26,28.74,28125.8,27794.5,1
20230921,26,30.00,28125.8,27775.6,1
20230921,26,30.01,28125.8,27730.7,1
20230921,26,30.05,28125.8,27692.3,1
20230921,26,30.12,28125.8,27673.4,1
20230921,26,30.31,28125.8,27672.4,1
20230921,26,30.56,28125.8,27589.7,1
20230921,26,30.60,28125.8,27588.5,1
20230921,26,32.00,28125.8,27587.9,1
20230921,26,32.07,28125.8,27316.9,1
20230921,26,32.12,28125.8,27130.4,1
20230921,26,32.70,28129.3,27129.4,1
20230921,26,33.03,28129.3,27129.4,1
20230921,26,34.12,28129.3,27128.6,1
20230921,26,35.00,28129.3,27127.6,1
20230921,26,36.00,28129.3,27037.7,1
20230921,26,36.12,28129.3,26987.7,1
20230921,26,38.12,28129.3,26986.7,1
20230921,26,40.00,28129.3,26985.7,1
20230921,26,40.04,28129.3,26916.6,1
20230921,26,40.12,28129.3,26906.0,1
20230921,26,42.12,28129.3,26905.0,1
20230921,26,45.00,28129.3,26903.5,1
20230921,26,45.01,28129.3,26818.7,1
20230921,26,46.00,28129.3,26570.8,1
20230921,26,46.21,28129.3,26520.8,1
20230921,26,48.50,28129.3,26511.7,1
20230921,26,50.00,28129.3,26511.6,1
20230921,26,50.12,28129.3,24461.5,1
20230921,26,50.90,28129.3,24359.0,1
20230921,26,51.00,28129.3,24355.9,1
20230921,26,52.50,28129.3,24354.2,1
20230921,26,59.90,28129.3,24353.7,1
20230921,26,60.00,28129.3,24353.2,1
20230921,26,61.00,28129.3,24280.4,1
20230921,26,62.00,28129.3,24271.4,1
20230921,26,67.94,28129.3,24203.1,1
20230921,26,70.90,28129.3,24181.5,1
20230921,26,77.80,28129.3,20478.5,1
20230921,26,79.90,28129.3,20390.8,1
20230921,26,80.00,28129.3,20387.2,1
20230921,26,80.01,28129.3,19699.2,1
20230921,26,80.10,28129.3,19414.3,1
20230921,26,80.21,28139.3,19407.9,1
20230921,26,80.50,28139.3,19407.9,1
20230921,26,81.00,28139.3,19407.8,1
20230921,26,82.01,28139.3,19288.6,1
20230921,26,85.00,28139.3,19210.8,1
20230921,26,90.00,28139.3,19159.7,1
20230921,26,99.90,28139.3,19135.1,1
20230921,26,100.00,28139.3,19134.9,1
20230921,26,100.01,28160.0,15929.2,1
20230921,26,101.00,28160.0,15929.2,1
20230921,26,102.00,28160.0,15817.6,1
20230921,26,105.00,28160.0,15673.2,1
20230921,26,120.10,28160.0,15673.0,1
20230921,26,130.00,28160.0,15599.8,1
20230921,26,138.00,28160.0,15592.1,1
20230921,26,190.00,28160.0,15590.7,1
20230921,26,200.00,28160.0,15588.4,1
20230921,26,200.01,28160.0,13757.6,1
20230921,26,200.10,28160.0,12820.2,1
20230921,26,200.50,28160.0,12690.7,1
20230921,26,201.00,28160.0,12680.8,1
20230921,26,210.00,28160.0,12575.1,1
20230921,26,250.00,28160.0,12091.9,1
20230921,26,300.00,28160.0,11879.9,1
20230921,26,548.66,28160.0,11553.6,1
20230921,26,550.02,28160.0,11120.2,1
20230921,26,999.00,28160.0,10900.9,1
20230921,26,999.99,28160.0,0.0,1
20230921,26,0.00,0.0,6256.8,2
20230921,26,0.00,3628.2,6256.8,2
20230921,26,0.01,5166.9,6256.8,2
20230921,26,0.02,5304.4,6252.0,2
20230921,26,0.03,5304.6,6248.9,2
20230921,26,0.09,5304.6,6248.4,2
20230921,26,0.20,5304.6,6245.9,2
20230921,26,0.60,5324.6,6215.9,2
20230921,26,0.62,5324.6,6215.9,2
20230921,26,1.00,5324.6,6175.9,2
20230921,26,1.12,5324.6,6157.1,2
20230921,26,1.93,5325.7,6137.1,2
20230921,26,2.00,5327.8,6137.1,2
20230921,26,2.01,5327.8,6137.1,2
20230921,26,2.12,5327.8,6127.1,2
20230921,26,2.60,5328.8,6087.1,2
20230921,26,3.00,5328.8,6087.1,2
20230921,26,3.01,5328.8,6047.1,2
20230921,26,3.10,5328.8,6037.1,2
20230921,26,3.12,5328.8,6032.1,2
20230921,26,3.85,5330.0,5972.1,2
20230921,26,4.60,5331.0,5972.1,2
20230921,26,5.00,5399.4,5972.1,2
20230921,26,5.01,5399.4,5937.5,2
20230921,26,5.12,5399.4,5917.5,2
20230921,26,5.50,5399.5,5877.5,2
20230921,26,5.77,5400.6,5877.5,2
20230921,26,6.00,5400.6,5877.5,2
20230921,26,6.01,5400.6,5865.1,2
20230921,26,6.60,5401.6,5860.2,2
20230921,26,6.80,5401.6,5860.2,2
20230921,26,6.94,5405.7,5845.2,2
20230921,26,7.00,5425.8,5845.2,2
20230921,26,7.69,5427.0,5845.2,2
20230921,26,8.00,5427.0,5845.2,2
20230921,26,8.59,5427.0,5804.8,2
20230921,26,8.60,5428.0,5801.9,2
20230921,26,8.80,5428.0,5801.9,2
20230921,26,9.58,5428.0,5786.9,2
20230921,26,9.61,5429.1,5786.7,2
20230921,26,9.79,5429.1,5786.7,2
20230921,26,9.80,5429.1,5781.6,2
20230921,26,9.81,5429.5,5731.6,2
20230921,26,9.82,5429.5,5681.6,2
20230921,26,9.97,5437.1,5631.6,2
20230921,26,10.00,5440.1,5631.6,2
20230921,26,10.01,5440.5,5631.6,2
20230921,26,10.21,5440.9,5631.6,2
20230921,26,10.22,5440.9,5631.6,2
20230921,26,10.23,5440.9,5582.6,2
20230921,26,10.41,5441.3,5532.6,2
20230921,26,10.48,5441.3,5532.6,2
20230921,26,10.60,5442.3,5532.3,2
20230921,26,10.61,5442.6,5532.3,2
20230921,26,10.80,5442.6,5532.3,2
20230921,26,10.81,5444.6,5509.3,2
20230921,26,11.00,5444.6,5509.3,2
20230921,26,11.38,5444.6,5449.3,2
20230921,26,11.81,5445.1,5449.1,2
20230921,26,11.82,5445.6,5449.1,2
20230921,26,12.28,5445.6,5449.1,2
20230921,26,12.60,5446.6,5448.6,2
20230921,26,13.00,5446.6,5448.6,2
20230921,26,13.01,5446.6,5408.6,2
20230921,26,13.02,5446.6,5406.3,2
20230921,26,13.03,5446.6,5397.6,2
20230921,26,13.04,5446.6,5363.9,2
20230921,26,13.05,5446.6,5330.2,2
20230921,26,13.29,5461.7,5301.5,2
20230921,26,13.38,5467.1,5301.5,2
20230921,26,13.63,5467.1,5301.5,2
20230921,26,13.90,5467.1,5278.5,2
20230921,26,13.92,5497.1,5278.0,2
20230921,26,14.01,5498.1,5278.0,2
20230921,26,14.22,5528.1,5278.0,2
20230921,26,14.43,5550.1,5278.0,2
20230921,26,14.60,5552.0,5278.0,2
20230921,26,14.80,5581.9,5278.0,2
20230921,26,15.90,5581.9,5278.0,2
20230921,26,16.40,5581.9,5276.9,2
20230921,26,16.52,5581.9,5276.8,2
20230921,26,16.61,5581.9,5276.7,2
20230921,26,17.30,5581.9,5276.2,2
20230921,26,17.50,5581.9,5276.1,2
20230921,26,17.88,5581.9,5276.0,2
20230921,26,17.89,5581.9,5228.3,2
20230921,26,17.91,5587.9,5178.3,2
20230921,26,18.30,5587.9,5178.3,2
20230921,26,18.58,5587.9,5178.2,2
20230921,26,18.60,5587.9,5159.8,2
20230921,26,18.64,5587.9,5159.5,2
20230921,26,18.77,5587.9,5109.5,2
20230921,26,18.78,5609.9,5081.5,2
20230921,26,19.32,5609.9,5081.5,2
20230921,26,19.50,5609.9,5080.9,2
20230921,26,19.90,5609.9,5080.8,2
20230921,26,20.00,5609.9,5080.7,2
20230921,26,20.01,5609.9,5069.9,2
20230921,26,20.30,5609.9,5067.5,2
20230921,26,20.50,5609.9,5067.4,2
20230921,26,20.60,5609.9,5066.9,2
20230921,26,21.13,5609.9,5065.3,2
20230921,26,21.52,5609.9,5064.8,2
20230921,26,21.88,5609.9,5063.3,2
20230921,26,22.00,5609.9,5062.8,2
20230921,26,22.03,5609.9,5034.0,2
20230921,26,22.28,5659.9,5024.2,2
20230921,26,22.60,5659.9,5024.2,2
20230921,26,24.00,5659.9,5023.7,2
20230921,26,27.00,5659.9,5014.0,2
20230921,26,30.00,5659.9,5012.2,2
20230921,26,32.00,5659.9,5001.9,2
20230921,26,33.33,5659.9,4949.0,2
20230921,26,35.00,5659.9,4927.0,2
20230921,26,39.98,5719.9,4923.4,2
20230921,26,40.00,5719.9,4923.4,2
20230921,26,40.04,5719.9,4922.0,2
20230921,26,45.00,5719.9,4914.8,2
20230921,26,50.00,5719.9,4904.8,2
20230921,26,50.01,5720.2,4816.9,2
20230921,26,60.00,5720.2,4816.9,2
20230921,26,61.00,5720.2,4794.6,2
20230921,26,62.00,5720.2,4772.3,2
20230921,26,67.94,5720.2,4754.7,2
20230921,26,77.80,5720.2,4753.5,2
20230921,26,79.90,5720.2,4737.8,2
20230921,26,79.98,5740.2,4736.6,2
20230921,26,80.00,5740.2,4736.6,2
20230921,26,80.01,5740.2,4622.7,2
20230921,26,80.20,5740.2,4610.9,2
20230921,26,82.01,5740.2,4602.9,2
20230921,26,85.00,5740.2,4593.6,2
20230921,26,90.00,5740.2,4590.4,2
20230921,26,100.00,5740.2,4589.4,2
20230921,26,100.01,5740.3,4582.3,2
20230921,26,101.00,5740.3,4582.3,2
20230921,26,102.00,5740.3,4569.5,2
20230921,26,120.10,5740.3,4524.5,2
20230921,26,138.00,5740.3,4521.0,2
20230921,26,200.00,5740.3,4484.4,2
20230921,26,200.01,5740.3,4269.6,2
20230921,26,200.10,5740.3,3974.3,2
20230921,26,201.00,5740.3,3973.2,2
20230921,26,210.00,5740.3,3951.6,2
20230921,26,548.66,5740.3,3940.9,2
20230921,26,999.00,5740.3,3934.1,2
20230921,26,999.99,5740.3,0.0,2
20230921,27,0.00,0.0,9790.4,0
20230921,27,0.00,2241.7,9790.4,0
20230921,27,0.01,7356.5,9790.4,0
20230921,27,0.02,7367.1,9789.8,0
20230921,27,0.03,7367.3,9774.9,0
20230921,27,0.04,7368.0,9772.5,0
20230921,27,0.09,7368.0,9772.5,0
20230921,27,0.10,7368.0,9763.4,0
20230921,27,0.20,7368.0,9743.4,0
20230921,27,0.30,7368.0,9733.4,0
20230921,27,0.62,7368.0,9729.4,0
20230921,27,1.00,7434.8,9709.4,0
20230921,27,1.01,7435.2,9662.0,0
20230921,27,1.12,7435.2,9652.0,0
20230921,27,1.33,7456.0,9642.0,0
20230921,27,2.12,7456.0,9642.0,0
20230921,27,3.00,7456.0,9622.0,0
20230921,27,3.01,7456.0,9562.0,0
20230921,27,3.12,7456.0,9552.0,0
20230921,27,3.58,7457.0,9522.0,0
20230921,27,4.65,7511.0,9522.0,0
20230921,27,5.00,7511.4,9522.0,0
20230921,27,5.01,7523.6,9455.6,0
20230921,27,5.12,7523.6,9435.6,0
20230921,27,5.83,7524.6,9415.6,0
20230921,27,6.00,7524.6,9415.6,0
20230921,27,6.02,7528.5,9387.2,0
20230921,27,6.26,7528.5,9387.2,0
20230921,27,7.00,7528.5,9383.2,0
20230921,27,7.12,7528.5,9383.1,0
20230921,27,7.70,7529.3,9363.1,0
20230921,27,7.90,7529.3,9363.1,0
20230921,27,8.00,7556.0,9358.4,0
20230921,27,8.08,7557.0,9358.4,0
20230921,27,8.46,7557.0,9358.4,0
20230921,27,8.50,7557.0,9348.4,0
20230921,27,10.00,7558.1,9338.4,0
20230921,27,10.17,7558.1,9328.4,0
20230921,27,10.46,7558.1,9298.4,0
20230921,27,11.00,7558.1,9288.4,0
20230921,27,11.20,7558.1,9287.3,0
20230921,27,11.30,7558.1,9285.3,0
20230921,27,11.31,7558.5,9285.2,0
20230921,27,11.47,7558.5,9285.2,0
20230921,27,11.53,7558.5,9279.9,0
20230921,27,11.82,7558.5,9114.9,0
20230921,27,11.95,7558.5,9107.9,0
20230921,27,12.25,7558.5,9105.7,0
20230921,27,12.46,7558.5,9104.3,0
20230921,27,12.58,7558.5,9074.3,0
20230921,27,12.66,7558.5,9074.2,0
20230921,27,13.00,7558.5,8969.2,0
20230921,27,13.01,7558.5,8968.8,0
20230921,27,13.45,7558.5,8967.4,0
20230921,27,13.46,7558.5,8965.6,0
20230921,27,13.47,7559.4,8964.7,0
20230921,27,13.48,7559.4,8964.7,0
20230921,27,13.63,7559.4,8728.7,0
20230921,27,13.76,7559.4,8516.7,0
20230921,27,13.95,7559.4,8515.3,0
20230921,27,14.00,7559.4,8491.5,0
20230921,27,14.01,7559.4,8490.2,0
20230921,27,14.51,7559.4,8338.2,0
20230921,27,14.83,7559.4,8335.4,0
20230921,27,14.99,7559.4,8334.7,0
20230921,27,15.00,7559.4,8334.6,0
20230921,27,15.02,7561.3,8332.3,0
20230921,27,15.22,7561.3,8332.3,0
20230921,27,15.30,7561.3,8315.7,0
20230921,27,15.33,7561.3,8083.7,0
20230921,27,15.41,7561.3,7922.7,0
20230921,27,15.58,7561.3,7896.7,0
20230921,27,15.91,7561.3,7895.8,0
20230921,27,16.00,7561.3,7895.6,0
20230921,27,16.05,7561.3,7880.5,0
20230921,27,16.08,7561.3,7872.4,0
20230921,27,16.25,7562.3,7860.4,0
20230921,27,16.46,7572.2,7860.4,0
20230921,27,16.63,7572.2,7860.4,0
20230921,27,16.99,7572.2,7653.4,0
20230921,27,17.25,7572.2,7653.3,0
20230921,27,17.29,7572.2,7652.0,0
20230921,27,17.45,7572.2,7649.2,0
20230921,27,18.00,7572.2,7648.9,0
20230921,27,18.17,7572.2,7647.5,0
20230921,27,19.00,7572.2,7647.4,0
20230921,27,19.47,7572.2,7646.6,0
20230921,27,19.71,7796.2,7646.1,0
20230921,27,20.00,7796.2,7646.1,0
20230921,27,20.02,7796.2,7643.5,0
20230921,27,20.39,7798.2,7591.5,0
20230921,27,20.75,7798.2,7591.5,0
20230921,27,21.00,7798.2,7591.4,0
20230921,27,21.24,7798.2,7591.3,0
20230921,27,21.92,7798.2,7590.4,0
20230921,27,22.00,7798.2,7587.5,0
20230921,27,23.00,7798.2,7529.3,0
20230921,27,23.46,7798.2,7528.3,0
20230921,27,23.50,7798.2,7522.5,0
20230921,27,24.00,7798.2,7522.0,0
20230921,27,24.48,7798.2,7521.8,0
20230921,27,25.00,7798.2,7521.0,0
20230921,27,25.25,7798.2,7512.6,0
20230921,27,26.55,7798.2,7511.6,0
20230921,27,27.00,7798.2,7508.8,0
20230921,27,27.50,7798.2,7500.7,0
20230921,27,27.71,7798.2,7499.7,0
20230921,27,28.54,7798.2,7498.0,0
20230921,27,29.23,7798.2,7491.9,0
20230921,27,29.64,7798.2,7490.2,0
20230921,27,29.75,7798.2,7487.4,0
20230921,27,29.97,7798.2,7486.6,0
20230921,27,30.00,7798.2,7475.5,0
20230921,27,30.92,7798.2,7469.2,0
20230921,27,31.18,7798.2,7466.4,0
20230921,27,31.77,7798.2,7389.1,0
20230921,27,32.00,7798.2,7387.4,0
20230921,27,34.00,7798.2,7363.0,0
20230921,27,34.30,7798.2,7306.1,0
20230921,27,35.00,7798.2,7304.4,0
20230921,27,35.22,7798.2,7298.7,0
20230921,27,35.99,7798.2,7275.6,0
20230921,27,36.70,7798.2,7273.9,0
20230921,27,36.84,7798.2,7272.2,0
20230921,27,40.00,7798.2,7267.2,0
20230921,27,40.01,7798.2,7232.4,0
20230921,27,44.72,7798.2,7232.3,0
20230921,27,45.00,7798.2,7232.0,0
20230921,27,47.08,7798.2,7217.2,0
20230921,27,50.00,7798.2,7199.6,0
20230921,27,50.01,7806.0,7198.6,0
20230921,27,50.12,7806.0,7198.6,0
20230921,27,60.00,7806.0,7194.9,0
20230921,27,67.94,7806.0,7168.2,0
20230921,27,77.80,7806.0,7158.6,0
20230921,27,79.90,7806.0,7147.6,0
20230921,27,80.00,7806.0,7145.7,0
20230921,27,80.01,7806.0,7069.0,0
20230921,27,80.21,7816.0,6926.5,0
20230921,27,82.00,7816.0,6926.5,0
20230921,27,82.01,7816.0,6912.5,0
20230921,27,85.00,7816.0,6893.4,0
20230921,27,90.00,7816.0,6882.5,0
20230921,27,99.90,7816.0,6878.9,0
20230921,27,100.00,7816.0,6878.8,0
20230921,27,100.01,7818.5,6839.6,0
20230921,27,101.00,7818.5,6839.6,0
20230921,27,102.00,7818.5,6819.5,0
20230921,27,118.11,7818.5,6763.5,0
20230921,27,138.00,7818.5,6551.4,0
20230921,27,150.00,7818.5,6533.5,0
20230921,27,200.00,7818.5,6530.9,0
20230921,27,200.01,7818.5,6371.6,0
20230921,27,200.50,7818.5,6166.6,0
20230921,27,210.00,7818.5,6166.4,0
20230921,27,300.00,7818.5,6149.5,0
20230921,27,500.00,7818.5,5962.5,0
20230921,27,548.66,7818.5,5960.5,0
20230921,27,999.00,7818.5,5953.9,0
20230921,27,999.99,7818.5,0.0,0
20230921,27,0.00,0.0,38940.7,1
20230921,27,0.00,16977.6,38940.7,1
20230921,27,0.01,25190.2,38940.7,1
20230921,27,0.02,25212.9,38931.5,1
20230921,27,0.03,25215.1,38918.7,1
20230921,27,0.04,25218.1,38886.2,1
20230921,27,0.09,25218.1,38886.2,1
20230921,27,0.10,25218.1,38822.8,1
20230921,27,0.20,25218.1,38722.7,1
20230921,27,0.50,25268.0,38672.7,1
20230921,27,0.62,25268.0,38672.7,1
20230921,27,0.90,25269.0,38652.7,1
20230921,27,1.00,25746.9,38652.7,1
20230921,27,1.01,25748.0,38292.4,1
20230921,27,1.07,25754.1,38267.4,1
20230921,27,1.12,25754.1,38267.4,1
20230921,27,1.64,25864.4,38257.4,1
20230921,27,2.00,25865.9,38257.4,1
20230921,27,2.01,25865.9,38257.4,1
20230921,27,2.10,25865.9,38227.4,1
20230921,27,2.12,25865.9,38221.4,1
20230921,27,2.13,25872.0,38201.4,1
20230921,27,2.15,25983.8,38201.4,1
20230921,27,2.75,25984.8,38201.4,1
20230921,27,3.00,25984.8,38201.4,1
20230921,27,3.01,25984.8,38101.4,1
20230921,27,3.10,25984.8,38081.4,1
20230921,27,3.12,25984.8,38041.4,1
20230921,27,3.20,25991.0,38011.4,1
20230921,27,3.89,25994.0,38011.4,1
20230921,27,4.26,26000.1,38011.4,1
20230921,27,5.00,26079.0,38011.4,1
20230921,27,5.01,26079.0,37903.8,1
20230921,27,5.12,26079.0,37873.8,1
20230921,27,5.32,26085.1,37853.8,1
20230921,27,5.85,26087.2,37853.8,1
20230921,27,6.00,26087.2,37853.8,1
20230921,27,6.02,26092.9,37829.8,1
20230921,27,6.14,26095.9,37829.8,1
20230921,27,6.38,26097.9,37829.8,1
20230921,27,6.91,26100.0,37829.8,1
20230921,27,7.00,26116.1,37829.8,1
20230921,27,7.01,26116.1,37829.8,1
20230921,27,7.12,26116.1,37552.1,1
20230921,27,7.25,26117.1,37532.1,1
20230921,27,7.44,26119.1,37532.1,1
20230921,27,7.50,26159.1,37532.1,1
20230921,27,7.67,26159.1,37532.1,1
20230921,27,7.94,26159.1,37517.1,1
20230921,27,7.98,26161.1,37370.1,1
20230921,27,8.00,26161.1,37369.8,1
20230921,27,8.01,26161.1,37349.7,1
20230921,27,8.02,26177.3,37340.4,1
20230921,27,8.27,26177.3,37340.4,1
20230921,27,8.39,26180.3,37330.4,1
20230921,27,8.86,26180.3,37330.4,1
20230921,27,9.23,26180.3,37330.1,1
20230921,27,9.36,26180.3,37183.1,1
20230921,27,9.50,26181.3,37036.1,1
20230921,27,9.66,26181.3,36889.1,1
20230921,27,9.67,26181.3,36765.1,1
20230921,27,9.75,26181.3,36750.1,1
20230921,27,10.00,26228.6,36749.8,1
20230921,27,10.05,26248.6,36669.8,1
20230921,27,10.19,26248.6,36669.8,1
20230921,27,10.20,26248.6,36463.4,1
20230921,27,10.27,26248.6,36339.4,1
20230921,27,10.31,26248.6,36324.4,1
20230921,27,10.38,26248.6,36314.4,1
20230921,27,10.46,26248.6,36190.4,1
20230921,27,10.51,26248.6,36103.4,1
20230921,27,10.58,26248.6,35952.4,1
20230921,27,10.59,26406.3,35717.9,1
20230921,27,10.63,26406.3,35638.8,1
20230921,27,10.64,26409.3,35638.1,1
20230921,27,11.00,26409.3,35638.1,1
20230921,27,11.40,26409.3,35637.6,1
20230921,27,11.67,26409.3,35486.6,1
20230921,27,11.68,26437.9,35363.2,1
20230921,27,11.75,26438.9,35363.2,1
20230921,27,11.83,26438.9,35163.2,1
20230921,27,11.84,26438.9,34963.2,1
20230921,27,11.89,26438.9,34913.2,1
20230921,27,11.92,26438.9,34713.2,1
20230921,27,11.97,26438.9,34663.2,1
20230921,27,12.00,26441.1,34463.2,1
20230921,27,12.05,26441.1,34427.2,1
20230921,27,12.13,26441.1,34227.2,1
20230921,27,12.25,26441.1,34027.2,1
20230921,27,12.27,26441.1,33827.2,1
20230921,27,12.28,26442.3,33803.4,1
20230921,27,12.31,26442.3,33803.4,1
20230921,27,12.32,26445.3,33793.4,1
20230921,27,12.38,26445.3,33793.4,1
20230921,27,12.44,26445.3,33593.4,1
20230921,27,12.49,26445.3,33591.2,1
20230921,27,12.50,26445.3,33569.8,1
20230921,27,12.68,26454.9,33569.3,1
20230921,27,12.69,26464.5,33569.3,1
20230921,27,12.73,26464.5,33569.3,1
20230921,27,12.75,26464.5,33369.3,1
20230921,27,12.89,26467.5,32876.6,1
20230921,27,13.00,26467.5,32876.6,1
20230921,27,13.04,26467.5,32811.5,1
20230921,27,13.16,26467.5,32809.3,1
20230921,27,13.28,26467.7,32799.9,1
20230921,27,13.29,26467.9,32799.9,1
20230921,27,13.36,26467.9,32799.9,1
20230921,27,13.50,26477.9,32799.3,1
20230921,27,13.64,26477.9,32799.3,1
20230921,27,13.66,26477.9,32797.1,1
20230921,27,13.79,26527.9,32787.6,1
20230921,27,14.00,26528.9,32787.6,1
20230921,27,14.01,26530.7,32774.2,1
20230921,27,14.10,26530.7,32774.2,1
20230921,27,14.17,26530.7,32773.6,1
20230921,27,14.25,26530.7,32764.2,1
20230921,27,14.30,26530.7,32759.8,1
20230921,27,14.31,26530.7,32759.3,1
20230921,27,14.32,26541.8,32750.4,1
20230921,27,14.50,26609.8,32750.4,1
20230921,27,14.67,26609.8,32748.9,1
20230921,27,14.80,26609.8,32730.0,1
20230921,27,14.93,26609.8,32729.9,1
20230921,27,15.00,26845.8,32698.7,1
20230921,27,15.01,26845.8,32684.9,1
20230921,27,15.02,26848.6,32680.3,1
20230921,27,15.10,26848.6,32680.3,1
20230921,27,15.14,26851.6,32680.2,1
20230921,27,15.15,26851.6,32680.2,1
20230921,27,15.20,26851.6,32592.2,1
20230921,27,15.31,26854.3,32592.0,1
20230921,27,15.32,26857.0,32592.0,1
20230921,27,15.51,26857.0,32592.0,1
20230921,27,15.55,26857.0,32579.1,1
20230921,27,15.67,26884.9,32379.1,1
20230921,27,15.73,26884.9,32379.1,1
20230921,27,15.80,26884.9,32371.3,1
20230921,27,15.81,26884.9,32371.0,1
20230921,27,15.90,26895.9,32370.9,1
20230921,27,16.00,26896.9,32293.9,1
20230921,27,16.10,26897.9,32271.7,1
20230921,27,16.12,26961.9,32271.7,1
20230921,27,16.20,26962.9,32271.7,1
20230921,27,16.25,27013.9,32271.7,1
20230921,27,16.27,27107.8,32271.7,1
20230921,27,16.30,27108.8,32271.7,1
20230921,27,16.37,27172.8,32271.7,1
20230921,27,16.40,27172.8,32271.7,1
20230921,27,16.47,27236.8,32271.6,1
20230921,27,16.60,27236.8,32271.6,1
20230921,27,16.66,27300.8,32271.5,1
20230921,27,16.70,27300.8,32271.5,1
20230921,27,16.75,27364.8,32271.4,1
20230921,27,16.80,27364.8,32271.4,1
20230921,27,16.83,27364.8,32271.3,1
20230921,27,16.85,27428.8,32195.2,1
20230921,27,16.87,27428.8,32195.2,1
20230921,27,17.03,27492.8,32190.7,1
20230921,27,17.10,27492.8,32190.7,1
20230921,27,17.16,27563.8,32190.6,1
20230921,27,17.18,27563.8,32190.6,1
20230921,27,17.24,27564.1,32174.4,1
20230921,27,17.50,27584.1,32174.4,1
20230921,27,17.59,27584.1,32174.4,1
20230921,27,17.63,27584.1,32106.4,1
20230921,27,17.65,27589.3,32005.6,1
20230921,27,17.87,27589.3,32005.6,1
20230921,27,17.88,27589.3,31883.6,1
20230921,27,17.91,27589.3,31864.7,1
20230921,27,18.00,27589.3,31864.0,1
20230921,27,18.03,27589.3,31859.8,1
20230921,27,18.31,27599.3,31859.7,1
20230921,27,18.47,27599.3,31859.7,1
20230921,27,18.50,27599.3,31169.7,1
20230921,27,18.54,27599.3,31169.2,1
20230921,27,18.62,27599.3,31168.6,1
20230921,27,19.00,27599.3,31167.0,1
20230921,27,19.64,27599.3,31166.0,1
20230921,27,19.66,27599.3,31165.7,1
20230921,27,19.80,27599.3,31164.9,1
20230921,27,20.00,27599.3,31157.0,1
20230921,27,20.11,27600.8,31096.0,1
20230921,27,20.21,27600.8,31096.0,1
20230921,27,20.62,27634.0,29335.0,1
20230921,27,20.75,27634.0,29335.0,1
20230921,27,21.00,27634.0,29334.9,1
20230921,27,21.10,27634.0,29334.8,1
20230921,27,21.23,27634.0,29147.8,1
20230921,27,21.57,27634.0,29143.4,1
20230921,27,21.89,27634.0,29063.6,1
20230921,27,22.00,27634.0,29060.6,1
20230921,27,22.46,27634.0,28794.3,1
20230921,27,22.50,27634.0,28793.7,1
20230921,27,22.80,28083.1,28793.0,1
20230921,27,22.92,28083.1,28793.0,1
20230921,27,22.98,28083.4,28784.0,1
20230921,27,23.00,28096.4,28784.0,1
20230921,27,23.03,28096.4,28783.0,1
20230921,27,23.22,28096.4,28782.9,1
20230921,27,23.50,28096.4,28764.0,1
20230921,27,23.54,28096.4,28763.5,1
20230921,27,24.00,28096.4,28758.1,1
20230921,27,24.14,28096.4,28727.0,1
20230921,27,24.15,28096.4,28726.0,1
20230921,27,24.63,28096.4,28725.0,1
20230921,27,24.66,28096.4,28721.1,1
20230921,27,25.00,28096.4,28713.9,1
20230921,27,25.25,28096.4,28711.6,1
20230921,27,25.50,28096.4,28710.6,1
20230921,27,25.60,28096.4,28709.9,1
20230921,27,26.39,28096.4,28705.5,1
20230921,27,26.76,28096.4,28704.5,1
20230921,27,27.00,28096.4,28703.9,1
20230921,27,27.02,28096.4,28641.7,1
20230921,27,27.50,28096.4,28623.4,1
20230921,27,28.51,28096.4,28622.4,1
20230921,27,28.57,28096.4,28617.9,1
20230921,27,28.64,28096.4,28598.9,1
20230921,27,29.72,28096.4,28597.9,1
20230921,27,29.75,28096.4,28593.5,1
20230921,27,29.96,28096.4,28592.5,1
20230921,27,30.00,28096.4,28473.5,1
20230921,27,30.01,28096.4,28426.7,1
20230921,27,30.56,28096.4,28388.6,1
20230921,27,30.89,28096.4,28387.3,1
20230921,27,32.00,28096.4,28386.3,1
20230921,27,32.13,28096.4,28089.8,1
20230921,27,32.70,28099.9,28070.9,1
20230921,27,32.77,28099.9,28070.9,1
20230921,27,33.03,28099.9,27882.2,1
20230921,27,33.14,28099.9,27881.3,1
20230921,27,33.62,28099.9,27880.7,1
20230921,27,33.92,28099.9,27861.8,1
20230921,27,34.25,28099.9,27772.2,1
20230921,27,35.00,28099.9,27771.2,1
20230921,27,36.00,28099.9,27674.1,1
20230921,27,36.50,28099.9,27624.1,1
20230921,27,38.75,28099.9,27623.1,1
20230921,27,40.00,28099.9,27622.1,1
20230921,27,41.00,28099.9,27547.9,1
20230921,27,43.00,28099.9,27546.9,1
20230921,27,43.25,28099.9,27536.0,1
20230921,27,45.00,28099.9,27535.0,1
20230921,27,45.01,28099.9,27455.4,1
20230921,27,45.50,28099.9,27262.7,1
20230921,27,46.00,28099.9,27260.9,1
20230921,27,47.08,28099.9,27210.9,1
20230921,27,50.00,28099.9,27200.4,1
20230921,27,50.12,28099.9,24883.1,1
20230921,27,50.90,28099.9,24772.8,1
20230921,27,51.00,28099.9,24769.6,1
20230921,27,52.50,28099.9,24767.8,1
20230921,27,56.50,28099.9,24767.7,1
20230921,27,60.00,28099.9,24767.2,1
20230921,27,61.00,28099.9,24688.6,1
20230921,27,62.00,28099.9,24679.6,1
20230921,27,67.94,28099.9,24609.8,1
20230921,27,70.90,28099.9,24585.5,1
20230921,27,77.80,28099.9,20928.5,1
20230921,27,79.90,28099.9,20808.9,1
20230921,27,80.00,28099.9,20804.8,1
20230921,27,80.01,28099.9,20070.6,1
20230921,27,80.10,28099.9,19797.2,1
20230921,27,80.21,28109.9,19786.5,1
20230921,27,80.50,28109.9,19786.5,1
20230921,27,81.00,28109.9,19786.4,1
20230921,27,82.01,28109.9,19668.7,1
20230921,27,85.00,28109.9,19589.5,1
20230921,27,90.00,28109.9,19535.2,1
20230921,27,99.90,28109.9,19516.2,1
20230921,27,100.00,28109.9,19516.1,1
20230921,27,100.01,28130.8,16212.1,1
20230921,27,101.00,28130.8,16212.1,1
20230921,27,102.00,28130.8,16100.5,1
20230921,27,105.00,28130.8,15915.5,1
20230921,27,120.10,28130.8,15915.3,1
20230921,27,130.00,28130.8,15839.1,1
20230921,27,138.00,28130.8,15831.2,1
20230921,27,190.00,28130.8,15829.7,1
20230921,27,200.00,28130.8,15827.1,1
20230921,27,200.01,28130.8,13940.3,1
20230921,27,200.10,28130.8,12985.8,1
20230921,27,200.50,28130.8,12846.6,1
20230921,27,201.00,28130.8,12836.7,1
20230921,27,210.00,28130.8,12725.4,1
20230921,27,250.00,28130.8,12226.8,1
20230921,27,300.00,28130.8,12015.7,1
20230921,27,548.66,28130.8,11688.9,1
20230921,27,550.02,28130.8,11202.3,1
20230921,27,999.00,28130.8,10984.2,1
20230921,27,999.99,28130.8,0.0,1
20230921,27,0.00,0.0,6790.5,2
20230921,27,0.00,3579.8,6790.5,2
20230921,27,0.01,5168.2,6790.5,2
20230921,27,0.02,5303.8,6785.4,2
20230921,27,0.03,5304.0,6782.2,2
20230921,27,0.09,5304.0,6781.7,2
20230921,27,0.20,5304.0,6779.4,2
20230921,27,0.62,5304.0,6749.4,2
20230921,27,1.00,5304.0,6709.4,2
20230921,27,1.07,5305.1,6690.2,2
20230921,27,1.12,5305.1,6690.2,2
20230921,27,1.64,5336.0,6670.2,2
20230921,27,2.00,5338.0,6670.2,2
20230921,27,2.01,5338.0,6670.2,2
20230921,27,2.12,5338.0,6660.2,2
20230921,27,2.13,5339.2,6620.2,2
20230921,27,3.00,5339.2,6620.2,2
20230921,27,3.01,5339.2,6580.2,2
20230921,27,3.10,5339.2,6570.2,2
20230921,27,3.12,5339.2,6565.2,2
20230921,27,3.20,5340.3,6505.2,2
20230921,27,3.89,5341.3,6505.2,2
20230921,27,4.26,5342.5,6505.2,2
20230921,27,5.00,5414.0,6505.2,2
20230921,27,5.01,5414.0,6469.3,2
20230921,27,5.12,5414.0,6449.3,2
20230921,27,5.32,5415.1,6409.3,2
20230921,27,5.50,5415.2,6409.3,2
20230921,27,5.85,5415.6,6409.3,2
20230921,27,6.00,5415.6,6409.3,2
20230921,27,6.01,5415.6,6396.9,2
20230921,27,6.14,5416.6,6391.8,2
20230921,27,6.38,5417.0,6391.8,2
20230921,27,6.91,5417.4,6391.8,2
20230921,27,6.94,5421.4,6391.8,2
20230921,27,7.00,5441.5,6391.8,2
20230921,27,7.44,5441.9,6391.8,2
20230921,27,7.67,5441.9,6391.8,2
20230921,27,7.72,5449.5,6376.8,2
20230921,27,7.98,5449.8,6376.8,2
20230921,27,8.00,5449.8,6376.8,2
20230921,27,8.39,5450.8,6336.8,2
20230921,27,8.50,5450.8,6336.8,2
20230921,27,8.59,5450.8,6336.3,2
20230921,27,9.00,5450.8,6333.2,2
20230921,27,9.67,5450.8,6333.1,2
20230921,27,9.79,5450.8,6318.1,2
20230921,27,9.80,5450.8,6312.8,2
20230921,27,9.81,5450.8,6262.8,2
20230921,27,9.82,5450.8,6212.8,2
20230921,27,10.00,5453.4,6162.8,2
20230921,27,10.21,5453.4,6162.8,2
20230921,27,10.22,5453.4,6162.6,2
20230921,27,10.23,5453.4,6113.6,2
20230921,27,10.64,5454.4,6063.6,2
20230921,27,10.84,5454.4,6063.6,2
20230921,27,11.00,5454.4,6063.3,2
20230921,27,11.48,5454.4,6003.3,2
20230921,27,11.67,5454.4,6003.1,2
20230921,27,11.68,5456.3,5980.0,2
20230921,27,12.11,5456.3,5980.0,2
20230921,27,12.68,5456.7,5979.5,2
20230921,27,12.69,5457.1,5979.5,2
20230921,27,12.89,5458.1,5979.5,2
20230921,27,13.00,5458.1,5979.5,2
20230921,27,13.01,5458.1,5939.5,2
20230921,27,13.02,5458.1,5930.8,2
20230921,27,13.03,5458.1,5897.1,2
20230921,27,13.04,5458.1,5863.4,2
20230921,27,13.05,5458.1,5829.7,2
20230921,27,13.63,5458.1,5809.9,2
20230921,27,14.01,5459.1,5784.9,2
20230921,27,14.07,5489.1,5784.9,2
20230921,27,14.36,5519.1,5784.9,2
20230921,27,14.43,5526.1,5784.9,2
20230921,27,14.49,5526.1,5784.9,2
20230921,27,14.81,5541.5,5784.4,2
20230921,27,15.01,5541.5,5784.4,2
20230921,27,15.14,5542.5,5782.0,2
20230921,27,15.44,5548.0,5782.0,2
20230921,27,15.67,5577.9,5782.0,2
20230921,27,15.90,5577.9,5782.0,2
20230921,27,16.40,5577.9,5780.9,2
20230921,27,17.19,5577.9,5780.8,2
20230921,27,17.30,5577.9,5780.7,2
20230921,27,17.50,5577.9,5780.6,2
20230921,27,17.88,5577.9,5780.5,2
20230921,27,17.89,5577.9,5732.8,2
20230921,27,17.93,5587.9,5682.8,2
20230921,27,18.30,5587.9,5682.8,2
20230921,27,18.47,5587.9,5682.7,2
20230921,27,18.50,5587.9,5682.2,2
20230921,27,18.58,5587.9,5681.8,2
20230921,27,18.60,5587.9,5663.4,2
20230921,27,18.64,5587.9,5663.3,2
20230921,27,18.78,5587.9,5613.3,2
20230921,27,19.50,5587.9,5563.3,2
20230921,27,19.64,5587.9,5563.2,2
20230921,27,19.90,5587.9,5563.0,2
20230921,27,20.00,5587.9,5562.9,2
20230921,27,20.01,5587.9,5552.1,2
20230921,27,20.30,5587.9,5549.6,2
20230921,27,21.89,5587.9,5549.5,2
20230921,27,22.00,5587.9,5547.9,2
20230921,27,22.19,5587.9,5516.1,2
20230921,27,22.28,5637.9,5514.4,2
20230921,27,22.44,5637.9,5514.4,2
20230921,27,24.14,5637.9,5513.8,2
20230921,27,25.00,5637.9,5513.3,2
20230921,27,25.09,5637.9,5502.6,2
20230921,27,26.19,5637.9,5502.1,2
20230921,27,26.41,5637.9,5501.6,2
20230921,27,27.00,5637.9,5492.1,2
20230921,27,30.00,5637.9,5490.3,2
20230921,27,32.00,5637.9,5479.7,2
20230921,27,35.00,5637.9,5426.1,2
20230921,27,39.98,5697.9,5422.6,2
20230921,27,40.00,5697.9,5422.6,2
20230921,27,43.00,5697.9,5421.1,2
20230921,27,45.00,5697.9,5413.2,2
20230921,27,50.00,5697.9,5403.1,2
20230921,27,50.01,5698.2,5313.0,2
20230921,27,60.00,5698.2,5313.0,2
20230921,27,61.00,5698.2,5290.1,2
20230921,27,62.00,5698.2,5267.2,2
20230921,27,67.94,5698.2,5249.2,2
20230921,27,77.80,5698.2,5248.0,2
20230921,27,79.90,5698.2,5230.7,2
20230921,27,79.98,5718.2,5229.4,2
20230921,27,80.00,5718.2,5229.4,2
20230921,27,80.01,5718.2,5108.0,2
20230921,27,80.20,5718.2,5094.5,2
20230921,27,82.01,5718.2,5086.5,2
20230921,27,85.00,5718.2,5077.1,2
20230921,27,90.00,5718.2,5073.6,2
20230921,27,100.00,5718.2,5072.6,2
20230921,27,100.01,5718.3,5065.1,2
20230921,27,101.00,5718.3,5065.1,2
20230921,27,102.00,5718.3,5052.3,2
20230921,27,120.10,5718.3,4998.0,2
20230921,27,138.00,5718.3,4994.4,2
20230921,27,200.00,5718.3,4957.7,2
20230921,27,200.01,5718.3,4738.0,2
20230921,27,200.10,5718.3,4439.0,2
20230921,27,201.00,5718.3,4437.9,2
20230921,27,210.00,5718.3,4411.6,2
20230921,27,548.66,5718.3,4400.2,2
20230921,27,999.00,5718.3,4393.4,2
20230921,27,999.99,5718.3,0.0,2
20230921,28,0.00,0.0,23772.4,0
20230921,28,0.00,4628.2,23772.4,0
20230921,28,0.01,12853.0,23772.4,0
20230921,28,0.02,12880.1,23771.9,0
20230921,28,0.03,12881.4,23747.3,0
20230921,28,0.04,12882.1,23729.5,0
20230921,28,0.09,12882.1,23729.5,0
20230921,28,0.10,12882.1,23708.7,0
20230921,28,0.20,12882.1,23588.6,0
20230921,28,0.30,12882.1,23563.6,0
20230921,28,0.48,12900.8,23559.6,0
20230921,28,0.62,12900.8,23559.6,0
20230921,28,0.90,12901.8,23539.6,0
20230921,28,1.00,13149.6,23539.6,0
20230921,28,1.01,13150.0,23341.9,0
20230921,28,1.12,13150.0,23321.9,0
20230921,28,1.56,13310.3,23311.9,0
20230921,28,2.01,13310.3,23311.9,0
20230921,28,2.12,13310.3,23301.9,0
20230921,28,2.15,13422.1,23281.9,0
20230921,28,2.39,13424.6,23281.9,0
20230921,28,2.73,13425.6,23281.9,0
20230921,28,3.00,13425.6,23281.9,0
20230921,28,3.01,13425.6,23201.9,0
20230921,28,3.10,13425.6,23191.9,0
20230921,28,3.12,13425.6,23171.9,0
20230921,28,3.81,13427.6,23141.9,0
20230921,28,4.65,13477.6,23141.9,0
20230921,28,4.78,13480.2,23141.9,0
20230921,28,4.98,13481.2,23141.9,0
20230921,28,5.00,13531.6,23141.9,0
20230921,28,5.01,13542.0,23019.0,0
20230921,28,5.12,13542.0,22989.0,0
20230921,28,6.00,13542.0,22969.0,0
20230921,28,6.02,13545.9,22937.5,0
20230921,28,6.06,13547.9,22937.5,0
20230921,28,6.26,13547.9,22937.5,0
20230921,28,7.00,13555.6,22933.5,0
20230921,28,7.01,13555.6,22933.4,0
20230921,28,7.12,13555.6,22653.0,0
20230921,28,7.16,13558.1,22633.0,0
20230921,28,7.23,13559.1,22633.0,0
20230921,28,7.50,13579.1,22633.0,0
20230921,28,7.70,13579.6,22633.0,0
20230921,28,7.80,13579.6,22633.0,0
20230921,28,7.90,13579.6,22623.0,0
20230921,28,8.00,13606.5,22618.5,0
20230921,28,8.02,13622.9,22618.5,0
20230921,28,8.31,13624.9,22618.5,0
20230921,28,8.50,13624.9,22618.5,0
20230921,28,9.48,13625.9,22608.5,0
20230921,28,9.55,13628.5,22608.5,0
20230921,28,9.80,13628.5,22608.5,0
20230921,28,10.00,13670.8,22598.5,0
20230921,28,10.17,13670.8,22518.5,0
20230921,28,10.19,13670.8,22488.5,0
20230921,28,10.56,13672.8,22282.1,0
20230921,28,10.58,13775.8,22272.1,0
20230921,28,10.59,14012.5,22142.6,0
20230921,28,10.60,14012.5,22142.6,0
20230921,28,10.69,14012.5,22140.6,0
20230921,28,10.70,14012.8,22140.5,0
20230921,28,11.00,14012.8,22140.5,0
20230921,28,11.53,14012.8,22139.4,0
20230921,28,11.73,14013.8,21974.4,0
20230921,28,11.75,14013.8,21974.4,0
20230921,28,11.80,14013.8,21774.4,0
20230921,28,11.82,14013.8,21744.4,0
20230921,28,11.83,14013.8,21737.4,0
20230921,28,11.89,14013.8,21537.4,0
20230921,28,11.93,14016.3,21337.4,0
20230921,28,11.95,14016.3,21337.4,0
20230921,28,11.96,14016.3,21335.2,0
20230921,28,12.04,14016.3,21135.2,0
20230921,28,12.13,14016.3,20935.2,0
20230921,28,12.23,14016.3,20735.2,0
20230921,28,12.28,14017.2,20535.2,0
20230921,28,12.38,14017.2,20535.2,0
20230921,28,12.50,14017.2,20335.2,0
20230921,28,12.56,14017.2,20334.7,0
20230921,28,12.60,14017.2,20324.7,0
20230921,28,12.64,14018.0,19824.5,0
20230921,28,12.66,14018.0,19824.5,0
20230921,28,12.73,14018.0,19721.5,0
20230921,28,12.79,14018.0,19521.5,0
20230921,28,12.80,14018.0,19519.9,0
20230921,28,12.81,14020.0,19518.3,0
20230921,28,12.99,14020.9,19518.3,0
20230921,28,13.00,14020.9,19518.3,0
20230921,28,13.34,14021.7,19487.8,0
20230921,28,13.50,14031.7,19487.8,0
20230921,28,13.60,14031.7,19487.8,0
20230921,28,13.69,14032.5,19482.6,0
20230921,28,13.95,14032.5,19472.4,0
20230921,28,14.00,14032.5,19448.2,0
20230921,28,14.10,14032.5,19446.9,0
20230921,28,14.28,14032.5,19446.3,0
20230921,28,14.30,14032.5,19435.9,0
20230921,28,14.50,14070.5,19435.5,0
20230921,28,14.56,14070.5,19434.1,0
20230921,28,14.57,14080.8,19424.4,0
20230921,28,14.87,14080.8,19424.4,0
20230921,28,14.99,14080.8,19414.2,0
20230921,28,15.00,14316.8,19414.1,0
20230921,28,15.02,14318.7,19400.5,0
20230921,28,15.06,14320.7,19400.5,0
20230921,28,15.15,14320.7,19400.5,0
20230921,28,15.22,14320.7,19312.5,0
20230921,28,15.41,14320.7,19295.9,0
20230921,28,15.46,14320.7,19269.9,0
20230921,28,15.51,14320.7,19249.3,0
20230921,28,15.55,14320.7,19236.2,0
20230921,28,15.57,14323.2,19036.2,0
20230921,28,15.58,14325.7,19036.2,0
20230921,28,15.73,14325.7,19035.3,0
20230921,28,15.79,14325.7,19027.5,0
20230921,28,15.80,14335.2,19027.1,0
20230921,28,15.81,14335.2,19026.8,0
20230921,28,15.90,14346.2,19026.7,0
20230921,28,15.91,14346.2,19026.7,0
20230921,28,16.00,14347.2,19026.5,0
20230921,28,16.05,14347.2,19023.7,0
20230921,28,16.10,14348.2,19015.5,0
20230921,28,16.12,14412.2,19015.5,0
20230921,28,16.20,14413.2,19015.5,0
20230921,28,16.23,14413.2,19015.5,0
20230921,28,16.27,14477.2,19015.4,0
20230921,28,16.30,14478.2,19015.4,0
20230921,28,16.37,14542.2,19015.4,0
20230921,28,16.47,14606.2,19015.4,0
20230921,28,16.60,14606.2,19015.4,0
20230921,28,16.66,14670.2,19015.3,0
20230921,28,16.75,14734.2,19015.3,0
20230921,28,16.85,14798.2,19015.3,0
20230921,28,16.91,14798.2,19015.3,0
20230921,28,16.99,14798.2,18824.3,0
20230921,28,17.03,14862.2,18824.2,0
20230921,28,17.10,14862.2,18824.2,0
20230921,28,17.16,14932.2,18824.1,0
20230921,28,17.25,14932.2,18824.1,0
20230921,28,17.31,14934.2,18822.9,0
20230921,28,17.45,14934.2,18822.9,0
20230921,28,17.63,14934.2,18822.6,0
20230921,28,17.73,14934.2,18716.6,0
20230921,28,18.00,14934.2,18555.6,0
20230921,28,18.03,14934.2,18542.3,0
20230921,28,18.07,14934.2,18542.2,0
20230921,28,18.17,14934.2,18540.5,0
20230921,28,18.32,14934.2,18540.4,0
20230921,28,18.47,14934.2,18463.8,0
20230921,28,18.48,14934.2,14977.8,0
20230921,28,18.56,14944.2,14977.1,0
20230921,28,18.62,14944.2,14977.1,0
20230921,28,18.84,14944.2,14975.5,0
20230921,28,18.86,14944.2,14963.6,0
20230921,28,19.00,14944.2,14944.7,0
20230921,28,19.16,14944.2,14943.5,0
20230921,28,19.24,14944.2,14942.9,0
20230921,28,19.36,14944.2,14694.9,0
20230921,28,19.47,14944.2,14648.9,0
20230921,28,19.71,15168.2,14648.4,0
20230921,28,20.00,15168.2,14648.4,0
20230921,28,20.02,15168.2,14588.2,0
20230921,28,20.11,15169.6,14536.2,0
20230921,28,20.39,15171.6,14536.2,0
20230921,28,20.50,15171.6,14536.2,0
20230921,28,20.62,15204.8,14535.6,0
20230921,28,20.88,15205.0,14535.6,0
20230921,28,21.00,15205.0,14535.6,0
20230921,28,21.81,15205.0,14535.5,0
20230921,28,22.00,15205.0,14535.3,0
20230921,28,22.44,15205.0,14535.2,0
20230921,28,23.03,15205.0,14533.5,0
20230921,28,24.00,15205.0,14533.4,0
20230921,28,24.06,15205.0,14533.2,0
20230921,28,24.16,15205.0,14531.2,0
20230921,28,24.54,15205.0,14525.3,0
20230921,28,24.71,15205.0,14506.4,0
20230921,28,25.00,15205.0,14499.9,0
20230921,28,25.52,15205.3,14430.6,0
20230921,28,26.31,15205.3,14430.6,0
20230921,28,26.80,15205.3,14428.6,0
20230921,28,27.00,15205.3,14426.9,0
20230921,28,28.00,15205.3,14382.0,0
20230921,28,28.20,15205.3,14215.8,0
20230921,28,28.56,15205.3,14214.8,0
20230921,28,28.60,15205.3,14212.8,0
20230921,28,29.71,15205.3,14206.7,0
20230921,28,29.97,15205.3,14205.0,0
20230921,28,30.00,15205.3,14197.7,0
20230921,28,30.21,15205.3,14159.5,0
20230921,28,30.81,15205.3,14140.5,0
20230921,28,30.93,15205.3,14138.7,0
20230921,28,31.17,15205.3,14137.0,0
20230921,28,31.19,15205.3,14130.5,0
20230921,28,32.00,15205.3,13755.5,0
20230921,28,32.70,15208.8,13563.8,0
20230921,28,33.03,15208.8,13563.8,0
20230921,28,33.06,15208.8,13562.9,0
20230921,28,33.48,15208.8,13561.9,0
20230921,28,34.00,15208.8,13370.4,0
20230921,28,35.00,15208.8,13293.7,0
20230921,28,35.31,15208.8,13262.6,0
20230921,28,35.57,15208.8,13261.6,0
20230921,28,35.89,15208.8,13242.7,0
20230921,28,37.56,15208.8,13169.0,0
20230921,28,37.66,15208.8,13168.0,0
20230921,28,39.81,15208.8,13145.2,0
20230921,28,40.00,15208.8,13144.2,0
20230921,28,40.01,15208.8,13059.2,0
20230921,28,42.06,15208.8,13059.1,0
20230921,28,44.31,15208.8,13058.1,0
20230921,28,44.72,15208.8,13057.1,0
20230921,28,45.00,15208.8,13056.0,0
20230921,28,46.56,15208.8,12986.2,0
20230921,28,50.00,15208.8,12984.3,0
20230921,28,50.01,15216.6,12979.9,0
20230921,28,50.12,15216.6,12979.9,0
20230921,28,50.33,15216.6,12888.1,0
20230921,28,50.90,15216.6,12858.8,0
20230921,28,60.00,15216.6,12855.5,0
20230921,28,62.00,15216.6,12789.8,0
20230921,28,67.94,15216.6,12733.5,0
20230921,28,77.80,15216.6,12723.6,0
20230921,28,79.90,15216.6,12712.0,0
20230921,28,80.00,15216.6,12709.8,0
20230921,28,80.01,15216.6,12149.8,0
20230921,28,80.21,15226.6,11819.5,0
20230921,28,80.50,15226.6,11819.5,0
20230921,28,81.00,15226.6,11819.4,0
20230921,28,82.01,15226.6,11819.0,0
20230921,28,85.00,15226.6,11751.9,0
20230921,28,90.00,15226.6,11697.3,0
20230921,28,99.90,15226.6,11683.2,0
20230921,28,100.00,15226.6,11683.1,0
20230921,28,100.01,15242.3,11335.3,0
20230921,28,101.00,15242.3,11335.3,0
20230921,28,102.00,15242.3,11315.2,0
20230921,28,105.00,15242.3,11235.1,0
20230921,28,120.10,15242.3,11234.9,0
20230921,28,130.00,15242.3,11160.9,0
20230921,28,138.00,15242.3,11152.8,0
20230921,28,150.00,15242.3,10915.5,0
20230921,28,200.00,15242.3,10912.7,0
20230921,28,200.01,15242.3,9657.7,0
20230921,28,200.10,15242.3,9122.2,0
20230921,28,200.50,15242.3,9015.9,0
20230921,28,201.00,15242.3,9005.8,0
20230921,28,210.00,15242.3,8912.1,0
20230921,28,250.00,15242.3,8792.3,0
20230921,28,300.00,15242.3,8617.9,0
20230921,28,500.00,15242.3,8208.4,0
20230921,28,548.66,15242.3,8206.4,0
20230921,28,550.02,15242.3,8199.8,0
20230921,28,999.00,15242.3,8093.8,0
20230921,28,999.99,15242.3,0.0,0
20230921,28,0.00,0.0,27229.0,1
20230921,28,0.00,12294.2,27229.0,1
20230921,28,0.01,19127.4,27229.0,1
20230921,28,0.02,19268.0,27214.6,1
20230921,28,0.03,19268.9,27207.9,1
20230921,28,0.04,19271.9,27190.0,1
20230921,28,0.09,19271.9,27190.0,1
20230921,28,0.20,19271.9,27142.5,1
20230921,28,0.62,19271.9,27077.5,1
20230921,28,1.00,19560.6,27017.5,1
20230921,28,1.01,19561.7,26965.5,1
20230921,28,1.12,19561.7,26950.5,1
20230921,28,1.23,19699.1,26920.5,1
20230921,28,2.00,19702.4,26920.5,1
20230921,28,2.01,19702.4,26920.5,1
20230921,28,2.10,19702.4,26890.5,1
20230921,28,2.12,19702.4,26884.5,1
20230921,28,2.39,19709.6,26824.5,1
20230921,28,3.00,19709.6,26824.5,1
20230921,28,3.01,19709.6,26704.5,1
20230921,28,3.10,19709.6,26674.5,1
20230921,28,3.12,19709.6,26649.5,1
20230921,28,3.48,19713.6,26559.5,1
20230921,28,4.78,19720.9,26559.5,1
20230921,28,5.00,19817.6,26559.5,1
20230921,28,5.01,19817.6,26469.1,1
20230921,28,5.12,19817.6,26429.1,1
20230921,28,5.50,19817.7,26369.1,1
20230921,28,5.73,19821.7,26369.1,1
20230921,28,6.00,19821.7,26369.1,1
20230921,28,6.01,19821.7,26333.5,1
20230921,28,6.02,19827.4,26328.3,1
20230921,28,6.94,19831.3,26328.3,1
20230921,28,7.00,19860.5,26328.3,1
20230921,28,7.12,19860.5,26328.3,1
20230921,28,7.16,19867.8,26308.3,1
20230921,28,7.50,19887.8,26308.3,1
20230921,28,7.93,19895.4,26307.9,1
20230921,28,7.98,19899.4,26307.9,1
20230921,28,8.00,19899.4,26307.9,1
20230921,28,8.01,19899.4,26247.8,1
20230921,28,8.50,19899.4,26238.4,1
20230921,28,8.59,19899.4,26238.3,1
20230921,28,8.70,19899.4,26235.2,1
20230921,28,9.25,19899.4,26205.2,1
20230921,28,9.36,19899.4,26195.2,1
20230921,28,9.50,19899.4,26048.2,1
20230921,28,9.55,19906.7,25901.2,1
20230921,28,9.66,19906.7,25901.2,1
20230921,28,9.79,19906.7,25777.2,1
20230921,28,9.80,19906.7,25771.6,1
20230921,28,9.81,19906.7,25721.6,1
20230921,28,9.82,19906.7,25671.6,1
20230921,28,10.00,19914.1,25621.6,1
20230921,28,10.05,19934.1,25611.0,1
20230921,28,10.20,19934.1,25611.0,1
20230921,28,10.22,19934.1,25487.0,1
20230921,28,10.23,19938.1,25438.0,1
20230921,28,10.38,19938.1,25388.0,1
20230921,28,10.46,19938.1,25264.0,1
20230921,28,10.51,19938.1,25177.0,1
20230921,28,10.70,19938.1,25026.0,1
20230921,28,11.00,19938.1,24996.0,1
20230921,28,11.19,19938.1,24936.0,1
20230921,28,11.25,19938.1,24935.8,1
20230921,28,11.40,19938.1,24920.8,1
20230921,28,11.67,19938.1,24769.8,1
20230921,28,11.75,19938.1,24647.8,1
20230921,28,11.93,19945.3,24647.5,1
20230921,28,12.00,19947.5,24647.5,1
20230921,28,12.16,19947.5,24611.4,1
20230921,28,12.29,19950.0,24561.4,1
20230921,28,12.31,19950.0,24539.8,1
20230921,28,12.32,19950.0,24489.8,1
20230921,28,12.48,19954.0,24489.6,1
20230921,28,12.66,19956.4,24489.6,1
20230921,28,12.70,19956.4,24489.6,1
20230921,28,12.71,19983.4,24461.6,1
20230921,28,12.88,19983.4,24461.6,1
20230921,28,13.00,19983.4,24461.1,1
20230921,28,13.01,19983.4,24385.7,1
20230921,28,13.02,19985.9,24377.0,1
20230921,28,13.03,19985.9,24343.3,1
20230921,28,13.04,19985.9,24309.6,1
20230921,28,13.05,19985.9,24275.9,1
20230921,28,13.25,19985.9,24242.2,1
20230921,28,13.26,19987.0,24218.3,1
20230921,28,13.38,19989.4,24218.3,1
20230921,28,13.63,19989.4,24218.3,1
20230921,28,13.71,19998.6,24193.3,1
20230921,28,13.72,20007.8,24193.3,1
20230921,28,13.74,20010.1,24193.3,1
20230921,28,13.99,20013.1,24190.8,1
20230921,28,14.00,20013.1,24190.8,1
20230921,28,14.01,20015.9,24177.4,1
20230921,28,14.18,20045.9,24177.4,1
20230921,28,14.26,20046.1,24177.4,1
20230921,28,14.27,20046.3,24177.4,1
20230921,28,14.30,20046.3,24177.4,1
20230921,28,14.35,20046.3,24177.3,1
20230921,28,14.43,20072.3,24174.8,1
20230921,28,14.50,20102.3,24174.8,1
20230921,28,14.73,20106.3,24174.8,1
20230921,28,14.80,20106.3,24174.8,1
20230921,28,14.95,20106.3,24174.7,1
20230921,28,15.00,20106.3,24172.2,1
20230921,28,15.01,20106.3,24169.7,1
20230921,28,15.02,20109.1,24162.6,1
20230921,28,15.10,20109.1,24162.6,1
20230921,28,15.20,20109.1,24162.5,1
20230921,28,15.23,20109.1,24162.3,1
20230921,28,15.29,20124.7,24131.2,1
20230921,28,15.35,20124.7,24131.2,1
20230921,28,15.37,20130.2,24130.7,1
20230921,28,15.56,20130.2,24130.7,1
20230921,28,15.83,20130.2,24125.6,1
20230921,28,15.90,20130.2,24097.6,1
20230921,28,16.00,20130.2,24047.6,1
20230921,28,16.26,20180.2,24025.5,1
20230921,28,16.30,20230.2,24025.5,1
20230921,28,16.40,20230.2,24025.5,1
20230921,28,16.70,20288.0,24025.3,1
20230921,28,16.80,20288.0,24025.2,1
20230921,28,16.98,20292.1,24025.1,1
20230921,28,17.18,20292.1,24025.1,1
20230921,28,17.25,20322.0,24008.9,1
20230921,28,17.30,20322.0,24008.9,1
20230921,28,17.50,20322.0,24008.8,1
20230921,28,17.62,20322.0,24008.7,1
20230921,28,17.87,20322.0,23886.7,1
20230921,28,17.88,20322.0,23764.7,1
20230921,28,17.89,20322.0,23716.4,1
20230921,28,17.91,20327.0,23666.4,1
20230921,28,18.00,20327.0,23666.4,1
20230921,28,18.12,20327.0,23662.1,1
20230921,28,18.21,20327.0,23588.6,1
20230921,28,18.30,20327.0,23466.6,1
20230921,28,18.50,20327.0,23466.5,1
20230921,28,18.58,20327.0,23464.8,1
20230921,28,18.60,20327.0,23446.5,1
20230921,28,18.64,20327.0,23446.4,1
20230921,28,18.78,20327.0,23396.4,1
20230921,28,19.00,20327.0,23346.4,1
20230921,28,19.47,20327.0,23345.4,1
20230921,28,19.50,20327.0,23344.9,1
20230921,28,19.80,20327.0,23344.8,1
20230921,28,19.90,20327.0,23336.9,1
20230921,28,20.00,20327.0,23336.8,1
20230921,28,20.01,20327.0,23321.7,1
20230921,28,20.21,20327.0,23319.2,1
20230921,28,20.30,20327.0,21345.2,1
20230921,28,20.62,20327.0,21345.1,1
20230921,28,20.74,20327.0,21345.0,1
20230921,28,21.00,20327.0,21344.3,1
20230921,28,21.10,20327.0,21344.2,1
20230921,28,21.48,20327.0,20808.2,1
20230921,28,21.75,20327.0,20807.7,1
20230921,28,21.96,20327.0,20807.0,1
20230921,28,22.28,20377.0,20727.3,1
20230921,28,22.39,20377.0,20727.3,1
20230921,28,22.80,20826.1,20722.9,1
20230921,28,22.92,20826.1,20722.9,1
20230921,28,23.00,20839.1,20713.9,1
20230921,28,23.58,20839.1,20713.9,1
20230921,28,23.73,20839.1,20711.7,1
20230921,28,24.84,20839.1,20707.1,1
20230921,28,25.00,20859.1,20676.5,1
20230921,28,25.12,20859.1,20664.5,1
20230921,28,25.62,20859.1,20660.7,1
20230921,28,25.74,20859.1,20659.7,1
20230921,28,25.98,20859.1,20652.6,1
20230921,28,26.32,20859.1,20651.0,1
20230921,28,26.65,20859.1,20650.5,1
20230921,28,27.00,20859.1,20646.1,1
20230921,28,27.46,20859.1,20617.5,1
20230921,28,27.69,20859.1,20617.0,1
20230921,28,28.00,20859.1,20608.1,1
20230921,28,28.20,20859.1,20468.0,1
20230921,28,28.23,20859.1,20467.3,1
20230921,28,29.28,20859.1,20466.3,1
20230921,28,29.49,20859.1,20465.7,1
20230921,28,29.50,20859.1,20446.6,1
20230921,28,30.00,20869.1,20442.1,1
20230921,28,30.01,20869.1,20415.0,1
20230921,28,30.48,20869.1,20378.3,1
20230921,28,30.56,20869.1,20377.3,1
20230921,28,30.69,20869.1,20375.9,1
20230921,28,30.92,20869.1,20371.5,1
20230921,28,32.00,20869.1,20247.3,1
20230921,28,32.73,20869.1,20052.6,1
20230921,28,34.98,20869.1,20051.6,1
20230921,28,35.00,20869.1,20051.0,1
20230921,28,36.00,20869.1,19972.4,1
20230921,28,39.98,20929.1,19922.4,1
20230921,28,40.00,20929.1,19922.4,1
20230921,28,43.75,20929.1,19894.8,1
20230921,28,45.00,20929.1,19875.9,1
20230921,28,45.01,20929.1,19840.3,1
20230921,28,46.00,20929.1,19649.6,1
20230921,28,50.00,20929.1,19599.6,1
20230921,28,50.01,20929.4,19484.3,1
20230921,28,50.12,20929.4,19484.3,1
20230921,28,51.00,20929.4,19468.5,1
20230921,28,57.50,20929.4,19466.7,1
20230921,28,60.00,20929.4,19466.6,1
20230921,28,61.00,20929.4,19402.2,1
20230921,28,61.50,20929.4,19370.5,1
20230921,28,62.00,20929.4,19370.0,1
20230921,28,67.94,20929.4,19337.6,1
20230921,28,70.90,20929.4,19309.7,1
20230921,28,77.80,20929.4,15109.7,1
20230921,28,79.90,20929.4,14963.7,1
20230921,28,79.98,20949.4,14958.0,1
20230921,28,80.00,20949.4,14958.0,1
20230921,28,80.01,20949.4,14567.7,1
20230921,28,80.10,20949.4,14479.8,1
20230921,28,80.20,20949.4,14466.0,1
20230921,28,80.21,20959.4,14458.0,1
20230921,28,81.00,20959.4,14458.0,1
20230921,28,82.01,20959.4,14353.7,1
20230921,28,85.00,20959.4,14312.9,1
20230921,28,90.00,20959.4,14296.2,1
20230921,28,99.90,20959.4,14286.6,1
20230921,28,100.00,20959.4,14286.5,1
20230921,28,100.01,20966.8,11611.5,1
20230921,28,101.00,20966.8,11611.5,1
20230921,28,102.00,20966.8,11487.1,1
20230921,28,120.10,20966.8,11235.5,1
20230921,28,138.00,20966.8,11229.1,1
20230921,28,190.00,20966.8,11190.8,1
20230921,28,200.00,20966.8,11188.3,1
20230921,28,200.01,20966.8,10144.4,1
20230921,28,200.10,20966.8,9305.1,1
20230921,28,201.00,20966.8,9266.9,1
20230921,28,210.00,20966.8,9219.0,1
20230921,28,250.00,20966.8,8811.5,1
20230921,28,300.00,20966.8,8775.3,1
20230921,28,548.66,20966.8,8671.1,1
20230921,28,550.02,20966.8,8175.1,1
20230921,28,999.00,20966.8,8064.6,1
20230921,28,999.99,20966.8,0.0,1
20230921,29,0.00,0.0,23802.0,0
20230921,29,0.00,4334.3,23802.0,0
20230921,29,0.01,12586.7,23802.0,0
20230921,29,0.02,12613.7,23801.5,0
20230921,29,0.03,12614.5,23776.9,0
20230921,29,0.04,12615.1,23759.7,0
20230921,29,0.09,12615.1,23759.7,0
20230921,29,0.10,12615.1,23741.4,0
20230921,29,0.20,12615.1,23621.3,0
20230921,29,0.30,12615.1,23596.3,0
20230921,29,0.62,12615.1,23592.3,0
20230921,29,0.90,12616.1,23572.3,0
20230921,29,1.00,12861.2,23572.3,0
20230921,29,1.01,12861.6,23374.6,0
20230921,29,1.12,12861.6,23354.6,0
20230921,29,1.30,12864.1,23344.6,0
20230921,29,1.56,12953.3,23344.6,0
20230921,29,1.83,12971.8,23344.6,0
20230921,29,2.01,12971.8,23344.6,0
20230921,29,2.12,12971.8,23334.6,0
20230921,29,2.15,13082.7,23314.6,0
20230921,29,2.59,13085.3,23314.6,0
20230921,29,3.00,13085.3,23314.6,0
20230921,29,3.01,13085.3,23234.6,0
20230921,29,3.10,13085.3,23224.6,0
20230921,29,3.12,13085.3,23204.6,0
20230921,29,3.81,13087.3,23174.6,0
20230921,29,3.88,13089.8,23174.6,0
20230921,29,4.08,13090.8,23174.6,0
20230921,29,4.65,13135.9,23174.6,0
20230921,29,5.00,13186.3,23174.6,0
20230921,29,5.01,13194.4,23049.0,0
20230921,29,5.12,13194.4,23019.0,0
20230921,29,5.17,13197.0,22999.0,0
20230921,29,6.00,13197.0,22999.0,0
20230921,29,6.02,13200.9,22967.8,0
20230921,29,6.06,13202.9,22967.8,0
20230921,29,6.26,13202.9,22967.8,0
20230921,29,6.33,13203.9,22963.8,0
20230921,29,6.47,13206.4,22963.8,0
20230921,29,7.00,13213.0,22963.8,0
20230921,29,7.01,13213.0,22963.7,0
20230921,29,7.11,13213.9,22683.9,0
20230921,29,7.12,13213.9,22683.9,0
20230921,29,7.50,13233.9,22663.9,0
20230921,29,7.70,13234.5,22663.9,0
20230921,29,7.76,13235.3,22663.9,0
20230921,29,7.90,13235.3,22663.9,0
20230921,29,8.00,13263.2,22660.4,0
20230921,29,8.02,13279.7,22660.4,0
20230921,29,8.31,13281.7,22660.4,0
20230921,29,8.40,13282.6,22660.4,0
20230921,29,8.50,13282.6,22660.4,0
20230921,29,8.58,13283.6,22650.4,0
20230921,29,8.87,13283.6,22650.4,0
20230921,29,9.05,13284.4,22640.4,0
20230921,29,9.12,13284.4,22640.4,0
20230921,29,9.69,13285.2,22605.4,0
20230921,29,10.00,13327.3,22596.0,0
20230921,29,10.17,13327.3,22516.0,0
20230921,29,10.19,13327.3,22486.0,0
20230921,29,10.56,13329.3,22282.2,0
20230921,29,10.58,13453.5,22282.2,0
20230921,29,10.59,13688.1,22174.0,0
20230921,29,10.69,13688.1,22174.0,0
20230921,29,10.77,13688.1,22164.0,0
20230921,29,10.83,13689.1,22154.5,0
20230921,29,10.87,13689.1,22154.5,0
20230921,29,11.00,13689.1,22144.5,0
20230921,29,11.53,13689.1,22143.4,0
20230921,29,11.56,13689.1,21978.4,0
20230921,29,11.75,13689.1,21971.4,0
20230921,29,11.81,13689.1,21771.4,0
20230921,29,11.84,13689.1,21571.4,0
20230921,29,11.88,13689.1,21562.0,0
20230921,29,11.95,13689.1,21362.0,0
20230921,29,11.96,13689.1,21359.9,0
20230921,29,12.04,13689.1,21159.9,0
20230921,29,12.13,13689.1,20959.9,0
20230921,29,12.23,13689.1,20759.9,0
20230921,29,12.36,13689.1,20559.9,0
20230921,29,12.66,13689.1,20359.9,0
20230921,29,12.69,13689.1,20278.9,0
20230921,29,12.73,13689.1,20268.9,0
20230921,29,12.81,13691.1,20068.9,0
20230921,29,12.83,13691.1,20068.9,0
20230921,29,12.87,13691.1,19567.6,0
20230921,29,12.92,13691.1,19537.6,0
20230921,29,13.00,13691.1,19518.7,0
20230921,29,13.08,13692.1,19487.7,0
20230921,29,13.50,13702.1,19487.7,0
20230921,29,13.53,13702.1,19487.7,0
20230921,29,13.82,13702.1,19482.5,0
20230921,29,13.86,13702.1,19480.5,0
20230921,29,13.87,13702.1,19479.2,0
20230921,29,13.92,13702.1,19477.9,0
20230921,29,13.93,13702.4,19477.8,0
20230921,29,13.95,13702.4,19477.8,0
20230921,29,14.00,13702.4,19453.6,0
20230921,29,14.10,13702.4,19452.3,0
20230921,29,14.30,13702.4,19451.7,0
20230921,29,14.50,13740.4,19451.3,0
20230921,29,14.69,13740.4,19449.8,0
20230921,29,14.70,13749.6,19439.0,0
20230921,29,14.73,13749.6,19439.0,0
20230921,29,14.99,13749.6,19438.2,0
20230921,29,15.00,13985.6,19438.1,0
20230921,29,15.02,13987.5,19435.5,0
20230921,29,15.06,13989.5,19435.5,0
20230921,29,15.15,13989.5,19435.5,0
20230921,29,15.22,13989.5,19343.5,0
20230921,29,15.34,13989.5,19326.9,0
20230921,29,15.41,13989.5,19326.0,0
20230921,29,15.51,13989.5,19300.0,0
20230921,29,15.55,13989.5,19287.0,0
20230921,29,15.58,13989.5,19087.0,0
20230921,29,15.69,13991.8,19086.1,0
20230921,29,15.70,13994.1,19086.1,0
20230921,29,15.73,13994.1,19086.1,0
20230921,29,15.80,13994.1,19078.3,0
20230921,29,15.81,13994.1,19078.0,0
20230921,29,15.90,14005.1,19077.9,0
20230921,29,15.91,14005.1,19077.9,0
20230921,29,15.94,14005.1,19077.7,0
20230921,29,16.00,14006.1,19076.9,0
20230921,29,16.05,14006.1,19062.5,0
20230921,29,16.10,14007.1,19054.3,0
20230921,29,16.12,14071.1,19054.3,0
20230921,29,16.20,14072.1,19054.3,0
20230921,29,16.27,14136.1,19054.3,0
20230921,29,16.30,14137.1,19054.3,0
20230921,29,16.37,14201.1,19054.3,0
20230921,29,16.47,14265.1,19054.3,0
20230921,29,16.55,14265.1,19054.3,0
20230921,29,16.60,14265.1,19052.6,0
20230921,29,16.66,14329.1,19052.5,0
20230921,29,16.74,14329.1,19052.5,0
20230921,29,16.75,14393.1,18838.5,0
20230921,29,16.85,14457.1,18838.5,0
20230921,29,16.86,14457.1,18838.5,0
20230921,29,16.87,14465.1,18836.6,0
20230921,29,16.99,14465.1,18836.6,0
20230921,29,17.03,14529.1,18836.5,0
20230921,29,17.08,14529.1,18836.5,0
20230921,29,17.10,14529.1,18817.6,0
20230921,29,17.16,14599.9,18817.5,0
20230921,29,17.25,14599.9,18817.5,0
20230921,29,17.31,14601.9,18816.3,0
20230921,29,17.45,14601.9,18816.3,0
20230921,29,17.58,14601.9,18816.0,0
20230921,29,17.61,14601.9,18815.9,0
20230921,29,17.63,14601.9,18654.9,0
20230921,29,18.00,14601.9,18548.9,0
20230921,29,18.03,14601.9,18548.3,0
20230921,29,18.17,14601.9,18548.2,0
20230921,29,18.47,14601.9,18548.1,0
20230921,29,18.62,14601.9,14826.1,0
20230921,29,18.69,14611.9,14824.5,0
20230921,29,19.00,14611.9,14824.5,0
20230921,29,19.19,14611.9,14823.8,0
20230921,29,19.29,14611.9,14598.8,0
20230921,29,19.32,14611.9,14597.1,0
20230921,29,19.46,14611.9,14528.1,0
20230921,29,19.47,14611.9,14527.5,0
20230921,29,19.50,14611.9,14527.0,0
20230921,29,19.71,14835.9,14526.5,0
20230921,29,19.78,14835.9,14526.5,0
20230921,29,19.83,14835.9,14474.5,0
20230921,29,20.00,14835.9,14473.7,0
20230921,29,20.11,14837.4,14413.4,0
20230921,29,20.14,14837.4,14413.4,0
20230921,29,20.27,14879.4,14401.6,0
20230921,29,20.52,14879.4,14401.6,0
20230921,29,20.62,14913.3,14324.4,0
20230921,29,20.88,14913.4,14324.4,0
20230921,29,21.00,14913.4,14324.4,0
20230921,29,21.81,14913.4,14324.3,0
20230921,29,22.00,14913.4,14324.1,0
20230921,29,23.03,14913.4,14310.9,0
20230921,29,23.86,14913.4,14310.8,0
20230921,29,24.00,14913.4,14309.1,0
20230921,29,24.01,14913.4,14308.9,0
20230921,29,24.06,14913.4,14290.0,0
20230921,29,24.46,14913.4,14288.0,0
20230921,29,25.00,14913.4,14281.7,0
20230921,29,25.42,14913.4,14214.0,0
20230921,29,25.52,14913.5,14207.0,0
20230921,29,26.00,14913.5,14207.0,0
20230921,29,26.31,14913.5,14206.2,0
20230921,29,27.00,14913.5,14204.2,0
20230921,29,28.00,14913.5,14161.1,0
20230921,29,28.20,14913.5,13992.6,0
20230921,29,28.44,14913.5,13991.5,0
20230921,29,28.56,14913.5,13989.8,0
20230921,29,29.97,14913.5,13987.8,0
20230921,29,30.00,14913.5,13980.8,0
20230921,29,30.57,14913.5,13942.1,0
20230921,29,30.81,14913.5,13566.1,0
20230921,29,30.95,14913.5,13564.2,0
20230921,29,31.48,14913.5,13545.2,0
20230921,29,31.93,14913.5,13543.5,0
20230921,29,32.00,14913.5,13537.3,0
20230921,29,32.70,14917.0,13348.8,0
20230921,29,32.76,14917.0,13348.8,0
20230921,29,33.01,14917.0,13347.1,0
20230921,29,33.03,14917.0,13341.3,0
20230921,29,33.06,14917.0,13340.4,0
20230921,29,34.00,14917.0,13339.4,0
20230921,29,35.00,14917.0,13281.0,0
20230921,29,35.31,14917.0,13250.0,0
20230921,29,35.57,14917.0,13249.0,0
20230921,29,37.49,14917.0,13230.1,0
20230921,29,37.52,14917.0,13211.2,0
20230921,29,37.56,14917.0,13016.8,0
20230921,29,37.66,14917.0,13015.8,0
20230921,29,37.88,14917.0,12993.0,0
20230921,29,39.81,14917.0,12924.5,0
20230921,29,40.00,14917.0,12923.5,0
20230921,29,40.01,14917.0,12844.0,0
20230921,29,42.06,14917.0,12843.9,0
20230921,29,44.31,14917.0,12842.9,0
20230921,29,44.72,14917.0,12841.9,0
20230921,29,45.00,14917.0,12841.2,0
20230921,29,46.56,14917.0,12770.8,0
20230921,29,50.00,14917.0,12768.9,0
20230921,29,50.01,14924.7,12762.5,0
20230921,29,50.12,14924.7,12762.5,0
20230921,29,50.33,14924.7,12671.4,0
20230921,29,50.90,14924.7,12642.6,0
20230921,29,60.00,14924.7,12639.3,0
20230921,29,62.00,14924.7,12573.3,0
20230921,29,67.94,14924.7,12517.8,0
20230921,29,70.00,14924.7,12507.4,0
20230921,29,77.80,14924.7,12502.0,0
20230921,29,79.90,14924.7,12490.7,0
20230921,29,80.00,14924.7,12488.4,0
20230921,29,80.01,14924.7,11940.9,0
20230921,29,80.21,14934.7,11679.6,0
20230921,29,80.50,14934.7,11679.6,0
20230921,29,81.00,14934.7,11679.5,0
20230921,29,82.01,14934.7,11679.1,0
20230921,29,85.00,14934.7,11612.0,0
20230921,29,90.00,14934.7,11556.3,0
20230921,29,99.90,14934.7,11542.1,0
20230921,29,100.00,14934.7,11541.9,0
20230921,29,100.01,14950.1,11193.5,0
20230921,29,101.00,14950.1,11193.5,0
20230921,29,102.00,14950.1,11173.4,0
20230921,29,105.00,14950.1,11097.5,0
20230921,29,120.10,14950.1,11097.3,0
20230921,29,130.00,14950.1,11023.7,0
20230921,29,138.00,14950.1,11015.4,0
20230921,29,150.00,14950.1,10777.6,0
20230921,29,200.00,14950.1,10774.8,0
20230921,29,200.01,14950.1,9524.5,0
20230921,29,200.10,14950.1,8982.3,0
20230921,29,200.50,14950.1,8876.0,0
20230921,29,201.00,14950.1,8865.9,0
20230921,29,210.00,14950.1,8771.8,0
20230921,29,250.00,14950.1,8655.3,0
20230921,29,300.00,14950.1,8482.4,0
20230921,29,500.00,14950.1,8072.8,0
20230921,29,548.66,14950.1,8070.8,0
20230921,29,550.02,14950.1,8064.2,0
20230921,29,999.00,14950.1,7959.6,0
20230921,29,999.99,14950.1,0.0,0
20230921,29,0.00,0.0,22369.5,1
20230921,29,0.00,10171.8,22369.5,1
20230921,29,0.01,15446.8,22369.5,1
20230921,29,0.02,15452.4,22360.2,1
20230921,29,0.03,15453.0,22356.8,1
20230921,29,0.04,15456.0,22339.5,1
20230921,29,0.09,15456.0,22339.5,1
20230921,29,0.20,15456.0,22299.4,1
20230921,29,0.62,15456.0,22264.4,1
20230921,29,1.00,15744.8,22244.4,1
20230921,29,1.01,15745.9,22211.8,1
20230921,29,1.12,15745.9,22196.8,1
20230921,29,1.56,15834.6,22186.8,1
20230921,29,2.00,15835.8,22186.8,1
20230921,29,2.01,15835.8,22186.8,1
20230921,29,2.10,15835.8,22166.8,1
20230921,29,2.12,15835.8,22160.8,1
20230921,29,2.59,15841.9,22140.8,1
20230921,29,3.00,15841.9,22140.8,1
20230921,29,3.01,15841.9,22060.8,1
20230921,29,3.10,15841.9,22040.8,1
20230921,29,3.12,15841.9,22005.8,1
20230921,29,3.81,15844.9,21975.8,1
20230921,29,5.00,15872.2,21975.8,1
20230921,29,5.01,15872.2,21921.6,1
20230921,29,5.12,15872.2,21901.6,1
20230921,29,5.17,15878.3,21881.6,1
20230921,29,6.00,15878.3,21881.6,1
20230921,29,6.02,15884.0,21858.6,1
20230921,29,6.06,15887.0,21858.6,1
20230921,29,7.00,15896.1,21858.6,1
20230921,29,7.12,15896.1,21858.6,1
20230921,29,7.50,15916.1,21838.6,1
20230921,29,7.76,15922.3,21838.6,1
20230921,29,8.00,15922.3,21838.6,1
20230921,29,8.01,15922.3,21818.5,1
20230921,29,8.31,15925.3,21809.1,1
20230921,29,9.36,15925.3,21809.1,1
20230921,29,9.50,15925.3,21662.1,1
20230921,29,9.66,15925.3,21515.1,1
20230921,29,10.00,15930.2,21391.1,1
20230921,29,10.05,15950.2,21381.1,1
20230921,29,10.20,15950.2,21381.1,1
20230921,29,10.34,15956.3,21257.1,1
20230921,29,10.38,15956.3,21257.1,1
20230921,29,10.46,15956.3,21133.1,1
20230921,29,10.51,15956.3,21046.1,1
20230921,29,10.56,15959.3,20895.1,1
20230921,29,10.67,15959.3,20895.1,1
20230921,29,10.68,15959.3,20880.1,1
20230921,29,11.40,15959.3,20870.1,1
20230921,29,11.67,15959.3,20719.1,1
20230921,29,12.00,15961.3,20597.1,1
20230921,29,12.17,15961.3,20561.7,1
20230921,29,12.28,15961.3,20511.7,1
20230921,29,12.50,15961.3,20461.7,1
20230921,29,12.67,15961.3,20461.2,1
20230921,29,12.68,15961.3,20446.2,1
20230921,29,12.81,15964.3,20431.2,1
20230921,29,12.87,15964.3,20431.2,1
20230921,29,12.92,15970.4,20409.5,1
20230921,29,13.00,15970.4,20409.5,1
20230921,29,13.30,15972.5,20373.8,1
20230921,29,13.68,15974.5,20373.8,1
20230921,29,14.00,15974.5,20373.8,1
20230921,29,14.05,15976.6,20360.5,1
20230921,29,14.30,15976.6,20360.5,1
20230921,29,14.43,15978.6,20360.4,1
20230921,29,14.50,16008.6,20360.4,1
20230921,29,14.67,16008.6,20360.4,1
20230921,29,14.68,16029.8,20351.6,1
20230921,29,14.69,16030.7,20327.5,1
20230921,29,14.80,16030.7,20327.5,1
20230921,29,14.81,16032.7,20327.4,1
20230921,29,14.83,16032.7,20324.9,1
20230921,29,15.00,16032.7,20324.8,1
20230921,29,15.01,16034.5,20322.1,1
20230921,29,15.02,16037.3,20317.5,1
20230921,29,15.06,16040.3,20317.5,1
20230921,29,15.10,16040.3,20317.5,1
20230921,29,15.20,16040.3,20317.4,1
20230921,29,15.25,16043.5,20317.2,1
20230921,29,15.44,16043.5,20317.2,1
20230921,29,15.68,16051.3,20314.7,1
20230921,29,15.69,16059.3,20314.7,1
20230921,29,15.70,16059.5,20314.7,1
20230921,29,16.00,16059.5,20314.7,1
20230921,29,16.07,16059.5,20292.6,1
20230921,29,16.28,16109.5,20290.1,1
20230921,29,16.32,16159.5,20290.1,1
20230921,29,16.40,16159.5,20290.1,1
20230921,29,16.70,16159.5,20290.0,1
20230921,29,16.80,16159.5,20284.8,1
20230921,29,17.18,16159.5,20284.7,1
20230921,29,17.31,16162.5,20268.5,1
20230921,29,17.62,16162.5,20268.5,1
20230921,29,17.87,16162.5,20146.5,1
20230921,29,18.00,16162.5,20024.5,1
20230921,29,18.12,16162.5,20022.2,1
20230921,29,18.21,16162.5,19954.2,1
20230921,29,18.67,16190.4,19832.2,1
20230921,29,18.68,16220.3,19832.2,1
20230921,29,18.89,16220.3,19832.2,1
20230921,29,19.00,16220.3,19831.6,1
20230921,29,19.18,16220.3,19830.6,1
20230921,29,19.23,16220.3,19826.1,1
20230921,29,19.80,16220.3,19798.2,1
20230921,29,19.97,16220.3,19790.3,1
20230921,29,20.00,16220.3,19758.8,1
20230921,29,20.21,16220.3,19754.8,1
20230921,29,21.00,16220.3,17780.8,1
20230921,29,21.10,16220.3,17780.7,1
20230921,29,21.81,16220.3,16989.7,1
20230921,29,22.00,16220.3,16989.4,1
20230921,29,22.03,16220.3,16988.2,1
20230921,29,22.15,16220.3,16987.5,1
20230921,29,22.36,16220.3,16906.3,1
20230921,29,22.53,16220.3,16906.2,1
20230921,29,22.80,16669.4,16905.5,1
20230921,29,22.90,16669.4,16905.5,1
20230921,29,22.92,16669.4,16856.6,1
20230921,29,23.00,16682.4,16847.6,1
20230921,29,23.33,16682.4,16847.6,1
20230921,29,24.06,16682.4,16843.2,1
20230921,29,25.00,16702.4,16840.2,1
20230921,29,25.18,16702.4,16838.1,1
20230921,29,25.52,16704.9,16808.0,1
20230921,29,25.61,16704.9,16808.0,1
20230921,29,26.00,16704.9,16804.2,1
20230921,29,26.18,16704.9,16803.1,1
20230921,29,26.31,16704.9,16802.5,1
20230921,29,27.00,16704.9,16801.5,1
20230921,29,27.03,16704.9,16774.5,1
20230921,29,27.36,16704.9,16767.3,1
20230921,29,27.47,16704.9,16766.8,1
20230921,29,27.84,16707.4,16762.4,1
20230921,29,28.00,16707.4,16762.4,1
20230921,29,28.56,16707.4,16654.7,1
20230921,29,28.61,16707.4,16653.7,1
20230921,29,29.63,16707.4,16653.0,1
20230921,29,29.83,16707.4,16652.4,1
20230921,29,30.00,16717.4,16632.7,1
20230921,29,30.01,16717.4,16616.0,1
20230921,29,30.23,16717.4,16575.1,1
20230921,29,30.56,16717.4,16570.6,1
20230921,29,30.81,16717.4,16569.2,1
20230921,29,31.38,16717.4,16568.2,1
20230921,29,31.61,16717.4,16563.8,1
20230921,29,32.00,16717.4,16438.6,1
20230921,29,33.06,16717.4,16300.5,1
20230921,29,35.00,16717.4,16299.5,1
20230921,29,35.31,16717.4,16225.1,1
20230921,29,36.00,16717.4,16224.6,1
20230921,29,40.00,16717.4,16174.6,1
20230921,29,45.00,16717.4,16148.9,1
20230921,29,45.01,16717.4,16122.7,1
20230921,29,45.56,16717.4,15925.9,1
20230921,29,46.00,16717.4,15914.8,1
20230921,29,50.00,16717.4,15864.8,1
20230921,29,50.12,16717.4,15838.7,1
20230921,29,51.00,16717.4,15822.7,1
20230921,29,57.50,16717.4,15820.8,1
20230921,29,60.00,16717.4,15820.7,1
20230921,29,61.00,16717.4,15780.3,1
20230921,29,61.50,16717.4,15771.3,1
20230921,29,62.00,16717.4,15770.8,1
20230921,29,67.94,16717.4,15756.4,1
20230921,29,70.90,16717.4,15729.6,1
20230921,29,77.80,16717.4,11274.6,1
20230921,29,79.90,16717.4,11146.9,1
20230921,29,80.00,16717.4,11142.7,1
20230921,29,80.01,16717.4,10879.0,1
20230921,29,80.10,16717.4,10821.1,1
20230921,29,80.21,16727.4,10807.5,1
20230921,29,81.00,16727.4,10807.5,1
20230921,29,82.01,16727.4,10720.0,1
20230921,29,85.00,16727.4,10688.6,1
20230921,29,90.00,16727.4,10676.1,1
20230921,29,99.90,16727.4,10667.4,1
20230921,29,100.00,16727.4,10667.3,1
20230921,29,100.01,16727.6,7949.4,1
20230921,29,101.00,16727.6,7949.4,1
20230921,29,102.00,16727.6,7837.8,1
20230921,29,120.10,16727.6,7641.1,1
20230921,29,138.00,16727.6,7638.4,1
20230921,29,190.00,16727.6,7636.9,1
20230921,29,200.00,16727.6,7634.5,1
20230921,29,200.01,16727.6,6810.6,1
20230921,29,200.10,16727.6,6265.1,1
20230921,29,201.00,16727.6,6232.3,1
20230921,29,210.00,16727.6,6203.4,1
20230921,29,250.00,16727.6,5807.1,1
20230921,29,300.00,16727.6,5770.7,1
20230921,29,548.66,16727.6,5666.5,1
20230921,29,550.02,16727.6,5184.9,1
20230921,29,999.00,16727.6,5075.4,1
20230921,29,999.99,16727.6,0.0,1
20230921,29,0.00,0.0,15113.3,2
20230921,29,0.00,8361.7,15113.3,2
20230921,29,0.01,11747.3,15113.3,2
20230921,29,0.02,11881.4,15101.8,2
20230921,29,0.03,11882.0,15085.1,2
20230921,29,0.04,11882.2,15071.8,2
20230921,29,0.09,11882.2,15071.8,2
20230921,29,0.20,11882.2,15023.1,2
20230921,29,0.62,11882.2,14983.1,2
20230921,29,1.00,11882.7,14943.1,2
20230921,29,1.01,11882.7,14881.9,2
20230921,29,1.12,11882.7,14871.9,2
20230921,29,1.56,11912.4,14851.9,2
20230921,29,1.81,11914.2,14851.9,2
20230921,29,2.00,11915.9,14851.9,2
20230921,29,2.01,11915.9,14851.9,2
20230921,29,2.12,11915.9,14841.9,2
20230921,29,2.59,11917.0,14801.9,2
20230921,29,3.00,11917.0,14801.9,2
20230921,29,3.01,11917.0,14721.9,2
20230921,29,3.10,11917.0,14701.9,2
20230921,29,3.12,11917.0,14691.9,2
20230921,29,3.60,11918.8,14631.9,2
20230921,29,3.81,11919.8,14631.9,2
20230921,29,5.00,11989.3,14631.9,2
20230921,29,5.01,11989.3,14534.0,2
20230921,29,5.04,11989.3,14504.0,2
20230921,29,5.12,11989.3,14204.0,2
20230921,29,5.17,11990.5,14164.0,2
20230921,29,5.40,11992.4,14164.0,2
20230921,29,5.50,11992.5,14164.0,2
20230921,29,6.00,11995.1,14164.0,2
20230921,29,6.01,11995.1,14151.2,2
20230921,29,6.06,11996.1,14139.6,2
20230921,29,6.26,11996.1,14139.6,2
20230921,29,6.48,11996.2,14138.0,2
20230921,29,6.94,12000.4,14138.0,2
20230921,29,7.00,12021.4,14138.0,2
20230921,29,7.19,12023.2,14138.0,2
20230921,29,7.49,12023.2,14138.0,2
20230921,29,7.76,12024.3,14128.0,2
20230921,29,8.00,12024.3,14128.0,2
20230921,29,8.31,12025.3,14088.0,2
20230921,29,8.59,12025.3,14088.0,2
20230921,29,8.73,12026.3,14084.9,2
20230921,29,8.99,12028.1,14084.9,2
20230921,29,9.49,12028.1,14084.9,2
20230921,29,9.50,12035.5,14072.3,2
20230921,29,9.60,12035.5,14072.3,2
20230921,29,9.67,12036.1,13958.3,2
20230921,29,9.81,12036.1,13958.3,2
20230921,29,9.82,12036.1,13919.3,2
20230921,29,9.99,12156.0,13869.3,2
20230921,29,10.00,12159.8,13869.3,2
20230921,29,10.22,12159.8,13860.1,2
20230921,29,10.23,12159.8,13811.1,2
20230921,29,10.34,12161.0,13761.1,2
20230921,29,10.36,12161.6,13761.1,2
20230921,29,10.56,12162.6,13761.1,2
20230921,29,10.58,12162.6,13761.1,2
20230921,29,10.60,12170.2,13746.1,2
20230921,29,10.98,12171.2,13746.1,2
20230921,29,11.00,12171.2,13746.1,2
20230921,29,11.04,12171.8,13686.0,2
20230921,29,11.28,12171.8,13686.0,2
20230921,29,11.50,12201.8,13685.9,2
20230921,29,11.73,12202.4,13685.9,2
20230921,29,12.00,12202.4,13685.9,2
20230921,29,12.36,12202.4,13683.3,2
20230921,29,12.42,12203.0,13683.1,2
20230921,29,12.50,12212.3,13683.1,2
20230921,29,12.51,12221.6,13683.1,2
20230921,29,12.58,12221.6,13683.1,2
20230921,29,12.59,12221.6,13668.1,2
20230921,29,12.81,12222.6,13663.0,2
20230921,29,12.92,12223.7,13663.0,2
20230921,29,13.00,12223.7,13663.0,2
20230921,29,13.01,12223.7,13616.6,2
20230921,29,13.02,12223.7,13607.9,2
20230921,29,13.03,12253.7,13574.2,2
20230921,29,13.04,12253.7,13540.5,2
20230921,29,13.05,12253.7,13506.8,2
20230921,29,13.26,12253.7,13473.1,2
20230921,29,13.30,12254.1,13472.8,2
20230921,29,13.39,12254.1,13472.8,2
20230921,29,13.49,12254.1,13072.8,2
20230921,29,13.63,12254.1,13068.2,2
20230921,29,13.68,12254.5,13043.2,2
20230921,29,13.88,12284.5,13043.2,2
20230921,29,14.00,12284.5,13043.2,2
20230921,29,14.01,12285.3,13043.0,2
20230921,29,14.05,12285.7,13043.0,2
20230921,29,14.16,12285.7,13043.0,2
20230921,29,14.18,12315.7,13042.8,2
20230921,29,14.43,12342.1,13042.8,2
20230921,29,14.53,12342.1,13042.8,2
20230921,29,14.58,12342.1,13002.8,2
20230921,29,14.59,12343.7,12979.4,2
20230921,29,14.75,12343.7,12979.4,2
20230921,29,14.81,12344.0,12979.1,2
20230921,29,15.00,12344.0,12979.1,2
20230921,29,15.01,12344.0,12977.7,2
20230921,29,15.06,12345.0,12972.1,2
20230921,29,15.07,12345.0,12972.1,2
20230921,29,15.48,12345.0,12971.6,2
20230921,29,15.58,12345.4,12971.5,2
20230921,29,15.59,12345.8,12971.5,2
20230921,29,16.00,12345.8,12971.5,2
20230921,29,16.40,12345.8,12970.7,2
20230921,29,16.58,12365.8,12970.6,2
20230921,29,16.82,12365.8,12970.6,2
20230921,29,17.00,12365.8,12970.3,2
20230921,29,17.18,12365.8,12950.3,2
20230921,29,17.30,12365.8,12949.8,2
20230921,29,17.31,12366.8,12949.7,2
20230921,29,17.50,12366.8,12949.7,2
20230921,29,17.73,12366.8,12949.6,2
20230921,29,17.88,12366.8,12948.6,2
20230921,29,17.89,12366.8,12900.9,2
20230921,29,17.91,12372.8,12850.9,2
20230921,29,18.30,12372.8,12850.9,2
20230921,29,18.49,12372.8,12850.8,2
20230921,29,18.58,12402.7,12808.5,2
20230921,29,18.60,12402.7,12790.1,2
20230921,29,18.64,12402.7,12790.0,2
20230921,29,18.78,12402.7,12740.0,2
20230921,29,18.89,12402.7,12690.0,2
20230921,29,19.00,12402.7,12689.7,2
20230921,29,19.50,12402.7,12689.4,2
20230921,29,19.90,12402.7,12689.3,2
20230921,29,19.98,12402.7,12689.2,2
20230921,29,20.00,12402.7,12688.2,2
20230921,29,20.01,12402.7,12673.3,2
20230921,29,20.06,12418.3,12667.6,2
20230921,29,20.10,12418.3,12667.6,2
20230921,29,20.11,12418.3,12666.3,2
20230921,29,20.17,12423.8,12666.2,2
20230921,29,20.30,12423.8,12666.2,2
20230921,29,20.43,12423.8,12666.1,2
20230921,29,20.44,12423.8,12663.7,2
20230921,29,20.45,12423.8,12613.7,2
20230921,29,20.46,12423.8,12563.7,2
20230921,29,20.47,12423.8,12513.7,2
20230921,29,20.48,12423.8,12463.7,2
20230921,29,20.49,12423.8,12413.7,2
20230921,29,20.50,12423.8,12363.7,2
20230921,29,20.51,12423.8,12313.7,2
20230921,29,20.65,12423.8,12263.7,2
20230921,29,20.70,12423.8,12244.9,2
20230921,29,20.97,12423.8,12244.4,2
20230921,29,21.12,12423.8,12244.0,2
20230921,29,21.81,12423.8,11544.0,2
20230921,29,22.00,12423.8,11543.8,2
20230921,29,22.23,12423.8,11543.3,2
20230921,29,22.28,12473.8,11542.3,2
20230921,29,22.90,12473.8,11542.3,2
20230921,29,23.04,12473.8,11541.2,2
20230921,29,24.06,12473.8,11541.0,2
20230921,29,24.21,12473.8,11539.4,2
20230921,29,24.48,12473.8,11538.8,2
20230921,29,25.11,12473.8,11538.2,2
20230921,29,25.85,12473.8,11535.3,2
20230921,29,26.00,12473.8,11485.3,2
20230921,29,26.31,12473.8,11474.5,2
20230921,29,26.56,12473.8,11474.0,2
20230921,29,27.00,12473.8,11473.5,2
20230921,29,27.01,12473.8,11439.8,2
20230921,29,27.53,12473.8,11435.6,2
20230921,29,27.73,12473.8,11435.1,2
20230921,29,28.00,12473.8,11426.5,2
20230921,29,30.00,12473.8,11395.2,2
20230921,29,32.00,12473.8,11377.7,2
20230921,29,35.00,12473.8,11283.7,2
20230921,29,36.00,12473.8,11280.1,2
20230921,29,37.67,12473.8,11276.5,2
20230921,29,39.98,12533.8,11273.3,2
20230921,29,40.00,12533.8,11273.3,2
20230921,29,45.00,12533.8,11269.5,2
20230921,29,45.12,12533.8,11232.4,2
20230921,29,45.56,12533.8,11227.4,2
20230921,29,50.00,12533.8,11206.7,2
20230921,29,50.01,12535.5,11084.1,2
20230921,29,60.00,12535.5,11084.1,2
20230921,29,61.00,12535.5,11035.9,2
20230921,29,62.00,12535.5,11014.0,2
20230921,29,65.00,12535.5,10996.6,2
20230921,29,67.94,12535.5,10989.6,2
20230921,29,77.80,12535.5,10980.2,2
20230921,29,79.90,12535.5,10962.7,2
20230921,29,79.98,12555.5,10948.3,2
20230921,29,80.00,12555.5,10948.3,2
20230921,29,80.01,12555.5,10723.7,2
20230921,29,80.05,12555.5,10674.3,2
20230921,29,80.10,12555.5,10671.7,2
20230921,29,80.20,12555.5,10641.3,2
20230921,29,82.01,12555.5,10633.3,2
20230921,29,85.00,12555.5,10609.1,2
20230921,29,90.00,12555.5,10602.3,2
20230921,29,99.90,12555.5,10584.2,2
20230921,29,100.00,12555.5,10584.1,2
20230921,29,100.01,12555.6,10520.4,2
20230921,29,101.00,12555.6,10520.4,2
20230921,29,102.00,12555.6,10506.5,2
20230921,29,120.10,12555.6,10393.4,2
20230921,29,138.00,12555.6,10389.9,2
20230921,29,190.00,12555.6,10293.6,2
20230921,29,200.00,12555.6,10293.2,2
20230921,29,200.01,12555.6,9748.4,2
20230921,29,200.10,12555.6,9268.6,2
20230921,29,200.50,12555.6,9267.2,2
20230921,29,201.00,12555.6,9266.7,2
20230921,29,210.00,12555.6,9238.0,2
20230921,29,300.00,12555.6,9206.6,2
20230921,29,548.66,12555.6,9193.6,2
20230921,29,999.00,12555.6,9186.6,2
20230921,29,999.99,12555.6,0.0,2
20230921,30,0.00,0.0,24198.7,0
20230921,30,0.00,3938.7,24198.7,0
20230921,30,0.01,12179.5,24198.7,0
20230921,30,0.02,12206.4,24198.2,0
20230921,30,0.03,12206.8,24173.8,0
20230921,30,0.04,12207.2,24156.7,0
20230921,30,0.09,12207.2,24156.7,0
20230921,30,0.10,12207.2,24141.2,0
20230921,30,0.20,12207.2,24021.1,0
20230921,30,0.30,12207.2,23996.1,0
20230921,30,0.62,12207.2,23992.1,0
20230921,30,0.90,12208.2,23972.1,0
20230921,30,1.00,12457.2,23972.1,0
20230921,30,1.01,12457.6,23775.6,0
20230921,30,1.12,12457.6,23755.6,0
20230921,30,1.51,12474.9,23745.6,0
20230921,30,1.56,12563.0,23745.6,0
20230921,30,2.01,12563.0,23745.6,0
20230921,30,2.12,12563.0,23735.6,0
20230921,30,2.15,12673.9,23715.6,0
20230921,30,2.81,12676.4,23715.6,0
20230921,30,3.00,12676.4,23715.6,0
20230921,30,3.01,12676.4,23635.6,0
20230921,30,3.10,12676.4,23625.6,0
20230921,30,3.12,12676.4,23605.6,0
20230921,30,3.76,12677.4,23575.6,0
20230921,30,3.81,12679.4,23575.6,0
20230921,30,4.65,12718.3,23575.6,0
20230921,30,5.00,12768.7,23575.6,0
20230921,30,5.01,12773.8,23448.5,0
20230921,30,5.12,12773.8,23418.5,0
20230921,30,5.61,12776.4,23398.5,0
20230921,30,6.00,12776.4,23398.5,0
20230921,30,6.01,12777.4,23367.6,0
20230921,30,6.02,12781.2,23367.6,0
20230921,30,6.06,12783.2,23367.6,0
20230921,30,6.26,12783.2,23367.6,0
20230921,30,7.00,12788.7,23363.6,0
20230921,30,7.01,12788.7,23363.5,0
20230921,30,7.12,12788.7,23084.8,0
20230921,30,7.50,12808.7,23064.8,0
20230921,30,7.70,12809.4,23064.8,0
20230921,30,7.90,12809.4,23064.8,0
20230921,30,8.00,12837.5,23061.5,0
20230921,30,8.02,12853.7,23061.5,0
20230921,30,8.26,12854.7,23061.5,0
20230921,30,8.31,12856.7,23061.5,0
20230921,30,8.40,12859.2,23061.5,0
20230921,30,8.50,12859.2,23061.5,0
20230921,30,9.09,12859.2,23051.5,0
20230921,30,9.12,12859.2,22894.5,0
20230921,30,10.00,12900.9,22859.5,0
20230921,30,10.17,12900.9,22779.5,0
20230921,30,10.19,12900.9,22749.5,0
20230921,30,10.51,12901.9,22545.7,0
20230921,30,10.56,12903.9,22545.7,0
20230921,30,10.58,13102.0,22545.7,0
20230921,30,10.59,13334.7,22513.2,0
20230921,30,10.87,13334.7,22513.2,0
20230921,30,11.00,13334.7,22503.2,0
20230921,30,11.20,13337.3,22503.1,0
20230921,30,11.53,13337.3,22503.1,0
20230921,30,11.75,13337.3,22338.1,0
20230921,30,11.81,13337.3,22138.1,0
20230921,30,11.88,13337.3,21938.1,0
20230921,30,11.95,13337.3,21738.1,0
20230921,30,11.96,13337.3,21736.0,0
20230921,30,12.00,13337.3,21536.0,0
20230921,30,12.04,13337.3,21535.0,0
20230921,30,12.13,13337.3,21335.0,0
20230921,30,12.23,13337.3,21135.0,0
20230921,30,12.36,13337.3,20935.0,0
20230921,30,12.65,13337.3,20735.0,0
20230921,30,12.66,13337.3,20535.0,0
20230921,30,12.73,13337.3,20454.0,0
20230921,30,12.76,13338.3,19955.9,0
20230921,30,12.81,13340.3,19955.9,0
20230921,30,12.87,13340.3,19945.9,0
20230921,30,13.00,13340.3,19935.9,0
20230921,30,13.50,13350.3,19905.0,0
20230921,30,13.95,13350.3,19905.0,0
20230921,30,14.00,13352.8,19881.0,0
20230921,30,14.10,13352.8,19879.7,0
20230921,30,14.30,13352.8,19879.1,0
20230921,30,14.31,13353.7,19878.7,0
20230921,30,14.50,13391.7,19878.7,0
20230921,30,14.61,13392.5,19877.2,0
20230921,30,14.81,13392.5,19877.2,0
20230921,30,14.87,13392.5,19867.2,0
20230921,30,14.92,13393.4,19837.2,0
20230921,30,14.99,13393.4,19837.2,0
20230921,30,15.00,13629.4,19837.1,0
20230921,30,15.01,13630.4,19832.4,0
20230921,30,15.02,13632.2,19832.4,0
20230921,30,15.06,13634.2,19832.4,0
20230921,30,15.15,13634.2,19832.4,0
20230921,30,15.22,13635.0,19740.4,0
20230921,30,15.41,13635.0,19723.8,0
20230921,30,15.47,13635.0,19697.8,0
20230921,30,15.51,13635.0,19300.8,0
20230921,30,15.53,13635.8,19287.7,0
20230921,30,15.55,13635.8,19278.3,0
20230921,30,15.58,13635.8,19078.3,0
20230921,30,15.73,13635.8,19077.4,0
20230921,30,15.80,13635.8,19069.6,0
20230921,30,15.81,13635.8,19069.3,0
20230921,30,15.86,13635.8,19069.2,0
20230921,30,15.87,13635.8,19068.1,0
20230921,30,15.90,13646.8,19067.0,0
20230921,30,15.91,13646.8,19067.0,0
20230921,30,15.92,13646.8,19066.8,0
20230921,30,16.00,13647.8,18905.8,0
20230921,30,16.04,13647.8,18891.6,0
20230921,30,16.05,13647.8,18882.1,0
20230921,30,16.10,13648.8,18873.9,0
20230921,30,16.12,13712.8,18873.9,0
20230921,30,16.20,13713.8,18873.9,0
20230921,30,16.27,13777.8,18873.9,0
20230921,30,16.30,13778.8,18873.9,0
20230921,30,16.33,13778.8,18873.9,0
20230921,30,16.34,13779.1,18873.8,0
20230921,30,16.37,13843.1,18873.8,0
20230921,30,16.47,13907.1,18873.8,0
20230921,30,16.55,13907.1,18873.8,0
20230921,30,16.60,13907.1,18864.4,0
20230921,30,16.66,13971.1,18864.3,0
20230921,30,16.75,14035.1,18864.3,0
20230921,30,16.81,14035.1,18864.3,0
20230921,30,16.82,14043.1,18852.3,0
20230921,30,16.85,14107.1,18852.3,0
20230921,30,16.99,14107.1,18852.3,0
20230921,30,17.03,14171.1,18852.2,0
20230921,30,17.06,14171.1,18852.2,0
20230921,30,17.10,14171.1,18833.3,0
20230921,30,17.16,14245.0,18833.2,0
20230921,30,17.25,14245.0,18833.2,0
20230921,30,17.31,14247.0,18832.0,0
20230921,30,17.45,14247.0,18832.0,0
20230921,30,17.63,14247.0,18831.7,0
20230921,30,17.82,14248.9,18725.7,0
20230921,30,17.83,14250.8,18725.7,0
20230921,30,17.91,14250.8,18720.5,0
20230921,30,18.00,14250.8,18678.5,0
20230921,30,18.03,14250.8,18678.0,0
20230921,30,18.04,14250.8,18677.9,0
20230921,30,18.17,14250.8,18333.9,0
20230921,30,18.47,14250.8,18333.8,0
20230921,30,18.49,14250.8,14243.8,0
20230921,30,18.62,14250.8,13987.8,0
20230921,30,18.63,14251.0,13986.4,0
20230921,30,18.86,14251.0,13986.4,0
20230921,30,18.87,14257.6,13983.1,0
20230921,30,19.00,14257.6,13983.1,0
20230921,30,19.47,14257.6,13982.3,0
20230921,30,19.51,14257.6,13981.7,0
20230921,30,19.71,14481.6,13981.6,0
20230921,30,20.00,14481.6,13981.6,0
20230921,30,20.11,14483.1,13869.7,0
20230921,30,20.13,14483.1,13869.7,0
20230921,30,20.32,14483.1,13869.0,0
20230921,30,20.38,14487.1,13791.0,0
20230921,30,20.40,14487.1,13791.0,0
20230921,30,20.62,14521.0,13790.2,0
20230921,30,20.81,14531.0,13790.2,0
20230921,30,20.95,14531.0,13778.4,0
20230921,30,21.00,14531.0,13759.5,0
20230921,30,21.50,14531.0,13759.4,0
20230921,30,21.51,14531.0,13758.9,0
20230921,30,21.76,14531.0,13758.0,0
20230921,30,21.81,14531.0,13757.2,0
20230921,30,22.00,14531.0,13757.0,0
20230921,30,22.62,14531.0,13744.5,0
20230921,30,22.72,14531.1,13743.7,0
20230921,30,23.00,14531.1,13743.7,0
20230921,30,23.03,14531.1,13743.1,0
20230921,30,23.74,14531.1,13743.0,0
20230921,30,24.00,14531.1,13741.3,0
20230921,30,24.06,14531.1,13741.1,0
20230921,30,25.00,14531.1,13739.1,0
20230921,30,25.13,14531.1,13681.5,0
20230921,30,26.05,14531.1,13675.2,0
20230921,30,26.31,14531.1,13673.5,0
20230921,30,27.00,14531.1,13671.5,0
20230921,30,27.44,14531.1,13628.6,0
20230921,30,28.00,14531.1,13609.7,0
20230921,30,28.56,14531.1,13445.4,0
20230921,30,29.39,14531.2,13443.4,0
20230921,30,29.91,14531.2,13443.4,0
20230921,30,29.97,14531.2,13441.7,0
20230921,30,30.00,14531.2,13432.6,0
20230921,30,30.24,14531.2,13393.4,0
20230921,30,30.81,14531.2,13386.3,0
20230921,30,31.96,14531.2,13384.5,0
20230921,30,32.00,14531.2,13378.6,0
20230921,30,32.70,14534.7,13190.5,0
20230921,30,33.03,14534.7,13190.5,0
20230921,30,33.06,14534.7,13189.6,0
20230921,30,33.77,14534.7,13188.6,0
20230921,30,33.94,14534.7,13186.9,0
20230921,30,34.00,14534.7,13167.9,0
20230921,30,35.00,14534.7,13111.0,0
20230921,30,35.31,14534.7,13079.4,0
20230921,30,35.93,14534.8,13078.4,0
20230921,30,36.34,14534.8,13078.4,0
20230921,30,37.41,14534.8,13076.7,0
20230921,30,37.52,14534.8,13075.0,0
20230921,30,37.56,14534.8,12876.7,0
20230921,30,37.63,14534.8,12875.7,0
20230921,30,37.66,14534.8,12873.5,0
20230921,30,38.11,14534.8,12872.5,0
20230921,30,38.27,14534.8,12849.6,0
20230921,30,39.81,14534.8,12830.7,0
20230921,30,40.00,14534.8,12829.7,0
20230921,30,40.01,14534.8,12750.9,0
20230921,30,40.07,14534.8,12750.8,0
20230921,30,40.43,14534.8,12731.9,0
20230921,30,42.06,14534.8,12676.4,0
20230921,30,44.31,14534.8,12675.4,0
20230921,30,44.72,14534.8,12674.4,0
20230921,30,45.00,14534.8,12674.3,0
20230921,30,46.56,14534.8,12604.7,0
20230921,30,50.00,14534.8,12602.9,0
20230921,30,50.01,14542.6,12588.1,0
20230921,30,50.12,14542.6,12588.1,0
20230921,30,50.90,14542.6,12498.6,0
20230921,30,55.06,14542.6,12495.4,0
20230921,30,60.00,14542.6,12467.1,0
20230921,30,62.00,14542.6,12401.0,0
20230921,30,67.94,14542.6,12345.8,0
20230921,30,70.00,14542.6,12334.7,0
20230921,30,77.80,14542.6,12328.8,0
20230921,30,79.90,14542.6,12317.3,0
20230921,30,80.00,14542.6,12314.8,0
20230921,30,80.01,14542.6,11774.3,0
20230921,30,80.21,14552.6,11519.8,0
20230921,30,80.50,14552.6,11519.8,0
20230921,30,81.00,14552.6,11519.7,0
20230921,30,82.01,14552.6,11519.3,0
20230921,30,85.00,14552.6,11452.3,0
20230921,30,90.00,14552.6,11396.2,0
20230921,30,99.90,14552.6,11381.4,0
20230921,30,100.00,14552.6,11381.3,0
20230921,30,100.01,14567.4,11036.2,0
20230921,30,101.00,14567.4,11036.2,0
20230921,30,102.00,14567.4,11016.1,0
20230921,30,105.00,14567.4,10956.6,0
20230921,30,120.10,14567.4,10956.4,0
20230921,30,130.00,14567.4,10885.1,0
20230921,30,138.00,14567.4,10877.0,0
20230921,30,150.00,14567.4,10624.6,0
20230921,30,200.00,14567.4,10621.9,0
20230921,30,200.01,14567.4,9374.8,0
20230921,30,200.10,14567.4,8824.3,0
20230921,30,200.50,14567.4,8718.0,0
20230921,30,201.00,14567.4,8707.9,0
20230921,30,210.00,14567.4,8614.2,0
20230921,30,250.00,14567.4,8500.0,0
20230921,30,300.00,14567.4,8328.1,0
20230921,30,500.00,14567.4,7918.6,0
20230921,30,548.66,14567.4,7916.6,0
20230921,30,550.02,14567.4,7910.0,0
20230921,30,999.00,14567.4,7806.5,0
20230921,30,999.99,14567.4,0.0,0
20230921,30,0.00,0.0,22336.7,1
20230921,30,0.00,9915.3,22336.7,1
20230921,30,0.01,15186.1,22336.7,1
20230921,30,0.02,15191.7,22327.4,1
20230921,30,0.03,15192.2,22324.1,1
20230921,30,0.04,15195.2,22306.8,1
20230921,30,0.09,15195.2,22306.8,1
20230921,30,0.20,15195.2,22273.2,1
20230921,30,0.62,15195.2,22238.2,1
20230921,30,1.00,15482.3,22218.2,1
20230921,30,1.01,15483.4,22186.6,1
20230921,30,1.12,15483.4,22171.6,1
20230921,30,1.56,15568.1,22161.6,1
20230921,30,2.00,15569.1,22161.6,1
20230921,30,2.01,15569.1,22161.6,1
20230921,30,2.10,15569.1,22141.6,1
20230921,30,2.12,15569.1,22135.6,1
20230921,30,2.81,15575.2,22115.6,1
20230921,30,3.00,15575.2,22115.6,1
20230921,30,3.01,15575.2,22035.6,1
20230921,30,3.10,15575.2,22015.6,1
20230921,30,3.12,15575.2,21980.6,1
20230921,30,3.81,15577.4,21950.6,1
20230921,30,5.00,15604.8,21950.6,1
20230921,30,5.01,15604.8,21897.4,1
20230921,30,5.12,15604.8,21877.4,1
20230921,30,5.61,15610.9,21857.4,1
20230921,30,6.00,15610.9,21857.4,1
20230921,30,6.02,15616.5,21834.3,1
20230921,30,6.06,15619.5,21834.3,1
20230921,30,7.00,15628.6,21834.3,1
20230921,30,7.12,15628.6,21834.3,1
20230921,30,7.50,15648.6,21814.3,1
20230921,30,8.00,15648.6,21814.3,1
20230921,30,8.01,15648.6,21794.2,1
20230921,30,8.31,15651.6,21784.8,1
20230921,30,8.40,15657.8,21784.8,1
20230921,30,9.50,15657.8,21784.8,1
20230921,30,9.66,15657.8,21637.8,1
20230921,30,10.00,15662.7,21513.8,1
20230921,30,10.05,15682.7,21503.8,1
20230921,30,10.20,15682.7,21503.8,1
20230921,30,10.38,15682.7,21379.8,1
20230921,30,10.46,15682.7,21255.8,1
20230921,30,10.51,15682.7,21168.8,1
20230921,30,10.56,15685.7,21017.8,1
20230921,30,11.20,15691.8,21017.8,1
20230921,30,11.40,15691.8,21017.8,1
20230921,30,11.50,15691.8,20866.8,1
20230921,30,11.67,15691.8,20866.2,1
20230921,30,11.87,15691.8,20744.2,1
20230921,30,12.00,15693.6,20729.2,1
20230921,30,12.58,15693.6,20693.7,1
20230921,30,12.70,15693.6,20643.7,1
20230921,30,12.73,15693.6,20593.7,1
20230921,30,12.75,15693.6,20572.0,1
20230921,30,12.81,15696.6,20562.0,1
20230921,30,13.00,15696.6,20562.0,1
20230921,30,13.87,15696.6,20526.5,1
20230921,30,14.00,15702.7,20511.5,1
20230921,30,14.33,15704.8,20498.2,1
20230921,30,14.50,15734.8,20498.2,1
20230921,30,14.66,15736.8,20498.2,1
20230921,30,14.75,15736.8,20498.2,1
20230921,30,14.83,15736.8,20483.2,1
20230921,30,14.98,15738.9,20483.1,1
20230921,30,15.00,15738.9,20483.1,1
20230921,30,15.01,15755.0,20466.5,1
20230921,30,15.02,15757.7,20461.9,1
20230921,30,15.06,15760.7,20461.9,1
20230921,30,15.31,15762.7,20461.9,1
20230921,30,15.64,15764.7,20461.9,1
20230921,30,15.70,15767.9,20459.4,1
20230921,30,16.00,15767.9,20459.4,1
20230921,30,16.01,15768.7,20413.1,1
20230921,30,16.19,15768.7,20413.1,1
20230921,30,16.35,15818.7,20410.6,1
20230921,30,16.40,15818.7,20410.6,1
20230921,30,16.70,15818.7,20410.5,1
20230921,30,16.74,15818.7,20410.4,1
20230921,30,16.80,15818.7,20407.9,1
20230921,30,16.88,15825.2,20407.8,1
20230921,30,16.89,15831.7,20407.8,1
20230921,30,16.95,15881.7,20407.8,1
20230921,30,17.18,15881.7,20407.8,1
20230921,30,17.28,15881.7,20391.6,1
20230921,30,17.31,15884.7,20386.5,1
20230921,30,17.62,15884.7,20386.5,1
20230921,30,17.75,15884.9,20264.5,1
20230921,30,17.76,15885.1,20264.5,1
20230921,30,17.87,15885.1,20264.5,1
20230921,30,18.00,15885.1,20142.5,1
20230921,30,18.21,15885.1,20140.2,1
20230921,30,18.24,15885.1,20018.2,1
20230921,30,19.00,15885.1,19951.2,1
20230921,30,19.70,15885.1,19950.2,1
20230921,30,19.80,15885.1,19949.6,1
20230921,30,19.87,15913.0,19941.5,1
20230921,30,19.91,15913.0,19941.5,1
20230921,30,20.00,15913.0,19909.1,1
20230921,30,20.01,15913.0,19905.1,1
20230921,30,20.13,15913.0,19877.1,1
20230921,30,20.21,15913.0,19872.6,1
20230921,30,20.75,15942.9,17898.6,1
20230921,30,21.00,15942.9,17898.6,1
20230921,30,21.10,15942.9,17898.5,1
20230921,30,21.81,15942.9,17776.5,1
20230921,30,22.05,15942.9,17776.2,1
20230921,30,22.21,15942.9,17690.8,1
20230921,30,22.45,15942.9,17690.7,1
20230921,30,22.80,16392.0,17689.9,1
20230921,30,22.90,16392.0,17689.9,1
20230921,30,22.92,16392.0,17641.0,1
20230921,30,23.00,16405.0,17632.0,1
20230921,30,23.64,16405.0,17630.9,1
20230921,30,23.72,16405.0,16873.9,1
20230921,30,24.06,16405.0,16873.2,1
20230921,30,24.88,16405.0,16870.2,1
20230921,30,25.00,16425.0,16865.8,1
20230921,30,25.07,16425.0,16865.8,1
20230921,30,25.38,16425.0,16835.2,1
20230921,30,26.31,16425.0,16831.5,1
20230921,30,27.00,16425.0,16830.5,1
20230921,30,27.21,16425.0,16803.2,1
20230921,30,27.45,16425.0,16802.5,1
20230921,30,27.75,16425.0,16795.3,1
20230921,30,28.00,16425.0,16794.7,1
20230921,30,28.56,16425.0,16688.5,1
20230921,30,29.63,16425.0,16687.5,1
20230921,30,30.00,16435.0,16683.1,1
20230921,30,30.01,16435.0,16665.3,1
20230921,30,30.43,16435.0,16629.0,1
20230921,30,30.56,16435.0,16628.3,1
20230921,30,30.81,16435.0,16626.9,1
20230921,30,31.55,16435.0,16625.9,1
20230921,30,31.78,16435.0,16625.3,1
20230921,30,32.00,16435.0,16605.4,1
20230921,30,32.80,16435.0,16470.0,1
20230921,30,33.06,16435.0,16465.5,1
20230921,30,34.12,16435.0,16464.5,1
20230921,30,34.38,16435.0,16460.1,1
20230921,30,35.00,16435.0,16336.9,1
20230921,30,35.31,16435.0,16265.0,1
20230921,30,35.93,16437.5,16264.5,1
20230921,30,36.00,16437.5,16264.5,1
20230921,30,39.19,16440.0,16214.5,1
20230921,30,40.00,16440.0,16214.5,1
20230921,30,40.50,16440.0,16188.4,1
20230921,30,45.00,16440.0,16186.3,1
20230921,30,45.01,16440.0,16164.0,1
20230921,30,46.00,16440.0,15955.5,1
20230921,30,46.94,16440.0,15905.5,1
20230921,30,50.00,16440.0,15894.6,1
20230921,30,50.12,16440.0,15868.1,1
20230921,30,51.00,16440.0,15852.4,1
20230921,30,60.00,16440.0,15850.6,1
20230921,30,61.00,16440.0,15811.8,1
20230921,30,62.00,16440.0,15802.8,1
20230921,30,62.50,16440.0,15788.5,1
20230921,30,66.50,16440.0,15788.4,1
20230921,30,67.94,16440.0,15788.0,1
20230921,30,70.90,16440.0,15760.2,1
20230921,30,77.80,16440.0,11364.2,1
20230921,30,79.90,16440.0,11234.2,1
20230921,30,80.00,16440.0,11230.0,1
20230921,30,80.01,16440.0,10969.2,1
20230921,30,80.10,16440.0,10911.9,1
20230921,30,80.21,16450.0,10899.0,1
20230921,30,81.00,16450.0,10899.0,1
20230921,30,82.01,16450.0,10829.1,1
20230921,30,85.00,16450.0,10797.7,1
20230921,30,90.00,16450.0,10785.6,1
20230921,30,99.90,16450.0,10777.0,1
20230921,30,100.00,16450.0,10776.8,1
20230921,30,100.01,16456.3,7924.9,1
20230921,30,101.00,16456.3,7924.9,1
20230921,30,102.00,16456.3,7813.3,1
20230921,30,120.10,16456.3,7620.9,1
20230921,30,138.00,16456.3,7618.2,1
20230921,30,190.00,16456.3,7616.8,1
20230921,30,200.00,16456.3,7614.4,1
20230921,30,200.01,16456.3,6801.6,1
20230921,30,200.10,16456.3,6258.1,1
20230921,30,201.00,16456.3,6221.1,1
20230921,30,210.00,16456.3,6191.3,1
20230921,30,250.00,16456.3,5795.0,1
20230921,30,300.00,16456.3,5757.4,1
20230921,30,548.66,16456.3,5653.2,1
20230921,30,550.02,16456.3,5179.1,1
20230921,30,999.00,16456.3,5070.2,1
20230921,30,999.99,16456.3,0.0,1
20230921,30,0.00,0.0,15215.7,2
20230921,30,0.00,8188.5,15215.7,2
20230921,30,0.01,11552.1,15215.7,2
20230921,30,0.02,11685.5,15204.4,2
20230921,30,0.03,11686.0,15187.7,2
20230921,30,0.04,11700.6,15174.5,2
20230921,30,0.09,11700.6,15174.5,2
20230921,30,0.20,11700.6,15130.7,2
20230921,30,0.62,11700.6,15090.7,2
20230921,30,1.00,11701.0,15050.7,2
20230921,30,1.01,11701.0,14990.1,2
20230921,30,1.12,11701.0,14980.1,2
20230921,30,1.56,11730.5,14960.1,2
20230921,30,1.95,11732.3,14960.1,2
20230921,30,2.00,11733.8,14960.1,2
20230921,30,2.01,11733.8,14960.1,2
20230921,30,2.12,11733.8,14950.1,2
20230921,30,2.81,11734.9,14910.1,2
20230921,30,3.00,11734.9,14910.1,2
20230921,30,3.01,11734.9,14830.1,2
20230921,30,3.10,11734.9,14810.1,2
20230921,30,3.12,11734.9,14800.1,2
20230921,30,3.81,11735.9,14740.1,2
20230921,30,3.89,11737.7,14740.1,2
20230921,30,5.00,11814.3,14740.1,2
20230921,30,5.01,11814.3,14643.2,2
20230921,30,5.04,11814.3,14613.2,2
20230921,30,5.12,11814.3,14313.2,2
20230921,30,5.50,11814.4,14273.2,2
20230921,30,5.61,11815.6,14273.2,2
20230921,30,5.84,11817.5,14273.2,2
20230921,30,6.00,11819.1,14273.2,2
20230921,30,6.01,11819.1,14260.4,2
20230921,30,6.06,11820.1,14249.0,2
20230921,30,6.26,11820.1,14249.0,2
20230921,30,6.94,11824.6,14247.4,2
20230921,30,7.00,11845.3,14247.4,2
20230921,30,7.12,11845.3,14247.4,2
20230921,30,7.78,11847.1,14207.4,2
20230921,30,8.00,11847.1,14207.4,2
20230921,30,8.31,11848.1,14167.4,2
20230921,30,8.40,11849.2,14167.4,2
20230921,30,8.59,11849.2,14167.4,2
20230921,30,9.30,11849.2,14164.3,2
20230921,30,9.60,11849.2,14154.3,2
20230921,30,9.72,11851.0,14040.3,2
20230921,30,9.80,11852.0,14040.3,2
20230921,30,9.81,11852.0,14040.3,2
20230921,30,9.82,11852.0,14011.3,2
20230921,30,9.83,11859.6,13961.3,2
20230921,30,9.99,11979.6,13961.3,2
20230921,30,10.00,11983.3,13961.3,2
20230921,30,10.22,11983.3,13952.1,2
20230921,30,10.23,11983.3,13903.1,2
20230921,30,10.50,11993.7,13853.1,2
20230921,30,10.53,11994.3,13853.1,2
20230921,30,10.56,11995.3,13853.1,2
20230921,30,11.00,11995.3,13853.1,2
20230921,30,11.20,11996.5,13793.0,2
20230921,30,11.28,11996.5,13793.0,2
20230921,30,11.30,11996.5,13792.9,2
20230921,30,11.31,12000.2,13776.6,2
20230921,30,11.35,12000.8,13776.6,2
20230921,30,11.50,12000.8,13776.6,2
20230921,30,11.64,12000.8,13775.9,2
20230921,30,12.00,12000.9,13760.9,2
20230921,30,12.05,12001.9,13759.0,2
20230921,30,12.16,12002.5,13759.0,2
20230921,30,12.81,12003.5,13759.0,2
20230921,30,12.97,12004.1,13759.0,2
20230921,30,13.00,12004.1,13759.0,2
20230921,30,13.01,12004.1,13752.7,2
20230921,30,13.02,12034.1,13744.0,2
20230921,30,13.03,12034.1,13710.3,2
20230921,30,13.04,12034.1,13676.6,2
20230921,30,13.05,12034.1,13642.9,2
20230921,30,13.07,12034.1,13609.2,2
20230921,30,13.31,12064.1,13604.1,2
20230921,30,13.39,12064.1,13604.1,2
20230921,30,13.63,12064.1,13394.1,2
20230921,30,13.64,12064.1,13369.1,2
20230921,30,13.78,12064.7,13354.1,2
20230921,30,13.86,12094.7,13354.1,2
20230921,30,14.00,12095.8,13354.1,2
20230921,30,14.01,12095.9,13353.2,2
20230921,30,14.16,12125.9,13353.2,2
20230921,30,14.30,12134.3,13353.2,2
20230921,30,14.31,12142.7,13353.2,2
20230921,30,14.33,12143.1,13353.2,2
20230921,30,14.43,12171.1,13353.2,2
20230921,30,14.53,12171.1,13353.2,2
20230921,30,14.56,12171.1,13333.2,2
20230921,30,14.66,12171.5,13328.5,2
20230921,30,14.98,12171.9,13328.5,2
20230921,30,15.00,12171.9,13328.5,2
20230921,30,15.01,12173.3,13303.6,2
20230921,30,15.06,12174.3,13298.1,2
20230921,30,15.31,12174.7,13298.1,2
20230921,30,15.50,12179.7,13298.1,2
20230921,30,15.64,12180.0,13298.1,2
20230921,30,16.00,12180.0,13297.9,2
20230921,30,16.40,12180.0,13297.1,2
20230921,30,16.55,12180.0,13297.0,2
20230921,30,16.65,12180.3,13296.9,2
20230921,30,16.66,12180.6,13296.9,2
20230921,30,17.00,12180.6,13296.9,2
20230921,30,17.14,12180.6,13276.9,2
20230921,30,17.22,12180.6,13276.6,2
20230921,30,17.30,12180.6,13276.3,2
20230921,30,17.31,12182.5,13276.2,2
20230921,30,17.50,12182.5,13276.2,2
20230921,30,17.64,12202.5,13276.1,2
20230921,30,17.88,12202.5,13276.1,2
20230921,30,17.89,12202.5,13228.4,2
20230921,30,17.91,12208.5,13178.4,2
20230921,30,18.30,12208.5,13178.4,2
20230921,30,18.58,12208.5,13178.3,2
20230921,30,18.60,12208.5,13159.9,2
20230921,30,18.64,12208.5,13159.8,2
20230921,30,18.78,12208.5,13109.6,2
20230921,30,18.80,12208.5,13059.6,2
20230921,30,19.00,12208.5,13058.6,2
20230921,30,19.38,12224.3,13058.5,2
20230921,30,19.50,12224.3,13058.5,2
20230921,30,19.56,12224.3,13058.4,2
20230921,30,19.62,12224.3,13016.0,2
20230921,30,19.64,12254.2,13015.7,2
20230921,30,19.74,12254.2,13015.7,2
20230921,30,19.90,12254.2,13015.6,2
20230921,30,19.98,12259.7,13015.5,2
20230921,30,20.00,12259.7,13015.5,2
20230921,30,20.01,12259.7,13001.7,2
20230921,30,20.10,12259.7,12996.1,2
20230921,30,20.14,12259.7,12994.8,2
20230921,30,20.30,12259.7,12994.3,2
20230921,30,20.43,12259.7,12994.2,2
20230921,30,20.44,12259.7,12981.8,2
20230921,30,20.45,12259.7,12931.8,2
20230921,30,20.46,12259.7,12881.8,2
20230921,30,20.47,12259.7,12831.8,2
20230921,30,20.48,12259.7,12781.8,2
20230921,30,20.49,12259.7,12731.8,2
20230921,30,20.50,12259.7,12681.8,2
20230921,30,20.51,12259.7,12631.8,2
20230921,30,20.80,12259.7,12581.8,2
20230921,30,21.00,12259.7,12563.1,2
20230921,30,21.05,12259.7,12562.9,2
20230921,30,21.12,12259.7,12561.9,2
20230921,30,21.81,12259.7,11911.9,2
20230921,30,21.89,12259.7,11911.7,2
20230921,30,22.02,12259.7,11911.2,2
20230921,30,22.28,12309.7,11910.9,2
20230921,30,22.90,12309.7,11910.9,2
20230921,30,23.00,12309.7,11909.8,2
20230921,30,23.30,12309.7,11909.4,2
20230921,30,24.06,12309.7,11908.4,2
20230921,30,24.42,12309.7,11906.8,2
20230921,30,24.74,12309.7,11906.5,2
20230921,30,24.80,12309.7,11905.2,2
20230921,30,25.00,12309.7,11904.7,2
20230921,30,25.55,12309.7,11904.6,2
20230921,30,25.85,12309.7,11904.0,2
20230921,30,26.31,12309.7,11854.0,2
20230921,30,26.82,12309.7,11853.5,2
20230921,30,27.00,12309.7,11853.2,2
20230921,30,27.01,12309.7,11820.3,2
20230921,30,27.72,12309.7,11815.8,2
20230921,30,28.00,12309.7,11815.2,2
20230921,30,29.22,12309.7,11784.6,2
20230921,30,29.66,12309.7,11783.0,2
20230921,30,30.00,12309.7,11782.5,2
20230921,30,30.47,12309.7,11754.1,2
20230921,30,30.63,12309.7,11753.6,2
20230921,30,32.00,12309.7,11745.4,2
20230921,30,35.00,12309.7,11652.1,2
20230921,30,36.00,12309.7,11648.0,2
20230921,30,39.98,12369.7,11644.4,2
20230921,30,40.00,12369.7,11644.4,2
20230921,30,43.83,12369.7,11640.6,2
20230921,30,45.00,12369.7,11637.3,2
20230921,30,45.12,12369.7,11600.6,2
20230921,30,46.94,12369.7,11595.6,2
20230921,30,50.00,12369.7,11578.0,2
20230921,30,50.01,12371.5,11457.1,2
20230921,30,60.00,12371.5,11457.1,2
20230921,30,61.00,12371.5,11409.3,2
20230921,30,62.00,12371.5,11388.0,2
20230921,30,65.00,12371.5,11370.9,2
20230921,30,67.94,12371.5,11363.7,2
20230921,30,77.80,12371.5,11354.1,2
20230921,30,79.90,12371.5,11336.7,2
20230921,30,79.98,12391.5,11322.5,2
20230921,30,80.00,12391.5,11322.5,2
20230921,30,80.01,12391.5,11098.9,2
20230921,30,80.05,12391.5,11051.1,2
20230921,30,80.10,12391.5,11050.9,2
20230921,30,80.20,12391.5,11020.7,2
20230921,30,82.01,12391.5,11012.7,2
20230921,30,85.00,12391.5,10988.4,2
20230921,30,90.00,12391.5,10981.8,2
20230921,30,99.90,12391.5,10963.9,2
20230921,30,100.00,12391.5,10963.8,2
20230921,30,100.01,12391.6,10904.0,2
20230921,30,101.00,12391.6,10904.0,2
20230921,30,102.00,12391.6,10890.1,2
20230921,30,120.10,12391.6,10781.5,2
20230921,30,138.00,12391.6,10778.0,2
20230921,30,190.00,12391.6,10681.6,2
20230921,30,200.00,12391.6,10681.3,2
20230921,30,200.01,12391.6,10141.0,2
20230921,30,200.10,12391.6,9667.7,2
20230921,30,200.50,12391.6,9666.3,2
20230921,30,201.00,12391.6,9665.8,2
20230921,30,210.00,12391.6,9637.5,2
20230921,30,300.00,12391.6,9604.6,2
20230921,30,548.66,12391.6,9591.6,2
20230921,30,999.00,12391.6,9584.6,2
20230921,30,999.99,12391.6,0.0,2
20230921,31,0.00,0.0,23803.0,0
20230921,31,0.00,3749.0,23803.0,0
20230921,31,0.01,12005.4,23803.0,0
20230921,31,0.02,12031.8,23802.6,0
20230921,31,0.03,12031.8,23778.3,0
20230921,31,0.04,12032.2,23761.6,0
20230921,31,0.09,12032.2,23761.6,0
20230921,31,0.10,12032.2,23749.4,0
20230921,31,0.20,12032.2,23629.3,0
20230921,31,0.30,12032.2,23604.3,0
20230921,31,0.62,12032.2,23600.3,0
20230921,31,0.90,12033.2,23580.3,0
20230921,31,1.00,12288.1,23580.3,0
20230921,31,1.01,12288.5,23387.8,0
20230921,31,1.12,12288.5,23367.8,0
20230921,31,1.56,12395.1,23357.8,0
20230921,31,2.01,12395.1,23357.8,0
20230921,31,2.12,12395.1,23347.8,0
20230921,31,2.15,12506.8,23327.8,0
20230921,31,2.81,12509.3,23327.8,0
20230921,31,3.00,12509.3,23327.8,0
20230921,31,3.01,12509.3,23247.8,0
20230921,31,3.10,12509.3,23237.8,0
20230921,31,3.12,12509.3,23217.8,0
20230921,31,3.81,12512.3,23187.8,0
20230921,31,4.65,12543.7,23187.8,0
20230921,31,5.00,12594.1,23187.8,0
20230921,31,5.01,12595.9,23061.7,0
20230921,31,5.12,12595.9,23031.7,0
20230921,31,5.61,12598.5,23011.7,0
20230921,31,6.00,12598.5,23011.7,0
20230921,31,6.02,12602.2,22982.7,0
20230921,31,6.06,12605.2,22982.7,0
20230921,31,6.26,12605.2,22982.7,0
20230921,31,7.00,12607.5,22978.7,0
20230921,31,7.01,12607.5,22978.6,0
20230921,31,7.12,12607.5,22703.0,0
20230921,31,7.50,12627.5,22683.0,0
20230921,31,7.70,12628.5,22683.0,0
20230921,31,7.90,12628.5,22683.0,0
20230921,31,8.00,12657.2,22680.3,0
20230921,31,8.02,12673.1,22680.3,0
20230921,31,8.31,12676.1,22680.3,0
20230921,31,8.40,12678.6,22680.3,0
20230921,31,8.50,12678.6,22680.3,0
20230921,31,10.00,12720.0,22670.3,0
20230921,31,10.17,12720.0,22590.3,0
20230921,31,10.21,12720.0,22560.3,0
20230921,31,10.56,12723.0,22526.3,0
20230921,31,10.58,12922.0,22526.3,0
20230921,31,10.59,13152.8,22496.6,0
20230921,31,10.96,13152.8,22496.6,0
20230921,31,11.00,13152.8,22486.6,0
20230921,31,11.20,13155.4,22486.5,0
20230921,31,11.53,13155.4,22486.5,0
20230921,31,11.75,13155.4,22321.5,0
20230921,31,11.81,13155.4,22121.5,0
20230921,31,11.88,13155.4,21921.5,0
20230921,31,11.95,13155.4,21721.5,0
20230921,31,11.96,13155.4,21719.4,0
20230921,31,12.04,13155.4,21519.4,0
20230921,31,12.13,13155.4,21319.4,0
20230921,31,12.23,13155.4,21119.4,0
20230921,31,12.36,13155.4,20919.4,0
20230921,31,12.63,13155.4,20719.4,0
20230921,31,12.65,13155.4,20234.3,0
20230921,31,12.66,13155.4,20034.3,0
20230921,31,12.81,13158.4,19953.3,0
20230921,31,12.96,13158.4,19953.3,0
20230921,31,13.28,13158.4,19943.3,0
20230921,31,13.50,13168.4,19933.3,0
20230921,31,13.95,13168.4,19933.3,0
20230921,31,14.00,13170.9,19910.1,0
20230921,31,14.10,13170.9,19907.8,0
20230921,31,14.30,13170.9,19907.2,0
20230921,31,14.32,13171.8,19906.8,0
20230921,31,14.50,13171.8,19906.8,0
20230921,31,14.64,13172.6,19905.3,0
20230921,31,14.95,13173.5,19905.3,0
20230921,31,14.96,13173.5,19905.3,0
20230921,31,14.99,13173.5,19875.3,0
20230921,31,15.00,13386.5,19875.2,0
20230921,31,15.02,13388.3,19840.6,0
20230921,31,15.06,13391.3,19840.6,0
20230921,31,15.15,13391.3,19840.6,0
20230921,31,15.22,13391.3,19744.6,0
20230921,31,15.27,13392.1,19728.0,0
20230921,31,15.28,13392.1,19728.0,0
20230921,31,15.45,13392.1,19718.0,0
20230921,31,15.51,13392.1,19680.0,0
20230921,31,15.55,13392.1,19667.0,0
20230921,31,15.58,13392.1,19467.0,0
20230921,31,15.59,13392.9,19466.1,0
20230921,31,15.62,13392.9,19456.7,0
20230921,31,15.73,13392.9,19455.9,0
20230921,31,15.80,13392.9,19448.1,0
20230921,31,15.81,13392.9,19125.8,0
20230921,31,15.85,13392.9,19125.7,0
20230921,31,15.86,13393.1,19125.6,0
20230921,31,15.90,13404.1,19125.6,0
20230921,31,15.91,13404.1,19125.6,0
20230921,31,15.95,13404.1,19125.4,0
20230921,31,15.96,13404.1,19124.6,0
20230921,31,16.00,13443.1,19123.8,0
20230921,31,16.05,13443.1,19109.8,0
20230921,31,16.10,13444.1,19101.6,0
20230921,31,16.12,13508.1,19101.6,0
20230921,31,16.16,13508.1,19092.1,0
20230921,31,16.20,13509.1,19091.2,0
20230921,31,16.27,13573.1,19091.2,0
20230921,31,16.30,13574.1,19091.2,0
20230921,31,16.37,13638.1,19091.2,0
20230921,31,16.44,13638.1,19091.2,0
20230921,31,16.47,13702.1,18930.2,0
20230921,31,16.60,13702.1,18930.2,0
20230921,31,16.65,13702.1,18930.1,0
20230921,31,16.66,13766.1,18920.7,0
20230921,31,16.70,13766.1,18920.7,0
20230921,31,16.75,13830.1,18919.9,0
20230921,31,16.85,13894.1,18919.9,0
20230921,31,16.99,13894.1,18919.9,0
20230921,31,17.00,13894.1,18919.8,0
20230921,31,17.01,13900.5,18906.2,0
20230921,31,17.03,13964.5,18906.2,0
20230921,31,17.10,13964.5,18906.2,0
20230921,31,17.16,14040.1,18906.1,0
20230921,31,17.18,14040.1,18906.1,0
20230921,31,17.24,14040.1,18887.2,0
20230921,31,17.25,14040.1,18885.5,0
20230921,31,17.31,14043.1,18884.4,0
20230921,31,17.45,14043.1,18884.4,0
20230921,31,17.48,14043.1,18884.1,0
20230921,31,17.63,14043.1,18832.1,0
20230921,31,17.65,14052.1,18735.1,0
20230921,31,17.88,14052.1,18735.1,0
20230921,31,18.00,14052.1,18618.1,0
20230921,31,18.01,14052.1,18617.6,0
20230921,31,18.03,14052.1,18348.6,0
20230921,31,18.17,14052.1,18348.5,0
20230921,31,18.28,14053.7,18348.4,0
20230921,31,18.29,14055.3,18348.4,0
20230921,31,18.47,14055.3,18348.4,0
20230921,31,18.58,14055.3,14254.4,0
20230921,31,18.62,14055.3,13960.4,0
20230921,31,18.63,14056.5,13960.0,0
20230921,31,18.95,14056.5,13960.0,0
20230921,31,18.96,14061.4,13955.0,0
20230921,31,19.00,14061.4,13955.0,0
20230921,31,19.45,14061.4,13954.3,0
20230921,31,19.47,14061.4,13917.3,0
20230921,31,19.63,14061.4,13916.8,0
20230921,31,19.71,14285.4,13864.8,0
20230921,31,20.00,14285.4,13864.8,0
20230921,31,20.11,14287.3,13805.6,0
20230921,31,20.15,14339.3,13805.6,0
20230921,31,20.16,14339.3,13805.6,0
20230921,31,20.50,14339.3,13804.9,0
20230921,31,20.62,14372.8,13804.6,0
20230921,31,20.64,14372.8,13804.6,0
20230921,31,20.66,14372.8,13802.9,0
20230921,31,20.81,14372.8,13724.2,0
20230921,31,21.00,14372.8,13712.4,0
20230921,31,21.07,14372.8,13712.3,0
20230921,31,21.28,14382.8,13693.4,0
20230921,31,21.81,14382.8,13693.4,0
20230921,31,22.00,14382.8,13693.1,0
20230921,31,22.79,14382.8,13693.0,0
20230921,31,23.00,14382.8,13687.7,0
20230921,31,23.03,14382.8,13687.6,0
20230921,31,24.00,14382.8,13687.5,0
20230921,31,24.06,14382.8,13687.3,0
20230921,31,25.00,14382.8,13684.4,0
20230921,31,25.16,14382.8,13618.5,0
20230921,31,26.00,14382.8,13611.7,0
20230921,31,26.30,14382.8,13611.5,0
20230921,31,26.31,14382.8,13609.8,0
20230921,31,27.00,14382.8,13607.8,0
20230921,31,27.54,14382.8,13566.0,0
20230921,31,28.00,14382.8,13547.1,0
20230921,31,28.56,14382.8,13396.7,0
20230921,31,29.97,14382.8,13394.7,0
20230921,31,30.00,14382.8,13384.4,0
20230921,31,30.68,14382.8,13346.1,0
20230921,31,30.81,14382.8,13339.2,0
20230921,31,31.96,14382.8,13337.5,0
20230921,31,32.00,14382.8,13336.1,0
20230921,31,32.70,14386.3,13151.7,0
20230921,31,33.03,14386.3,13151.7,0
20230921,31,33.06,14386.3,13150.8,0
20230921,31,34.00,14386.3,13149.8,0
20230921,31,34.01,14386.3,13095.3,0
20230921,31,35.00,14386.3,13076.3,0
20230921,31,35.31,14386.3,13045.4,0
20230921,31,36.00,14386.5,13044.4,0
20230921,31,36.02,14386.5,13044.4,0
20230921,31,37.56,14386.5,13039.1,0
20230921,31,38.33,14386.5,13038.1,0
20230921,31,39.81,14386.5,13019.2,0
20230921,31,39.84,14386.5,13018.2,0
20230921,31,40.00,14386.5,12816.6,0
20230921,31,40.01,14386.5,12738.4,0
20230921,31,40.13,14386.5,12738.3,0
20230921,31,40.49,14386.5,12719.4,0
20230921,31,42.06,14386.5,12699.2,0
20230921,31,42.18,14386.5,12698.2,0
20230921,31,44.00,14386.6,12680.2,0
20230921,31,44.31,14386.6,12680.2,0
20230921,31,45.00,14386.6,12679.2,0
20230921,31,46.56,14386.6,12609.6,0
20230921,31,50.00,14386.6,12607.2,0
20230921,31,50.01,14394.2,12454.6,0
20230921,31,50.12,14394.2,12454.6,0
20230921,31,50.90,14394.2,12367.6,0
20230921,31,58.86,14394.2,12364.4,0
20230921,31,60.00,14394.2,12337.7,0
20230921,31,62.00,14394.2,12273.6,0
20230921,31,67.94,14394.2,12219.5,0
20230921,31,70.00,14394.2,12207.5,0
20230921,31,77.80,14394.2,12201.6,0
20230921,31,79.90,14394.2,12189.9,0
20230921,31,80.00,14394.2,12187.3,0
20230921,31,80.01,14394.2,11670.8,0
20230921,31,80.21,14404.2,11425.8,0
20230921,31,80.50,14404.2,11425.8,0
20230921,31,81.00,14404.2,11425.7,0
20230921,31,82.01,14404.2,11425.3,0
20230921,31,85.00,14404.2,11356.4,0
20230921,31,90.00,14404.2,11303.0,0
20230921,31,99.90,14404.2,11287.7,0
20230921,31,100.00,14404.2,11287.5,0
20230921,31,100.01,14418.5,11031.5,0
20230921,31,101.00,14418.5,11031.5,0
20230921,31,102.00,14418.5,11011.4,0
20230921,31,105.00,14418.5,10958.1,0
20230921,31,120.10,14418.5,10957.9,0
20230921,31,130.00,14418.5,10890.4,0
20230921,31,138.00,14418.5,10882.6,0
20230921,31,150.00,14418.5,10644.8,0
20230921,31,200.00,14418.5,10642.2,0
20230921,31,200.01,14418.5,9426.8,0
20230921,31,200.10,14418.5,8896.2,0
20230921,31,200.50,14418.5,8789.9,0
20230921,31,201.00,14418.5,8695.2,0
20230921,31,210.00,14418.5,8602.9,0
20230921,31,250.00,14418.5,8488.2,0
20230921,31,300.00,14418.5,8317.0,0
20230921,31,500.00,14418.5,7907.5,0
20230921,31,548.66,14418.5,7905.5,0
20230921,31,550.02,14418.5,7898.9,0
20230921,31,999.00,14418.5,7796.2,0
20230921,31,999.99,14418.5,0.0,0
20230921,31,0.00,0.0,27205.9,1
20230921,31,0.00,11361.1,27205.9,1
20230921,31,0.01,18311.4,27205.9,1
20230921,31,0.02,18449.9,27191.9,1
20230921,31,0.03,18450.3,27185.6,1
20230921,31,0.04,18468.1,27167.9,1
20230921,31,0.09,18468.1,27167.9,1
20230921,31,0.20,18468.1,27139.3,1
20230921,31,0.62,18468.1,27074.3,1
20230921,31,1.00,18757.6,27014.3,1
20230921,31,1.01,18758.7,26964.5,1
20230921,31,1.12,18758.7,26949.5,1
20230921,31,1.41,18765.9,26919.5,1
20230921,31,1.56,18886.4,26919.5,1
20230921,31,2.00,18888.5,26919.5,1
20230921,31,2.01,18888.5,26919.5,1
20230921,31,2.10,18888.5,26889.5,1
20230921,31,2.12,18888.5,26883.5,1
20230921,31,2.81,18895.8,26823.5,1
20230921,31,3.00,18895.8,26823.5,1
20230921,31,3.01,18895.8,26703.5,1
20230921,31,3.10,18895.8,26673.5,1
20230921,31,3.12,18895.8,26628.5,1
20230921,31,3.81,18898.8,26538.5,1
20230921,31,4.21,18906.1,26538.5,1
20230921,31,5.00,19013.1,26538.5,1
20230921,31,5.01,19013.1,26451.4,1
20230921,31,5.04,19020.7,26411.4,1
20230921,31,5.12,19020.7,26411.4,1
20230921,31,5.50,19020.8,26351.4,1
20230921,31,5.61,19028.1,26351.4,1
20230921,31,6.00,19028.1,26351.4,1
20230921,31,6.01,19028.1,26316.2,1
20230921,31,6.02,19033.5,26311.2,1
20230921,31,6.06,19037.1,26311.2,1
20230921,31,6.94,19041.9,26311.2,1
20230921,31,7.00,19070.9,26311.2,1
20230921,31,7.01,19078.1,26311.2,1
20230921,31,7.12,19078.1,26311.2,1
20230921,31,7.50,19098.1,26251.2,1
20230921,31,7.70,19100.6,26251.2,1
20230921,31,8.00,19100.6,26251.2,1
20230921,31,8.01,19100.6,26191.1,1
20230921,31,8.31,19104.6,26181.9,1
20230921,31,8.40,19107.0,26181.9,1
20230921,31,8.59,19107.0,26181.9,1
20230921,31,9.10,19109.5,26178.9,1
20230921,31,9.50,19109.5,26178.9,1
20230921,31,9.52,19109.5,26031.9,1
20230921,31,9.66,19109.5,26031.7,1
20230921,31,9.80,19111.9,25907.7,1
20230921,31,9.81,19111.9,25907.7,1
20230921,31,9.82,19111.9,25899.6,1
20230921,31,10.00,19119.5,25849.6,1
20230921,31,10.05,19139.5,25839.6,1
20230921,31,10.20,19139.5,25839.6,1
20230921,31,10.22,19139.5,25715.6,1
20230921,31,10.23,19139.5,25666.6,1
20230921,31,10.38,19139.5,25616.6,1
20230921,31,10.46,19139.5,25492.6,1
20230921,31,10.50,19141.8,25405.6,1
20230921,31,10.51,19141.8,25403.1,1
20230921,31,10.56,19145.8,25252.1,1
20230921,31,10.94,19145.8,25252.1,1
20230921,31,11.01,19145.8,25222.1,1
20230921,31,11.19,19145.8,25221.8,1
20230921,31,11.20,19205.0,25016.6,1
20230921,31,11.40,19205.0,25016.6,1
20230921,31,11.67,19205.0,24865.6,1
20230921,31,12.00,19206.6,24741.1,1
20230921,31,12.33,19206.6,24735.8,1
20230921,31,12.50,19206.6,24725.8,1
20230921,31,12.81,19210.6,24725.6,1
20230921,31,12.83,19210.6,24725.6,1
20230921,31,12.94,19210.6,24723.1,1
20230921,31,13.00,19210.6,24693.1,1
20230921,31,13.01,19210.6,24678.8,1
20230921,31,13.02,19210.6,24670.1,1
20230921,31,13.03,19210.6,24636.4,1
20230921,31,13.04,19210.6,24602.7,1
20230921,31,13.05,19210.6,24569.0,1
20230921,31,13.63,19210.6,24535.3,1
20230921,31,13.98,19240.6,24510.3,1
20230921,31,13.99,19240.6,24510.3,1
20230921,31,14.00,19240.6,24509.8,1
20230921,31,14.26,19270.6,24406.9,1
20230921,31,14.33,19270.6,24406.9,1
20230921,31,14.55,19300.6,24391.9,1
20230921,31,14.70,19301.6,24391.9,1
20230921,31,14.83,19301.6,24391.9,1
20230921,31,14.84,19331.6,24391.8,1
20230921,31,14.94,19331.6,24391.8,1
20230921,31,14.95,19344.0,24349.2,1
20230921,31,15.00,19344.0,24349.2,1
20230921,31,15.01,19344.0,24319.8,1
20230921,31,15.02,19346.6,24313.0,1
20230921,31,15.06,19350.6,24313.0,1
20230921,31,15.10,19350.6,24313.0,1
20230921,31,15.20,19350.6,24312.9,1
20230921,31,15.50,19355.6,24312.7,1
20230921,31,15.58,19358.9,24312.7,1
20230921,31,15.95,19364.4,24312.7,1
20230921,31,15.96,19369.9,24312.7,1
20230921,31,16.00,19399.9,24312.7,1
20230921,31,16.01,19400.5,24264.7,1
20230921,31,16.25,19400.5,24264.7,1
20230921,31,16.28,19400.5,24214.7,1
20230921,31,16.40,19400.5,24164.7,1
20230921,31,16.70,19400.5,24164.5,1
20230921,31,16.80,19450.5,24164.4,1
20230921,31,16.87,19450.5,24164.3,1
20230921,31,16.94,19500.5,24163.8,1
20230921,31,17.09,19500.5,24163.8,1
20230921,31,17.18,19500.5,24163.2,1
20230921,31,17.30,19500.5,24147.0,1
20230921,31,17.31,19504.5,24146.9,1
20230921,31,17.34,19504.6,24146.9,1
20230921,31,17.35,19504.7,24146.9,1
20230921,31,17.38,19504.7,24146.9,1
20230921,31,17.49,19534.7,24142.4,1
20230921,31,17.50,19534.7,24142.4,1
20230921,31,17.62,19534.7,24142.3,1
20230921,31,17.64,19564.7,24020.3,1
20230921,31,17.79,19594.7,24020.3,1
20230921,31,17.87,19594.7,24020.3,1
20230921,31,17.88,19594.7,23898.3,1
20230921,31,17.89,19594.7,23850.6,1
20230921,31,17.95,19624.7,23800.6,1
20230921,31,18.00,19624.7,23800.6,1
20230921,31,18.08,19624.7,23798.3,1
20230921,31,18.11,19654.7,23776.7,1
20230921,31,18.19,19654.7,23776.7,1
20230921,31,18.21,19654.7,23711.7,1
20230921,31,18.26,19684.7,23589.7,1
20230921,31,18.30,19684.7,23589.7,1
20230921,31,18.41,19714.7,23589.6,1
20230921,31,18.43,19717.7,23589.6,1
20230921,31,18.58,19717.7,23589.6,1
20230921,31,18.60,19717.7,23571.2,1
20230921,31,18.64,19717.7,23571.1,1
20230921,31,18.78,19717.7,23521.1,1
20230921,31,18.94,19775.5,23471.1,1
20230921,31,19.00,19775.5,23471.1,1
20230921,31,19.40,19775.5,23470.1,1
20230921,31,19.41,19791.3,23436.9,1
20230921,31,19.50,19791.3,23436.9,1
20230921,31,19.80,19791.3,23436.8,1
20230921,31,19.90,19791.3,23428.5,1
20230921,31,20.00,19796.8,23428.4,1
20230921,31,20.01,19796.8,23414.0,1
20230921,31,20.21,19796.8,23411.5,1
20230921,31,20.30,19796.8,21437.5,1
20230921,31,20.32,19796.8,21437.4,1
20230921,31,20.33,19826.7,21409.2,1
20230921,31,20.43,19826.7,21409.2,1
20230921,31,20.44,19826.7,21375.9,1
20230921,31,20.45,19826.7,21325.9,1
20230921,31,20.46,19826.7,21275.9,1
20230921,31,20.47,19826.7,21225.9,1
20230921,31,20.48,19826.7,21175.9,1
20230921,31,20.49,19826.7,21125.9,1
20230921,31,20.50,19826.7,21075.9,1
20230921,31,20.51,19826.7,21025.2,1
20230921,31,21.00,19826.7,20975.2,1
20230921,31,21.08,19826.7,20975.1,1
20230921,31,21.10,19826.7,20975.0,1
20230921,31,21.44,19826.7,20853.0,1
20230921,31,21.67,19826.7,20852.9,1
20230921,31,21.81,19826.7,20852.4,1
20230921,31,21.89,19826.7,20851.9,1
20230921,31,22.23,19826.7,20851.2,1
20230921,31,22.28,19876.7,20850.5,1
20230921,31,22.80,20325.8,20850.5,1
20230921,31,22.92,20325.8,20850.5,1
20230921,31,23.00,20338.8,20841.5,1
20230921,31,23.44,20338.8,20837.1,1
20230921,31,23.64,20338.8,20748.1,1
20230921,31,24.06,20338.8,20050.1,1
20230921,31,24.90,20338.8,20045.4,1
20230921,31,25.00,20358.8,20044.3,1
20230921,31,25.04,20358.8,20043.4,1
20230921,31,25.13,20358.8,20011.4,1
20230921,31,25.85,20358.8,20007.8,1
20230921,31,26.08,20358.8,19957.8,1
20230921,31,26.31,20358.8,19956.9,1
20230921,31,26.44,20358.8,19955.5,1
20230921,31,26.47,20358.8,19954.7,1
20230921,31,26.89,20358.8,19954.1,1
20230921,31,27.00,20358.8,19947.0,1
20230921,31,27.38,20358.8,19917.9,1
20230921,31,28.00,20358.8,19917.3,1
20230921,31,28.56,20358.8,19785.5,1
20230921,31,28.63,20358.8,19784.5,1
20230921,31,29.67,20358.8,19780.1,1
20230921,31,30.00,20368.8,19779.6,1
20230921,31,30.01,20368.8,19753.2,1
20230921,31,30.56,20368.8,19717.6,1
20230921,31,30.81,20368.8,19716.3,1
20230921,31,31.00,20368.8,19714.6,1
20230921,31,31.27,20368.8,19714.1,1
20230921,31,32.00,20368.8,19706.3,1
20230921,31,32.24,20368.8,19509.2,1
20230921,31,32.38,20368.8,19508.6,1
20230921,31,32.52,20368.8,19504.1,1
20230921,31,33.06,20368.8,19484.3,1
20230921,31,33.94,20368.8,19483.3,1
20230921,31,34.26,20368.8,19478.9,1
20230921,31,35.00,20368.8,19362.2,1
20230921,31,35.31,20368.8,19289.1,1
20230921,31,36.00,20368.8,19288.6,1
20230921,31,39.98,20428.8,19238.6,1
20230921,31,40.00,20428.8,19238.6,1
20230921,31,40.50,20428.8,19211.7,1
20230921,31,45.00,20428.8,19209.7,1
20230921,31,46.00,20428.8,19178.1,1
20230921,31,48.81,20428.8,19128.1,1
20230921,31,50.00,20428.8,19110.6,1
20230921,31,50.01,20429.1,18949.3,1
20230921,31,50.12,20429.1,18949.3,1
20230921,31,51.00,20429.1,18933.9,1
20230921,31,60.00,20429.1,18932.3,1
20230921,31,61.00,20429.1,18872.9,1
20230921,31,62.00,20429.1,18843.8,1
20230921,31,67.50,20429.1,18813.2,1
20230921,31,67.94,20429.1,18813.1,1
20230921,31,70.00,20429.2,18784.3,1
20230921,31,70.90,20429.2,18784.3,1
20230921,31,71.50,20429.2,14447.3,1
20230921,31,77.80,20429.2,14446.9,1
20230921,31,79.90,20429.2,14305.5,1
20230921,31,79.98,20449.2,14300.6,1
20230921,31,80.00,20449.2,14300.6,1
20230921,31,80.01,20449.2,13934.3,1
20230921,31,80.10,20449.2,13868.1,1
20230921,31,80.20,20449.2,13857.2,1
20230921,31,80.21,20459.2,13849.2,1
20230921,31,81.00,20459.2,13849.2,1
20230921,31,82.01,20459.2,13798.5,1
20230921,31,85.00,20459.2,13758.2,1
20230921,31,90.00,20459.2,13743.9,1
20230921,31,99.90,20459.2,13734.4,1
20230921,31,100.00,20459.2,13734.2,1
20230921,31,100.01,20464.8,11208.1,1
20230921,31,101.00,20464.8,11208.1,1
20230921,31,102.00,20464.8,11083.7,1
20230921,31,120.10,20464.8,10859.7,1
20230921,31,138.00,20464.8,10853.4,1
20230921,31,190.00,20464.8,10815.3,1
20230921,31,200.00,20464.8,10812.9,1
20230921,31,200.01,20464.8,9810.9,1
20230921,31,200.10,20464.8,8969.6,1
20230921,31,200.50,20464.8,8931.7,1
20230921,31,201.00,20464.8,8914.4,1
20230921,31,210.00,20464.8,8860.7,1
20230921,31,250.00,20464.8,8769.1,1
20230921,31,300.00,20464.8,8731.1,1
20230921,31,548.66,20464.8,8626.8,1
20230921,31,550.02,20464.8,8157.7,1
20230921,31,999.00,20464.8,8048.9,1
20230921,31,999.99,20464.8,0.0,1
20230921,32,0.00,0.0,9478.2,0
20230921,32,0.00,1602.0,9478.2,0
20230921,32,0.01,6893.1,9478.2,0
20230921,32,0.02,6903.6,9477.9,0
20230921,32,0.03,6903.6,9463.1,0
20230921,32,0.04,6903.9,9460.7,0
20230921,32,0.09,6903.9,9460.7,0
20230921,32,0.10,6903.9,9458.0,0
20230921,32,0.20,6903.9,9438.0,0
20230921,32,0.30,6903.9,9428.0,0
20230921,32,0.62,6903.9,9424.0,0
20230921,32,1.00,6969.6,9404.0,0
20230921,32,1.01,6970.0,9358.6,0
20230921,32,1.12,6970.0,9348.6,0
20230921,32,1.56,6990.9,9338.6,0
20230921,32,2.12,6990.9,9338.6,0
20230921,32,3.00,6990.9,9318.6,0
20230921,32,3.01,6990.9,9258.6,0
20230921,32,3.04,6993.4,9248.6,0
20230921,32,3.12,6993.4,9248.6,0
20230921,32,3.81,6995.4,9218.6,0
20230921,32,4.65,7020.9,9218.6,0
20230921,32,5.00,7021.3,9218.6,0
20230921,32,5.01,7021.3,9143.6,0
20230921,32,5.12,7021.3,9123.6,0
20230921,32,6.00,7021.3,9103.6,0
20230921,32,6.02,7025.1,9075.1,0
20230921,32,6.06,7027.1,9075.1,0
20230921,32,6.07,7029.7,9075.1,0
20230921,32,6.26,7029.7,9075.1,0
20230921,32,7.00,7029.7,9069.1,0
20230921,32,7.12,7029.7,9069.0,0
20230921,32,7.70,7030.7,9049.0,0
20230921,32,7.90,7030.7,9049.0,0
20230921,32,8.00,7059.6,9046.5,0
20230921,32,8.31,7061.6,9046.5,0
20230921,32,8.50,7061.6,9046.5,0
20230921,32,9.09,7064.1,9036.5,0
20230921,32,10.00,7065.2,9036.5,0
20230921,32,10.17,7065.2,9026.5,0
20230921,32,10.56,7067.2,8996.5,0
20230921,32,11.00,7067.2,8996.5,0
20230921,32,11.61,7067.2,8996.4,0
20230921,32,11.79,7067.2,8831.4,0
20230921,32,11.95,7067.2,8797.4,0
20230921,32,12.12,7069.8,8795.3,0
20230921,32,12.66,7069.8,8795.3,0
20230921,32,12.81,7071.8,8714.3,0
20230921,32,13.95,7071.8,8714.3,0
20230921,32,14.00,7071.8,8690.7,0
20230921,32,14.99,7071.8,8688.4,0
20230921,32,15.00,7071.8,8688.3,0
20230921,32,15.02,7073.6,8633.6,0
20230921,32,15.06,7075.6,8633.6,0
20230921,32,15.15,7078.1,8633.6,0
20230921,32,15.22,7078.1,8633.6,0
20230921,32,15.43,7079.0,8617.0,0
20230921,32,15.45,7079.0,8617.0,0
20230921,32,15.58,7079.0,8579.0,0
20230921,32,15.71,7079.8,8578.1,0
20230921,32,15.91,7079.8,8578.1,0
20230921,32,15.99,7080.7,8577.9,0
20230921,32,16.00,7080.7,8577.9,0
20230921,32,16.05,7080.7,8575.2,0
20230921,32,16.26,7080.7,8567.0,0
20230921,32,16.27,7081.5,8351.0,0
20230921,32,16.55,7082.3,8351.0,0
20230921,32,16.83,7082.3,8351.0,0
20230921,32,16.99,7082.3,8190.0,0
20230921,32,17.25,7082.3,8189.9,0
20230921,32,17.31,7084.3,8189.0,0
20230921,32,17.33,7084.3,8189.0,0
20230921,32,17.45,7084.3,8137.0,0
20230921,32,17.86,7084.3,8136.7,0
20230921,32,17.99,7084.3,7913.7,0
20230921,32,18.00,7084.3,7750.7,0
20230921,32,18.17,7084.3,7750.2,0
20230921,32,18.71,7084.3,7750.1,0
20230921,32,18.99,7084.3,7456.1,0
20230921,32,19.00,7084.4,7456.0,0
20230921,32,19.47,7084.4,7455.2,0
20230921,32,19.71,7308.4,7454.7,0
20230921,32,19.81,7308.4,7454.7,0
20230921,32,20.00,7308.4,7402.7,0
20230921,32,20.12,7308.4,7400.5,0
20230921,32,20.13,7308.4,7400.0,0
20230921,32,20.28,7345.4,7399.5,0
20230921,32,20.50,7345.4,7399.5,0
20230921,32,20.81,7345.4,7398.7,0
20230921,32,21.00,7345.4,7386.8,0
20230921,32,21.81,7345.4,7386.7,0
20230921,32,22.00,7345.4,7386.5,0
20230921,32,22.03,7345.4,7386.4,0
20230921,32,22.78,7345.4,7243.4,0
20230921,32,23.12,7345.4,7242.5,0
20230921,32,23.13,7348.5,7235.7,0
20230921,32,23.59,7348.5,7235.7,0
20230921,32,24.00,7348.5,7230.3,0
20230921,32,24.06,7348.5,7230.1,0
20230921,32,25.00,7348.5,7228.2,0
20230921,32,25.05,7348.5,7161.6,0
20230921,32,26.31,7348.5,7160.8,0
20230921,32,27.00,7348.5,7159.8,0
20230921,32,27.33,7348.5,7152.0,0
20230921,32,28.56,7348.5,7150.3,0
20230921,32,29.96,7348.5,7149.3,0
20230921,32,29.97,7348.5,7147.6,0
20230921,32,30.00,7348.5,7136.6,0
20230921,32,30.81,7348.5,7129.4,0
20230921,32,32.00,7348.5,7128.8,0
20230921,32,33.00,7348.5,7106.5,0
20230921,32,34.00,7348.5,7106.4,0
20230921,32,34.35,7348.5,7052.6,0
20230921,32,35.00,7348.5,7050.9,0
20230921,32,38.74,7348.5,7037.6,0
20230921,32,38.90,7348.5,7035.9,0
20230921,32,40.00,7348.5,7030.6,0
20230921,32,40.01,7348.5,6996.9,0
20230921,32,44.72,7348.5,6996.8,0
20230921,32,45.00,7348.5,6996.4,0
20230921,32,46.06,7348.5,6982.1,0
20230921,32,50.00,7348.5,6963.7,0
20230921,32,50.01,7355.1,6951.6,0
20230921,32,60.00,7355.1,6951.6,0
20230921,32,60.12,7355.1,6927.1,0
20230921,32,64.15,7355.1,6923.3,0
20230921,32,67.94,7355.1,6906.8,0
20230921,32,77.80,7355.1,6893.5,0
20230921,32,79.90,7355.1,6881.3,0
20230921,32,80.00,7355.1,6879.9,0
20230921,32,80.01,7355.1,6804.4,0
20230921,32,80.21,7365.1,6688.7,0
20230921,32,82.01,7365.1,6688.7,0
20230921,32,85.00,7365.1,6669.5,0
20230921,32,90.00,7365.1,6661.8,0
20230921,32,99.90,7365.1,6658.3,0
20230921,32,100.00,7365.1,6658.1,0
20230921,32,100.01,7367.6,6638.6,0
20230921,32,101.00,7367.6,6638.6,0
20230921,32,102.00,7367.6,6618.5,0
20230921,32,138.00,7367.6,6563.1,0
20230921,32,150.00,7367.6,6326.1,0
20230921,32,200.00,7367.6,6323.5,0
20230921,32,200.01,7367.6,6161.2,0
20230921,32,200.50,7367.6,6066.7,0
20230921,32,210.00,7367.6,6044.8,0
20230921,32,300.00,7367.6,6028.5,0
20230921,32,500.00,7367.6,5841.5,0
20230921,32,548.66,7367.6,5839.5,0
20230921,32,999.00,7367.6,5832.9,0
20230921,32,999.99,7367.6,0.0,0
20230921,32,0.00,0.0,46035.2,1
20230921,32,0.00,16410.8,46035.2,1
20230921,32,0.01,26305.0,46035.2,1
20230921,32,0.02,26458.7,46021.2,1
20230921,32,0.03,26459.0,46005.6,1
20230921,32,0.04,26477.0,45981.5,1
20230921,32,0.09,26477.0,45981.5,1
20230921,32,0.10,26477.0,45954.3,1
20230921,32,0.20,26477.0,45854.2,1
20230921,32,0.62,26477.0,45774.2,1
20230921,32,0.90,26478.0,45714.2,1
20230921,32,1.00,26961.1,45714.2,1
20230921,32,1.01,26962.2,45518.9,1
20230921,32,1.12,26962.2,45493.9,1
20230921,32,1.52,26969.4,45463.9,1
20230921,32,1.56,27173.0,45463.9,1
20230921,32,2.00,27174.6,45463.9,1
20230921,32,2.01,27174.6,45463.9,1
20230921,32,2.10,27174.6,45423.9,1
20230921,32,2.12,27174.6,45417.9,1
20230921,32,2.15,27286.3,45357.9,1
20230921,32,3.00,27286.3,45357.9,1
20230921,32,3.01,27286.3,45217.9,1
20230921,32,3.04,27293.6,45187.9,1
20230921,32,3.10,27293.6,45187.9,1
20230921,32,3.12,27293.6,45122.9,1
20230921,32,3.81,27297.6,45032.9,1
20230921,32,4.55,27304.9,45032.9,1
20230921,32,5.00,27462.1,45032.9,1
20230921,32,5.01,27462.1,44894.0,1
20230921,32,5.12,27462.1,44844.0,1
20230921,32,5.50,27462.2,44784.0,1
20230921,32,6.00,27462.2,44784.0,1
20230921,32,6.01,27462.2,44747.9,1
20230921,32,6.02,27467.6,44743.0,1
20230921,32,6.06,27471.6,44743.0,1
20230921,32,6.07,27478.9,44743.0,1
20230921,32,6.94,27483.8,44743.0,1
20230921,32,7.00,27512.7,44743.0,1
20230921,32,7.01,27512.7,44743.0,1
20230921,32,7.12,27512.7,44471.6,1
20230921,32,7.50,27552.7,44411.6,1
20230921,32,7.58,27559.9,44411.6,1
20230921,32,8.00,27559.9,44411.6,1
20230921,32,8.01,27559.9,44351.5,1
20230921,32,8.02,27575.9,44342.3,1
20230921,32,8.31,27580.5,44342.3,1
20230921,32,8.34,27583.0,44342.3,1
20230921,32,8.59,27583.0,44342.3,1
20230921,32,9.09,27585.4,44339.4,1
20230921,32,9.50,27585.4,44339.4,1
20230921,32,9.66,27585.4,44192.4,1
20230921,32,9.81,27585.4,44068.4,1
20230921,32,9.82,27585.4,44055.1,1
20230921,32,9.85,27587.9,44005.1,1
20230921,32,10.00,27634.0,44005.1,1
20230921,32,10.05,27654.0,43924.6,1
20230921,32,10.20,27654.0,43924.6,1
20230921,32,10.22,27654.0,43800.6,1
20230921,32,10.23,27654.0,43751.6,1
20230921,32,10.38,27654.0,43701.6,1
20230921,32,10.46,27654.0,43577.6,1
20230921,32,10.51,27654.0,43490.6,1
20230921,32,10.56,27659.0,43339.6,1
20230921,32,10.58,27667.0,43339.6,1
20230921,32,10.59,27897.6,43119.2,1
20230921,32,10.61,27900.0,43119.2,1
20230921,32,11.03,27907.6,43119.2,1
20230921,32,11.19,27907.6,43119.2,1
20230921,32,11.20,27952.1,42898.5,1
20230921,32,11.37,27954.4,42898.5,1
20230921,32,11.40,27954.4,42896.0,1
20230921,32,11.67,27954.4,42745.0,1
20230921,32,11.75,27954.4,42623.0,1
20230921,32,11.83,27954.4,42423.0,1
20230921,32,11.89,27954.4,42223.0,1
20230921,32,11.97,27954.4,42023.0,1
20230921,32,12.00,27955.8,41823.0,1
20230921,32,12.05,27955.8,41817.9,1
20230921,32,12.13,27955.8,41617.9,1
20230921,32,12.23,27955.8,41417.9,1
20230921,32,12.36,27955.8,41217.9,1
20230921,32,12.63,27955.8,41017.9,1
20230921,32,12.65,27955.8,41015.4,1
20230921,32,12.69,27955.8,40815.4,1
20230921,32,12.81,27960.8,40339.0,1
20230921,32,13.00,27960.8,40317.6,1
20230921,32,13.01,27960.8,40303.0,1
20230921,32,13.02,27960.8,40294.3,1
20230921,32,13.03,27960.8,40260.6,1
20230921,32,13.04,27960.8,40226.9,1
20230921,32,13.05,27960.8,40193.2,1
20230921,32,13.50,27970.8,40159.5,1
20230921,32,13.63,27970.8,40159.5,1
20230921,32,13.89,27970.8,40135.5,1
20230921,32,13.98,28000.8,40133.0,1
20230921,32,14.00,28000.8,40133.0,1
20230921,32,14.10,28000.8,40035.3,1
20230921,32,14.26,28030.8,40034.5,1
20230921,32,14.30,28030.8,40034.5,1
20230921,32,14.50,28030.8,40034.1,1
20230921,32,14.55,28060.8,40032.6,1
20230921,32,14.63,28060.8,40032.6,1
20230921,32,14.70,28061.8,40032.3,1
20230921,32,14.83,28061.8,40032.3,1
20230921,32,14.84,28091.8,40032.2,1
20230921,32,15.00,28304.8,40032.2,1
20230921,32,15.01,28311.6,39871.8,1
20230921,32,15.02,28314.2,39865.0,1
20230921,32,15.06,28319.2,39865.0,1
20230921,32,15.15,28319.2,39865.0,1
20230921,32,15.50,28324.2,39763.7,1
20230921,32,15.51,28324.2,39763.7,1
20230921,32,15.52,28324.2,39750.7,1
20230921,32,15.67,28324.2,39550.7,1
20230921,32,15.73,28324.2,39550.2,1
20230921,32,15.74,28324.9,39543.1,1
20230921,32,15.80,28324.9,39543.1,1
20230921,32,15.81,28324.9,39542.8,1
20230921,32,15.90,28335.9,39542.7,1
20230921,32,16.00,28404.9,39542.7,1
20230921,32,16.01,28405.3,39469.2,1
20230921,32,16.10,28406.3,39469.2,1
20230921,32,16.12,28470.3,39469.2,1
20230921,32,16.20,28471.3,39469.2,1
20230921,32,16.27,28535.3,39469.2,1
20230921,32,16.30,28536.3,39469.2,1
20230921,32,16.31,28536.3,39419.2,1
20230921,32,16.37,28600.3,39369.2,1
20230921,32,16.40,28600.3,39369.2,1
20230921,32,16.47,28664.3,39369.1,1
20230921,32,16.54,28667.5,39369.1,1
20230921,32,16.55,28667.5,39369.1,1
20230921,32,16.60,28667.5,39359.7,1
20230921,32,16.66,28731.5,39359.6,1
20230921,32,16.75,28795.5,39359.6,1
20230921,32,16.85,28859.5,39359.6,1
20230921,32,17.00,28859.5,39359.6,1
20230921,32,17.01,28864.1,39324.0,1
20230921,32,17.03,28928.1,39314.5,1
20230921,32,17.10,28928.1,39314.5,1
20230921,32,17.16,29006.3,39314.4,1
20230921,32,17.18,29006.3,39314.4,1
20230921,32,17.30,29056.3,39298.2,1
20230921,32,17.31,29112.3,39298.1,1
20230921,32,17.48,29112.3,39298.1,1
20230921,32,17.49,29142.3,39288.7,1
20230921,32,17.50,29142.3,39288.7,1
20230921,32,17.62,29142.3,39288.6,1
20230921,32,17.63,29142.3,39166.6,1
20230921,32,17.64,29172.3,39081.2,1
20230921,32,17.65,29192.9,39081.2,1
20230921,32,17.79,29222.9,39081.2,1
20230921,32,17.87,29236.9,39081.2,1
20230921,32,17.90,29236.9,38959.2,1
20230921,32,17.95,29236.9,38935.5,1
20230921,32,18.00,29236.9,38916.6,1
20230921,32,18.03,29236.9,38914.3,1
20230921,32,18.21,29236.9,38914.2,1
20230921,32,18.30,29236.9,38792.2,1
20230921,32,18.47,29236.9,38792.1,1
20230921,32,18.57,29236.9,35038.1,1
20230921,32,18.58,29236.9,34974.1,1
20230921,32,18.59,29252.8,34955.7,1
20230921,32,18.60,29252.8,34955.7,1
20230921,32,18.63,29254.4,34955.6,1
20230921,32,18.64,29254.4,34955.6,1
20230921,32,18.67,29254.4,34905.6,1
20230921,32,18.78,29254.4,34905.0,1
20230921,32,18.85,29254.4,34855.0,1
20230921,32,19.00,29254.4,34854.5,1
20230921,32,19.28,29254.4,34853.5,1
20230921,32,19.50,29254.4,34849.0,1
20230921,32,19.65,29259.9,34848.9,1
20230921,32,19.80,29259.9,34848.9,1
20230921,32,19.90,29259.9,34840.4,1
20230921,32,19.94,29259.9,34840.3,1
20230921,32,20.00,29259.9,34806.4,1
20230921,32,20.01,29259.9,34736.1,1
20230921,32,20.05,29259.9,34733.7,1
20230921,32,20.11,29261.9,34704.8,1
20230921,32,20.20,29261.9,34704.8,1
20230921,32,20.21,29261.9,34704.7,1
20230921,32,20.26,29266.1,32730.7,1
20230921,32,20.27,29270.3,32730.7,1
20230921,32,20.28,29270.3,32730.7,1
20230921,32,20.30,29270.3,32651.4,1
20230921,32,20.42,29270.3,32651.3,1
20230921,32,20.43,29270.3,32649.2,1
20230921,32,20.44,29270.3,32599.2,1
20230921,32,20.45,29270.3,32549.2,1
20230921,32,20.46,29270.3,32499.2,1
20230921,32,20.47,29270.3,32449.2,1
20230921,32,20.48,29270.3,32399.2,1
20230921,32,20.49,29270.3,32349.2,1
20230921,32,20.50,29270.3,32299.2,1
20230921,32,20.51,29270.3,32249.2,1
20230921,32,20.62,29303.8,32199.2,1
20230921,32,20.87,29303.8,32199.2,1
20230921,32,21.00,29303.8,32198.4,1
20230921,32,21.10,29303.8,32198.3,1
20230921,32,21.50,29303.8,32076.3,1
20230921,32,21.53,29303.8,32075.9,1
20230921,32,21.81,29303.8,32075.8,1
20230921,32,22.06,29303.8,32075.2,1
20230921,32,22.28,29400.8,32074.5,1
20230921,32,22.41,29400.8,32074.5,1
20230921,32,22.80,29849.9,32055.6,1
20230921,32,22.92,29849.9,32055.6,1
20230921,32,23.00,29862.9,32046.6,1
20230921,32,23.03,29862.9,32046.6,1
20230921,32,23.26,29920.7,32046.5,1
20230921,32,23.61,29920.7,32046.5,1
20230921,32,23.64,29920.7,31954.1,1
20230921,32,24.06,29920.7,31365.1,1
20230921,32,24.14,29920.7,31359.4,1
20230921,32,24.52,29920.7,31358.9,1
20230921,32,24.90,29920.7,31358.2,1
20230921,32,24.97,29920.8,31357.1,1
20230921,32,24.98,29920.9,31357.1,1
20230921,32,25.00,29940.9,31357.1,1
20230921,32,25.20,29940.9,31357.1,1
20230921,32,25.59,29942.0,31356.4,1
20230921,32,25.60,29943.1,31356.4,1
20230921,32,25.84,29943.1,31356.4,1
20230921,32,25.85,29943.1,31306.4,1
20230921,32,25.87,29943.1,31256.4,1
20230921,32,26.00,29943.1,31249.1,1
20230921,32,26.17,29943.1,31248.9,1
20230921,32,26.31,29943.1,31244.5,1
20230921,32,26.53,29943.1,31242.1,1
20230921,32,27.00,29943.1,31241.1,1
20230921,32,27.06,29943.1,31178.2,1
20230921,32,27.25,29943.1,31171.4,1
20230921,32,27.50,29943.1,31136.1,1
20230921,32,27.59,29943.1,31135.6,1
20230921,32,27.96,29973.0,31132.0,1
20230921,32,28.00,29973.0,31132.0,1
20230921,32,28.56,29973.0,30855.9,1
20230921,32,28.58,29983.0,30853.9,1
20230921,32,29.44,29983.0,30853.9,1
20230921,32,29.86,29983.0,30853.3,1
20230921,32,30.00,29993.0,30834.4,1
20230921,32,30.01,29993.0,30777.5,1
20230921,32,30.38,29993.0,30739.9,1
20230921,32,30.56,29993.0,30739.3,1
20230921,32,30.81,29993.0,30738.1,1
20230921,32,32.00,29993.0,30736.1,1
20230921,32,32.70,29996.5,30387.4,1
20230921,32,32.97,29996.5,30387.4,1
20230921,32,33.03,29996.5,30386.9,1
20230921,32,33.06,29996.5,30386.0,1
20230921,32,33.50,29996.5,30379.6,1
20230921,32,34.29,29996.5,30379.0,1
20230921,32,34.44,29996.5,30378.3,1
20230921,32,34.73,29996.5,30377.8,1
20230921,32,35.00,29996.5,30370.4,1
20230921,32,35.31,29996.5,30276.0,1
20230921,32,35.92,29996.5,30274.4,1
20230921,32,36.00,29996.5,30273.8,1
20230921,32,36.24,29996.5,30223.8,1
20230921,32,37.30,29996.5,30204.4,1
20230921,32,37.56,29996.5,30185.4,1
20230921,32,37.65,29996.5,30184.4,1
20230921,32,39.56,29996.5,30179.9,1
20230921,32,39.81,29999.5,30175.5,1
20230921,32,39.94,29999.5,30174.5,1
20230921,32,39.98,30059.5,30063.6,1
20230921,32,40.00,30059.5,30063.6,1
20230921,32,42.06,30059.5,29992.6,1
20230921,32,42.26,30059.5,29991.6,1
20230921,32,44.31,30059.5,29972.7,1
20230921,32,44.33,30059.5,29971.7,1
20230921,32,44.75,30059.5,29952.8,1
20230921,32,45.00,30059.6,29948.0,1
20230921,32,46.00,30059.6,29865.7,1
20230921,32,46.56,30059.6,29815.7,1
20230921,32,47.88,30059.6,29812.8,1
20230921,32,48.50,30059.6,29607.6,1
20230921,32,50.00,30059.6,29607.0,1
20230921,32,50.01,30059.9,28627.5,1
20230921,32,50.50,30059.9,28627.5,1
20230921,32,50.90,30059.9,28625.5,1
20230921,32,51.00,30059.9,28622.3,1
20230921,32,55.00,30060.0,28621.0,1
20230921,32,56.00,30060.0,28619.5,1
20230921,32,60.00,30060.0,28608.2,1
20230921,32,60.12,30060.0,28512.2,1
20230921,32,61.00,30060.0,28497.1,1
20230921,32,62.00,30060.0,28468.7,1
20230921,32,62.50,30060.0,28384.8,1
20230921,32,64.15,30060.0,28367.1,1
20230921,32,67.94,30060.0,28358.0,1
20230921,32,70.00,30060.1,28328.6,1
20230921,32,70.90,30060.1,28321.9,1
20230921,32,72.50,30060.1,24093.9,1
20230921,32,76.50,30060.1,24093.8,1
20230921,32,77.80,30060.1,24093.4,1
20230921,32,79.90,30060.1,23949.4,1
20230921,32,79.98,30080.1,23944.6,1
20230921,32,80.00,30080.1,23944.6,1
20230921,32,80.01,30080.1,23149.5,1
20230921,32,80.10,30080.1,22948.2,1
20230921,32,80.12,30080.1,22937.1,1
20230921,32,80.20,30080.1,22857.5,1
20230921,32,80.21,30090.1,22849.5,1
20230921,32,80.50,30090.1,22849.5,1
20230921,32,81.00,30090.1,22849.4,1
20230921,32,82.01,30090.1,22798.9,1
20230921,32,85.00,30090.1,22706.4,1
20230921,32,90.00,30090.1,22650.4,1
20230921,32,99.90,30090.1,22628.9,1
20230921,32,100.00,30090.1,22628.6,1
20230921,32,100.01,30105.5,19602.3,1
20230921,32,101.00,30105.5,19602.3,1
20230921,32,102.00,30105.5,19477.9,1
20230921,32,105.00,30105.5,19250.8,1
20230921,32,120.10,30105.5,19250.6,1
20230921,32,130.00,30105.5,19180.9,1
20230921,32,138.00,30105.5,19173.1,1
20230921,32,190.00,30105.5,19134.8,1
20230921,32,200.00,30105.5,19132.3,1
20230921,32,200.01,30105.5,17098.4,1
20230921,32,200.10,30105.5,15822.0,1
20230921,32,200.50,30105.5,15677.8,1
20230921,32,201.00,30105.5,15588.3,1
20230921,32,210.00,30105.5,15440.8,1
20230921,32,250.00,30105.5,15250.5,1
20230921,32,300.00,30105.5,15042.6,1
20230921,32,548.66,30105.5,14715.9,1
20230921,32,550.02,30105.5,14241.3,1
20230921,32,999.00,30105.5,14031.4,1
20230921,32,999.99,30105.5,0.0,1
20230921,33,0.00,0.0,9583.0,0
20230921,33,0.00,1551.5,9583.0,0
20230921,33,0.01,6847.3,9583.0,0
20230921,33,0.02,6857.8,9582.7,0
20230921,33,0.03,6857.8,9568.1,0
20230921,33,0.04,6858.0,9565.7,0
20230921,33,0.09,6858.0,9565.7,0
20230921,33,0.10,6858.0,9564.2,0
20230921,33,0.20,6858.0,9544.2,0
20230921,33,0.30,6858.0,9534.2,0
20230921,33,0.62,6858.0,9530.2,0
20230921,33,1.00,6923.1,9510.2,0
20230921,33,1.01,6923.5,9465.6,0
20230921,33,1.12,6923.5,9455.6,0
20230921,33,1.56,6944.2,9445.6,0
20230921,33,2.12,6944.2,9445.6,0
20230921,33,3.00,6944.2,9425.6,0
20230921,33,3.01,6944.2,9365.6,0
20230921,33,3.12,6944.2,9355.6,0
20230921,33,3.80,6946.7,9325.6,0
20230921,33,3.81,6948.7,9325.6,0
20230921,33,4.65,6969.8,9325.6,0
20230921,33,5.00,6970.2,9325.6,0
20230921,33,5.01,6970.2,9252.0,0
20230921,33,5.12,6970.2,9232.0,0
20230921,33,6.00,6970.2,9212.0,0
20230921,33,6.06,6972.2,9184.0,0
20230921,33,6.26,6972.2,9184.0,0
20230921,33,7.00,6972.2,9178.0,0
20230921,33,7.12,6972.2,9177.9,0
20230921,33,7.59,6974.8,9157.9,0
20230921,33,7.70,6975.8,9157.9,0
20230921,33,7.90,6975.8,9157.9,0
20230921,33,8.00,7004.3,9155.0,0
20230921,33,8.02,7008.0,9155.0,0
20230921,33,8.31,7010.0,9155.0,0
20230921,33,8.50,7010.0,9155.0,0
20230921,33,9.00,7010.0,9145.0,0
20230921,33,10.00,7011.3,9144.9,0
20230921,33,10.17,7011.3,9144.9,0
20230921,33,10.56,7013.3,9114.9,0
20230921,33,11.38,7015.8,9114.9,0
20230921,33,11.61,7015.8,9114.9,0
20230921,33,11.95,7015.8,8949.9,0
20230921,33,11.98,7015.8,8948.2,0
20230921,33,12.66,7015.8,8914.2,0
20230921,33,12.81,7017.8,8833.2,0
20230921,33,13.95,7017.8,8833.2,0
20230921,33,14.00,7017.8,8810.0,0
20230921,33,14.21,7017.8,8808.7,0
20230921,33,14.99,7017.8,8808.2,0
20230921,33,15.00,7017.8,8808.1,0
20230921,33,15.02,7019.6,8756.1,0
20230921,33,15.06,7021.6,8756.1,0
20230921,33,15.17,7024.2,8756.1,0
20230921,33,15.22,7024.2,8756.1,0
20230921,33,15.45,7024.2,8740.0,0
20230921,33,15.50,7024.2,8702.0,0
20230921,33,15.58,7024.2,8691.0,0
20230921,33,15.91,7024.2,8690.1,0
20230921,33,16.00,7024.2,8689.9,0
20230921,33,16.02,7024.2,8687.3,0
20230921,33,16.05,7024.2,8345.3,0
20230921,33,16.76,7024.2,8337.1,0
20230921,33,16.99,7024.2,8176.1,0
20230921,33,17.25,7024.2,8176.0,0
20230921,33,17.31,7026.2,8175.0,0
20230921,33,17.33,7026.2,8175.0,0
20230921,33,17.45,7026.2,8123.0,0
20230921,33,17.87,7026.2,8122.7,0
20230921,33,17.99,7026.2,7925.7,0
20230921,33,18.00,7026.2,7736.7,0
20230921,33,18.67,7026.2,7736.2,0
20230921,33,18.96,7028.7,7442.2,0
20230921,33,19.00,7028.7,7442.2,0
20230921,33,19.15,7028.7,7441.4,0
20230921,33,19.48,7028.7,7424.4,0
20230921,33,19.71,7252.7,7388.4,0
20230921,33,19.93,7253.6,7388.4,0
20230921,33,19.95,7305.6,7388.4,0
20230921,33,20.00,7305.6,7388.4,0
20230921,33,20.17,7305.6,7386.3,0
20230921,33,20.18,7305.7,7386.2,0
20230921,33,20.90,7306.5,7386.2,0
20230921,33,21.00,7306.5,7386.2,0
20230921,33,21.03,7306.5,7386.1,0
20230921,33,21.04,7306.5,7385.8,0
20230921,33,21.12,7306.5,7385.5,0
20230921,33,21.13,7308.2,7377.3,0
20230921,33,21.81,7308.2,7377.3,0
20230921,33,21.88,7309.1,7377.1,0
20230921,33,22.00,7309.1,7377.1,0
20230921,33,22.85,7309.9,7376.9,0
20230921,33,23.00,7309.9,7376.9,0
20230921,33,23.82,7310.7,7376.7,0
20230921,33,24.03,7320.6,7375.9,0
20230921,33,24.05,7320.6,7375.9,0
20230921,33,24.06,7320.6,7370.4,0
20230921,33,24.08,7320.6,7368.4,0
20230921,33,25.00,7320.6,7356.2,0
20230921,33,26.31,7320.6,7287.3,0
20230921,33,26.81,7320.6,7286.3,0
20230921,33,27.00,7320.6,7285.4,0
20230921,33,28.56,7320.6,7277.4,0
20230921,33,29.80,7320.6,7276.4,0
20230921,33,29.97,7320.6,7275.6,0
20230921,33,30.00,7320.6,7262.0,0
20230921,33,30.81,7320.6,7252.0,0
20230921,33,32.00,7320.6,7251.5,0
20230921,33,32.80,7320.6,7230.0,0
20230921,33,34.00,7320.6,7228.3,0
20230921,33,35.00,7320.6,7175.9,0
20230921,33,35.08,7320.6,7170.4,0
20230921,33,37.50,7320.6,7168.7,0
20230921,33,38.88,7320.6,7168.6,0
20230921,33,40.00,7320.6,7166.9,0
20230921,33,40.01,7320.6,7133.2,0
20230921,33,42.57,7320.6,7133.1,0
20230921,33,42.69,7320.6,7128.4,0
20230921,33,45.00,7320.6,7127.5,0
20230921,33,50.00,7320.6,7113.8,0
20230921,33,50.01,7325.2,7099.8,0
20230921,33,55.00,7325.2,7099.8,0
20230921,33,55.80,7325.2,7091.8,0
20230921,33,60.00,7325.2,7072.6,0
20230921,33,60.12,7325.2,7048.5,0
20230921,33,65.63,7325.2,7044.8,0
20230921,33,67.94,7325.2,7028.4,0
20230921,33,77.80,7325.2,7014.3,0
20230921,33,79.90,7325.2,7001.6,0
20230921,33,80.00,7325.2,7000.3,0
20230921,33,80.01,7325.2,6926.6,0
20230921,33,80.21,7335.2,6812.5,0
20230921,33,82.01,7335.2,6812.5,0
20230921,33,85.00,7335.2,6793.5,0
20230921,33,90.00,7335.2,6787.0,0
20230921,33,99.90,7335.2,6783.4,0
20230921,33,100.00,7335.2,6783.2,0
20230921,33,100.01,7337.7,6761.9,0
20230921,33,101.00,7337.7,6761.9,0
20230921,33,102.00,7337.7,6741.8,0
20230921,33,138.00,7337.7,6688.1,0
20230921,33,150.00,7337.7,6467.2,0
20230921,33,200.00,7337.7,6464.5,0
20230921,33,200.01,7337.7,6296.0,0
20230921,33,200.50,7337.7,6200.5,0
20230921,33,210.00,7337.7,6178.9,0
20230921,33,300.00,7337.7,6162.8,0
20230921,33,500.00,7337.7,5975.8,0
20230921,33,548.66,7337.7,5973.8,0
20230921,33,999.00,7337.7,5967.2,0
20230921,33,999.99,7337.7,0.0,0
20230921,33,0.00,0.0,40154.2,1
20230921,33,0.00,14619.5,40154.2,1
20230921,33,0.01,22762.8,40154.2,1
20230921,33,0.02,22784.1,40145.2,1
20230921,33,0.03,22784.1,40133.3,1
20230921,33,0.04,22787.3,40109.8,1
20230921,33,0.09,22787.3,40109.8,1
20230921,33,0.10,22787.3,40093.1,1
20230921,33,0.20,22787.3,39993.0,1
20230921,33,0.62,22787.3,39943.0,1
20230921,33,0.90,22788.3,39923.0,1
20230921,33,1.00,23281.1,39923.0,1
20230921,33,1.01,23282.2,39570.9,1
20230921,33,1.12,23282.2,39545.9,1
20230921,33,1.56,23448.4,39535.9,1
20230921,33,2.00,23448.8,39535.9,1
20230921,33,2.01,23448.8,39535.9,1
20230921,33,2.10,23448.8,39505.9,1
20230921,33,2.12,23448.8,39499.9,1
20230921,33,2.15,23558.4,39479.9,1
20230921,33,2.61,23564.5,39479.9,1
20230921,33,3.00,23564.5,39479.9,1
20230921,33,3.01,23564.5,39379.9,1
20230921,33,3.10,23564.5,39359.9,1
20230921,33,3.12,23564.5,39304.9,1
20230921,33,3.81,23567.5,39274.9,1
20230921,33,5.00,23648.1,39274.9,1
20230921,33,5.01,23648.1,39175.5,1
20230921,33,5.12,23648.1,39145.5,1
20230921,33,5.21,23654.2,39125.5,1
20230921,33,6.00,23654.2,39125.5,1
20230921,33,6.06,23657.2,39102.7,1
20230921,33,7.00,23657.5,39102.7,1
20230921,33,7.01,23657.5,39102.7,1
20230921,33,7.12,23657.5,38834.2,1
20230921,33,7.50,23697.5,38814.2,1
20230921,33,7.80,23703.7,38814.2,1
20230921,33,8.00,23703.7,38814.2,1
20230921,33,8.01,23703.7,38794.1,1
20230921,33,8.02,23725.1,38785.1,1
20230921,33,8.31,23728.1,38785.1,1
20230921,33,9.50,23728.1,38785.1,1
20230921,33,9.66,23728.1,38638.1,1
20230921,33,10.00,23779.7,38514.1,1
20230921,33,10.05,23799.7,38434.1,1
20230921,33,10.20,23799.7,38434.1,1
20230921,33,10.38,23799.7,38310.1,1
20230921,33,10.40,23805.8,38186.1,1
20230921,33,10.46,23805.8,38186.1,1
20230921,33,10.51,23805.8,38099.1,1
20230921,33,10.56,23809.6,37948.1,1
20230921,33,10.58,23809.6,37948.1,1
20230921,33,10.59,24027.6,37721.9,1
20230921,33,11.19,24027.6,37709.5,1
20230921,33,11.20,24071.4,37487.1,1
20230921,33,11.40,24071.4,37487.1,1
20230921,33,11.67,24071.4,37336.1,1
20230921,33,11.75,24071.4,37214.1,1
20230921,33,11.83,24071.4,37014.1,1
20230921,33,11.90,24071.4,36814.1,1
20230921,33,11.98,24071.4,36614.1,1
20230921,33,12.00,24072.6,36414.1,1
20230921,33,12.06,24072.6,36408.5,1
20230921,33,12.15,24072.6,36208.5,1
20230921,33,12.25,24072.6,36008.5,1
20230921,33,12.40,24072.6,35808.5,1
20230921,33,12.54,24072.6,35608.5,1
20230921,33,12.73,24072.6,35143.4,1
20230921,33,12.81,24076.6,34943.4,1
20230921,33,13.00,24082.7,34943.4,1
20230921,33,13.50,24092.7,34907.5,1
20230921,33,13.53,24094.8,34907.5,1
20230921,33,14.00,24094.8,34907.5,1
20230921,33,14.06,24096.8,34866.8,1
20230921,33,14.10,24096.8,34866.8,1
20230921,33,14.30,24096.8,34866.2,1
20230921,33,14.50,24096.8,34865.8,1
20230921,33,14.59,24098.9,34864.3,1
20230921,33,14.70,24099.9,34864.3,1
20230921,33,14.83,24099.9,34864.3,1
20230921,33,15.00,24312.9,34864.2,1
20230921,33,15.01,24313.3,34754.5,1
20230921,33,15.02,24315.9,34750.1,1
20230921,33,15.06,24319.9,34750.1,1
20230921,33,15.12,24321.9,34750.1,1
20230921,33,15.15,24321.9,34750.0,1
20230921,33,15.51,24321.9,34654.0,1
20230921,33,15.55,24321.9,34646.4,1
20230921,33,15.65,24323.9,34446.4,1
20230921,33,15.73,24323.9,34446.1,1
20230921,33,15.74,24325.2,34439.5,1
20230921,33,15.80,24325.2,34439.5,1
20230921,33,15.81,24325.2,34439.2,1
20230921,33,15.90,24337.2,34439.1,1
20230921,33,16.00,24406.2,34439.1,1
20230921,33,16.01,24406.5,34389.3,1
20230921,33,16.10,24407.5,34389.3,1
20230921,33,16.12,24471.5,34389.3,1
20230921,33,16.20,24472.5,34389.3,1
20230921,33,16.27,24536.5,34389.3,1
20230921,33,16.30,24537.5,34389.3,1
20230921,33,16.35,24537.5,34389.3,1
20230921,33,16.37,24601.5,34339.3,1
20230921,33,16.40,24601.5,34339.3,1
20230921,33,16.47,24665.5,34289.3,1
20230921,33,16.53,24665.5,34289.3,1
20230921,33,16.66,24729.5,34289.0,1
20230921,33,16.70,24729.5,34289.0,1
20230921,33,16.75,24793.5,34288.9,1
20230921,33,16.85,24857.5,34288.9,1
20230921,33,17.00,24857.5,34288.9,1
20230921,33,17.01,24860.3,34249.9,1
20230921,33,17.03,24924.3,34249.9,1
20230921,33,17.10,24924.3,34249.9,1
20230921,33,17.16,24998.6,34249.8,1
20230921,33,17.18,24998.6,34249.8,1
20230921,33,17.31,25002.6,34233.6,1
20230921,33,17.39,25002.6,34233.6,1
20230921,33,17.41,25002.6,34231.4,1
20230921,33,17.62,25002.6,34231.1,1
20230921,33,17.63,25002.6,34109.1,1
20230921,33,17.65,25035.2,34035.7,1
20230921,33,17.86,25035.2,34035.7,1
20230921,33,17.87,25035.2,34033.5,1
20230921,33,18.03,25035.2,33911.5,1
20230921,33,18.16,25035.2,33911.4,1
20230921,33,18.21,25035.2,33890.0,1
20230921,33,18.29,25035.2,33768.0,1
20230921,33,18.33,25035.2,33767.3,1
20230921,33,18.44,25038.4,33765.1,1
20230921,33,18.47,25038.4,33765.1,1
20230921,33,18.63,25040.0,30397.1,1
20230921,33,18.75,25040.0,30397.1,1
20230921,33,18.80,25040.0,30334.1,1
20230921,33,18.81,25040.0,30329.7,1
20230921,33,19.83,25040.0,30324.4,1
20230921,33,20.00,25040.0,30294.2,1
20230921,33,20.06,25040.0,30235.5,1
20230921,33,20.11,25042.4,30200.5,1
20230921,33,20.21,25042.4,30200.5,1
20230921,33,20.37,25042.4,28226.5,1
20230921,33,20.62,25078.4,28226.4,1
20230921,33,21.10,25078.4,28226.4,1
20230921,33,21.76,25078.4,28104.4,1
20230921,33,21.77,25078.4,28103.7,1
20230921,33,21.80,25078.4,28023.5,1
20230921,33,21.81,25078.4,28022.9,1
20230921,33,21.89,25078.4,28022.5,1
20230921,33,22.80,25527.5,28021.6,1
20230921,33,22.92,25527.5,28021.6,1
20230921,33,22.96,25527.5,28012.6,1
20230921,33,23.00,25540.5,28008.1,1
20230921,33,23.03,25540.5,28008.1,1
20230921,33,23.50,25540.5,28008.0,1
20230921,33,23.61,25540.5,28007.5,1
20230921,33,23.64,25540.5,27910.0,1
20230921,33,23.82,25540.5,27560.0,1
20230921,33,24.06,25540.5,27550.6,1
20230921,33,25.00,25560.5,27546.6,1
20230921,33,25.37,25560.5,27546.6,1
20230921,33,26.00,25560.5,27545.1,1
20230921,33,26.25,25563.0,27544.9,1
20230921,33,26.26,25565.5,27544.9,1
20230921,33,26.31,25565.5,27544.9,1
20230921,33,26.65,25593.4,27542.9,1
20230921,33,26.76,25593.4,27542.9,1
20230921,33,26.82,25593.4,27535.7,1
20230921,33,26.89,25593.4,27494.6,1
20230921,33,26.98,25593.4,27486.5,1
20230921,33,27.00,25593.4,27477.0,1
20230921,33,27.64,25593.4,27415.8,1
20230921,33,28.00,25593.4,27415.1,1
20230921,33,28.56,25593.4,27182.3,1
20230921,33,29.25,25613.3,27180.3,1
20230921,33,29.55,25633.2,27180.3,1
20230921,33,29.65,25643.2,27180.3,1
20230921,33,29.91,25643.2,27180.3,1
20230921,33,30.00,25653.2,27175.9,1
20230921,33,30.01,25653.2,27128.5,1
20230921,33,30.15,25653.9,27089.6,1
20230921,33,30.16,25654.6,27080.2,1
20230921,33,30.34,25664.6,27080.2,1
20230921,33,30.48,25664.6,27080.2,1
20230921,33,30.56,25664.6,27076.7,1
20230921,33,30.81,25664.6,27075.5,1
20230921,33,32.00,25664.6,27073.5,1
20230921,33,32.25,25684.5,26783.1,1
20230921,33,32.70,25686.2,26783.1,1
20230921,33,33.03,25686.2,26783.1,1
20230921,33,33.06,25686.2,26782.3,1
20230921,33,33.14,25696.2,26780.3,1
20230921,33,33.31,25696.2,26780.3,1
20230921,33,33.48,25696.2,26761.4,1
20230921,33,35.00,25696.2,26760.8,1
20230921,33,35.31,25696.2,26675.6,1
20230921,33,36.00,25696.2,26673.9,1
20230921,33,36.09,25696.2,26623.9,1
20230921,33,36.86,25696.2,26605.0,1
20230921,33,37.38,25696.2,26600.6,1
20230921,33,37.56,25696.2,26599.9,1
20230921,33,39.00,25696.2,26598.9,1
20230921,33,39.33,25696.2,26598.3,1
20230921,33,39.81,25696.2,26579.3,1
20230921,33,40.00,25696.2,26578.3,1
20230921,33,40.73,25696.2,26512.6,1
20230921,33,41.49,25696.2,26493.7,1
20230921,33,42.06,25696.2,26489.2,1
20230921,33,43.42,25696.2,26488.2,1
20230921,33,43.81,25696.2,26483.8,1
20230921,33,44.31,25696.2,26380.2,1
20230921,33,45.00,25696.3,26379.2,1
20230921,33,45.36,25696.3,26307.4,1
20230921,33,46.00,25696.3,26288.4,1
20230921,33,46.56,25696.3,26238.4,1
20230921,33,48.45,25696.3,26234.2,1
20230921,33,49.74,25696.3,26215.3,1
20230921,33,49.94,25696.3,26208.3,1
20230921,33,50.00,25696.3,25997.7,1
20230921,33,50.50,25696.3,24690.8,1
20230921,33,50.90,25696.3,24689.0,1
20230921,33,51.00,25696.3,24685.8,1
20230921,33,55.00,25696.4,24684.8,1
20230921,33,56.00,25696.4,24683.4,1
20230921,33,59.90,25696.4,24682.1,1
20230921,33,60.00,25696.4,24681.4,1
20230921,33,60.12,25696.4,24611.7,1
20230921,33,61.00,25696.4,24597.1,1
20230921,33,62.00,25696.4,24588.1,1
20230921,33,62.69,25696.4,24521.5,1
20230921,33,65.63,25696.4,24511.3,1
20230921,33,67.94,25696.4,24503.2,1
20230921,33,70.00,25696.4,24475.3,1
20230921,33,70.90,25696.4,24468.4,1
20230921,33,72.50,25696.4,20479.4,1
20230921,33,76.50,25696.4,20479.3,1
20230921,33,77.80,25696.4,20479.0,1
20230921,33,79.90,25696.4,20357.8,1
20230921,33,80.00,25696.4,20354.8,1
20230921,33,80.01,25696.4,19833.5,1
20230921,33,80.10,25696.4,19654.1,1
20230921,33,80.12,25696.4,19644.4,1
20230921,33,80.21,25706.4,19568.3,1
20230921,33,80.50,25706.4,19568.3,1
20230921,33,81.00,25706.4,19568.1,1
20230921,33,82.01,25706.4,19397.4,1
20230921,33,85.00,25706.4,19308.3,1
20230921,33,90.00,25706.4,19257.4,1
20230921,33,99.90,25706.4,19237.1,1
20230921,33,100.00,25706.4,19236.9,1
20230921,33,100.01,25719.8,16284.3,1
20230921,33,101.00,25719.8,16284.3,1
20230921,33,102.00,25719.8,16172.7,1
20230921,33,105.00,25719.8,16004.4,1
20230921,33,120.10,25719.8,16004.2,1
20230921,33,130.00,25719.8,15941.9,1
20230921,33,138.00,25719.8,15934.2,1
20230921,33,190.00,25719.8,15932.7,1
20230921,33,200.00,25719.8,15930.2,1
20230921,33,200.01,25719.8,14131.3,1
20230921,33,200.10,25719.8,13157.9,1
20230921,33,200.50,25719.8,13014.8,1
20230921,33,201.00,25719.8,12928.7,1
20230921,33,210.00,25719.8,12805.7,1
20230921,33,250.00,25719.8,12548.2,1
20230921,33,300.00,25719.8,12342.0,1
20230921,33,548.66,25719.8,12015.6,1
20230921,33,550.02,25719.8,11544.8,1
20230921,33,999.00,25719.8,11337.2,1
20230921,33,999.99,25719.8,0.0,1
20230921,33,0.00,0.0,15464.3,2
20230921,33,0.00,7629.8,15464.3,2
20230921,33,0.01,11262.2,15464.3,2
20230921,33,0.02,11392.8,15453.4,2
20230921,33,0.03,11393.1,15437.0,2
20230921,33,0.04,11408.1,15424.2,2
20230921,33,0.09,11408.1,15424.2,2
20230921,33,0.20,11408.1,15401.0,2
20230921,33,0.62,11408.1,15361.0,2
20230921,33,1.00,11408.2,15321.0,2
20230921,33,1.01,11408.2,15265.2,2
20230921,33,1.12,11408.2,15255.2,2
20230921,33,1.56,11434.4,15235.2,2
20230921,33,2.00,11435.1,15235.2,2
20230921,33,2.01,11435.1,15235.2,2
20230921,33,2.12,11435.1,15225.2,2
20230921,33,2.61,11438.0,15185.2,2
20230921,33,3.00,11438.0,15185.2,2
20230921,33,3.01,11438.0,15125.2,2
20230921,33,3.10,11438.0,15105.2,2
20230921,33,3.12,11438.0,15095.2,2
20230921,33,3.81,11439.0,15035.2,2
20230921,33,5.00,11518.8,15035.2,2
20230921,33,5.01,11518.8,14942.6,2
20230921,33,5.04,11518.8,14912.6,2
20230921,33,5.12,11518.8,14612.6,2
20230921,33,5.21,11521.8,14572.6,2
20230921,33,5.50,11521.9,14572.6,2
20230921,33,6.00,11521.9,14572.6,2
20230921,33,6.06,11522.9,14539.5,2
20230921,33,6.26,11522.9,14539.5,2
20230921,33,6.94,11527.8,14537.9,2
20230921,33,7.12,11527.8,14537.9,2
20230921,33,7.80,11530.8,14497.9,2
20230921,33,8.00,11530.8,14497.9,2
20230921,33,8.01,11530.8,14457.9,2
20230921,33,8.31,11531.8,14446.9,2
20230921,33,8.59,11531.8,14446.9,2
20230921,33,9.60,11531.8,14444.1,2
20230921,33,9.82,11531.8,14335.1,2
20230921,33,10.00,11554.0,14307.8,2
20230921,33,10.22,11554.0,14293.3,2
20230921,33,10.23,11554.0,14244.3,2
20230921,33,10.40,11557.0,14194.3,2
20230921,33,10.50,11587.0,14194.3,2
20230921,33,10.56,11588.0,14194.3,2
20230921,33,11.00,11588.0,14194.3,2
20230921,33,11.28,11588.0,14194.2,2
20230921,33,12.00,11589.0,14194.1,2
20230921,33,12.26,11714.6,14192.1,2
20230921,33,12.81,11715.6,14192.1,2
20230921,33,13.00,11718.5,14192.1,2
20230921,33,13.01,11718.5,14189.9,2
20230921,33,13.02,11718.5,14181.2,2
20230921,33,13.03,11718.5,14147.5,2
20230921,33,13.04,11718.5,14113.8,2
20230921,33,13.05,11718.5,14080.1,2
20230921,33,13.10,11719.1,14046.4,2
20230921,33,13.21,11719.7,14046.4,2
20230921,33,13.31,11720.3,14046.4,2
20230921,33,13.39,11720.3,14046.4,2
20230921,33,13.42,11720.9,13896.4,2
20230921,33,13.52,11721.5,13896.4,2
20230921,33,13.53,11721.9,13896.4,2
20230921,33,13.63,11721.9,13896.4,2
20230921,33,13.98,11751.9,13872.4,2
20230921,33,14.00,11751.9,13872.4,2
20230921,33,14.01,11769.6,13770.1,2
20230921,33,14.06,11770.0,13770.1,2
20230921,33,14.26,11800.0,13770.1,2
20230921,33,14.53,11800.0,13770.1,2
20230921,33,14.55,11830.0,13490.1,2
20230921,33,14.59,11830.4,13490.1,2
20230921,33,14.84,11860.4,13490.1,2
20230921,33,14.98,11860.4,13490.1,2
20230921,33,15.00,11860.4,13489.9,2
20230921,33,15.01,11861.3,13435.6,2
20230921,33,15.06,11863.0,13430.4,2
20230921,33,15.12,11863.4,13430.4,2
20230921,33,15.50,11868.4,13430.4,2
20230921,33,15.64,11868.4,13430.4,2
20230921,33,15.65,11868.7,13430.1,2
20230921,33,15.94,11868.7,13430.1,2
20230921,33,16.00,11868.7,13190.1,2
20230921,33,16.30,11868.7,13189.1,2
20230921,33,16.40,11868.7,13188.9,2
20230921,33,16.96,11868.7,13188.8,2
20230921,33,17.00,11868.7,13188.3,2
20230921,33,17.30,11868.7,13168.3,2
20230921,33,17.31,11870.7,13168.2,2
20230921,33,17.49,11900.7,13168.2,2
20230921,33,17.50,11900.7,13168.2,2
20230921,33,17.64,11930.7,13168.1,2
20230921,33,17.73,11930.7,13168.1,2
20230921,33,17.76,11930.7,13163.1,2
20230921,33,17.79,11960.7,13158.5,2
20230921,33,17.87,11974.7,13158.5,2
20230921,33,18.25,11982.3,13158.5,2
20230921,33,18.30,11982.3,13158.5,2
20230921,33,18.59,11998.4,13158.4,2
20230921,33,18.60,11998.4,13158.4,2
20230921,33,18.63,11998.4,13158.3,2
20230921,33,18.64,11998.4,13154.4,2
20230921,33,18.78,11998.4,13104.4,2
20230921,33,19.00,11998.4,13054.4,2
20230921,33,19.50,11998.4,13054.3,2
20230921,33,19.70,12004.0,13054.2,2
20230921,33,19.90,12004.0,13054.2,2
20230921,33,20.00,12004.0,13054.1,2
20230921,33,20.01,12004.0,13041.5,2
20230921,33,20.30,12004.0,13036.0,2
20230921,33,20.39,12004.0,13035.9,2
20230921,33,20.40,12004.0,13035.4,2
20230921,33,20.41,12004.0,13009.1,2
20230921,33,20.42,12004.0,12959.1,2
20230921,33,20.43,12004.0,12909.1,2
20230921,33,20.44,12004.0,12859.1,2
20230921,33,20.45,12004.0,12809.1,2
20230921,33,20.46,12004.0,12759.1,2
20230921,33,20.47,12004.0,12709.1,2
20230921,33,20.48,12004.0,12659.1,2
20230921,33,20.49,12004.0,12609.1,2
20230921,33,20.50,12004.0,12559.1,2
20230921,33,20.51,12004.0,12509.1,2
20230921,33,21.00,12005.0,12459.1,2
20230921,33,21.12,12005.0,12458.9,2
20230921,33,21.18,12005.0,12318.9,2
20230921,33,21.32,12009.4,12318.8,2
20230921,33,21.33,12013.8,12318.8,2
20230921,33,21.41,12038.8,12318.8,2
20230921,33,21.81,12038.8,12318.8,2
20230921,33,22.28,12136.8,12318.5,2
20230921,33,22.76,12136.8,12318.5,2
20230921,33,23.03,12136.8,12276.3,2
20230921,33,23.50,12136.8,12276.0,2
20230921,33,24.06,12136.8,12275.7,2
20230921,33,24.90,12136.8,12273.0,2
20230921,33,25.85,12136.8,12271.9,2
20230921,33,26.06,12136.8,12221.9,2
20230921,33,26.09,12136.8,12221.6,2
20230921,33,26.18,12136.8,12221.1,2
20230921,33,26.25,12137.0,12220.5,2
20230921,33,26.26,12137.2,12220.5,2
20230921,33,26.31,12137.2,12220.5,2
20230921,33,26.65,12172.2,12219.1,2
20230921,33,27.00,12172.2,12219.1,2
20230921,33,27.01,12172.2,12187.3,2
20230921,33,27.25,12192.2,12182.4,2
20230921,33,28.00,12192.2,12182.4,2
20230921,33,28.56,12192.2,12152.1,2
20230921,33,29.10,12192.2,12151.1,2
20230921,33,29.25,12212.1,12150.7,2
20230921,33,30.00,12212.1,12150.7,2
20230921,33,30.81,12212.1,12136.9,2
20230921,33,31.80,12212.1,12135.9,2
20230921,33,32.00,12212.1,12135.3,2
20230921,33,32.13,12212.1,12050.3,2
20230921,33,33.06,12212.1,12049.9,2
20230921,33,33.50,12212.1,12049.8,2
20230921,33,35.00,12212.1,12049.7,2
20230921,33,35.16,12212.1,12045.4,2
20230921,33,35.61,12212.1,12043.8,2
20230921,33,37.19,12212.1,12043.3,2
20230921,33,37.51,12212.1,12042.8,2
20230921,33,39.81,12215.1,12035.6,2
20230921,33,39.98,12275.1,12035.6,2
20230921,33,40.00,12275.1,12035.6,2
20230921,33,45.00,12275.1,12033.4,2
20230921,33,45.12,12275.1,12007.4,2
20230921,33,50.00,12275.1,12002.4,2
20230921,33,50.01,12276.3,11889.2,2
20230921,33,52.74,12276.3,11889.2,2
20230921,33,53.10,12276.3,11885.9,2
20230921,33,55.00,12276.3,11884.9,2
20230921,33,56.00,12276.3,11881.2,2
20230921,33,57.57,12276.3,11871.5,2
20230921,33,59.90,12276.3,11853.3,2
20230921,33,60.00,12276.3,11853.1,2
20230921,33,61.00,12276.3,11810.3,2
20230921,33,62.00,12276.3,11789.8,2
20230921,33,62.69,12276.3,11774.3,2
20230921,33,65.00,12276.3,11757.8,2
20230921,33,67.94,12276.3,11750.1,2
20230921,33,70.00,12276.3,11740.4,2
20230921,33,70.01,12276.3,11728.4,2
20230921,33,77.80,12276.3,11727.4,2
20230921,33,79.90,12276.3,11710.5,2
20230921,33,79.98,12296.3,11700.3,2
20230921,33,80.00,12296.3,11700.3,2
20230921,33,80.01,12296.3,11596.7,2
20230921,33,80.05,12296.3,11551.5,2
20230921,33,80.10,12296.3,11549.5,2
20230921,33,80.13,12296.3,11522.6,2
20230921,33,80.20,12296.3,11429.7,2
20230921,33,82.01,12296.3,11421.7,2
20230921,33,85.00,12296.3,11395.8,2
20230921,33,90.00,12296.3,11390.7,2
20230921,33,99.90,12296.3,11373.6,2
20230921,33,100.00,12296.3,11373.4,2
20230921,33,100.01,12296.4,11348.7,2
20230921,33,101.00,12296.4,11348.7,2
20230921,33,102.00,12296.4,11334.8,2
20230921,33,120.10,12296.4,11238.7,2
20230921,33,138.00,12296.4,11235.2,2
20230921,33,190.00,12296.4,11135.6,2
20230921,33,200.00,12296.4,11135.3,2
20230921,33,200.01,12296.4,10636.4,2
20230921,33,200.10,12296.4,10171.9,2
20230921,33,200.50,12296.4,10170.7,2
20230921,33,201.00,12296.4,10160.0,2
20230921,33,210.00,12296.4,10133.8,2
20230921,33,300.00,12296.4,10109.6,2
20230921,33,548.66,12296.4,10096.6,2
20230921,33,999.00,12296.4,10089.6,2
20230921,33,999.99,12296.4,0.0,2
20230921,34,0.00,0.0,9542.6,0
20230921,34,0.00,1466.2,9542.6,0
20230921,34,0.01,6752.2,9542.6,0
20230921,34,0.02,6762.6,9542.4,0
20230921,34,0.03,6762.6,9542.0,0
20230921,34,0.04,6762.7,9539.6,0
20230921,34,0.09,6762.7,9539.6,0
20230921,34,0.10,6762.7,9538.9,0
20230921,34,0.20,6762.7,9518.9,0
20230921,34,0.30,6762.7,9508.9,0
20230921,34,0.62,6762.7,9504.9,0
20230921,34,1.00,6826.8,9484.9,0
20230921,34,1.01,6826.8,9442.5,0
20230921,34,1.12,6826.8,9432.5,0
20230921,34,1.56,6847.4,9422.5,0
20230921,34,2.12,6847.4,9422.5,0
20230921,34,3.00,6847.4,9402.5,0
20230921,34,3.01,6847.4,9342.5,0
20230921,34,3.12,6847.4,9332.5,0
20230921,34,3.81,6849.4,9302.5,0
20230921,34,3.99,6851.9,9302.5,0
20230921,34,4.00,6852.3,9295.4,0
20230921,34,4.65,6869.5,9295.4,0
20230921,34,5.00,6870.1,9295.4,0
20230921,34,5.01,6870.1,9225.5,0
20230921,34,5.12,6870.1,9205.5,0
20230921,34,6.00,6870.1,9185.5,0
20230921,34,6.06,6872.1,9158.6,0
20230921,34,6.26,6872.1,9158.6,0
20230921,34,7.00,6872.1,9152.6,0
20230921,34,7.12,6872.1,9152.5,0
20230921,34,7.70,6873.2,9132.5,0
20230921,34,7.90,6873.2,9132.5,0
20230921,34,7.97,6875.8,9129.6,0
20230921,34,8.00,6904.3,9129.6,0
20230921,34,8.02,6907.9,9129.6,0
20230921,34,8.31,6909.9,9129.6,0
20230921,34,8.50,6909.9,9129.6,0
20230921,34,9.00,6909.9,9119.6,0
20230921,34,10.00,6911.0,9119.5,0
20230921,34,10.17,6911.0,9119.5,0
20230921,34,10.56,6913.0,9089.5,0
20230921,34,11.61,6913.0,9089.5,0
20230921,34,11.95,6913.0,8924.5,0
20230921,34,11.96,6915.5,8922.8,0
20230921,34,12.66,6915.5,8922.8,0
20230921,34,12.81,6917.5,8841.8,0
20230921,34,13.95,6917.5,8841.8,0
20230921,34,14.00,6917.5,8819.6,0
20230921,34,14.21,6917.5,8818.3,0
20230921,34,14.99,6917.5,8817.8,0
20230921,34,15.00,6917.5,8817.7,0
20230921,34,15.02,6919.2,8765.7,0
20230921,34,15.06,6921.2,8765.7,0
20230921,34,15.22,6921.2,8765.7,0
20230921,34,15.45,6921.2,8751.2,0
20230921,34,15.50,6921.2,8713.2,0
20230921,34,15.58,6921.2,8703.2,0
20230921,34,15.78,6921.2,8702.3,0
20230921,34,15.91,6921.2,8670.3,0
20230921,34,15.94,6923.8,8670.1,0
20230921,34,16.00,6923.8,8670.1,0
20230921,34,16.05,6923.8,8667.5,0
20230921,34,16.18,6923.8,8659.3,0
20230921,34,16.88,6923.8,8362.3,0
20230921,34,16.99,6923.8,8201.3,0
20230921,34,17.00,6923.8,8201.2,0
20230921,34,17.25,6923.8,8200.2,0
20230921,34,17.31,6925.8,8199.1,0
20230921,34,17.33,6925.8,8199.1,0
20230921,34,17.45,6925.8,8147.1,0
20230921,34,17.86,6925.8,8146.9,0
20230921,34,17.99,6925.8,7904.9,0
20230921,34,18.00,6925.8,7760.9,0
20230921,34,18.74,6925.8,7760.4,0
20230921,34,19.00,6925.8,7466.4,0
20230921,34,19.62,6925.8,7465.6,0
20230921,34,19.71,7149.8,7413.6,0
20230921,34,19.92,7152.3,7413.6,0
20230921,34,20.00,7152.3,7413.6,0
20230921,34,20.14,7204.3,7411.5,0
20230921,34,20.46,7204.3,7411.5,0
20230921,34,20.81,7204.3,7349.5,0
20230921,34,21.00,7204.3,7336.9,0
20230921,34,21.34,7205.2,7336.8,0
20230921,34,21.81,7205.2,7336.8,0
20230921,34,22.00,7205.2,7336.6,0
20230921,34,22.75,7206.0,7336.4,0
20230921,34,23.00,7206.0,7336.4,0
20230921,34,24.05,7206.0,7336.2,0
20230921,34,24.06,7206.0,7330.4,0
20230921,34,24.17,7206.9,7328.4,0
20230921,34,24.93,7206.9,7328.4,0
20230921,34,24.94,7206.9,7328.3,0
20230921,34,25.00,7206.9,7328.2,0
20230921,34,25.03,7206.9,7265.5,0
20230921,34,25.04,7207.6,7256.3,0
20230921,34,25.58,7208.4,7256.3,0
20230921,34,26.31,7208.4,7256.3,0
20230921,34,27.00,7209.2,7255.2,0
20230921,34,27.94,7219.1,7246.4,0
20230921,34,28.56,7219.1,7246.4,0
20230921,34,30.00,7219.1,7245.4,0
20230921,34,30.06,7219.1,7235.3,0
20230921,34,30.81,7219.1,7234.4,0
20230921,34,32.00,7219.1,7233.8,0
20230921,34,33.12,7219.1,7213.0,0
20230921,34,34.00,7219.1,7212.2,0
20230921,34,34.03,7219.1,7163.3,0
20230921,34,35.00,7219.1,7149.4,0
20230921,34,36.19,7219.1,7143.4,0
20230921,34,38.49,7219.1,7141.7,0
20230921,34,39.86,7219.1,7140.8,0
20230921,34,40.00,7219.1,7136.9,0
20230921,34,40.01,7219.1,7103.8,0
20230921,34,45.00,7219.1,7103.7,0
20230921,34,50.00,7219.1,7091.0,0
20230921,34,50.01,7221.9,7076.0,0
20230921,34,53.32,7221.9,7076.0,0
20230921,34,55.00,7221.9,7055.7,0
20230921,34,60.00,7221.9,7047.8,0
20230921,34,60.12,7221.9,7024.6,0
20230921,34,66.91,7221.9,7021.0,0
20230921,34,67.94,7221.9,7004.9,0
20230921,34,77.80,7221.9,6990.3,0
20230921,34,79.90,7221.9,6977.5,0
20230921,34,80.00,7221.9,6976.4,0
20230921,34,80.01,7221.9,6907.4,0
20230921,34,80.21,7231.9,6793.5,0
20230921,34,82.01,7231.9,6793.5,0
20230921,34,85.00,7231.9,6774.3,0
20230921,34,90.00,7231.9,6768.8,0
20230921,34,99.90,7231.9,6765.3,0
20230921,34,100.00,7231.9,6765.1,0
20230921,34,100.01,7234.3,6742.7,0
20230921,34,101.00,7234.3,6742.7,0
20230921,34,102.00,7234.3,6722.6,0
20230921,34,138.00,7234.3,6673.3,0
20230921,34,150.00,7234.3,6462.6,0
20230921,34,200.00,7234.3,6460.0,0
20230921,34,200.01,7234.3,6293.5,0
20230921,34,200.50,7234.3,6196.8,0
20230921,34,210.00,7234.3,6176.2,0
20230921,34,300.00,7234.3,6158.8,0
20230921,34,500.00,7234.3,5971.8,0
20230921,34,548.66,7234.3,5969.8,0
20230921,34,999.00,7234.3,5963.2,0
20230921,34,999.99,7234.3,0.0,0
20230921,34,0.00,0.0,49579.0,1
20230921,34,0.00,16895.3,49579.0,1
20230921,34,0.01,28580.9,49579.0,1
20230921,34,0.02,28729.1,49559.8,1
20230921,34,0.03,28729.2,49541.2,1
20230921,34,0.04,28747.7,49505.6,1
20230921,34,0.09,28747.7,49505.6,1
20230921,34,0.10,28747.7,49481.8,1
20230921,34,0.20,28747.7,49381.7,1
20230921,34,0.62,28747.7,49291.7,1
20230921,34,0.80,28748.7,49231.7,1
20230921,34,0.90,28749.7,49231.7,1
20230921,34,1.00,29260.7,49231.7,1
20230921,34,1.01,29261.7,49013.0,1
20230921,34,1.12,29261.7,48978.0,1
20230921,34,1.56,29444.0,48948.0,1
20230921,34,2.00,29444.7,48948.0,1
20230921,34,2.01,29444.7,48948.0,1
20230921,34,2.10,29444.7,48908.0,1
20230921,34,2.12,29444.7,48902.0,1
20230921,34,2.15,29554.3,48842.0,1
20230921,34,2.96,29556.1,48842.0,1
20230921,34,3.00,29556.1,48842.0,1
20230921,34,3.01,29556.1,48662.0,1
20230921,34,3.10,29556.1,48622.0,1
20230921,34,3.12,29556.1,48557.0,1
20230921,34,3.21,29563.3,48467.0,1
20230921,34,3.81,29567.3,48467.0,1
20230921,34,3.99,29567.3,48467.0,1
20230921,34,5.00,29737.4,48458.4,1
20230921,34,5.01,29737.4,48273.9,1
20230921,34,5.04,29737.4,48213.9,1
20230921,34,5.12,29737.4,47913.9,1
20230921,34,5.50,29737.5,47853.9,1
20230921,34,5.91,29739.3,47853.9,1
20230921,34,6.00,29739.3,47853.9,1
20230921,34,6.06,29743.3,47818.4,1
20230921,34,6.26,29743.3,47818.4,1
20230921,34,6.41,29750.6,47816.8,1
20230921,34,6.94,29755.5,47816.8,1
20230921,34,7.01,29755.5,47816.8,1
20230921,34,7.12,29755.5,47556.2,1
20230921,34,7.50,29795.5,47496.2,1
20230921,34,8.00,29795.5,47496.2,1
20230921,34,8.01,29795.5,47436.1,1
20230921,34,8.02,29816.4,47416.7,1
20230921,34,8.31,29820.4,47416.7,1
20230921,34,8.59,29820.4,47416.7,1
20230921,34,8.85,29822.3,47414.0,1
20230921,34,9.00,29822.9,47414.0,1
20230921,34,9.50,29822.9,47414.0,1
20230921,34,9.60,29830.2,47267.0,1
20230921,34,9.66,29830.2,47163.0,1
20230921,34,10.00,29903.4,47039.0,1
20230921,34,10.05,29923.4,46944.5,1
20230921,34,10.20,29923.4,46944.5,1
20230921,34,10.22,29923.4,46820.5,1
20230921,34,10.23,29923.4,46809.7,1
20230921,34,10.38,29923.4,46759.7,1
20230921,34,10.46,29923.4,46635.7,1
20230921,34,10.50,29953.4,46548.7,1
20230921,34,10.51,29953.4,46548.7,1
20230921,34,10.56,29957.6,46397.7,1
20230921,34,10.58,29957.6,46397.7,1
20230921,34,10.59,30005.4,46169.9,1
20230921,34,11.00,30185.4,45987.4,1
20230921,34,11.19,30185.4,45987.3,1
20230921,34,11.20,30223.7,45759.7,1
20230921,34,11.28,30223.7,45759.7,1
20230921,34,11.40,30223.7,45759.6,1
20230921,34,11.67,30223.7,45608.6,1
20230921,34,11.75,30223.7,45486.6,1
20230921,34,11.80,30225.5,45286.6,1
20230921,34,11.84,30225.5,45286.6,1
20230921,34,11.90,30225.5,45086.6,1
20230921,34,11.98,30225.5,44886.6,1
20230921,34,12.00,30228.2,44686.6,1
20230921,34,12.07,30228.2,44679.7,1
20230921,34,12.15,30228.2,44479.7,1
20230921,34,12.26,30353.8,44279.7,1
20230921,34,12.27,30353.8,44279.7,1
20230921,34,12.40,30353.8,44079.7,1
20230921,34,12.51,30353.8,43879.7,1
20230921,34,12.68,30353.8,43435.4,1
20230921,34,12.80,30361.1,43235.4,1
20230921,34,12.81,30366.1,43235.4,1
20230921,34,12.87,30366.1,43235.4,1
20230921,34,13.00,30366.1,43214.6,1
20230921,34,13.01,30366.1,43177.4,1
20230921,34,13.02,30366.1,43168.7,1
20230921,34,13.03,30366.1,43135.0,1
20230921,34,13.04,30366.1,43101.3,1
20230921,34,13.05,30366.1,43067.6,1
20230921,34,13.39,30366.1,43033.9,1
20230921,34,13.50,30376.1,42873.9,1
20230921,34,13.63,30376.1,42873.9,1
20230921,34,13.98,30406.1,42850.9,1
20230921,34,14.00,30406.1,42850.9,1
20230921,34,14.01,30418.0,42702.3,1
20230921,34,14.10,30418.0,42702.3,1
20230921,34,14.26,30448.0,42701.7,1
20230921,34,14.30,30448.0,42701.7,1
20230921,34,14.50,30448.0,42701.3,1
20230921,34,14.53,30448.0,42699.8,1
20230921,34,14.55,30478.0,42429.8,1
20230921,34,14.70,30479.0,42429.8,1
20230921,34,14.75,30480.8,42429.8,1
20230921,34,14.83,30480.8,42429.8,1
20230921,34,14.84,30510.8,42429.7,1
20230921,34,15.00,30723.8,42429.7,1
20230921,34,15.01,30724.4,42265.0,1
20230921,34,15.02,30726.9,42255.6,1
20230921,34,15.06,30732.5,42255.6,1
20230921,34,15.15,30732.5,42255.6,1
20230921,34,15.25,30733.1,42159.6,1
20230921,34,15.50,30738.1,42159.6,1
20230921,34,15.51,30738.1,42159.6,1
20230921,34,15.52,30738.1,42152.0,1
20230921,34,15.73,30738.1,41952.0,1
20230921,34,15.74,30739.6,41945.7,1
20230921,34,15.75,30740.2,41945.7,1
20230921,34,15.80,30740.2,41945.7,1
20230921,34,15.81,30740.2,41945.4,1
20230921,34,15.90,30751.2,41945.3,1
20230921,34,15.94,30751.2,41945.3,1
20230921,34,16.00,30827.4,41695.3,1
20230921,34,16.01,30827.6,41644.4,1
20230921,34,16.10,30828.6,41644.4,1
20230921,34,16.12,30892.6,41644.4,1
20230921,34,16.20,30893.6,41644.4,1
20230921,34,16.24,30894.2,41644.4,1
20230921,34,16.27,30958.2,41644.4,1
20230921,34,16.30,30959.2,41644.4,1
20230921,34,16.36,30961.7,41644.4,1
20230921,34,16.37,31025.7,41644.4,1
20230921,34,16.39,31025.7,41644.4,1
20230921,34,16.40,31025.7,41594.4,1
20230921,34,16.47,31089.7,41544.3,1
20230921,34,16.66,31153.7,41544.3,1
20230921,34,16.70,31153.7,41544.3,1
20230921,34,16.73,31156.1,41544.2,1
20230921,34,16.74,31156.7,41544.2,1
20230921,34,16.75,31220.7,41539.2,1
20230921,34,16.85,31284.7,41539.2,1
20230921,34,17.00,31284.7,41539.2,1
20230921,34,17.01,31285.9,41478.6,1
20230921,34,17.03,31349.9,41478.6,1
20230921,34,17.08,31413.9,41478.6,1
20230921,34,17.09,31416.4,41478.6,1
20230921,34,17.10,31416.4,41478.6,1
20230921,34,17.16,31432.4,41478.5,1
20230921,34,17.18,31432.4,41478.5,1
20230921,34,17.24,31433.0,41462.3,1
20230921,34,17.30,31433.0,41462.3,1
20230921,34,17.31,31440.0,41462.2,1
20230921,34,17.45,31442.4,41462.2,1
20230921,34,17.49,31472.4,41462.2,1
20230921,34,17.50,31472.4,41462.2,1
20230921,34,17.55,31480.0,41462.1,1
20230921,34,17.62,31480.0,41462.1,1
20230921,34,17.63,31480.0,41340.1,1
20230921,34,17.64,31510.0,41289.3,1
20230921,34,17.65,31565.2,41289.3,1
20230921,34,17.68,31565.2,41289.3,1
20230921,34,17.79,31595.2,41289.1,1
20230921,34,17.82,31597.5,41289.1,1
20230921,34,17.87,31611.5,41288.8,1
20230921,34,18.03,31611.5,41166.8,1
20230921,34,18.21,31611.5,41166.7,1
20230921,34,18.23,31611.5,41044.7,1
20230921,34,18.30,31611.5,41044.4,1
20230921,34,18.42,31611.5,41044.3,1
20230921,34,18.47,31611.5,41044.0,1
20230921,34,18.60,31611.5,37868.0,1
20230921,34,18.63,31613.1,37867.9,1
20230921,34,18.74,31613.1,37867.9,1
20230921,34,18.75,31613.1,37853.6,1
20230921,34,18.78,31613.1,37794.6,1
20230921,34,18.79,31613.1,37744.6,1
20230921,34,18.94,31629.6,37744.4,1
20230921,34,19.00,31629.6,37744.4,1
20230921,34,19.03,31629.6,37744.3,1
20230921,34,19.07,31632.8,37744.0,1
20230921,34,19.35,31632.8,37744.0,1
20230921,34,19.50,31632.8,37743.5,1
20230921,34,19.63,31632.8,37743.4,1
20230921,34,19.75,31638.6,37742.7,1
20230921,34,19.83,31638.6,37742.7,1
20230921,34,19.86,31638.6,37661.9,1
20230921,34,19.88,31638.6,37657.3,1
20230921,34,19.90,31638.6,37626.0,1
20230921,34,20.00,31638.6,37625.9,1
20230921,34,20.01,31638.6,37521.1,1
20230921,34,20.11,31641.2,37515.8,1
20230921,34,20.21,31641.2,37515.8,1
20230921,34,20.30,31641.2,35735.8,1
20230921,34,20.38,31641.2,35735.7,1
20230921,34,20.39,31641.2,35704.3,1
20230921,34,20.40,31641.2,35654.3,1
20230921,34,20.41,31641.2,35604.3,1
20230921,34,20.42,31641.2,35554.3,1
20230921,34,20.43,31641.2,35504.3,1
20230921,34,20.44,31641.2,35454.3,1
20230921,34,20.45,31641.2,35404.3,1
20230921,34,20.46,31641.2,35354.3,1
20230921,34,20.47,31641.2,35304.3,1
20230921,34,20.48,31641.2,35254.3,1
20230921,34,20.49,31641.2,35204.3,1
20230921,34,20.50,31641.2,35154.3,1
20230921,34,20.51,31641.2,35104.3,1
20230921,34,20.62,31677.2,35054.3,1
20230921,34,20.89,31677.2,35054.3,1
20230921,34,21.00,31677.9,35054.1,1
20230921,34,21.10,31677.9,35053.8,1
20230921,34,21.27,31677.9,34931.8,1
20230921,34,21.81,31677.9,34931.0,1
20230921,34,22.28,31776.9,34930.3,1
20230921,34,22.41,31776.9,34930.3,1
20230921,34,22.50,31776.9,34930.0,1
20230921,34,22.78,31776.9,34929.4,1
20230921,34,22.80,32226.0,34928.5,1
20230921,34,22.92,32226.0,34928.5,1
20230921,34,23.00,32239.0,34919.5,1
20230921,34,23.03,32239.0,34919.5,1
20230921,34,23.52,32239.0,34919.4,1
20230921,34,23.64,32239.0,34918.9,1
20230921,34,23.79,32239.0,34903.9,1
20230921,34,23.81,32239.0,34901.7,1
20230921,34,24.06,32239.0,34901.1,1
20230921,34,24.31,32239.0,34894.4,1
20230921,34,24.56,32241.9,34894.3,1
20230921,34,24.57,32244.8,34894.3,1
20230921,34,24.65,32269.8,34894.3,1
20230921,34,24.69,32269.8,34894.3,1
20230921,34,24.86,32269.8,34792.3,1
20230921,34,24.90,32269.8,34750.3,1
20230921,34,25.00,32289.8,34749.2,1
20230921,34,25.08,32289.8,34749.2,1
20230921,34,25.47,32289.8,34747.0,1
20230921,34,25.85,32289.8,34746.7,1
20230921,34,25.89,32289.8,34696.7,1
20230921,34,26.00,32289.8,34694.8,1
20230921,34,26.27,32289.8,34694.7,1
20230921,34,26.31,32289.8,34687.5,1
20230921,34,26.37,32289.8,34684.1,1
20230921,34,26.96,32289.8,34681.9,1
20230921,34,27.00,32289.8,34635.4,1
20230921,34,27.01,32289.8,34534.3,1
20230921,34,27.66,32289.8,34529.4,1
20230921,34,27.78,32289.8,34525.0,1
20230921,34,28.00,32289.8,34516.4,1
20230921,34,28.33,32289.8,34275.6,1
20230921,34,28.34,32289.9,34274.3,1
20230921,34,28.35,32290.0,34273.0,1
20230921,34,28.53,32290.0,34273.0,1
20230921,34,28.56,32290.0,34272.6,1
20230921,34,28.73,32290.0,34269.6,1
20230921,34,28.74,32350.8,34267.5,1
20230921,34,29.31,32350.8,34267.5,1
20230921,34,29.34,32370.8,34267.0,1
20230921,34,29.48,32370.8,34267.0,1
20230921,34,30.00,32380.8,34257.5,1
20230921,34,30.01,32380.8,34196.0,1
20230921,34,30.40,32380.8,34160.2,1
20230921,34,30.48,32380.8,34156.8,1
20230921,34,30.56,32380.8,34156.3,1
20230921,34,30.79,32380.8,34155.2,1
20230921,34,30.81,32380.8,34154.5,1
20230921,34,31.04,32380.8,34151.5,1
20230921,34,31.34,32420.6,34147.0,1
20230921,34,31.59,32420.6,34147.0,1
20230921,34,31.96,32420.6,34146.7,1
20230921,34,32.00,32420.6,34137.3,1
20230921,34,32.70,32422.3,33774.9,1
20230921,34,33.03,32422.3,33774.9,1
20230921,34,33.06,32422.3,33774.1,1
20230921,34,33.35,32442.2,33771.8,1
20230921,34,33.45,32452.2,33771.8,1
20230921,34,34.32,32452.5,33771.8,1
20230921,34,34.33,32452.8,33771.8,1
20230921,34,34.45,32452.8,33771.8,1
20230921,34,34.50,32452.8,33752.9,1
20230921,34,34.51,32462.8,33752.3,1
20230921,34,34.65,32462.8,33752.3,1
20230921,34,35.00,32462.8,33752.0,1
20230921,34,35.31,32462.8,33668.2,1
20230921,34,36.00,32462.8,33666.5,1
20230921,34,36.05,32482.7,33616.5,1
20230921,34,36.67,32482.7,33616.5,1
20230921,34,37.04,32482.7,33612.1,1
20230921,34,37.31,32492.7,33593.2,1
20230921,34,37.44,32492.7,33593.2,1
20230921,34,37.56,32492.7,33592.6,1
20230921,34,37.71,32492.7,33591.6,1
20230921,34,37.76,32492.7,33590.0,1
20230921,34,39.64,32492.7,33589.4,1
20230921,34,39.81,32495.7,33571.3,1
20230921,34,39.98,32555.7,33570.3,1
20230921,34,40.00,32555.7,33570.3,1
20230921,34,41.36,32555.7,33504.2,1
20230921,34,42.06,32555.7,33485.3,1
20230921,34,42.08,32555.7,33484.3,1
20230921,34,42.31,32555.7,33483.8,1
20230921,34,42.40,32555.7,33479.4,1
20230921,34,44.01,32555.7,33478.7,1
20230921,34,44.31,32555.7,33478.2,1
20230921,34,44.34,32555.7,33477.2,1
20230921,34,44.39,32555.7,33476.6,1
20230921,34,44.73,32555.7,33469.5,1
20230921,34,45.00,32555.7,33451.1,1
20230921,34,45.12,32555.7,33360.0,1
20230921,34,45.68,32555.7,33355.2,1
20230921,34,46.00,32555.7,33336.2,1
20230921,34,46.06,32555.7,33286.2,1
20230921,34,46.56,32555.7,33281.7,1
20230921,34,47.63,32555.7,33276.9,1
20230921,34,47.82,32555.7,33272.5,1
20230921,34,47.94,32555.7,33058.5,1
20230921,34,48.00,32555.7,32966.0,1
20230921,34,48.56,32555.7,32965.9,1
20230921,34,49.76,32555.7,32947.0,1
20230921,34,50.00,32555.7,32928.1,1
20230921,34,50.01,32556.7,31285.4,1
20230921,34,50.50,32556.7,31285.4,1
20230921,34,50.90,32556.7,31283.7,1
20230921,34,51.00,32556.7,31280.5,1
20230921,34,53.10,32556.7,31279.7,1
20230921,34,55.00,32556.7,31278.8,1
20230921,34,56.00,32556.7,31273.3,1
20230921,34,56.57,32556.7,31263.1,1
20230921,34,59.90,32556.7,31259.8,1
20230921,34,60.00,32556.7,31258.9,1
20230921,34,60.12,32556.7,31153.5,1
20230921,34,61.00,32556.7,31139.5,1
20230921,34,62.00,32556.7,31110.9,1
20230921,34,65.00,32556.7,31031.3,1
20230921,34,65.50,32556.7,31024.3,1
20230921,34,66.91,32556.7,30998.9,1
20230921,34,67.94,32556.7,30991.2,1
20230921,34,70.00,32556.7,30953.8,1
20230921,34,70.01,32556.7,30933.1,1
20230921,34,70.90,32556.7,30932.0,1
20230921,34,77.80,32556.7,27472.0,1
20230921,34,79.50,32556.7,27351.1,1
20230921,34,79.90,32556.7,27351.0,1
20230921,34,79.98,32576.7,27340.1,1
20230921,34,80.00,32576.7,27340.1,1
20230921,34,80.01,32576.7,26743.4,1
20230921,34,80.05,32576.7,26530.3,1
20230921,34,80.10,32576.7,26525.6,1
20230921,34,80.12,32576.7,26494.0,1
20230921,34,80.20,32576.7,26421.6,1
20230921,34,80.21,32586.7,26413.6,1
20230921,34,80.50,32586.7,26413.6,1
20230921,34,81.00,32586.7,26413.4,1
20230921,34,82.01,32586.7,26354.0,1
20230921,34,83.50,32586.7,26235.6,1
20230921,34,85.00,32586.7,26235.2,1
20230921,34,90.00,32586.7,26183.8,1
20230921,34,99.90,32586.7,26147.3,1
20230921,34,100.00,32586.7,26146.9,1
20230921,34,100.01,32598.5,23170.1,1
20230921,34,101.00,32598.5,23037.4,1
20230921,34,102.00,32598.5,22911.9,1
20230921,34,105.00,32598.5,22675.8,1
20230921,34,120.10,32598.5,22675.6,1
20230921,34,130.00,32598.5,22613.1,1
20230921,34,138.00,32598.5,22605.6,1
20230921,34,190.00,32598.5,22502.5,1
20230921,34,200.00,32598.5,22499.6,1
20230921,34,200.01,32598.5,20290.8,1
20230921,34,200.10,32598.5,18881.2,1
20230921,34,200.50,32598.5,18737.1,1
20230921,34,201.00,32598.5,18647.5,1
20230921,34,210.00,32598.5,18501.0,1
20230921,34,250.00,32598.5,18221.9,1
20230921,34,300.00,32598.5,18016.4,1
20230921,34,548.66,32598.5,17677.1,1
20230921,34,550.02,32598.5,17197.1,1
20230921,34,999.00,32598.5,16990.5,1
20230921,34,999.99,32598.5,0.0,1
20230921,35,0.00,0.0,9430.7,0
20230921,35,0.00,1444.1,9430.7,0
20230921,35,0.01,6722.5,9430.7,0
20230921,35,0.02,6732.8,9430.5,0
20230921,35,0.03,6732.8,9430.1,0
20230921,35,0.09,6732.8,9428.0,0
20230921,35,0.10,6732.8,9427.8,0
20230921,35,0.20,6732.8,9407.8,0
20230921,35,0.30,6732.8,9397.8,0
20230921,35,0.62,6732.8,9393.8,0
20230921,35,1.00,6795.3,9373.8,0
20230921,35,1.01,6795.3,9334.6,0
20230921,35,1.12,6795.3,9324.6,0
20230921,35,1.56,6815.8,9314.6,0
20230921,35,2.12,6815.8,9314.6,0
20230921,35,3.00,6815.8,9294.6,0
20230921,35,3.01,6815.8,9274.6,0
20230921,35,3.12,6815.8,9264.6,0
20230921,35,3.81,6817.8,9234.6,0
20230921,35,3.89,6820.3,9234.6,0
20230921,35,4.00,6820.3,9234.6,0
20230921,35,4.65,6834.3,9227.5,0
20230921,35,5.00,6835.5,9227.5,0
20230921,35,5.01,6835.5,9122.5,0
20230921,35,5.12,6835.5,9102.5,0
20230921,35,6.00,6835.5,9082.5,0
20230921,35,6.06,6837.5,9056.8,0
20230921,35,6.26,6837.5,9056.8,0
20230921,35,6.75,6837.9,9050.8,0
20230921,35,7.00,6837.9,9050.8,0
20230921,35,7.12,6837.9,9050.7,0
20230921,35,7.70,6839.3,9030.7,0
20230921,35,7.77,6841.9,9030.7,0
20230921,35,7.90,6841.9,9030.7,0
20230921,35,8.00,6874.7,9027.6,0
20230921,35,8.02,6878.1,9027.6,0
20230921,35,8.31,6880.1,9027.6,0
20230921,35,8.50,6880.1,9027.6,0
20230921,35,9.00,6880.1,9017.6,0
20230921,35,10.00,6881.3,9017.5,0
20230921,35,10.17,6881.3,9017.5,0
20230921,35,10.56,6883.3,8987.5,0
20230921,35,11.61,6883.3,8987.5,0
20230921,35,11.65,6885.8,8822.5,0
20230921,35,11.95,6885.8,8822.5,0
20230921,35,12.66,6885.8,8820.9,0
20230921,35,12.81,6887.8,8739.9,0
20230921,35,13.95,6887.8,8739.9,0
20230921,35,14.00,6887.8,8720.3,0
20230921,35,14.21,6887.8,8719.0,0
20230921,35,14.99,6887.8,8718.5,0
20230921,35,15.00,6887.8,8718.4,0
20230921,35,15.02,6889.4,8666.4,0
20230921,35,15.06,6891.4,8666.4,0
20230921,35,15.22,6891.4,8666.4,0
20230921,35,15.45,6891.4,8653.7,0
20230921,35,15.50,6891.4,8615.7,0
20230921,35,15.53,6894.0,8605.7,0
20230921,35,15.58,6894.0,8605.7,0
20230921,35,15.71,6894.0,8604.8,0
20230921,35,15.73,6894.0,8596.8,0
20230921,35,15.91,6894.0,8184.8,0
20230921,35,16.00,6894.0,8184.6,0
20230921,35,16.05,6894.0,8182.3,0
20230921,35,16.45,6894.0,8174.2,0
20230921,35,16.81,6894.0,8013.2,0
20230921,35,16.99,6894.0,7997.2,0
20230921,35,17.07,6894.0,7997.1,0
20230921,35,17.25,6894.0,7982.1,0
20230921,35,17.31,6896.0,7981.1,0
20230921,35,17.33,6896.0,7981.1,0
20230921,35,17.45,6896.0,7929.1,0
20230921,35,17.50,6896.0,7928.8,0
20230921,35,17.88,6896.0,7927.8,0
20230921,35,18.00,6896.0,7808.8,0
20230921,35,18.01,6896.0,7808.3,0
20230921,35,18.52,6896.0,7541.3,0
20230921,35,19.00,6896.0,7308.3,0
20230921,35,19.42,6898.5,7307.5,0
20230921,35,19.71,7122.5,7307.5,0
20230921,35,20.00,7122.5,7307.5,0
20230921,35,20.02,7122.5,7305.5,0
20230921,35,20.39,7124.5,7253.5,0
20230921,35,20.63,7125.4,7253.5,0
20230921,35,20.81,7125.4,7253.5,0
20230921,35,21.00,7125.4,7240.4,0
20230921,35,21.07,7125.4,7240.3,0
20230921,35,21.08,7125.5,7230.5,0
20230921,35,21.81,7125.5,7230.5,0
20230921,35,21.85,7126.3,7230.3,0
20230921,35,22.00,7126.3,7230.3,0
20230921,35,23.00,7126.3,7230.2,0
20230921,35,23.07,7127.2,7230.0,0
20230921,35,23.98,7137.1,7230.0,0
20230921,35,24.06,7137.1,7230.0,0
20230921,35,24.28,7137.9,7228.0,0
20230921,35,24.88,7137.9,7228.0,0
20230921,35,25.00,7137.9,7227.2,0
20230921,35,25.50,7138.7,7173.2,0
20230921,35,25.52,7138.7,7173.2,0
20230921,35,26.31,7138.7,7166.9,0
20230921,35,26.53,7138.7,7165.8,0
20230921,35,27.00,7138.7,7165.7,0
20230921,35,28.56,7138.7,7158.6,0
20230921,35,30.00,7138.7,7157.6,0
20230921,35,30.81,7138.7,7147.8,0
20230921,35,32.00,7138.7,7147.3,0
20230921,35,33.07,7138.7,7128.0,0
20230921,35,34.00,7138.7,7120.3,0
20230921,35,35.00,7138.7,7077.3,0
20230921,35,36.57,7138.7,7070.8,0
20230921,35,40.00,7138.7,7068.1,0
20230921,35,40.01,7138.7,7039.1,0
20230921,35,43.70,7138.7,7039.0,0
20230921,35,44.72,7138.7,7016.5,0
20230921,35,45.00,7138.7,7016.1,0
20230921,35,45.14,7138.7,7005.4,0
20230921,35,50.00,7138.7,6998.9,0
20230921,35,50.01,7140.0,6983.6,0
20230921,35,60.00,7140.0,6983.6,0
20230921,35,60.12,7140.0,6961.4,0
20230921,35,61.00,7140.0,6958.1,0
20230921,35,67.94,7140.0,6942.7,0
20230921,35,77.80,7140.0,6928.2,0
20230921,35,79.90,7140.0,6914.8,0
20230921,35,80.00,7140.0,6913.8,0
20230921,35,80.01,7140.0,6850.5,0
20230921,35,80.21,7150.0,6738.7,0
20230921,35,82.01,7150.0,6738.7,0
20230921,35,85.00,7150.0,6719.4,0
20230921,35,90.00,7150.0,6714.8,0
20230921,35,99.90,7150.0,6711.4,0
20230921,35,100.00,7150.0,6711.2,0
20230921,35,100.01,7152.3,6688.5,0
20230921,35,101.00,7152.3,6688.5,0
20230921,35,102.00,7152.3,6668.4,0
20230921,35,138.00,7152.3,6626.2,0
20230921,35,150.00,7152.3,6434.0,0
20230921,35,200.00,7152.3,6431.5,0
20230921,35,200.01,7152.3,6271.1,0
20230921,35,200.50,7152.3,6173.1,0
20230921,35,210.00,7152.3,6155.6,0
20230921,35,300.00,7152.3,6136.4,0
20230921,35,500.00,7152.3,5949.4,0
20230921,35,548.66,7152.3,5947.4,0
20230921,35,999.00,7152.3,5940.8,0
20230921,35,999.99,7152.3,0.0,0
20230921,35,0.00,0.0,48621.1,1
20230921,35,0.00,16626.7,48621.1,1
20230921,35,0.01,28298.3,48621.1,1
20230921,35,0.02,28442.1,48603.2,1
20230921,35,0.03,28442.2,48591.2,1
20230921,35,0.04,28461.2,48556.3,1
20230921,35,0.09,28461.2,48556.3,1
20230921,35,0.10,28461.2,48544.5,1
20230921,35,0.20,28461.2,48444.4,1
20230921,35,0.62,28461.2,48354.4,1
20230921,35,0.80,28462.2,48294.4,1
20230921,35,0.90,28463.2,48294.4,1
20230921,35,1.00,28996.0,48294.4,1
20230921,35,1.01,28996.0,47910.5,1
20230921,35,1.12,28996.0,47875.5,1
20230921,35,1.56,29173.5,47845.5,1
20230921,35,2.00,29173.9,47845.5,1
20230921,35,2.01,29173.9,47845.5,1
20230921,35,2.10,29173.9,47805.5,1
20230921,35,2.12,29173.9,47799.5,1
20230921,35,2.15,29285.1,47739.5,1
20230921,35,2.69,29286.9,47739.5,1
20230921,35,2.71,29286.9,47739.5,1
20230921,35,2.72,29287.8,47733.7,1
20230921,35,3.00,29290.9,47733.7,1
20230921,35,3.01,29290.9,47693.7,1
20230921,35,3.10,29290.9,47653.7,1
20230921,35,3.12,29290.9,47588.7,1
20230921,35,3.81,29302.1,47498.7,1
20230921,35,4.00,29302.1,47498.7,1
20230921,35,5.00,29490.7,47490.8,1
20230921,35,5.01,29490.7,47179.4,1
20230921,35,5.04,29490.7,47119.4,1
20230921,35,5.12,29490.7,46819.4,1
20230921,35,5.36,29492.5,46759.4,1
20230921,35,5.50,29492.6,46759.4,1
20230921,35,6.00,29493.2,46759.4,1
20230921,35,6.06,29497.2,46725.3,1
20230921,35,6.26,29497.2,46725.3,1
20230921,35,6.94,29502.2,46723.7,1
20230921,35,7.01,29502.2,46723.7,1
20230921,35,7.12,29502.2,46469.1,1
20230921,35,7.50,29542.2,46409.1,1
20230921,35,7.62,29549.5,46409.1,1
20230921,35,8.00,29549.5,46409.1,1
20230921,35,8.01,29549.5,46349.0,1
20230921,35,8.02,29569.4,46330.9,1
20230921,35,8.04,29571.3,46330.9,1
20230921,35,8.31,29575.3,46330.9,1
20230921,35,8.59,29575.3,46330.9,1
20230921,35,9.50,29575.3,46328.6,1
20230921,35,9.60,29575.3,46181.6,1
20230921,35,9.66,29575.3,46084.6,1
20230921,35,10.00,29648.0,45960.6,1
20230921,35,10.05,29668.0,45866.1,1
20230921,35,10.20,29668.0,45866.1,1
20230921,35,10.22,29668.0,45742.1,1
20230921,35,10.23,29668.0,45715.2,1
20230921,35,10.38,29668.0,45665.2,1
20230921,35,10.46,29668.0,45541.2,1
20230921,35,10.50,29698.0,45454.2,1
20230921,35,10.51,29698.0,45454.2,1
20230921,35,10.56,29702.6,45303.2,1
20230921,35,10.58,29702.6,45303.2,1
20230921,35,10.59,29912.4,45075.7,1
20230921,35,10.71,29914.2,45055.4,1
20230921,35,11.00,29914.2,45055.4,1
20230921,35,11.19,29914.2,45055.3,1
20230921,35,11.20,29942.8,44817.8,1
20230921,35,11.28,29942.8,44817.8,1
20230921,35,11.40,29942.8,44817.7,1
20230921,35,11.42,29950.1,44666.7,1
20230921,35,11.67,29950.1,44666.7,1
20230921,35,11.76,29950.1,44544.7,1
20230921,35,11.85,29950.1,44344.7,1
20230921,35,11.91,29950.1,44144.7,1
20230921,35,12.00,29952.3,43944.7,1
20230921,35,12.08,29952.3,43738.3,1
20230921,35,12.17,29952.3,43538.3,1
20230921,35,12.29,29952.3,43338.3,1
20230921,35,12.44,29952.3,43138.3,1
20230921,35,12.66,29952.3,42938.3,1
20230921,35,12.73,29952.3,42525.7,1
20230921,35,12.81,29957.3,42325.7,1
20230921,35,12.87,29957.3,42325.7,1
20230921,35,13.00,29957.3,42305.3,1
20230921,35,13.01,29957.3,42270.1,1
20230921,35,13.02,29957.3,42261.4,1
20230921,35,13.03,29957.3,42227.7,1
20230921,35,13.04,29957.3,42194.0,1
20230921,35,13.05,29957.3,42160.3,1
20230921,35,13.39,30084.7,42126.6,1
20230921,35,13.50,30094.7,42126.6,1
20230921,35,13.59,30095.3,42126.6,1
20230921,35,13.63,30095.3,42126.6,1
20230921,35,13.79,30095.9,42105.6,1
20230921,35,13.99,30096.5,42105.6,1
20230921,35,14.00,30096.5,42105.6,1
20230921,35,14.01,30103.3,41952.2,1
20230921,35,14.10,30103.3,41952.2,1
20230921,35,14.19,30103.9,41951.6,1
20230921,35,14.30,30103.9,41951.6,1
20230921,35,14.39,30104.5,41951.2,1
20230921,35,14.50,30104.5,41951.2,1
20230921,35,14.53,30104.5,41949.7,1
20230921,35,14.70,30106.5,41849.7,1
20230921,35,14.83,30106.5,41849.7,1
20230921,35,15.00,30320.5,41849.6,1
20230921,35,15.01,30320.9,41734.8,1
20230921,35,15.02,30323.3,41726.1,1
20230921,35,15.06,30329.0,41726.1,1
20230921,35,15.15,30329.0,41726.1,1
20230921,35,15.22,30336.3,41630.1,1
20230921,35,15.50,30341.3,41630.1,1
20230921,35,15.51,30341.3,41630.1,1
20230921,35,15.55,30341.3,41622.5,1
20230921,35,15.73,30341.3,41422.5,1
20230921,35,15.74,30342.7,41416.1,1
20230921,35,15.80,30342.7,41416.1,1
20230921,35,15.81,30342.7,41415.8,1
20230921,35,15.90,30353.7,41415.7,1
20230921,35,16.00,30354.7,41355.7,1
20230921,35,16.01,30354.8,41254.7,1
20230921,35,16.10,30355.8,41254.7,1
20230921,35,16.12,30419.8,41254.7,1
20230921,35,16.20,30420.8,41254.7,1
20230921,35,16.27,30484.8,41254.7,1
20230921,35,16.30,30485.8,41254.7,1
20230921,35,16.37,30549.8,41254.7,1
20230921,35,16.40,30549.8,41254.7,1
20230921,35,16.41,30549.8,41204.6,1
20230921,35,16.47,30613.8,41154.6,1
20230921,35,16.50,30681.8,41154.6,1
20230921,35,16.66,30745.8,41154.6,1
20230921,35,16.70,30745.8,41154.6,1
20230921,35,16.75,30809.8,41154.5,1
20230921,35,16.85,30873.8,41154.5,1
20230921,35,17.00,30873.8,41154.5,1
20230921,35,17.01,30874.2,41093.3,1
20230921,35,17.03,30938.2,41093.3,1
20230921,35,17.10,30938.2,41093.3,1
20230921,35,17.16,31012.0,41093.2,1
20230921,35,17.18,31012.0,41093.2,1
20230921,35,17.30,31012.0,41077.0,1
20230921,35,17.31,31018.1,41076.9,1
20230921,35,17.38,31018.1,41076.9,1
20230921,35,17.50,31018.1,41064.9,1
20230921,35,17.54,31018.1,41064.8,1
20230921,35,17.57,31018.1,41034.8,1
20230921,35,17.62,31018.1,40994.8,1
20230921,35,17.63,31018.1,40872.8,1
20230921,35,17.65,31112.7,40861.4,1
20230921,35,17.70,31142.7,40861.4,1
20230921,35,17.86,31172.7,40861.4,1
20230921,35,17.87,31174.7,40861.4,1
20230921,35,18.03,31174.7,40739.4,1
20230921,35,18.21,31174.7,40739.3,1
20230921,35,18.24,31174.7,40617.3,1
20230921,35,18.28,31174.7,40566.3,1
20230921,35,18.30,31174.7,40566.0,1
20230921,35,18.35,31174.7,40565.9,1
20230921,35,18.47,31174.7,40515.9,1
20230921,35,18.60,31174.7,36595.9,1
20230921,35,18.63,31176.3,36595.8,1
20230921,35,18.74,31176.3,36595.8,1
20230921,35,18.77,31193.2,36588.1,1
20230921,35,19.00,31193.2,36588.1,1
20230921,35,19.03,31200.4,36588.0,1
20230921,35,19.12,31200.4,36588.0,1
20230921,35,19.39,31200.4,36538.0,1
20230921,35,19.50,31200.4,36500.8,1
20230921,35,19.60,31200.4,36500.7,1
20230921,35,19.81,31200.4,36467.9,1
20230921,35,19.88,31202.9,36467.6,1
20230921,35,19.89,31206.3,36467.6,1
20230921,35,19.90,31206.3,36467.6,1
20230921,35,20.00,31206.3,36467.5,1
20230921,35,20.01,31206.3,36401.1,1
20230921,35,20.11,31209.9,36396.0,1
20230921,35,20.20,31217.6,36396.0,1
20230921,35,20.21,31217.6,36396.0,1
20230921,35,20.30,31217.6,34632.0,1
20230921,35,20.34,31223.6,34631.2,1
20230921,35,20.38,31223.6,34631.2,1
20230921,35,20.39,31223.6,34609.3,1
20230921,35,20.40,31223.6,34559.3,1
20230921,35,20.41,31223.6,34509.3,1
20230921,35,20.42,31223.6,34459.3,1
20230921,35,20.43,31223.6,34409.3,1
20230921,35,20.44,31223.6,34359.3,1
20230921,35,20.45,31223.6,34309.3,1
20230921,35,20.46,31223.6,34259.3,1
20230921,35,20.47,31223.6,34209.3,1
20230921,35,20.48,31223.6,34159.3,1
20230921,35,20.49,31223.6,34001.5,1
20230921,35,20.50,31223.6,33951.5,1
20230921,35,20.51,31223.6,33901.5,1
20230921,35,20.57,31223.6,33851.5,1
20230921,35,20.58,31223.6,33851.3,1
20230921,35,20.62,31258.7,33846.8,1
20230921,35,20.74,31261.1,33846.8,1
20230921,35,21.00,31261.4,33846.8,1
20230921,35,21.10,31261.4,33846.4,1
20230921,35,21.13,31261.4,33724.4,1
20230921,35,21.33,31261.4,33674.4,1
20230921,35,21.60,31263.9,33674.1,1
20230921,35,21.65,31263.9,33674.1,1
20230921,35,21.74,31265.6,33591.9,1
20230921,35,21.75,31267.3,33591.9,1
20230921,35,21.81,31267.3,33591.9,1
20230921,35,21.83,31292.3,33591.2,1
20230921,35,22.04,31292.3,33591.2,1
20230921,35,22.28,31392.3,33586.3,1
20230921,35,22.38,31393.3,33586.3,1
20230921,35,22.46,31395.7,33586.3,1
20230921,35,22.50,31395.7,33586.3,1
20230921,35,22.80,31844.8,33586.2,1
20230921,35,22.92,31844.8,33586.2,1
20230921,35,22.97,31844.8,33577.2,1
20230921,35,23.00,31857.8,33576.8,1
20230921,35,23.03,31857.8,33575.2,1
20230921,35,23.15,31857.8,33575.1,1
20230921,35,23.20,31857.8,33525.1,1
20230921,35,23.32,31860.1,33524.9,1
20230921,35,23.48,31860.1,33524.6,1
20230921,35,23.50,31860.1,33524.5,1
20230921,35,23.56,31860.1,33524.3,1
20230921,35,23.64,31860.1,33522.1,1
20230921,35,24.06,31860.1,33507.1,1
20230921,35,24.61,31860.1,33500.4,1
20230921,35,24.74,31860.1,33500.1,1
20230921,35,24.90,31860.1,33446.6,1
20230921,35,24.96,31860.1,33445.5,1
20230921,35,24.98,31860.1,33445.2,1
20230921,35,25.00,31880.1,33443.0,1
20230921,35,25.30,31880.1,33443.0,1
20230921,35,25.39,31880.1,33435.9,1
20230921,35,25.50,31880.1,33432.8,1
20230921,35,25.57,31880.1,33423.4,1
20230921,35,25.58,31880.1,33421.3,1
20230921,35,25.84,31880.1,33379.9,1
20230921,35,25.85,31880.1,33329.9,1
20230921,35,26.00,31880.1,33279.9,1
20230921,35,26.03,31880.1,33279.8,1
20230921,35,26.17,31880.1,33279.6,1
20230921,35,26.31,31880.1,33279.3,1
20230921,35,26.40,31880.1,33276.0,1
20230921,35,26.95,31880.1,33273.8,1
20230921,35,27.00,31880.1,33272.2,1
20230921,35,27.01,31880.1,33183.0,1
20230921,35,27.44,31880.1,33178.0,1
20230921,35,27.60,31880.1,33177.5,1
20230921,35,27.82,31880.1,33176.8,1
20230921,35,28.00,31880.1,33172.4,1
20230921,35,28.22,31890.1,32970.9,1
20230921,35,28.32,31890.1,32970.9,1
20230921,35,28.48,31890.1,32961.4,1
20230921,35,28.56,31890.1,32961.0,1
20230921,35,29.10,31890.1,32958.0,1
20230921,35,29.11,31890.1,32957.6,1
20230921,35,29.40,31910.0,32957.2,1
20230921,35,29.43,31945.0,32957.2,1
20230921,35,29.49,31945.0,32957.2,1
20230921,35,29.50,31975.7,32950.0,1
20230921,35,30.00,31985.7,32950.0,1
20230921,35,30.01,31985.7,32886.5,1
20230921,35,30.03,32005.7,32856.2,1
20230921,35,30.34,32005.7,32856.2,1
20230921,35,30.47,32005.7,32855.7,1
20230921,35,30.56,32005.7,32855.1,1
20230921,35,30.81,32005.7,32854.0,1
20230921,35,31.02,32015.7,32851.0,1
20230921,35,31.03,32015.7,32851.0,1
20230921,35,31.15,32015.7,32846.5,1
20230921,35,32.00,32015.7,32837.1,1
20230921,35,32.03,32035.6,32511.6,1
20230921,35,32.10,32075.4,32511.6,1
20230921,35,32.70,32077.1,32511.6,1
20230921,35,33.03,32077.1,32511.6,1
20230921,35,33.06,32077.1,32510.9,1
20230921,35,33.97,32077.1,32508.5,1
20230921,35,35.00,32077.1,32489.6,1
20230921,35,35.16,32077.1,32415.2,1
20230921,35,35.25,32077.1,32414.7,1
20230921,35,35.31,32077.1,32414.0,1
20230921,35,36.00,32077.1,32412.1,1
20230921,35,36.38,32077.1,32362.1,1
20230921,35,36.64,32077.1,32357.7,1
20230921,35,37.29,32077.1,32338.8,1
20230921,35,37.56,32077.1,32118.3,1
20230921,35,38.51,32077.1,32117.3,1
20230921,35,39.81,32080.1,32099.5,1
20230921,35,39.98,32140.1,32098.5,1
20230921,35,40.00,32140.1,32097.9,1
20230921,35,40.02,32140.1,32034.7,1
20230921,35,40.43,32140.1,32034.1,1
20230921,35,41.10,32140.1,32030.8,1
20230921,35,41.74,32140.1,32011.9,1
20230921,35,42.06,32140.1,32007.5,1
20230921,35,43.19,32140.1,32006.5,1
20230921,35,43.21,32140.1,32006.0,1
20230921,35,44.10,32140.1,32005.3,1
20230921,35,44.31,32140.1,32004.7,1
20230921,35,44.53,32140.1,32003.7,1
20230921,35,44.54,32140.1,32003.2,1
20230921,35,44.80,32140.1,32002.6,1
20230921,35,45.00,32140.1,31978.5,1
20230921,35,45.12,32140.1,31894.2,1
20230921,35,45.14,32140.1,31889.6,1
20230921,35,45.30,32140.1,31888.7,1
20230921,35,45.55,32140.1,31884.2,1
20230921,35,46.00,32140.1,31865.2,1
20230921,35,46.56,32140.1,31806.8,1
20230921,35,46.79,32140.1,31801.9,1
20230921,35,47.09,32140.1,31797.5,1
20230921,35,48.52,32140.1,31721.7,1
20230921,35,49.00,32140.1,31702.8,1
20230921,35,49.75,32140.1,31702.7,1
20230921,35,50.00,32141.1,31683.8,1
20230921,35,50.01,32141.9,30777.5,1
20230921,35,50.50,32141.9,30777.5,1
20230921,35,50.90,32141.9,30775.9,1
20230921,35,51.00,32141.9,30772.8,1
20230921,35,53.95,32141.9,30772.2,1
20230921,35,55.00,32141.9,30748.3,1
20230921,35,59.90,32141.9,30743.9,1
20230921,35,60.00,32141.9,30743.0,1
20230921,35,60.12,32141.9,30648.5,1
20230921,35,61.00,32141.9,30635.5,1
20230921,35,62.00,32141.9,30603.3,1
20230921,35,65.00,32148.4,30528.2,1
20230921,35,67.94,32148.4,30522.1,1
20230921,35,70.00,32148.4,30486.3,1
20230921,35,70.01,32148.4,30463.4,1
20230921,35,70.90,32148.4,30462.8,1
20230921,35,72.50,32148.4,27018.8,1
20230921,35,76.50,32148.4,27018.7,1
20230921,35,77.80,32148.4,27018.3,1
20230921,35,79.90,32148.4,26931.3,1
20230921,35,79.98,32168.4,26923.2,1
20230921,35,80.00,32168.4,26923.2,1
20230921,35,80.01,32168.4,26374.5,1
20230921,35,80.05,32168.4,26181.5,1
20230921,35,80.10,32168.4,26173.9,1
20230921,35,80.12,32168.4,26150.9,1
20230921,35,80.20,32168.4,26080.7,1
20230921,35,80.21,32178.4,26072.7,1
20230921,35,80.50,32178.4,26072.7,1
20230921,35,81.00,32178.4,26072.5,1
20230921,35,82.01,32178.4,26009.7,1
20230921,35,85.00,32178.4,25890.2,1
20230921,35,90.00,32178.4,25844.7,1
20230921,35,99.90,32178.4,25810.1,1
20230921,35,100.00,32178.4,25809.7,1
20230921,35,100.01,32188.9,23038.4,1
20230921,35,101.00,32188.9,23038.4,1
20230921,35,102.00,32188.9,22912.9,1
20230921,35,105.00,32188.9,22734.2,1
20230921,35,120.10,32188.9,22734.0,1
20230921,35,130.00,32188.9,22674.7,1
20230921,35,138.00,32188.9,22667.3,1
20230921,35,190.00,32188.9,22561.8,1
20230921,35,200.00,32188.9,22559.1,1
20230921,35,200.01,32188.9,20414.8,1
20230921,35,200.10,32188.9,19034.8,1
20230921,35,200.50,32188.9,18890.7,1
20230921,35,201.00,32188.9,18815.3,1
20230921,35,210.00,32188.9,18677.5,1
20230921,35,250.00,32188.9,18399.9,1
20230921,35,300.00,32188.9,18196.3,1
20230921,35,548.66,32188.9,17857.6,1
20230921,35,550.02,32188.9,17370.4,1
20230921,35,999.00,32188.9,17164.9,1
20230921,35,999.99,32188.9,0.0,1
20230921,36,0.00,0.0,9390.4,0
20230921,36,0.00,1478.5,9390.4,0
20230921,36,0.01,6752.3,9390.4,0
20230921,36,0.02,6762.6,9390.1,0
20230921,36,0.03,6762.6,9389.7,0
20230921,36,0.10,6762.6,9387.6,0
20230921,36,0.20,6762.6,9367.6,0
20230921,36,0.30,6762.6,9357.6,0
20230921,36,0.62,6762.6,9353.6,0
20230921,36,1.00,6823.9,9333.6,0
20230921,36,1.01,6823.9,9298.2,0
20230921,36,1.12,6823.9,9288.2,0
20230921,36,1.56,6844.4,9278.2,0
20230921,36,2.12,6844.4,9278.2,0
20230921,36,3.00,6844.4,9258.2,0
20230921,36,3.01,6844.4,9238.2,0
20230921,36,3.12,6844.4,9228.2,0
20230921,36,3.81,6846.4,9198.2,0
20230921,36,3.87,6848.9,9198.2,0
20230921,36,4.65,6860.9,9198.2,0
20230921,36,5.00,6862.5,9198.2,0
20230921,36,5.01,6862.5,9097.9,0
20230921,36,5.12,6862.5,9077.9,0
20230921,36,6.00,6862.5,9057.9,0
20230921,36,6.06,6864.5,9033.0,0
20230921,36,6.26,6864.5,9033.0,0
20230921,36,6.77,6864.5,9027.0,0
20230921,36,6.78,6864.9,9019.9,0
20230921,36,7.00,6864.9,9019.9,0
20230921,36,7.12,6864.9,9019.8,0
20230921,36,7.70,6866.6,8999.8,0
20230921,36,7.73,6869.2,8999.8,0
20230921,36,7.90,6869.2,8999.8,0
20230921,36,8.00,6897.9,8991.9,0
20230921,36,8.02,6901.1,8991.9,0
20230921,36,8.31,6903.1,8991.9,0
20230921,36,8.50,6903.1,8991.9,0
20230921,36,9.00,6903.1,8981.9,0
20230921,36,10.00,6904.4,8981.8,0
20230921,36,10.17,6904.4,8981.8,0
20230921,36,10.48,6905.2,8951.8,0
20230921,36,10.56,6907.2,8951.8,0
20230921,36,11.59,6909.7,8951.8,0
20230921,36,11.61,6909.7,8951.8,0
20230921,36,11.95,6909.7,8786.8,0
20230921,36,12.66,6909.7,8785.4,0
20230921,36,12.81,6911.7,8704.4,0
20230921,36,13.95,6911.7,8704.4,0
20230921,36,13.97,6913.3,8687.0,0
20230921,36,14.00,6913.3,8687.0,0
20230921,36,14.21,6913.3,8685.7,0
20230921,36,14.65,6913.3,8685.1,0
20230921,36,14.75,6913.3,8633.1,0
20230921,36,14.99,6913.3,8376.1,0
20230921,36,15.00,6913.3,8376.0,0
20230921,36,15.02,6914.8,8324.0,0
20230921,36,15.06,6916.8,8324.0,0
20230921,36,15.22,6916.8,8324.0,0
20230921,36,15.24,6916.8,8311.6,0
20230921,36,15.36,6916.8,7920.6,0
20230921,36,15.44,6919.4,7911.6,0
20230921,36,15.45,6919.4,7911.6,0
20230921,36,15.50,6919.4,7873.6,0
20230921,36,15.58,6919.4,7863.6,0
20230921,36,15.91,6919.4,7862.7,0
20230921,36,16.00,6919.4,7862.5,0
20230921,36,16.05,6919.4,7860.2,0
20230921,36,16.99,6919.4,7852.0,0
20230921,36,17.00,6919.4,7851.9,0
20230921,36,17.25,6919.4,7850.9,0
20230921,36,17.31,6921.4,7850.0,0
20230921,36,17.33,6921.4,7850.0,0
20230921,36,17.45,6921.4,7798.0,0
20230921,36,17.46,6922.9,7797.8,0
20230921,36,17.66,6922.9,7797.8,0
20230921,36,17.74,6923.4,7767.8,0
20230921,36,18.00,6923.4,7767.8,0
20230921,36,18.02,6923.9,7381.4,0
20230921,36,18.23,6923.9,7381.4,0
20230921,36,18.30,6924.4,7276.4,0
20230921,36,18.59,6924.9,7276.4,0
20230921,36,18.87,6925.4,7276.4,0
20230921,36,19.00,6925.4,7276.4,0
20230921,36,19.30,6927.9,7275.7,0
20230921,36,19.71,7151.9,7275.7,0
20230921,36,20.00,7151.9,7275.7,0
20230921,36,20.02,7151.9,7273.8,0
20230921,36,20.23,7152.8,7221.8,0
20230921,36,20.39,7154.8,7221.8,0
20230921,36,20.92,7154.8,7221.8,0
20230921,36,20.96,7154.8,7207.8,0
20230921,36,21.00,7154.8,7197.9,0
20230921,36,21.17,7155.6,7197.8,0
20230921,36,21.81,7155.6,7197.8,0
20230921,36,22.00,7155.6,7197.6,0
20230921,36,22.10,7156.5,7197.5,0
20230921,36,23.00,7156.5,7197.5,0
20230921,36,23.03,7157.3,7197.3,0
20230921,36,23.85,7157.3,7197.3,0
20230921,36,23.86,7157.3,7190.3,0
20230921,36,23.87,7167.1,7190.2,0
20230921,36,23.96,7167.9,7190.2,0
20230921,36,24.06,7167.9,7190.2,0
20230921,36,25.00,7167.9,7188.2,0
20230921,36,26.31,7167.9,7139.6,0
20230921,36,27.00,7167.9,7138.4,0
20230921,36,28.56,7167.9,7131.5,0
20230921,36,29.97,7167.9,7130.5,0
20230921,36,30.00,7167.9,7117.1,0
20230921,36,30.81,7167.9,7107.1,0
20230921,36,32.00,7167.9,7106.5,0
20230921,36,32.41,7167.9,7088.7,0
20230921,36,34.00,7167.9,7086.9,0
20230921,36,35.00,7167.9,7048.7,0
20230921,36,40.00,7167.9,7041.2,0
20230921,36,40.01,7167.9,7013.0,0
20230921,36,43.86,7167.9,7012.8,0
20230921,36,44.39,7167.9,6986.8,0
20230921,36,44.72,7167.9,6981.0,0
20230921,36,45.00,7167.9,6980.2,0
20230921,36,45.01,7167.9,6970.0,0
20230921,36,50.00,7167.9,6969.8,0
20230921,36,50.01,7168.4,6952.2,0
20230921,36,57.00,7168.4,6952.2,0
20230921,36,60.00,7168.4,6937.0,0
20230921,36,60.01,7168.4,6916.3,0
20230921,36,60.12,7168.4,6916.2,0
20230921,36,67.94,7168.4,6913.1,0
20230921,36,77.80,7168.4,6899.0,0
20230921,36,79.90,7168.4,6885.4,0
20230921,36,80.00,7168.4,6884.5,0
20230921,36,80.01,7168.4,6824.7,0
20230921,36,80.05,7168.4,6713.8,0
20230921,36,80.21,7178.4,6713.6,0
20230921,36,82.01,7178.4,6713.6,0
20230921,36,85.00,7178.4,6693.6,0
20230921,36,90.00,7178.4,6689.5,0
20230921,36,99.90,7178.4,6686.2,0
20230921,36,100.00,7178.4,6686.0,0
20230921,36,100.01,7180.6,6663.7,0
20230921,36,101.00,7180.6,6663.7,0
20230921,36,102.00,7180.6,6643.6,0
20230921,36,138.00,7180.6,6607.4,0
20230921,36,150.00,7180.6,6424.0,0
20230921,36,200.00,7180.6,6421.5,0
20230921,36,200.01,7180.6,6265.0,0
20230921,36,200.50,7180.6,6164.5,0
20230921,36,210.00,7180.6,6149.2,0
20230921,36,300.00,7180.6,6128.6,0
20230921,36,500.00,7180.6,5941.6,0
20230921,36,548.66,7180.6,5939.6,0
20230921,36,999.00,7180.6,5933.0,0
20230921,36,999.99,7180.6,0.0,0
20230921,36,0.00,0.0,47736.4,1
20230921,36,0.00,16343.3,47736.4,1
20230921,36,0.01,28021.6,47736.4,1
20230921,36,0.02,28160.2,47719.3,1
20230921,36,0.03,28160.2,47707.3,1
20230921,36,0.04,28179.4,47674.1,1
20230921,36,0.09,28179.4,47674.1,1
20230921,36,0.10,28179.4,47670.0,1
20230921,36,0.20,28179.4,47569.9,1
20230921,36,0.62,28179.4,47479.9,1
20230921,36,0.80,28180.4,47419.9,1
20230921,36,0.90,28181.4,47419.9,1
20230921,36,1.00,28738.5,47419.9,1
20230921,36,1.01,28738.5,47048.4,1
20230921,36,1.12,28738.5,47013.4,1
20230921,36,1.56,28902.7,46983.4,1
20230921,36,2.00,28902.8,46983.4,1
20230921,36,2.01,28902.8,46983.4,1
20230921,36,2.10,28902.8,46943.4,1
20230921,36,2.12,28902.8,46937.4,1
20230921,36,2.15,29014.0,46877.4,1
20230921,36,3.00,29017.8,46877.4,1
20230921,36,3.01,29017.8,46837.4,1
20230921,36,3.10,29017.8,46797.4,1
20230921,36,3.12,29017.8,46732.4,1
20230921,36,3.32,29019.6,46642.4,1
20230921,36,3.81,29023.6,46642.4,1
20230921,36,3.86,29030.8,46642.4,1
20230921,36,5.00,29232.5,46642.4,1
20230921,36,5.01,29232.5,46343.1,1
20230921,36,5.04,29232.5,46283.1,1
20230921,36,5.12,29232.5,45983.1,1
20230921,36,5.50,29232.6,45923.1,1
20230921,36,6.00,29235.6,45923.1,1
20230921,36,6.06,29239.6,45889.0,1
20230921,36,6.26,29239.6,45889.0,1
20230921,36,6.63,29241.4,45887.4,1
20230921,36,6.77,29241.4,45887.4,1
20230921,36,6.78,29242.2,45874.6,1
20230921,36,6.94,29247.3,45874.6,1
20230921,36,7.01,29247.3,45874.6,1
20230921,36,7.12,29247.3,45629.8,1
20230921,36,7.50,29280.4,45569.8,1
20230921,36,7.70,29287.7,45569.8,1
20230921,36,8.00,29287.7,45569.8,1
20230921,36,8.01,29287.7,45509.7,1
20230921,36,8.02,29306.9,45492.5,1
20230921,36,8.31,29310.9,45492.5,1
20230921,36,8.59,29310.9,45492.5,1
20230921,36,9.50,29310.9,45490.4,1
20230921,36,9.60,29310.9,45343.4,1
20230921,36,9.66,29310.9,45252.4,1
20230921,36,9.93,29312.8,45128.4,1
20230921,36,10.00,29382.4,45128.4,1
20230921,36,10.05,29402.4,45033.9,1
20230921,36,10.20,29402.4,45033.9,1
20230921,36,10.23,29402.4,44909.9,1
20230921,36,10.38,29402.4,44872.4,1
20230921,36,10.46,29402.4,44748.4,1
20230921,36,10.50,29432.4,44661.4,1
20230921,36,10.51,29432.4,44661.4,1
20230921,36,10.56,29437.4,44510.4,1
20230921,36,10.58,29437.4,44510.4,1
20230921,36,10.59,29607.3,44282.9,1
20230921,36,11.00,29608.2,44220.8,1
20230921,36,11.19,29608.2,44220.7,1
20230921,36,11.20,29633.2,43980.0,1
20230921,36,11.28,29633.2,43980.0,1
20230921,36,11.40,29633.2,43979.9,1
20230921,36,11.55,29640.5,43828.9,1
20230921,36,11.67,29640.5,43828.9,1
20230921,36,11.78,29640.5,43706.9,1
20230921,36,11.86,29640.5,43506.9,1
20230921,36,11.92,29640.5,43306.9,1
20230921,36,12.00,29643.3,43106.9,1
20230921,36,12.01,29643.3,43101.0,1
20230921,36,12.09,29643.3,42901.0,1
20230921,36,12.14,29643.3,42701.0,1
20230921,36,12.18,29643.3,42681.2,1
20230921,36,12.30,29643.3,42481.2,1
20230921,36,12.44,29643.3,42281.2,1
20230921,36,12.62,29643.3,42081.2,1
20230921,36,12.74,29643.3,41689.0,1
20230921,36,12.81,29648.3,41489.0,1
20230921,36,13.00,29648.3,41489.0,1
20230921,36,13.01,29648.3,41455.9,1
20230921,36,13.02,29648.3,41447.2,1
20230921,36,13.03,29648.3,41413.5,1
20230921,36,13.04,29648.3,41379.8,1
20230921,36,13.05,29648.3,41346.1,1
20230921,36,13.24,29650.1,41312.4,1
20230921,36,13.50,29660.1,41312.4,1
20230921,36,13.63,29660.1,41312.4,1
20230921,36,14.00,29660.1,41292.4,1
20230921,36,14.01,29662.8,41135.1,1
20230921,36,14.10,29662.8,41135.1,1
20230921,36,14.30,29662.8,41134.5,1
20230921,36,14.50,29662.8,41134.1,1
20230921,36,14.53,29788.4,41132.7,1
20230921,36,14.70,29790.4,41132.7,1
20230921,36,14.83,29790.4,41132.7,1
20230921,36,15.00,30004.4,41132.6,1
20230921,36,15.01,30004.5,41017.5,1
20230921,36,15.02,30006.8,41009.2,1
20230921,36,15.06,30013.3,41009.2,1
20230921,36,15.15,30013.3,41009.2,1
20230921,36,15.17,30030.0,40929.9,1
20230921,36,15.40,30037.3,40929.9,1
20230921,36,15.50,30042.3,40929.9,1
20230921,36,15.51,30042.3,40929.9,1
20230921,36,15.55,30042.3,40922.3,1
20230921,36,15.73,30042.3,40722.3,1
20230921,36,15.74,30043.2,40715.4,1
20230921,36,15.80,30043.2,40715.4,1
20230921,36,15.81,30043.2,40715.1,1
20230921,36,15.90,30055.2,40715.0,1
20230921,36,16.00,30056.2,40705.0,1
20230921,36,16.10,30057.2,40598.7,1
20230921,36,16.12,30121.2,40598.7,1
20230921,36,16.20,30122.2,40598.7,1
20230921,36,16.27,30186.2,40598.7,1
20230921,36,16.30,30187.2,40598.7,1
20230921,36,16.37,30251.2,40598.7,1
20230921,36,16.40,30251.2,40598.7,1
20230921,36,16.47,30315.2,40548.6,1
20230921,36,16.49,30315.2,40548.6,1
20230921,36,16.50,30383.2,40498.6,1
20230921,36,16.55,30385.0,40498.6,1
20230921,36,16.66,30449.0,40498.6,1
20230921,36,16.70,30449.0,40498.6,1
20230921,36,16.75,30513.0,40498.5,1
20230921,36,16.78,30513.6,40498.5,1
20230921,36,16.85,30577.6,40498.5,1
20230921,36,17.00,30577.6,40498.5,1
20230921,36,17.01,30577.7,40437.0,1
20230921,36,17.02,30578.3,40437.0,1
20230921,36,17.03,30642.3,40437.0,1
20230921,36,17.10,30642.3,40437.0,1
20230921,36,17.16,30715.9,40436.9,1
20230921,36,17.18,30715.9,40436.9,1
20230921,36,17.25,30716.5,40420.7,1
20230921,36,17.30,30716.5,40420.7,1
20230921,36,17.31,30723.5,40420.6,1
20230921,36,17.39,30723.5,40420.6,1
20230921,36,17.48,30724.1,40406.6,1
20230921,36,17.50,30724.1,40406.6,1
20230921,36,17.55,30724.1,40406.5,1
20230921,36,17.57,30724.1,40376.5,1
20230921,36,17.62,30724.1,40276.5,1
20230921,36,17.65,30830.1,40154.5,1
20230921,36,17.70,30830.1,40154.5,1
20230921,36,17.72,30830.7,40124.5,1
20230921,36,17.86,30848.2,40124.5,1
20230921,36,17.87,30848.2,40094.5,1
20230921,36,18.03,30848.2,39972.5,1
20230921,36,18.21,30848.2,39972.4,1
20230921,36,18.30,30848.2,39850.4,1
20230921,36,18.35,30848.2,39850.3,1
20230921,36,18.47,30848.2,39750.3,1
20230921,36,18.57,30848.2,35742.3,1
20230921,36,18.60,30848.2,35698.3,1
20230921,36,18.63,30849.8,35698.2,1
20230921,36,18.74,30849.8,35698.2,1
20230921,36,18.77,30853.7,35690.5,1
20230921,36,19.00,30853.7,35690.5,1
20230921,36,19.12,30853.7,35690.4,1
20230921,36,19.19,30853.7,35590.4,1
20230921,36,19.24,30860.9,35551.3,1
20230921,36,19.37,30867.1,35551.3,1
20230921,36,19.57,30867.1,35551.3,1
20230921,36,19.90,30867.1,35516.4,1
20230921,36,20.00,30874.8,35516.3,1
20230921,36,20.01,30874.8,35452.2,1
20230921,36,20.11,30879.1,35447.4,1
20230921,36,20.19,30881.6,35447.4,1
20230921,36,20.21,30881.6,35447.4,1
20230921,36,20.36,30881.6,33854.4,1
20230921,36,20.37,30881.6,33843.1,1
20230921,36,20.38,30881.6,33793.1,1
20230921,36,20.39,30881.6,33743.1,1
20230921,36,20.40,30881.6,33693.1,1
20230921,36,20.41,30881.6,33643.1,1
20230921,36,20.42,30881.6,33593.1,1
20230921,36,20.43,30881.6,33543.1,1
20230921,36,20.44,30881.6,33493.1,1
20230921,36,20.45,30881.6,33443.1,1
20230921,36,20.46,30881.6,33393.1,1
20230921,36,20.47,30881.6,33343.1,1
20230921,36,20.48,30881.6,33293.1,1
20230921,36,20.49,30881.6,33243.1,1
20230921,36,20.50,30881.6,33193.1,1
20230921,36,20.51,30881.6,33143.1,1
20230921,36,20.61,30881.6,33093.1,1
20230921,36,20.62,30916.7,32976.6,1
20230921,36,20.63,30916.7,32976.6,1
20230921,36,20.79,30916.7,32975.9,1
20230921,36,20.93,30916.7,32890.8,1
20230921,36,20.96,30917.3,32886.0,1
20230921,36,20.97,30917.9,32886.0,1
20230921,36,21.00,30917.9,32886.0,1
20230921,36,21.06,30942.9,32885.3,1
20230921,36,21.10,30942.9,32885.3,1
20230921,36,21.13,30945.3,32763.3,1
20230921,36,21.19,30945.3,32663.3,1
20230921,36,21.49,30945.3,32662.9,1
20230921,36,21.50,30945.3,32662.7,1
20230921,36,21.81,30945.3,32662.6,1
20230921,36,22.07,30947.8,32661.9,1
20230921,36,22.28,31047.8,32661.9,1
20230921,36,22.38,31048.8,32661.9,1
20230921,36,22.73,31048.8,32661.9,1
20230921,36,22.80,31497.9,32661.6,1
20230921,36,22.92,31497.9,32661.6,1
20230921,36,23.00,31510.9,32652.6,1
20230921,36,23.02,31513.3,32652.6,1
20230921,36,23.03,31513.3,32652.6,1
20230921,36,23.14,31513.3,32652.5,1
20230921,36,23.15,31513.3,32651.5,1
20230921,36,23.50,31513.3,32551.5,1
20230921,36,23.64,31513.3,32550.6,1
20230921,36,23.75,31513.3,32534.6,1
20230921,36,23.96,31515.6,32471.9,1
20230921,36,24.06,31515.6,32459.8,1
20230921,36,24.09,31515.6,32453.2,1
20230921,36,24.27,31515.6,32453.1,1
20230921,36,24.41,31515.6,32452.8,1
20230921,36,24.67,31515.6,32450.1,1
20230921,36,24.90,31515.6,32445.6,1
20230921,36,25.00,31535.6,32444.5,1
20230921,36,25.63,31535.6,32444.5,1
20230921,36,25.81,31535.6,32437.3,1
20230921,36,25.85,31535.6,32436.9,1
20230921,36,26.00,31535.6,32386.9,1
20230921,36,26.31,31535.6,32386.8,1
20230921,36,26.49,31535.6,32383.5,1
20230921,36,26.59,31535.6,32381.0,1
20230921,36,26.68,31535.6,32380.4,1
20230921,36,26.86,31535.6,32378.2,1
20230921,36,27.00,31535.6,32368.7,1
20230921,36,27.01,31535.6,32284.8,1
20230921,36,27.35,31535.6,32279.7,1
20230921,36,28.00,31535.6,32279.4,1
20230921,36,28.14,31535.6,32121.5,1
20230921,36,28.20,31545.6,32111.7,1
20230921,36,28.56,31545.6,32111.7,1
20230921,36,28.89,31545.6,32108.7,1
20230921,36,28.90,31545.6,32108.6,1
20230921,36,29.09,31545.6,32106.9,1
20230921,36,29.22,31545.6,32106.5,1
20230921,36,29.29,31545.6,32106.0,1
20230921,36,29.30,31599.2,32096.7,1
20230921,36,29.34,31619.1,32096.7,1
20230921,36,29.41,31619.1,32096.7,1
20230921,36,29.44,31629.1,32094.5,1
20230921,36,29.45,31629.1,32094.5,1
20230921,36,29.67,31629.1,32077.1,1
20230921,36,29.77,31629.1,32035.7,1
20230921,36,29.90,31649.1,32026.3,1
20230921,36,30.00,31659.1,32026.3,1
20230921,36,30.01,31659.1,31962.2,1
20230921,36,30.56,31659.1,31931.7,1
20230921,36,30.81,31659.1,31930.6,1
20230921,36,31.00,31669.1,31927.6,1
20230921,36,31.85,31669.1,31927.6,1
20230921,36,31.90,31708.9,31926.4,1
20230921,36,32.00,31708.9,31926.4,1
20230921,36,32.04,31728.8,31626.6,1
20230921,36,32.13,31728.8,31626.6,1
20230921,36,32.67,31728.8,31622.2,1
20230921,36,32.70,31730.5,31603.3,1
20230921,36,32.83,31730.5,31603.3,1
20230921,36,33.03,31730.5,31369.6,1
20230921,36,33.06,31730.5,31368.9,1
20230921,36,34.87,31730.5,31366.4,1
20230921,36,35.00,31730.5,31365.3,1
20230921,36,35.11,31730.5,31298.2,1
20230921,36,35.31,31730.5,31293.7,1
20230921,36,35.56,31730.5,31291.7,1
20230921,36,36.00,31730.5,31272.8,1
20230921,36,37.56,31730.5,31222.8,1
20230921,36,39.81,31733.5,31221.8,1
20230921,36,39.92,31733.5,31220.8,1
20230921,36,39.98,31793.5,31219.6,1
20230921,36,40.00,31793.5,31219.6,1
20230921,36,40.07,31793.5,31158.2,1
20230921,36,40.37,31793.5,31153.8,1
20230921,36,42.06,31793.5,31134.9,1
20230921,36,43.10,31793.5,31133.9,1
20230921,36,43.35,31793.5,31133.4,1
20230921,36,44.31,31793.5,31130.1,1
20230921,36,44.39,31793.5,31129.1,1
20230921,36,44.96,31793.5,31128.3,1
20230921,36,45.00,31793.5,31127.1,1
20230921,36,45.01,31793.5,31039.7,1
20230921,36,45.04,31793.5,31037.3,1
20230921,36,45.12,31793.5,31032.9,1
20230921,36,45.19,31793.5,31028.5,1
20230921,36,46.00,31793.5,31009.5,1
20230921,36,46.50,31793.5,30961.8,1
20230921,36,46.56,31793.5,30961.7,1
20230921,36,48.32,31793.5,30956.7,1
20230921,36,48.35,31793.5,30955.5,1
20230921,36,48.40,31793.5,30951.0,1
20230921,36,49.72,31793.5,30932.1,1
20230921,36,49.73,31793.5,30926.6,1
20230921,36,50.00,31794.5,30914.4,1
20230921,36,50.01,31795.2,30053.7,1
20230921,36,50.50,31795.2,30053.7,1
20230921,36,50.90,31795.2,30052.2,1
20230921,36,51.00,31795.2,30049.1,1
20230921,36,55.00,31795.2,30048.7,1
20230921,36,57.00,31795.2,30043.2,1
20230921,36,59.90,31795.2,30016.2,1
20230921,36,60.00,31795.2,30015.4,1
20230921,36,60.12,31795.2,29927.7,1
20230921,36,61.00,31795.2,29915.5,1
20230921,36,62.00,31795.2,29890.9,1
20230921,36,65.00,31801.7,29819.4,1
20230921,36,67.94,31801.7,29814.2,1
20230921,36,70.00,31801.7,29780.0,1
20230921,36,70.01,31801.7,29754.8,1
20230921,36,70.90,31801.7,29754.5,1
20230921,36,72.50,31801.7,26480.5,1
20230921,36,76.50,31801.7,26480.4,1
20230921,36,77.80,31801.7,26480.0,1
20230921,36,79.90,31801.7,26409.6,1
20230921,36,79.98,31821.7,26403.3,1
20230921,36,80.00,31821.7,26403.3,1
20230921,36,80.01,31821.7,25884.3,1
20230921,36,80.05,31821.7,25700.9,1
20230921,36,80.10,31821.7,25689.3,1
20230921,36,80.12,31821.7,25669.2,1
20230921,36,80.20,31821.7,25600.6,1
20230921,36,80.21,31831.7,25592.6,1
20230921,36,80.50,31831.7,25592.6,1
20230921,36,81.00,31831.7,25592.4,1
20230921,36,82.01,31831.7,25518.9,1
20230921,36,85.00,31831.7,25397.8,1
20230921,36,90.00,31831.7,25357.2,1
20230921,36,99.90,31831.7,25324.9,1
20230921,36,100.00,31831.7,25324.4,1
20230921,36,100.01,31841.9,22824.3,1
20230921,36,101.00,31841.9,22824.3,1
20230921,36,102.00,31841.9,22698.8,1
20230921,36,105.00,31841.9,22555.3,1
20230921,36,120.10,31841.9,22555.1,1
20230921,36,130.00,31841.9,22497.4,1
20230921,36,138.00,31841.9,22490.1,1
20230921,36,190.00,31841.9,22382.0,1
20230921,36,200.00,31841.9,22379.5,1
20230921,36,200.01,31841.9,20277.7,1
20230921,36,200.10,31841.9,18913.8,1
20230921,36,200.50,31841.9,18769.9,1
20230921,36,201.00,31841.9,18705.3,1
20230921,36,210.00,31841.9,18571.7,1
20230921,36,250.00,31841.9,18296.6,1
20230921,36,300.00,31841.9,18093.3,1
20230921,36,548.66,31841.9,17755.2,1
20230921,36,550.02,31841.9,17233.4,1
20230921,36,999.00,31841.9,17028.2,1
20230921,36,999.99,31841.9,0.0,1
20230921,37,0.00,0.0,11082.0,0
20230921,37,0.00,1532.3,11082.0,0
20230921,37,0.01,8510.7,11082.0,0
20230921,37,0.02,8520.9,11081.7,0
20230921,37,0.03,8520.9,11081.3,0
20230921,37,0.10,8520.9,11079.3,0
20230921,37,0.20,8520.9,11059.3,0
20230921,37,0.30,8520.9,11049.3,0
20230921,37,0.62,8520.9,11045.3,0
20230921,37,1.00,8582.9,11025.3,0
20230921,37,1.01,8582.9,10992.5,0
20230921,37,1.12,8582.9,10982.5,0
20230921,37,1.56,8603.4,10972.5,0
20230921,37,2.12,8603.4,10972.5,0
20230921,37,3.00,8603.4,10952.5,0
20230921,37,3.01,8603.4,10932.5,0
20230921,37,3.12,8603.4,10922.5,0
20230921,37,3.81,8605.4,10892.5,0
20230921,37,3.82,8607.9,10892.5,0
20230921,37,4.65,8619.4,10892.5,0
20230921,37,5.00,8621.3,10892.5,0
20230921,37,5.01,8621.3,10795.7,0
20230921,37,5.12,8621.3,10775.7,0
20230921,37,6.00,8621.3,10755.7,0
20230921,37,6.06,8623.3,10730.8,0
20230921,37,6.26,8623.3,10730.8,0
20230921,37,7.00,8623.3,10724.8,0
20230921,37,7.12,8623.3,10724.7,0
20230921,37,7.62,8625.9,10704.7,0
20230921,37,7.70,8627.7,10704.7,0
20230921,37,7.81,8628.1,10704.7,0
20230921,37,7.89,8628.7,10704.7,0
20230921,37,7.90,8628.7,10704.7,0
20230921,37,8.00,8657.2,10696.6,0
20230921,37,8.02,8660.3,10696.6,0
20230921,37,8.31,8662.3,10696.6,0
20230921,37,8.50,8662.3,10696.6,0
20230921,37,9.00,8662.3,10679.7,0
20230921,37,10.00,8663.8,10679.6,0
20230921,37,10.17,8663.8,10679.6,0
20230921,37,10.56,8665.8,10649.6,0
20230921,37,11.43,8668.3,10649.6,0
20230921,37,11.61,8668.3,10649.6,0
20230921,37,11.83,8669.8,10484.6,0
20230921,37,11.95,8669.8,10484.6,0
20230921,37,12.66,8669.8,10483.2,0
20230921,37,12.81,8671.8,10402.2,0
20230921,37,13.95,8671.8,10402.2,0
20230921,37,14.00,8671.8,10386.4,0
20230921,37,14.21,8671.8,10385.1,0
20230921,37,14.34,8671.8,10384.5,0
20230921,37,14.62,8671.8,10225.5,0
20230921,37,14.99,8671.8,9968.5,0
20230921,37,15.00,8671.8,9968.4,0
20230921,37,15.02,8673.3,9916.4,0
20230921,37,15.06,8675.3,9916.4,0
20230921,37,15.18,8675.3,9916.4,0
20230921,37,15.22,8675.3,9632.4,0
20230921,37,15.23,8677.9,9622.8,0
20230921,37,15.30,8677.9,9622.8,0
20230921,37,15.36,8677.9,9498.8,0
20230921,37,15.45,8677.9,9446.8,0
20230921,37,15.50,8677.9,9408.8,0
20230921,37,15.58,8677.9,9398.8,0
20230921,37,15.77,8679.5,9397.9,0
20230921,37,15.91,8679.5,9397.9,0
20230921,37,16.00,8679.5,9397.7,0
20230921,37,16.05,8679.5,9395.4,0
20230921,37,16.85,8679.5,9387.2,0
20230921,37,16.99,8679.5,9163.2,0
20230921,37,17.25,8679.5,9163.1,0
20230921,37,17.27,8679.5,9162.1,0
20230921,37,17.31,8681.5,9134.1,0
20230921,37,17.33,8681.5,9134.1,0
20230921,37,17.45,8681.5,9082.1,0
20230921,37,17.50,8681.5,9081.9,0
20230921,37,18.00,8681.5,9080.9,0
20230921,37,19.00,8681.5,9080.5,0
20230921,37,19.04,8684.0,9079.8,0
20230921,37,19.71,8909.5,9079.8,0
20230921,37,19.78,8910.0,9079.8,0
20230921,37,19.85,8910.5,9079.8,0
20230921,37,19.93,8911.0,9079.8,0
20230921,37,20.00,8912.4,9079.8,0
20230921,37,20.01,8912.4,9078.0,0
20230921,37,20.07,8912.9,9026.0,0
20230921,37,20.39,8912.9,9026.0,0
20230921,37,20.59,8912.9,9023.0,0
20230921,37,20.97,8913.7,9008.0,0
20230921,37,21.00,8913.7,9008.0,0
20230921,37,21.74,8913.7,9007.9,0
20230921,37,21.81,8913.7,9000.3,0
20230921,37,21.93,8914.6,9000.1,0
20230921,37,21.95,8914.6,9000.1,0
20230921,37,22.00,8914.6,8990.2,0
20230921,37,22.90,8915.4,8990.1,0
20230921,37,23.00,8915.4,8990.1,0
20230921,37,23.86,8916.2,8989.9,0
20230921,37,24.06,8916.2,8989.9,0
20230921,37,24.85,8916.2,8987.9,0
20230921,37,24.86,8926.0,8987.8,0
20230921,37,25.00,8926.0,8987.8,0
20230921,37,26.31,8926.0,8942.9,0
20230921,37,27.00,8926.0,8941.6,0
20230921,37,28.56,8926.0,8934.8,0
20230921,37,29.97,8926.0,8933.8,0
20230921,37,30.00,8926.0,8915.6,0
20230921,37,30.81,8926.0,8905.5,0
20230921,37,31.23,8926.0,8904.7,0
20230921,37,32.00,8926.0,8903.8,0
20230921,37,34.00,8926.0,8887.3,0
20230921,37,35.00,8926.0,8851.8,0
20230921,37,37.00,8926.0,8843.9,0
20230921,37,40.00,8926.0,8838.7,0
20230921,37,40.01,8926.0,8810.7,0
20230921,37,43.86,8926.0,8810.5,0
20230921,37,44.72,8926.0,8782.1,0
20230921,37,45.00,8926.0,8781.0,0
20230921,37,45.01,8926.0,8770.8,0
20230921,37,50.00,8926.0,8770.5,0
20230921,37,50.01,8926.5,8753.3,0
20230921,37,54.94,8926.5,8753.3,0
20230921,37,60.00,8926.5,8738.6,0
20230921,37,60.01,8926.5,8718.5,0
20230921,37,60.12,8926.5,8718.3,0
20230921,37,67.94,8926.5,8715.4,0
20230921,37,77.80,8926.5,8701.3,0
20230921,37,79.90,8926.5,8687.1,0
20230921,37,80.00,8926.5,8686.3,0
20230921,37,80.01,8926.5,8627.7,0
20230921,37,80.05,8926.5,8520.2,0
20230921,37,80.21,8936.5,8516.7,0
20230921,37,82.01,8936.5,8516.7,0
20230921,37,85.00,8936.5,8495.7,0
20230921,37,90.00,8936.5,8492.1,0
20230921,37,99.90,8936.5,8488.7,0
20230921,37,100.00,8936.5,8488.5,0
20230921,37,100.01,8938.7,8468.0,0
20230921,37,101.00,8938.7,8468.0,0
20230921,37,102.00,8938.7,8447.9,0
20230921,37,138.00,8938.7,8415.3,0
20230921,37,150.00,8938.7,8239.1,0
20230921,37,200.00,8938.7,8236.6,0
20230921,37,200.01,8938.7,8082.9,0
20230921,37,200.10,8938.7,7979.3,0
20230921,37,200.50,8938.7,7978.8,0
20230921,37,210.00,8938.7,7965.5,0
20230921,37,300.00,8938.7,7947.1,0
20230921,37,500.00,8938.7,7760.1,0
20230921,37,548.66,8938.7,7758.1,0
20230921,37,999.00,8938.7,7751.5,0
20230921,37,999.99,8938.7,0.0,0
20230921,37,0.00,0.0,46889.2,1
20230921,37,0.00,16287.1,46889.2,1
20230921,37,0.01,27968.7,46889.2,1
20230921,37,0.02,28100.4,46872.5,1
20230921,37,0.03,28100.4,46860.5,1
20230921,37,0.04,28118.7,46826.3,1
20230921,37,0.09,28118.7,46826.3,1
20230921,37,0.10,28118.7,46825.8,1
20230921,37,0.20,28118.7,46725.7,1
20230921,37,0.62,28118.7,46635.7,1
20230921,37,0.80,28119.7,46575.7,1
20230921,37,0.90,28120.7,46575.7,1
20230921,37,1.00,28690.7,46575.7,1
20230921,37,1.01,28690.7,46394.0,1
20230921,37,1.12,28690.7,46359.0,1
20230921,37,1.56,28844.5,46329.0,1
20230921,37,1.68,28846.3,46329.0,1
20230921,37,2.01,28846.3,46329.0,1
20230921,37,2.10,28846.3,46289.0,1
20230921,37,2.12,28846.3,46283.0,1
20230921,37,2.15,28961.8,46223.0,1
20230921,37,3.00,28966.2,46223.0,1
20230921,37,3.01,28966.2,46183.0,1
20230921,37,3.12,28966.2,46143.0,1
20230921,37,3.34,28968.0,46053.0,1
20230921,37,3.81,28972.0,46053.0,1
20230921,37,3.83,28979.2,46053.0,1
20230921,37,5.00,29180.1,46053.0,1
20230921,37,5.01,29182.0,45762.6,1
20230921,37,5.12,29182.0,45702.6,1
20230921,37,5.50,29182.1,45642.6,1
20230921,37,6.00,29187.3,45642.6,1
20230921,37,6.06,29191.6,45607.6,1
20230921,37,6.26,29191.6,45607.6,1
20230921,37,6.67,29193.4,45606.0,1
20230921,37,6.74,29193.4,45106.0,1
20230921,37,6.75,29194.2,45102.8,1
20230921,37,6.93,29194.2,45102.8,1
20230921,37,6.94,29199.1,45101.3,1
20230921,37,7.01,29199.1,45101.3,1
20230921,37,7.12,29199.1,44863.8,1
20230921,37,7.50,29219.1,44803.8,1
20230921,37,7.65,29226.4,44803.8,1
20230921,37,8.00,29226.4,44803.8,1
20230921,37,8.01,29226.4,44743.7,1
20230921,37,8.02,29245.0,44726.9,1
20230921,37,8.31,29250.0,44726.9,1
20230921,37,8.34,29251.8,44726.9,1
20230921,37,8.50,29251.8,44726.9,1
20230921,37,8.59,29251.8,44720.0,1
20230921,37,9.17,29252.4,44718.1,1
20230921,37,9.50,29252.4,44718.1,1
20230921,37,9.60,29252.4,44571.1,1
20230921,37,9.66,29252.4,44484.1,1
20230921,37,10.00,29318.2,44360.1,1
20230921,37,10.05,29338.2,44265.7,1
20230921,37,10.20,29338.2,44265.7,1
20230921,37,10.21,29338.2,44141.7,1
20230921,37,10.22,29338.2,44132.1,1
20230921,37,10.23,29338.2,44082.1,1
20230921,37,10.38,29338.2,44032.1,1
20230921,37,10.46,29338.2,43908.1,1
20230921,37,10.50,29368.2,43784.1,1
20230921,37,10.51,29368.2,43784.1,1
20230921,37,10.56,29373.2,43633.1,1
20230921,37,10.58,29373.2,43633.1,1
20230921,37,10.59,29483.7,43403.7,1
20230921,37,10.83,29484.3,43282.2,1
20230921,37,11.00,29485.4,43282.2,1
20230921,37,11.19,29485.4,43282.1,1
20230921,37,11.20,29487.3,43018.0,1
20230921,37,11.28,29487.3,43018.0,1
20230921,37,11.40,29487.3,43017.9,1
20230921,37,11.47,29494.6,42866.9,1
20230921,37,11.67,29495.2,42866.9,1
20230921,37,11.79,29495.2,42744.9,1
20230921,37,11.87,29495.2,42544.9,1
20230921,37,11.94,29495.2,42344.9,1
20230921,37,12.00,29497.7,42144.9,1
20230921,37,12.01,29497.7,42139.2,1
20230921,37,12.10,29497.7,41939.2,1
20230921,37,12.18,29497.7,41739.2,1
20230921,37,12.30,29497.7,41539.2,1
20230921,37,12.44,29497.7,41339.2,1
20230921,37,12.50,29498.3,41139.2,1
20230921,37,12.72,29498.3,41139.2,1
20230921,37,12.74,29498.3,40766.6,1
20230921,37,12.81,29503.5,40566.6,1
20230921,37,13.00,29503.5,40566.6,1
20230921,37,13.01,29503.5,40534.1,1
20230921,37,13.02,29503.5,40525.4,1
20230921,37,13.03,29503.5,40491.7,1
20230921,37,13.04,29503.5,40458.0,1
20230921,37,13.05,29503.5,40424.3,1
20230921,37,13.50,29513.5,40390.6,1
20230921,37,13.63,29513.5,40390.6,1
20230921,37,14.00,29513.5,40371.6,1
20230921,37,14.01,29513.9,40212.2,1
20230921,37,14.10,29513.9,40212.2,1
20230921,37,14.30,29513.9,40211.7,1
20230921,37,14.50,29513.9,40211.3,1
20230921,37,14.53,29639.5,40209.9,1
20230921,37,14.67,29639.5,40209.9,1
20230921,37,14.70,29641.5,40195.9,1
20230921,37,14.83,29641.5,40195.9,1
20230921,37,15.00,29855.5,40195.8,1
20230921,37,15.01,29855.5,40080.6,1
20230921,37,15.02,29857.7,40072.4,1
20230921,37,15.06,29863.7,40072.4,1
20230921,37,15.15,29863.7,40072.4,1
20230921,37,15.17,29898.5,40011.2,1
20230921,37,15.29,29905.8,40011.2,1
20230921,37,15.50,29910.8,40011.2,1
20230921,37,15.51,29910.8,40011.2,1
20230921,37,15.55,29910.8,40003.6,1
20230921,37,15.73,29910.8,39803.6,1
20230921,37,15.74,29911.0,39796.0,1
20230921,37,15.80,29911.0,39796.0,1
20230921,37,15.81,29911.0,39795.7,1
20230921,37,15.90,29923.0,39795.6,1
20230921,37,16.00,29924.0,39795.6,1
20230921,37,16.10,29925.0,39689.5,1
20230921,37,16.12,29989.0,39689.5,1
20230921,37,16.20,29990.0,39689.5,1
20230921,37,16.27,30054.0,39689.5,1
20230921,37,16.30,30055.0,39689.5,1
20230921,37,16.37,30119.0,39689.5,1
20230921,37,16.40,30119.0,39689.5,1
20230921,37,16.47,30183.0,39639.4,1
20230921,37,16.49,30183.0,39639.4,1
20230921,37,16.50,30251.0,39589.4,1
20230921,37,16.66,30315.0,39589.4,1
20230921,37,16.70,30315.0,39589.4,1
20230921,37,16.75,30379.0,39589.3,1
20230921,37,16.94,30443.0,39589.3,1
20230921,37,17.00,30443.0,39589.3,1
20230921,37,17.03,30507.0,39517.1,1
20230921,37,17.10,30507.0,39517.1,1
20230921,37,17.16,30574.7,39517.0,1
20230921,37,17.18,30574.7,39517.0,1
20230921,37,17.20,30574.7,39500.8,1
20230921,37,17.30,30574.7,39470.8,1
20230921,37,17.31,30581.2,39470.7,1
20230921,37,17.36,30581.2,39470.7,1
20230921,37,17.50,30581.2,39453.7,1
20230921,37,17.54,30581.2,39453.6,1
20230921,37,17.57,30581.2,39448.9,1
20230921,37,17.62,30581.2,39358.9,1
20230921,37,17.65,30687.2,39236.9,1
20230921,37,17.70,30687.2,39236.9,1
20230921,37,17.86,30687.2,39223.9,1
20230921,37,17.87,30687.2,39193.9,1
20230921,37,17.92,30705.5,39071.9,1
20230921,37,18.03,30705.5,39071.9,1
20230921,37,18.16,30705.5,39071.8,1
20230921,37,18.21,30705.5,39052.0,1
20230921,37,18.30,30705.5,38930.0,1
20230921,37,18.35,30705.5,38929.9,1
20230921,37,18.47,30705.5,38829.9,1
20230921,37,18.60,30705.5,34735.9,1
20230921,37,18.63,30707.1,34735.8,1
20230921,37,18.74,30707.1,34735.8,1
20230921,37,18.92,30707.1,34728.1,1
20230921,37,19.00,30707.1,34688.1,1
20230921,37,19.08,30707.1,34688.0,1
20230921,37,19.11,30714.3,34647.0,1
20230921,37,19.12,30714.3,34647.0,1
20230921,37,19.37,30720.8,34547.0,1
20230921,37,19.50,30720.8,34547.0,1
20230921,37,19.85,30720.8,34509.6,1
20230921,37,19.90,30720.8,34509.3,1
20230921,37,20.00,30720.8,34509.2,1
20230921,37,20.01,30720.8,34447.2,1
20230921,37,20.06,30723.3,34442.6,1
20230921,37,20.11,30733.5,34442.6,1
20230921,37,20.21,30733.5,34442.6,1
20230921,37,20.33,30733.5,33323.6,1
20230921,37,20.39,30733.5,33198.9,1
20230921,37,20.40,30733.5,33159.7,1
20230921,37,20.41,30733.5,33109.7,1
20230921,37,20.42,30733.5,33059.7,1
20230921,37,20.43,30733.5,33009.7,1
20230921,37,20.44,30733.5,32959.7,1
20230921,37,20.45,30733.5,32909.7,1
20230921,37,20.46,30733.5,32859.7,1
20230921,37,20.47,30733.5,32809.7,1
20230921,37,20.48,30733.5,32759.7,1
20230921,37,20.49,30733.5,32709.7,1
20230921,37,20.50,30733.5,32659.7,1
20230921,37,20.51,30733.5,32609.7,1
20230921,37,20.62,30766.1,32559.7,1
20230921,37,20.63,30766.1,32559.7,1
20230921,37,20.85,30766.1,32469.6,1
20230921,37,20.98,30766.1,32468.9,1
20230921,37,21.00,30766.1,32468.6,1
20230921,37,21.01,30768.5,32467.0,1
20230921,37,21.10,30768.5,32467.0,1
20230921,37,21.13,30768.5,32345.0,1
20230921,37,21.32,30768.5,32245.0,1
20230921,37,21.81,30768.5,32244.7,1
20230921,37,21.96,30771.0,32244.0,1
20230921,37,22.06,30771.0,32244.0,1
20230921,37,22.10,30771.0,32241.6,1
20230921,37,22.28,30871.0,32241.3,1
20230921,37,22.38,30874.0,32241.3,1
20230921,37,22.69,30874.1,32241.3,1
20230921,37,22.70,30874.2,32241.3,1
20230921,37,22.78,30899.2,32241.3,1
20230921,37,22.80,31348.3,32241.3,1
20230921,37,22.91,31350.7,32241.3,1
20230921,37,22.96,31350.7,32241.3,1
20230921,37,23.00,31363.7,32224.3,1
20230921,37,23.03,31363.7,32223.7,1
20230921,37,23.15,31363.7,32223.6,1
20230921,37,23.18,31363.7,32123.6,1
20230921,37,23.23,31363.7,32122.5,1
20230921,37,23.44,31363.7,32122.1,1
20230921,37,23.50,31363.7,32122.0,1
20230921,37,23.64,31363.7,32121.8,1
20230921,37,23.86,31366.0,32105.8,1
20230921,37,23.92,31373.7,32093.7,1
20230921,37,24.06,31373.7,32093.7,1
20230921,37,24.14,31373.7,32087.0,1
20230921,37,24.35,31373.7,32012.8,1
20230921,37,24.90,31373.7,32012.5,1
20230921,37,25.00,31393.7,32011.4,1
20230921,37,25.48,31393.7,32011.4,1
20230921,37,25.51,31393.7,32010.0,1
20230921,37,25.84,31393.7,32005.5,1
20230921,37,25.85,31393.7,31955.5,1
20230921,37,26.00,31393.7,31898.5,1
20230921,37,26.31,31393.7,31898.4,1
20230921,37,26.32,31393.7,31895.1,1
20230921,37,26.49,31393.7,31892.3,1
20230921,37,26.56,31393.7,31890.1,1
20230921,37,26.76,31393.7,31889.5,1
20230921,37,27.00,31393.7,31880.0,1
20230921,37,27.01,31393.7,31792.3,1
20230921,37,28.00,31393.7,31787.4,1
20230921,37,28.18,31393.7,31660.3,1
20230921,37,28.44,31393.7,31649.9,1
20230921,37,28.56,31393.7,31649.5,1
20230921,37,29.01,31413.6,31646.5,1
20230921,37,29.10,31413.6,31646.5,1
20230921,37,29.11,31476.5,31636.5,1
20230921,37,29.12,31476.5,31636.5,1
20230921,37,29.26,31476.5,31634.3,1
20230921,37,29.27,31476.5,31633.8,1
20230921,37,29.28,31486.4,31633.7,1
20230921,37,29.65,31486.4,31633.7,1
20230921,37,29.71,31506.4,31624.3,1
20230921,37,30.00,31516.4,31624.3,1
20230921,37,30.01,31516.4,31558.9,1
20230921,37,30.51,31516.4,31527.9,1
20230921,37,30.56,31516.4,31486.5,1
20230921,37,30.81,31516.4,31485.4,1
20230921,37,31.71,31576.1,31482.4,1
20230921,37,31.75,31576.1,31482.4,1
20230921,37,31.96,31576.1,31478.0,1
20230921,37,32.00,31576.1,31476.8,1
20230921,37,32.08,31586.1,31198.9,1
20230921,37,32.55,31586.1,31198.9,1
20230921,37,32.70,31587.8,31180.0,1
20230921,37,32.83,31587.8,31180.0,1
20230921,37,33.03,31587.8,30923.6,1
20230921,37,33.06,31587.8,30923.0,1
20230921,37,34.09,31587.9,30920.2,1
20230921,37,34.79,31587.9,30920.2,1
20230921,37,34.97,31587.9,30915.7,1
20230921,37,35.00,31587.9,30914.6,1
20230921,37,35.10,31587.9,30854.1,1
20230921,37,35.31,31587.9,30853.7,1
20230921,37,35.46,31587.9,30851.7,1
20230921,37,36.00,31587.9,30832.8,1
20230921,37,37.00,31587.9,30782.8,1
20230921,37,37.56,31587.9,30782.1,1
20230921,37,38.00,31587.9,30780.9,1
20230921,37,38.22,31587.9,30775.0,1
20230921,37,39.81,31590.9,30771.8,1
20230921,37,39.86,31590.9,30770.8,1
20230921,37,39.98,31650.9,30766.4,1
20230921,37,40.00,31650.9,30765.2,1
20230921,37,40.30,31650.9,30712.2,1
20230921,37,42.06,31650.9,30693.3,1
20230921,37,44.31,31650.9,30692.3,1
20230921,37,44.93,31650.9,30691.3,1
20230921,37,44.99,31650.9,30686.9,1
20230921,37,45.00,31650.9,30685.7,1
20230921,37,45.01,31650.9,30604.4,1
20230921,37,45.12,31650.9,30600.9,1
20230921,37,45.15,31650.9,30596.7,1
20230921,37,46.00,31650.9,30577.7,1
20230921,37,46.56,31650.9,30535.1,1
20230921,37,48.31,31650.9,30529.8,1
20230921,37,48.33,31650.9,30525.3,1
20230921,37,48.38,31650.9,30524.1,1
20230921,37,49.72,31650.9,30505.2,1
20230921,37,49.73,31650.9,30499.7,1
20230921,37,50.00,31651.9,30498.4,1
20230921,37,50.01,31652.6,29705.0,1
20230921,37,50.50,31652.6,29705.0,1
20230921,37,50.90,31652.6,29703.6,1
20230921,37,51.00,31652.6,29700.4,1
20230921,37,54.94,31652.6,29699.9,1
20230921,37,55.00,31652.6,29675.4,1
20230921,37,59.90,31652.6,29669.7,1
20230921,37,60.00,31652.6,29668.9,1
20230921,37,60.12,31652.6,29584.2,1
20230921,37,61.00,31652.6,29572.8,1
20230921,37,62.00,31652.6,29549.8,1
20230921,37,65.00,31659.1,29481.3,1
20230921,37,67.50,31659.1,29477.4,1
20230921,37,67.94,31659.1,29477.3,1
20230921,37,70.00,31659.1,29444.1,1
20230921,37,70.01,31659.1,29417.5,1
20230921,37,70.90,31659.1,29417.4,1
20230921,37,71.50,31659.1,26580.4,1
20230921,37,77.80,31659.1,26580.0,1
20230921,37,79.90,31659.1,26516.2,1
20230921,37,79.98,31679.1,26510.8,1
20230921,37,80.00,31679.1,26510.8,1
20230921,37,80.01,31679.1,26013.4,1
20230921,37,80.05,31679.1,25838.9,1
20230921,37,80.10,31679.1,25827.3,1
20230921,37,80.12,31679.1,25808.7,1
20230921,37,80.20,31679.1,25741.7,1
20230921,37,80.21,31689.1,25733.7,1
20230921,37,80.50,31689.1,25733.7,1
20230921,37,81.00,31689.1,25733.6,1
20230921,37,82.01,31689.1,25647.0,1
20230921,37,85.00,31689.1,25524.2,1
20230921,37,90.00,31689.1,25488.4,1
20230921,37,99.90,31689.1,25458.0,1
20230921,37,100.00,31689.1,25457.5,1
20230921,37,100.01,31699.3,23274.3,1
20230921,37,100.02,31699.3,23274.3,1
20230921,37,101.00,31699.3,23149.8,1
20230921,37,102.00,31699.3,23024.3,1
20230921,37,105.00,31699.3,22899.5,1
20230921,37,120.10,31699.3,22899.3,1
20230921,37,130.00,31699.3,22842.9,1
20230921,37,138.00,31699.3,22835.2,1
20230921,37,190.00,31699.3,22720.2,1
20230921,37,200.00,31699.3,22717.7,1
20230921,37,200.01,31699.3,20524.4,1
20230921,37,200.10,31699.3,19178.3,1
20230921,37,200.50,31699.3,19034.5,1
20230921,37,201.00,31699.3,18978.2,1
20230921,37,210.00,31699.3,18852.1,1
20230921,37,250.00,31699.3,18575.1,1
20230921,37,300.00,31699.3,18372.0,1
20230921,37,548.66,31699.3,18034.0,1
20230921,37,550.02,31699.3,17486.2,1
20230921,37,999.00,31699.3,17281.0,1
20230921,37,999.99,31699.3,0.0,1
20230921,38,0.00,0.0,51281.9,0
20230921,38,0.00,12400.1,51281.9,0
20230921,38,0.01,31120.1,51281.9,0
20230921,38,0.02,31257.6,51265.7,0
20230921,38,0.03,31257.6,51253.3,0
20230921,38,0.04,31275.7,51217.0,0
20230921,38,0.10,31275.7,51217.0,0
20230921,38,0.20,31275.7,51096.9,0
20230921,38,0.30,31275.7,50996.9,0
20230921,38,0.62,31275.7,50992.9,0
20230921,38,0.70,31276.7,50912.9,0
20230921,38,0.80,31277.7,50912.9,0
20230921,38,0.90,31278.7,50912.9,0
20230921,38,1.00,31923.5,50912.9,0
20230921,38,1.01,31923.5,50706.2,0
20230921,38,1.12,31923.5,50661.2,0
20230921,38,1.56,32092.0,50621.2,0
20230921,38,1.61,32093.8,50621.2,0
20230921,38,2.01,32093.8,50621.2,0
20230921,38,2.10,32093.8,50581.2,0
20230921,38,2.12,32093.8,50575.2,0
20230921,38,2.15,32209.3,50495.2,0
20230921,38,3.00,32213.7,50495.2,0
20230921,38,3.01,32213.7,50435.2,0
20230921,38,3.12,32213.7,50385.2,0
20230921,38,3.21,32215.5,50265.2,0
20230921,38,3.72,32222.7,50265.2,0
20230921,38,3.73,32225.2,50265.2,0
20230921,38,3.81,32231.2,50265.2,0
20230921,38,4.01,32232.8,50265.2,0
20230921,38,4.54,32232.8,50265.2,0
20230921,38,4.65,32243.9,50263.7,0
20230921,38,4.82,32245.8,50263.7,0
20230921,38,5.00,32443.8,50263.7,0
20230921,38,5.01,32443.8,49884.2,0
20230921,38,5.09,32443.8,49804.2,0
20230921,38,5.10,32444.5,49801.3,0
20230921,38,5.12,32444.5,49801.3,0
20230921,38,5.50,32444.6,49721.3,0
20230921,38,5.66,32445.0,49721.3,0
20230921,38,6.00,32451.9,49721.3,0
20230921,38,6.06,32458.4,49660.9,0
20230921,38,6.26,32458.4,49660.9,0
20230921,38,6.42,32460.2,49653.3,0
20230921,38,6.67,32460.2,49653.3,0
20230921,38,6.94,32464.9,49153.3,0
20230921,38,7.00,32464.9,49153.3,0
20230921,38,7.01,32464.9,49153.2,0
20230921,38,7.12,32464.9,48921.7,0
20230921,38,7.43,32472.2,48841.7,0
20230921,38,7.44,32474.8,48841.7,0
20230921,38,7.50,32494.8,48841.7,0
20230921,38,7.70,32496.5,48841.7,0
20230921,38,7.90,32496.5,48841.7,0
20230921,38,8.00,32525.2,48833.8,0
20230921,38,8.01,32526.7,48773.7,0
20230921,38,8.02,32549.6,48744.0,0
20230921,38,8.31,32556.6,48744.0,0
20230921,38,8.50,32556.6,48744.0,0
20230921,38,8.59,32556.6,48734.0,0
20230921,38,8.82,32557.2,48732.2,0
20230921,38,9.00,32557.2,48732.2,0
20230921,38,9.50,32557.2,48732.1,0
20230921,38,9.60,32557.2,48585.1,0
20230921,38,9.62,32557.8,48500.1,0
20230921,38,9.66,32557.8,48500.1,0
20230921,38,10.00,32620.0,48376.1,0
20230921,38,10.05,32640.0,48281.7,0
20230921,38,10.17,32640.0,48281.7,0
20230921,38,10.20,32640.0,48251.7,0
20230921,38,10.22,32640.0,48127.7,0
20230921,38,10.23,32640.0,48087.0,0
20230921,38,10.38,32640.0,48037.0,0
20230921,38,10.42,32640.6,47913.0,0
20230921,38,10.46,32640.6,47913.0,0
20230921,38,10.50,32670.6,47789.0,0
20230921,38,10.51,32670.6,47789.0,0
20230921,38,10.56,32677.6,47638.0,0
20230921,38,10.58,32677.6,47638.0,0
20230921,38,10.59,32721.4,47408.6,0
20230921,38,11.00,32721.4,47220.4,0
20230921,38,11.14,32728.7,47220.3,0
20230921,38,11.16,32731.2,47220.3,0
20230921,38,11.18,32732.6,47220.3,0
20230921,38,11.19,32732.6,47220.3,0
20230921,38,11.22,32733.2,46953.5,0
20230921,38,11.28,32733.2,46953.5,0
20230921,38,11.40,32733.2,46953.4,0
20230921,38,11.61,32733.2,46802.4,0
20230921,38,11.67,32733.2,46637.4,0
20230921,38,11.80,32733.2,46515.4,0
20230921,38,11.87,32733.2,46315.4,0
20230921,38,11.94,32733.2,46115.4,0
20230921,38,11.95,32733.2,45915.4,0
20230921,38,12.00,32736.5,45914.0,0
20230921,38,12.01,32738.0,45908.5,0
20230921,38,12.02,32738.0,45908.5,0
20230921,38,12.03,32738.6,45708.5,0
20230921,38,12.10,32738.6,45708.5,0
20230921,38,12.18,32738.6,45508.5,0
20230921,38,12.30,32738.6,45308.5,0
20230921,38,12.44,32738.6,45108.5,0
20230921,38,12.66,32738.6,44908.5,0
20230921,38,12.74,32738.6,44472.2,0
20230921,38,12.81,32746.1,44272.2,0
20230921,38,13.00,32746.1,44272.2,0
20230921,38,13.01,32746.1,44240.2,0
20230921,38,13.02,32746.1,44231.5,0
20230921,38,13.03,32746.1,44197.8,0
20230921,38,13.04,32746.1,44164.1,0
20230921,38,13.05,32746.1,44130.4,0
20230921,38,13.50,32756.1,44096.7,0
20230921,38,13.63,32756.1,44006.7,0
20230921,38,13.95,32756.1,43988.7,0
20230921,38,14.00,32756.1,43974.1,0
20230921,38,14.10,32756.1,43903.2,0
20230921,38,14.21,32756.1,43902.7,0
20230921,38,14.30,32756.1,43902.1,0
20230921,38,14.38,32756.1,43901.7,0
20230921,38,14.50,32756.1,43757.7,0
20230921,38,14.53,32881.7,43756.5,0
20230921,38,14.64,32881.7,43756.5,0
20230921,38,14.70,32883.7,43499.5,0
20230921,38,14.83,32883.7,43499.5,0
20230921,38,14.85,32891.0,43499.4,0
20230921,38,14.87,32893.6,43499.4,0
20230921,38,14.99,32893.6,43499.4,0
20230921,38,15.00,33107.6,43499.3,0
20230921,38,15.01,33107.6,43332.1,0
20230921,38,15.02,33111.2,43324.3,0
20230921,38,15.06,33119.9,43324.3,0
20230921,38,15.15,33119.9,43324.3,0
20230921,38,15.17,33169.6,43278.0,0
20230921,38,15.19,33169.6,43278.0,0
20230921,38,15.22,33169.6,42979.0,0
20230921,38,15.31,33169.6,42972.8,0
20230921,38,15.36,33169.6,42871.8,0
20230921,38,15.45,33169.6,42842.8,0
20230921,38,15.50,33174.6,42804.8,0
20230921,38,15.51,33174.6,42793.8,0
20230921,38,15.55,33174.6,42786.2,0
20230921,38,15.58,33174.6,42586.2,0
20230921,38,15.73,33174.6,42585.3,0
20230921,38,15.74,33174.8,42577.7,0
20230921,38,15.77,33174.8,42577.7,0
20230921,38,15.78,33174.8,42573.0,0
20230921,38,15.80,33174.8,42546.0,0
20230921,38,15.81,33174.8,42545.7,0
20230921,38,15.90,33185.8,42545.6,0
20230921,38,15.91,33185.8,42475.6,0
20230921,38,16.00,33186.8,42475.4,0
20230921,38,16.01,33188.4,42367.1,0
20230921,38,16.05,33188.4,42367.1,0
20230921,38,16.10,33189.4,42359.2,0
20230921,38,16.12,33253.4,42359.2,0
20230921,38,16.20,33254.4,42359.2,0
20230921,38,16.27,33318.4,42359.2,0
20230921,38,16.30,33319.4,42359.2,0
20230921,38,16.37,33383.4,42359.2,0
20230921,38,16.40,33383.4,42359.2,0
20230921,38,16.44,33383.4,42359.1,0
20230921,38,16.47,33447.4,42309.1,0
20230921,38,16.49,33447.4,42309.1,0
20230921,38,16.50,33515.4,42259.1,0
20230921,38,16.66,33579.4,42259.1,0
20230921,38,16.70,33579.4,42259.1,0
20230921,38,16.75,33643.4,42259.0,0
20230921,38,16.85,33707.4,42259.0,0
20230921,38,16.99,33707.4,42259.0,0
20230921,38,17.00,33707.4,42258.9,0
20230921,38,17.03,33771.4,42186.9,0
20230921,38,17.10,33771.4,42186.9,0
20230921,38,17.16,33843.9,42186.8,0
20230921,38,17.18,33843.9,42186.8,0
20230921,38,17.25,33843.9,41900.6,0
20230921,38,17.30,33843.9,41899.7,0
20230921,38,17.31,33852.9,41899.6,0
20230921,38,17.33,33852.9,41899.6,0
20230921,38,17.39,33852.9,41847.6,0
20230921,38,17.45,33852.9,41833.6,0
20230921,38,17.50,33852.9,41833.4,0
20230921,38,17.55,33852.9,41833.3,0
20230921,38,17.57,33852.9,41803.3,0
20230921,38,17.62,33852.9,41703.3,0
20230921,38,17.65,33958.9,41581.3,0
20230921,38,17.70,33958.9,41581.3,0
20230921,38,17.86,33958.9,41551.3,0
20230921,38,17.87,33958.9,41502.1,0
20230921,38,17.95,33963.3,41380.1,0
20230921,38,18.00,33963.3,41380.1,0
20230921,38,18.03,33963.3,41379.8,0
20230921,38,18.04,33982.2,41379.7,0
20230921,38,18.17,33982.2,41379.7,0
20230921,38,18.21,33982.2,41340.5,0
20230921,38,18.30,33982.2,41218.5,0
20230921,38,18.35,33982.2,41218.4,0
20230921,38,18.47,33982.2,41118.4,0
20230921,38,18.56,33989.4,37024.4,0
20230921,38,18.59,33991.9,37024.4,0
20230921,38,18.60,33991.9,37024.4,0
20230921,38,18.63,33993.5,37024.3,0
20230921,38,18.71,33993.5,37024.3,0
20230921,38,18.74,33993.5,36988.3,0
20230921,38,18.90,33993.5,36980.6,0
20230921,38,19.00,33993.5,36887.0,0
20230921,38,19.07,34000.2,36886.2,0
20230921,38,19.11,34000.2,36886.2,0
20230921,38,19.12,34000.2,36843.7,0
20230921,38,19.37,34002.7,36743.7,0
20230921,38,19.39,34003.6,36743.7,0
20230921,38,19.50,34003.6,36743.7,0
20230921,38,19.71,34227.6,36743.4,0
20230921,38,19.85,34227.6,36743.4,0
20230921,38,19.90,34227.6,36727.8,0
20230921,38,20.00,34227.6,36719.9,0
20230921,38,20.01,34229.1,36657.6,0
20230921,38,20.02,34229.1,36653.0,0
20230921,38,20.11,34235.2,36601.0,0
20230921,38,20.18,34237.6,36601.0,0
20230921,38,20.20,34238.4,36601.0,0
20230921,38,20.21,34238.4,36601.0,0
20230921,38,20.38,34238.4,35765.0,0
20230921,38,20.39,34238.4,35756.9,0
20230921,38,20.40,34238.4,35705.9,0
20230921,38,20.41,34238.4,35655.9,0
20230921,38,20.42,34238.4,35605.9,0
20230921,38,20.43,34238.4,35555.9,0
20230921,38,20.44,34238.4,35505.9,0
20230921,38,20.45,34238.4,35455.9,0
20230921,38,20.46,34238.4,35405.9,0
20230921,38,20.47,34238.4,35355.9,0
20230921,38,20.48,34238.4,35305.9,0
20230921,38,20.49,34238.4,35255.9,0
20230921,38,20.50,34238.4,35205.9,0
20230921,38,20.51,34238.4,35155.9,0
20230921,38,20.53,34238.9,35105.9,0
20230921,38,20.62,34271.5,35105.9,0
20230921,38,20.67,34271.5,35105.9,0
20230921,38,20.76,34271.5,34974.0,0
20230921,38,20.99,34274.0,34973.0,0
20230921,38,21.00,34274.9,34973.0,0
20230921,38,21.05,34275.4,34970.9,0
20230921,38,21.10,34275.4,34970.9,0
20230921,38,21.13,34275.4,34848.9,0
20230921,38,21.38,34275.4,34748.9,0
20230921,38,21.57,34275.9,34739.0,0
20230921,38,21.80,34278.3,34739.0,0
20230921,38,21.81,34279.1,34739.0,0
20230921,38,21.83,34279.1,34738.1,0
20230921,38,22.00,34279.1,34737.7,0
20230921,38,22.09,34279.6,34737.6,0
20230921,38,22.28,34369.6,34737.6,0
20230921,38,22.45,34369.6,34737.6,0
20230921,38,22.50,34369.6,34737.5,0
20230921,38,22.61,34373.2,34736.9,0
20230921,38,22.63,34373.2,34724.8,0
20230921,38,22.64,34373.2,34708.0,0
20230921,38,22.76,34373.2,34705.8,0
20230921,38,22.80,34822.3,34704.6,0
20230921,38,22.99,34822.3,34704.6,0
20230921,38,23.00,34835.3,34704.3,0
20230921,38,23.03,34835.3,34704.1,0
20230921,38,23.05,34835.3,34704.0,0
20230921,38,23.15,34835.3,34622.0,0
20230921,38,23.49,34843.0,34522.0,0
20230921,38,23.50,34843.0,34522.0,0
20230921,38,23.64,34843.0,34521.8,0
20230921,38,24.06,34843.0,34505.8,0
20230921,38,24.13,34868.0,34497.2,0
20230921,38,24.15,34868.0,34497.2,0
20230921,38,24.28,34868.0,34496.9,0
20230921,38,24.29,34877.8,34496.8,0
20230921,38,24.89,34877.8,34496.8,0
20230921,38,24.90,34877.8,34492.3,0
20230921,38,25.00,34897.8,34491.2,0
20230921,38,25.22,34897.8,34449.3,0
20230921,38,25.30,34897.8,34448.7,0
20230921,38,25.31,34897.8,34446.5,0
20230921,38,25.53,34897.8,34445.1,0
20230921,38,25.76,34897.8,34435.6,0
20230921,38,25.84,34897.8,34426.0,0
20230921,38,25.85,34897.8,34376.0,0
20230921,38,26.00,34897.8,34326.0,0
20230921,38,26.31,34897.8,34325.9,0
20230921,38,27.00,34897.8,34321.4,0
20230921,38,27.01,34897.8,34227.6,0
20230921,38,27.45,34897.8,34222.9,0
20230921,38,27.76,34897.8,34222.5,0
20230921,38,27.83,34897.8,34211.6,0
20230921,38,27.99,34897.8,34211.1,0
20230921,38,28.00,34897.8,34208.9,0
20230921,38,28.16,34917.7,34107.0,0
20230921,38,28.25,34917.7,34107.0,0
20230921,38,28.26,34980.6,34097.0,0
20230921,38,28.45,34980.6,34097.0,0
20230921,38,28.56,34980.6,34087.6,0
20230921,38,28.84,34980.6,34083.6,0
20230921,38,28.85,34990.5,34083.5,0
20230921,38,28.86,35010.5,34083.5,0
20230921,38,29.89,35010.5,34083.5,0
20230921,38,29.97,35010.5,34042.1,0
20230921,38,30.00,35010.5,34023.9,0
20230921,38,30.01,35010.5,33947.6,0
20230921,38,30.45,35010.5,33918.5,0
20230921,38,30.56,35010.5,33917.3,0
20230921,38,30.67,35010.5,33916.2,0
20230921,38,30.81,35010.5,33911.8,0
20230921,38,30.86,35070.2,33908.0,0
20230921,38,31.37,35070.2,33908.0,0
20230921,38,31.39,35070.2,33889.1,0
20230921,38,31.65,35080.2,33616.9,0
20230921,38,32.00,35080.2,33616.9,0
20230921,38,32.70,35081.9,33338.7,0
20230921,38,33.03,35081.9,33338.7,0
20230921,38,33.06,35081.9,33338.1,0
20230921,38,33.10,35081.9,33335.2,0
20230921,38,33.66,35082.0,33334.8,0
20230921,38,33.71,35082.0,33334.8,0
20230921,38,33.89,35082.0,33333.7,0
20230921,38,34.00,35082.0,33329.2,0
20230921,38,34.48,35082.0,33295.9,0
20230921,38,35.00,35082.0,33277.0,0
20230921,38,35.31,35082.0,33208.2,0
20230921,38,36.00,35082.0,33206.2,0
20230921,38,37.56,35082.0,33151.1,0
20230921,38,37.97,35082.0,33149.8,0
20230921,38,39.14,35082.0,33146.8,0
20230921,38,39.26,35082.0,33145.6,0
20230921,38,39.65,35082.0,33141.2,0
20230921,38,39.72,35082.0,33122.3,0
20230921,38,39.81,35082.0,33092.9,0
20230921,38,39.98,35142.0,33091.9,0
20230921,38,40.00,35142.0,33091.9,0
20230921,38,40.01,35142.0,33012.2,0
20230921,38,42.06,35142.0,33012.0,0
20230921,38,44.31,35142.0,33011.0,0
20230921,38,44.57,35142.0,33010.0,0
20230921,38,44.63,35142.0,33008.8,0
20230921,38,44.72,35142.0,33004.4,0
20230921,38,44.83,35142.0,33003.5,0
20230921,38,45.00,35142.0,32984.5,0
20230921,38,45.01,35142.0,32887.7,0
20230921,38,45.12,35142.0,32856.4,0
20230921,38,46.00,35142.0,32852.2,0
20230921,38,46.56,35142.0,32815.2,0
20230921,38,48.19,35142.0,32809.7,0
20230921,38,48.21,35142.0,32808.5,0
20230921,38,48.28,35142.0,32804.0,0
20230921,38,49.70,35142.0,32793.8,0
20230921,38,50.00,35143.0,32788.3,0
20230921,38,50.01,35144.2,32197.9,0
20230921,38,50.50,35144.2,32197.9,0
20230921,38,50.90,35144.2,32196.5,0
20230921,38,51.00,35144.2,32193.4,0
20230921,38,52.49,35144.2,32193.1,0
20230921,38,55.00,35144.2,32155.9,0
20230921,38,59.90,35144.2,32149.4,0
20230921,38,60.00,35144.2,32148.4,0
20230921,38,60.01,35144.2,32047.7,0
20230921,38,60.12,35144.2,32047.6,0
20230921,38,61.00,35144.2,32034.2,0
20230921,38,62.00,35144.2,32012.5,0
20230921,38,65.00,35148.2,31946.8,0
20230921,38,67.50,35148.2,31944.0,0
20230921,38,67.94,35148.2,31943.9,0
20230921,38,70.00,35148.2,31897.9,0
20230921,38,70.90,35148.2,31868.9,0
20230921,38,71.50,35148.2,29314.9,0
20230921,38,77.80,35148.2,29314.5,0
20230921,38,79.90,35148.2,29242.9,0
20230921,38,79.98,35168.2,29237.2,0
20230921,38,80.00,35168.2,29237.2,0
20230921,38,80.01,35168.2,28705.0,0
20230921,38,80.05,35168.2,28424.5,0
20230921,38,80.10,35168.2,28410.1,0
20230921,38,80.12,35168.2,28392.6,0
20230921,38,80.20,35168.2,28326.6,0
20230921,38,80.21,35188.2,28318.6,0
20230921,38,80.50,35188.2,28318.6,0
20230921,38,81.00,35188.2,28318.5,0
20230921,38,82.01,35188.2,28222.1,0
20230921,38,85.00,35188.2,28076.5,0
20230921,38,90.00,35188.2,28040.7,0
20230921,38,99.90,35188.2,28008.0,0
20230921,38,100.00,35188.2,28007.3,0
20230921,38,100.01,35200.5,26052.0,0
20230921,38,100.02,35200.5,26052.0,0
20230921,38,101.00,35200.5,25930.2,0
20230921,38,102.00,35200.5,25784.6,0
20230921,38,105.00,35200.5,25648.5,0
20230921,38,120.10,35200.5,25648.3,0
20230921,38,130.00,35200.5,25593.0,0
20230921,38,138.00,35200.5,25585.4,0
20230921,38,150.00,35200.5,25284.1,0
20230921,38,190.00,35200.5,25281.6,0
20230921,38,200.00,35200.5,25279.0,0
20230921,38,200.01,35200.5,22920.0,0
20230921,38,200.10,35200.5,21481.4,0
20230921,38,200.50,35200.5,21337.0,0
20230921,38,201.00,35200.5,21273.8,0
20230921,38,210.00,35200.5,21152.9,0
20230921,38,250.00,35200.5,20856.9,0
20230921,38,300.00,35200.5,20654.1,0
20230921,38,500.00,35200.5,20129.1,0
20230921,38,548.66,35200.5,20127.1,0
20230921,38,550.02,35200.5,19570.7,0
20230921,38,999.00,35200.5,19365.5,0
20230921,38,999.99,35200.5,0.0,0
20230921,39,0.00,0.0,10998.0,0
20230921,39,0.00,1408.3,10998.0,0
20230921,39,0.01,8414.5,10998.0,0
20230921,39,0.02,8424.6,10997.8,0
20230921,39,0.03,8424.6,10997.4,0
20230921,39,0.10,8424.6,10995.3,0
20230921,39,0.20,8424.6,10975.3,0
20230921,39,0.30,8424.6,10965.3,0
20230921,39,0.62,8424.6,10961.3,0
20230921,39,1.00,8487.7,10941.3,0
20230921,39,1.01,8487.7,10911.9,0
20230921,39,1.12,8487.7,10901.9,0
20230921,39,1.64,8506.3,10891.9,0
20230921,39,2.12,8506.3,10891.9,0
20230921,39,2.99,8508.8,10871.9,0
20230921,39,3.00,8508.8,10871.9,0
20230921,39,3.01,8508.8,10851.9,0
20230921,39,3.12,8508.8,10841.9,0
20230921,39,3.22,8510.4,10811.9,0
20230921,39,3.89,8512.4,10811.9,0
20230921,39,4.65,8523.6,10811.9,0
20230921,39,5.00,8526.0,10811.9,0
20230921,39,5.01,8526.0,10720.5,0
20230921,39,5.12,8526.0,10700.5,0
20230921,39,5.97,8528.6,10680.5,0
20230921,39,6.00,8528.6,10680.5,0
20230921,39,6.14,8530.6,10655.9,0
20230921,39,6.26,8530.6,10655.9,0
20230921,39,6.43,8532.1,10649.9,0
20230921,39,7.00,8532.1,10649.9,0
20230921,39,7.12,8532.1,10649.8,0
20230921,39,7.70,8533.9,10629.8,0
20230921,39,7.82,8534.3,10629.8,0
20230921,39,7.90,8534.3,10629.8,0
20230921,39,8.00,8563.0,10621.9,0
20230921,39,8.02,8566.0,10621.9,0
20230921,39,8.03,8566.0,10621.9,0
20230921,39,8.39,8568.0,10615.2,0
20230921,39,8.50,8568.0,10615.2,0
20230921,39,8.95,8570.5,10605.2,0
20230921,39,9.00,8570.5,10605.2,0
20230921,39,9.63,8572.0,10605.1,0
20230921,39,10.00,8573.7,10605.1,0
20230921,39,10.17,8573.7,10605.1,0
20230921,39,10.64,8575.7,10575.1,0
20230921,39,11.18,8577.1,10575.1,0
20230921,39,11.61,8577.1,10575.1,0
20230921,39,11.93,8579.7,10410.1,0
20230921,39,11.95,8579.7,10410.1,0
20230921,39,11.98,8579.7,10408.9,0
20230921,39,12.66,8579.7,10382.9,0
20230921,39,12.84,8581.3,10279.9,0
20230921,39,12.89,8583.3,10279.9,0
20230921,39,13.95,8583.3,10279.9,0
20230921,39,14.00,8583.3,10266.5,0
20230921,39,14.12,8583.3,10265.2,0
20230921,39,14.16,8583.3,10242.2,0
20230921,39,14.21,8583.3,10030.2,0
20230921,39,14.52,8583.3,10029.6,0
20230921,39,14.73,8583.3,9772.6,0
20230921,39,14.91,8585.8,9757.1,0
20230921,39,14.95,8585.8,9757.1,0
20230921,39,14.99,8585.8,9747.1,0
20230921,39,15.00,8585.8,9747.0,0
20230921,39,15.02,8587.2,9704.0,0
20230921,39,15.14,8589.2,9704.0,0
20230921,39,15.15,8589.2,9704.0,0
20230921,39,15.16,8590.1,9496.0,0
20230921,39,15.22,8590.1,9496.0,0
20230921,39,15.28,8590.1,9492.0,0
20230921,39,15.33,8590.1,9300.0,0
20230921,39,15.41,8590.9,9181.0,0
20230921,39,15.45,8590.9,9181.0,0
20230921,39,15.50,8590.9,9143.0,0
20230921,39,15.58,8590.9,9133.0,0
20230921,39,15.66,8591.8,9132.2,0
20230921,39,15.90,8592.6,9132.2,0
20230921,39,15.91,8592.6,9132.2,0
20230921,39,16.00,8592.6,9132.0,0
20230921,39,16.05,8594.1,9130.0,0
20230921,39,16.15,8594.9,9122.6,0
20230921,39,16.22,8594.9,9122.6,0
20230921,39,16.32,8595.4,8969.6,0
20230921,39,16.35,8595.4,8969.6,0
20230921,39,16.60,8595.9,8933.6,0
20230921,39,16.87,8596.4,8933.6,0
20230921,39,16.99,8596.4,8933.6,0
20230921,39,17.15,8596.9,8933.5,0
20230921,39,17.25,8596.9,8933.5,0
20230921,39,17.31,8596.9,8932.6,0
20230921,39,17.33,8596.9,8924.8,0
20230921,39,17.42,8597.4,8872.8,0
20230921,39,17.45,8597.4,8872.8,0
20230921,39,18.00,8597.4,8872.6,0
20230921,39,19.00,8597.4,8872.3,0
20230921,39,19.64,8597.4,8871.6,0
20230921,39,19.71,8821.4,8871.4,0
20230921,39,20.00,8821.4,8871.4,0
20230921,39,20.02,8821.4,8869.8,0
20230921,39,20.04,8821.4,8817.8,0
20230921,39,20.39,8821.4,8807.9,0
20230921,39,21.00,8821.4,8806.9,0
20230921,39,21.89,8821.4,8806.8,0
20230921,39,22.00,8821.4,8804.8,0
20230921,39,22.94,8821.4,8765.2,0
20230921,39,22.95,8831.2,8765.1,0
20230921,39,23.00,8831.2,8765.1,0
20230921,39,23.50,8831.2,8764.9,0
20230921,39,24.14,8831.2,8763.9,0
20230921,39,26.39,8831.2,8762.6,0
20230921,39,27.00,8831.2,8761.6,0
20230921,39,28.64,8831.2,8754.7,0
20230921,39,29.97,8831.2,8753.9,0
20230921,39,30.00,8831.2,8736.6,0
20230921,39,32.00,8831.2,8715.6,0
20230921,39,34.00,8831.2,8701.5,0
20230921,39,35.00,8831.2,8670.8,0
20230921,39,38.50,8831.2,8662.8,0
20230921,39,40.00,8831.2,8628.4,0
20230921,39,40.01,8831.2,8601.7,0
20230921,39,44.72,8831.2,8601.6,0
20230921,39,45.00,8831.2,8600.5,0
20230921,39,45.01,8831.2,8591.1,0
20230921,39,49.49,8831.2,8590.8,0
20230921,39,50.00,8831.2,8577.3,0
20230921,39,50.01,8831.7,8569.1,0
20230921,39,60.00,8831.7,8569.1,0
20230921,39,60.12,8831.7,8551.9,0
20230921,39,67.94,8831.7,8549.5,0
20230921,39,77.80,8831.7,8536.6,0
20230921,39,79.90,8831.7,8523.0,0
20230921,39,80.00,8831.7,8522.3,0
20230921,39,80.01,8831.7,8468.3,0
20230921,39,80.21,8841.7,8365.2,0
20230921,39,82.01,8841.7,8365.2,0
20230921,39,85.00,8841.7,8344.0,0
20230921,39,90.00,8841.7,8340.2,0
20230921,39,99.90,8841.7,8337.4,0
20230921,39,100.00,8841.7,8337.2,0
20230921,39,100.01,8843.8,8320.3,0
20230921,39,101.00,8843.8,8320.3,0
20230921,39,102.00,8843.8,8300.2,0
20230921,39,138.00,8843.8,8273.2,0
20230921,39,150.00,8843.8,8111.5,0
20230921,39,200.00,8843.8,8108.9,0
20230921,39,200.01,8843.8,7975.1,0
20230921,39,200.10,8843.8,7855.5,0
20230921,39,200.50,8843.8,7854.5,0
20230921,39,210.00,8843.8,7844.3,0
20230921,39,300.00,8843.8,7824.5,0
20230921,39,500.00,8843.8,7637.5,0
20230921,39,548.66,8843.8,7635.5,0
20230921,39,999.00,8843.8,7628.9,0
20230921,39,999.99,8843.8,0.0,0
20230921,39,0.00,0.0,45340.6,1
20230921,39,0.00,15905.6,45340.6,1
20230921,39,0.01,27595.4,45340.6,1
20230921,39,0.02,27722.7,45325.4,1
20230921,39,0.03,27722.7,45313.4,1
20230921,39,0.04,27737.5,45280.0,1
20230921,39,0.10,27737.5,45280.0,1
20230921,39,0.20,27737.5,45179.9,1
20230921,39,0.62,27737.5,45089.9,1
20230921,39,0.70,27738.5,45029.9,1
20230921,39,0.80,27739.5,45029.9,1
20230921,39,0.90,27740.5,45029.9,1
20230921,39,1.00,28350.0,45029.9,1
20230921,39,1.01,28350.0,44861.0,1
20230921,39,1.12,28350.0,44826.0,1
20230921,39,1.46,28359.0,44796.0,1
20230921,39,1.64,28507.9,44796.0,1
20230921,39,2.01,28507.9,44796.0,1
20230921,39,2.10,28507.9,44756.0,1
20230921,39,2.12,28507.9,44750.0,1
20230921,39,2.15,28620.8,44690.0,1
20230921,39,2.91,28629.9,44690.0,1
20230921,39,3.00,28634.8,44690.0,1
20230921,39,3.01,28634.8,44650.0,1
20230921,39,3.12,28634.8,44610.0,1
20230921,39,3.89,28639.8,44520.0,1
20230921,39,4.37,28649.0,44520.0,1
20230921,39,4.88,28649.0,44520.0,1
20230921,39,4.89,28649.6,44517.5,1
20230921,39,5.00,28852.1,44517.5,1
20230921,39,5.01,28852.1,44238.1,1
20230921,39,5.12,28852.1,44178.1,1
20230921,39,5.50,28852.2,44118.1,1
20230921,39,5.82,28861.3,44118.1,1
20230921,39,6.00,28870.5,44118.1,1
20230921,39,6.03,28870.5,44082.2,1
20230921,39,6.14,28875.5,44080.9,1
20230921,39,6.26,28875.5,44080.9,1
20230921,39,6.67,28875.5,44079.3,1
20230921,39,6.94,28880.3,43579.3,1
20230921,39,7.01,28880.3,43579.3,1
20230921,39,7.12,28880.3,43358.4,1
20230921,39,7.27,28889.3,43298.4,1
20230921,39,7.50,28909.3,43298.4,1
20230921,39,8.00,28912.4,43298.4,1
20230921,39,8.01,28912.4,43238.3,1
20230921,39,8.02,28929.7,43223.0,1
20230921,39,8.04,28932.4,43223.0,1
20230921,39,8.39,28937.4,43223.0,1
20230921,39,8.59,28937.4,43223.0,1
20230921,39,8.72,28940.4,43221.4,1
20230921,39,9.45,28943.5,43221.4,1
20230921,39,9.50,28943.5,43221.4,1
20230921,39,9.60,28943.5,43074.4,1
20230921,39,9.66,28943.5,42993.4,1
20230921,39,10.00,29004.4,42869.4,1
20230921,39,10.05,29024.4,42567.1,1
20230921,39,10.17,29027.4,42567.1,1
20230921,39,10.20,29027.4,42567.1,1
20230921,39,10.21,29027.4,42443.1,1
20230921,39,10.22,29027.4,42213.8,1
20230921,39,10.23,29027.4,41979.8,1
20230921,39,10.38,29027.4,41940.7,1
20230921,39,10.46,29027.4,41816.7,1
20230921,39,10.50,29057.4,41692.7,1
20230921,39,10.51,29057.4,41692.7,1
20230921,39,10.64,29063.1,41541.7,1
20230921,39,10.90,29066.0,41541.7,1
20230921,39,11.00,29066.0,41539.0,1
20230921,39,11.19,29066.0,41538.9,1
20230921,39,11.28,29066.0,41271.4,1
20230921,39,11.30,29066.2,41271.3,1
20230921,39,11.40,29066.2,41271.3,1
20230921,39,11.67,29066.2,41120.3,1
20230921,39,11.80,29066.2,40998.3,1
20230921,39,11.87,29066.2,40798.3,1
20230921,39,11.94,29066.2,40598.3,1
20230921,39,12.00,29069.3,40398.3,1
20230921,39,12.02,29069.3,40393.0,1
20230921,39,12.11,29069.3,40193.0,1
20230921,39,12.18,29069.3,39990.2,1
20230921,39,12.30,29069.3,39790.2,1
20230921,39,12.44,29069.3,39590.2,1
20230921,39,12.50,29069.3,39390.2,1
20230921,39,12.74,29069.3,39390.1,1
20230921,39,12.83,29069.3,39190.1,1
20230921,39,12.89,29075.3,38853.4,1
20230921,39,13.00,29075.5,38853.4,1
20230921,39,13.01,29075.5,38820.8,1
20230921,39,13.02,29075.5,38812.1,1
20230921,39,13.03,29075.5,38778.4,1
20230921,39,13.04,29075.5,38744.7,1
20230921,39,13.05,29075.5,38711.0,1
20230921,39,13.32,29075.5,38677.3,1
20230921,39,13.39,29201.1,38674.6,1
20230921,39,13.50,29211.1,38674.6,1
20230921,39,13.63,29211.1,38584.6,1
20230921,39,13.80,29229.8,38567.6,1
20230921,39,14.00,29229.8,38567.6,1
20230921,39,14.10,29229.8,38498.2,1
20230921,39,14.30,29229.8,38497.7,1
20230921,39,14.32,29236.5,38497.3,1
20230921,39,14.36,29236.5,38497.3,1
20230921,39,14.50,29236.5,38492.8,1
20230921,39,14.53,29236.5,38491.6,1
20230921,39,14.70,29238.5,38386.0,1
20230921,39,14.79,29246.2,38386.0,1
20230921,39,14.82,29246.2,38386.0,1
20230921,39,14.83,29246.2,38342.7,1
20230921,39,15.00,29461.2,38342.6,1
20230921,39,15.01,29461.2,38221.6,1
20230921,39,15.02,29463.2,38214.3,1
20230921,39,15.14,29470.1,38214.3,1
20230921,39,15.15,29470.1,38214.3,1
20230921,39,15.17,29541.1,38189.3,1
20230921,39,15.35,29541.1,38189.3,1
20230921,39,15.50,29546.1,38149.8,1
20230921,39,15.51,29546.1,38149.8,1
20230921,39,15.55,29546.1,38142.2,1
20230921,39,15.73,29546.1,37942.2,1
20230921,39,15.74,29547.2,37935.5,1
20230921,39,15.76,29547.2,37935.5,1
20230921,39,15.80,29547.2,37840.9,1
20230921,39,15.81,29547.2,37840.6,1
20230921,39,15.90,29558.2,37840.5,1
20230921,39,16.00,29559.2,37810.5,1
20230921,39,16.10,29560.2,37699.0,1
20230921,39,16.12,29624.2,37699.0,1
20230921,39,16.15,29624.2,37699.0,1
20230921,39,16.20,29625.2,37689.6,1
20230921,39,16.22,29629.8,37689.6,1
20230921,39,16.27,29693.8,37689.6,1
20230921,39,16.30,29694.8,37689.6,1
20230921,39,16.37,29758.8,37689.6,1
20230921,39,16.40,29758.8,37689.6,1
20230921,39,16.44,29758.8,37689.5,1
20230921,39,16.47,29822.8,37639.5,1
20230921,39,16.49,29822.8,37639.5,1
20230921,39,16.50,29890.8,37589.5,1
20230921,39,16.57,29890.8,37589.5,1
20230921,39,16.66,29954.8,37580.0,1
20230921,39,16.70,29954.8,37580.0,1
20230921,39,16.75,30018.8,37579.9,1
20230921,39,16.85,30082.8,37579.9,1
20230921,39,16.98,30082.8,37579.9,1
20230921,39,17.00,30082.8,37570.5,1
20230921,39,17.03,30146.8,37510.3,1
20230921,39,17.10,30146.8,37510.3,1
20230921,39,17.16,30221.9,37510.2,1
20230921,39,17.18,30221.9,37510.2,1
20230921,39,17.30,30221.9,37494.0,1
20230921,39,17.40,30221.9,37493.9,1
20230921,39,17.42,30221.9,37465.5,1
20230921,39,17.50,30221.9,37445.5,1
20230921,39,17.57,30221.9,37445.4,1
20230921,39,17.58,30221.9,37405.4,1
20230921,39,17.62,30221.9,37375.4,1
20230921,39,17.65,30327.9,37253.4,1
20230921,39,17.73,30327.9,37253.4,1
20230921,39,17.87,30327.9,37223.4,1
20230921,39,17.89,30327.9,37101.4,1
20230921,39,18.00,30327.9,37071.4,1
20230921,39,18.03,30327.9,37070.5,1
20230921,39,18.05,30327.9,37070.4,1
20230921,39,18.08,30327.9,37040.4,1
20230921,39,18.20,30327.9,37021.7,1
20230921,39,18.21,30327.9,36991.7,1
20230921,39,18.30,30327.9,36869.7,1
20230921,39,18.35,30327.9,36869.6,1
20230921,39,18.47,30327.9,36819.6,1
20230921,39,18.52,30327.9,33013.6,1
20230921,39,18.60,30327.9,32981.6,1
20230921,39,18.63,30329.5,32981.5,1
20230921,39,18.74,30329.5,32981.5,1
20230921,39,18.75,30329.5,32967.2,1
20230921,39,18.78,30329.5,32967.0,1
20230921,39,18.81,30333.9,32917.0,1
20230921,39,19.00,30333.9,32917.0,1
20230921,39,19.10,30333.9,32916.9,1
20230921,39,19.12,30333.9,32912.4,1
20230921,39,19.14,30333.9,32812.4,1
20230921,39,19.64,30333.9,32811.3,1
20230921,39,19.82,30333.9,32810.6,1
20230921,39,19.85,30333.9,32810.3,1
20230921,39,19.90,30333.9,32810.0,1
20230921,39,19.93,30333.9,32809.9,1
20230921,39,20.00,30333.9,32674.7,1
20230921,39,20.01,30333.9,32616.7,1
20230921,39,20.08,30333.9,32612.9,1
20230921,39,20.11,30340.1,32596.8,1
20230921,39,20.21,30340.1,32596.8,1
20230921,39,20.37,30340.1,31533.8,1
20230921,39,20.38,30340.1,31530.7,1
20230921,39,20.39,30340.1,31480.7,1
20230921,39,20.40,30340.1,31430.7,1
20230921,39,20.41,30340.1,31380.7,1
20230921,39,20.42,30340.1,31330.7,1
20230921,39,20.43,30340.1,31280.7,1
20230921,39,20.44,30340.1,31230.7,1
20230921,39,20.45,30340.1,31180.7,1
20230921,39,20.46,30340.1,31130.7,1
20230921,39,20.47,30340.1,31080.7,1
20230921,39,20.48,30340.1,31030.7,1
20230921,39,20.49,30340.1,30980.7,1
20230921,39,20.50,30340.1,30930.7,1
20230921,39,20.51,30340.1,30880.7,1
20230921,39,20.62,30375.5,30830.7,1
20230921,39,20.77,30375.5,30830.7,1
20230921,39,21.00,30375.5,30830.6,1
20230921,39,21.10,30375.5,30828.6,1
20230921,39,21.13,30375.5,30706.6,1
20230921,39,21.26,30375.5,30656.6,1
20230921,39,21.39,30375.5,30656.2,1
20230921,39,21.40,30375.5,30654.2,1
20230921,39,21.50,30395.5,30653.1,1
20230921,39,21.51,30395.5,30653.1,1
20230921,39,21.69,30395.5,30569.5,1
20230921,39,21.89,30395.5,30568.3,1
20230921,39,21.93,30395.5,30561.9,1
20230921,39,22.00,30395.5,30543.0,1
20230921,39,22.28,30485.5,30471.7,1
20230921,39,22.80,30934.6,30471.7,1
20230921,39,22.93,30959.6,30471.7,1
20230921,39,23.00,30972.6,30471.7,1
20230921,39,23.03,30972.6,30471.7,1
20230921,39,23.15,30972.6,30471.6,1
20230921,39,23.26,30972.6,30371.6,1
20230921,39,23.35,31007.6,30371.4,1
20230921,39,23.43,31027.5,30371.4,1
20230921,39,23.52,31027.5,30371.4,1
20230921,39,23.53,31055.4,30361.4,1
20230921,39,23.64,31055.4,30361.4,1
20230921,39,23.95,31075.4,30249.4,1
20230921,39,24.14,31075.4,30249.4,1
20230921,39,24.15,31085.3,30246.2,1
20230921,39,24.63,31085.3,30246.2,1
20230921,39,24.82,31085.3,30241.7,1
20230921,39,25.00,31085.3,30238.8,1
20230921,39,25.01,31085.3,30236.0,1
20230921,39,25.26,31085.3,30229.7,1
20230921,39,25.68,31085.3,30229.4,1
20230921,39,25.77,31085.3,29952.7,1
20230921,39,25.85,31085.3,29952.3,1
20230921,39,25.95,31105.2,29902.3,1
20230921,39,26.00,31105.2,29902.3,1
20230921,39,26.13,31145.0,29902.2,1
20230921,39,26.39,31145.0,29902.2,1
20230921,39,26.69,31145.0,29899.2,1
20230921,39,26.72,31145.0,29887.8,1
20230921,39,26.81,31145.0,29883.4,1
20230921,39,26.95,31155.0,29882.2,1
20230921,39,27.00,31155.0,29882.2,1
20230921,39,27.01,31155.0,29798.1,1
20230921,39,27.27,31155.0,29793.3,1
20230921,39,28.10,31155.0,29792.0,1
20230921,39,28.64,31155.0,29791.7,1
20230921,39,28.96,31155.1,29788.7,1
20230921,39,29.50,31155.1,29788.7,1
20230921,39,29.63,31155.1,29769.8,1
20230921,39,30.00,31155.1,29728.5,1
20230921,39,30.01,31155.1,29664.7,1
20230921,39,30.56,31155.1,29639.5,1
20230921,39,30.89,31155.1,29638.5,1
20230921,39,31.00,31155.1,29635.8,1
20230921,39,32.00,31155.1,29631.3,1
20230921,39,32.70,31156.8,29389.3,1
20230921,39,33.03,31156.8,29389.3,1
20230921,39,33.14,31156.8,29388.7,1
20230921,39,34.34,31156.8,29386.7,1
20230921,39,34.49,31156.8,29382.3,1
20230921,39,35.00,31156.8,29381.1,1
20230921,39,35.39,31156.8,29331.9,1
20230921,39,36.00,31156.8,29330.7,1
20230921,39,37.07,31156.8,29280.7,1
20230921,39,37.64,31156.8,29264.9,1
20230921,39,39.43,31156.8,29263.9,1
20230921,39,39.60,31156.8,29259.4,1
20230921,39,39.89,31156.8,29258.2,1
20230921,39,39.98,31216.8,29257.2,1
20230921,39,40.00,31216.8,29257.2,1
20230921,39,40.91,31216.8,29199.6,1
20230921,39,41.54,31216.8,29196.7,1
20230921,39,41.74,31216.8,29192.3,1
20230921,39,41.97,31216.8,29191.2,1
20230921,39,42.00,31216.8,29147.2,1
20230921,39,42.14,31216.8,29144.5,1
20230921,39,42.16,31216.8,29143.5,1
20230921,39,44.39,31216.8,29122.4,1
20230921,39,45.00,31216.8,29117.1,1
20230921,39,45.01,31216.8,29006.1,1
20230921,39,45.12,31216.8,28976.4,1
20230921,39,46.00,31216.8,28972.3,1
20230921,39,49.49,31216.8,28942.7,1
20230921,39,50.00,31217.8,28922.0,1
20230921,39,50.01,31218.4,28781.8,1
20230921,39,50.90,31218.4,28781.8,1
20230921,39,51.00,31218.4,28778.7,1
20230921,39,60.00,31218.4,28778.5,1
20230921,39,60.12,31218.4,28703.7,1
20230921,39,61.00,31218.4,28694.0,1
20230921,39,62.00,31218.4,28674.3,1
20230921,39,65.00,31222.4,28611.9,1
20230921,39,65.50,31222.4,28610.3,1
20230921,39,67.94,31222.4,28610.2,1
20230921,39,69.50,31222.4,28580.9,1
20230921,39,70.00,31222.4,28580.6,1
20230921,39,70.90,31222.4,28577.9,1
20230921,39,77.24,31222.4,25700.9,1
20230921,39,77.80,31222.4,25442.7,1
20230921,39,79.90,31222.4,25393.7,1
20230921,39,79.98,31242.4,25388.9,1
20230921,39,80.00,31242.4,25388.9,1
20230921,39,80.01,31242.4,24940.6,1
20230921,39,80.05,31242.4,24778.9,1
20230921,39,80.10,31242.4,24770.0,1
20230921,39,80.12,31242.4,24754.4,1
20230921,39,80.20,31242.4,24689.8,1
20230921,39,80.21,31252.4,24681.8,1
20230921,39,80.50,31252.4,24681.8,1
20230921,39,81.00,31252.4,24681.7,1
20230921,39,82.01,31252.4,24587.9,1
20230921,39,85.00,31252.4,24465.7,1
20230921,39,90.00,31252.4,24436.8,1
20230921,39,99.90,31252.4,24408.3,1
20230921,39,100.00,31252.4,24407.8,1
20230921,39,100.01,31262.6,22328.2,1
20230921,39,101.00,31262.6,22328.2,1
20230921,39,102.00,31262.6,22202.7,1
20230921,39,105.00,31262.6,22121.9,1
20230921,39,120.10,31262.6,22121.7,1
20230921,39,130.00,31262.6,22069.2,1
20230921,39,138.00,31262.6,22061.9,1
20230921,39,190.00,31262.6,21935.6,1
20230921,39,200.00,31262.6,21933.4,1
20230921,39,200.01,31262.6,19793.9,1
20230921,39,200.10,31262.6,18475.6,1
20230921,39,200.50,31262.6,18331.6,1
20230921,39,201.00,31262.6,18286.3,1
20230921,39,210.00,31262.6,18173.4,1
20230921,39,250.00,31262.6,17896.3,1
20230921,39,300.00,31262.6,17694.4,1
20230921,39,548.66,31262.6,17356.3,1
20230921,39,550.02,31262.6,16810.5,1
20230921,39,999.00,31262.6,16605.3,1
20230921,39,999.99,31262.6,0.0,1
20230921,40,0.00,0.0,20502.0,1
20230921,40,0.00,1989.7,20502.0,1
20230921,40,0.01,10330.3,20502.0,1
20230921,40,0.02,10345.7,20502.0,1
20230921,40,0.03,10345.7,20501.8,1
20230921,40,0.04,10347.3,20487.0,1
20230921,40,0.10,10347.3,20487.0,1
20230921,40,0.20,10347.3,20366.9,1
20230921,40,0.46,10405.5,20341.9,1
20230921,40,0.70,10406.5,20341.9,1
20230921,40,0.80,10407.5,20341.9,1
20230921,40,0.90,10408.5,20341.9,1
20230921,40,1.00,10746.1,20341.9,1
20230921,40,1.01,10746.1,20205.6,1
20230921,40,2.01,10746.1,20185.6,1
20230921,40,2.15,10859.0,20175.6,1
20230921,40,2.69,10861.5,20175.6,1
20230921,40,2.71,10863.5,20175.6,1
20230921,40,3.00,10863.5,20175.6,1
20230921,40,3.01,10863.5,20155.6,1
20230921,40,4.65,10874.2,20145.6,1
20230921,40,4.96,10876.2,20145.6,1
20230921,40,5.00,10970.0,20145.6,1
20230921,40,5.01,10970.0,20031.4,1
20230921,40,5.36,10972.6,20001.4,1
20230921,40,6.00,10972.6,20001.4,1
20230921,40,6.26,10972.6,19979.1,1
20230921,40,7.00,10972.6,19973.1,1
20230921,40,7.01,10972.6,19973.0,1
20230921,40,7.21,10974.6,19763.7,1
20230921,40,7.70,10976.6,19763.7,1
20230921,40,7.73,10976.6,19763.7,1
20230921,40,7.74,10982.2,19757.2,1
20230921,40,8.02,10997.8,19757.2,1
20230921,40,8.04,11000.3,19757.2,1
20230921,40,8.50,11000.3,19757.2,1
20230921,40,9.00,11000.3,19747.2,1
20230921,40,9.46,11002.3,19747.1,1
20230921,40,10.00,11024.7,19747.1,1
20230921,40,10.21,11024.7,19469.2,1
20230921,40,10.22,11177.2,19238.0,1
20230921,40,10.71,11179.8,19156.6,1
20230921,40,11.18,11181.2,19156.6,1
20230921,40,11.71,11183.2,19156.6,1
20230921,40,11.80,11183.2,19156.6,1
20230921,40,11.87,11183.2,18956.6,1
20230921,40,11.94,11183.2,18756.6,1
20230921,40,12.01,11183.2,18556.6,1
20230921,40,12.10,11183.2,18356.6,1
20230921,40,12.18,11183.2,18156.6,1
20230921,40,12.30,11183.2,17956.6,1
20230921,40,12.44,11183.2,17756.6,1
20230921,40,12.50,11183.2,17556.6,1
20230921,40,12.55,11183.2,17546.6,1
20230921,40,12.66,11183.2,17536.6,1
20230921,40,12.73,11183.2,17431.6,1
20230921,40,13.00,11183.4,17231.6,1
20230921,40,13.14,11183.4,17201.6,1
20230921,40,13.39,11185.9,17191.6,1
20230921,40,13.50,11195.9,17191.6,1
20230921,40,13.71,11196.8,17191.6,1
20230921,40,13.95,11196.8,17191.6,1
20230921,40,13.96,11198.8,17179.2,1
20230921,40,14.00,11198.8,17179.2,1
20230921,40,14.03,11199.6,17176.9,1
20230921,40,14.10,11199.6,17176.9,1
20230921,40,14.17,11199.6,17176.4,1
20230921,40,14.27,11199.6,17161.2,1
20230921,40,14.30,11199.6,17131.2,1
20230921,40,14.32,11199.6,17130.8,1
20230921,40,14.35,11200.5,16918.8,1
20230921,40,14.50,11238.5,16918.8,1
20230921,40,14.55,11238.5,16916.9,1
20230921,40,14.67,11239.3,16906.9,1
20230921,40,14.77,11239.3,16906.9,1
20230921,40,14.99,11240.1,16743.9,1
20230921,40,15.00,11455.1,16734.5,1
20230921,40,15.02,11456.5,16704.5,1
20230921,40,15.14,11456.5,16704.5,1
20230921,40,15.15,11456.5,16694.5,1
20230921,40,15.17,11540.6,16682.6,1
20230921,40,15.19,11540.6,16682.6,1
20230921,40,15.22,11540.6,16124.6,1
20230921,40,15.31,11540.6,16030.4,1
20230921,40,15.43,11540.6,15971.4,1
20230921,40,15.51,11540.6,15869.4,1
20230921,40,15.52,11540.6,15661.8,1
20230921,40,15.73,11540.6,15652.3,1
20230921,40,15.74,11542.6,15646.5,1
20230921,40,15.80,11542.6,15646.5,1
20230921,40,15.81,11542.6,15646.2,1
20230921,40,15.90,11554.6,15646.1,1
20230921,40,16.00,11555.6,15646.1,1
20230921,40,16.05,11555.6,15634.1,1
20230921,40,16.10,11556.6,15624.7,1
20230921,40,16.12,11620.6,15624.7,1
20230921,40,16.20,11621.6,15624.7,1
20230921,40,16.27,11685.6,15624.7,1
20230921,40,16.30,11686.6,15624.7,1
20230921,40,16.37,11750.6,15624.7,1
20230921,40,16.47,11814.6,15624.7,1
20230921,40,16.57,11878.6,15624.7,1
20230921,40,16.59,11878.6,15624.7,1
20230921,40,16.70,11878.6,15605.8,1
20230921,40,16.75,11942.6,15605.7,1
20230921,40,16.85,12006.6,15605.7,1
20230921,40,16.94,12070.6,15605.7,1
20230921,40,17.00,12070.6,15605.7,1
20230921,40,17.08,12134.6,15585.5,1
20230921,40,17.10,12134.6,15585.5,1
20230921,40,17.16,12161.6,15585.4,1
20230921,40,17.64,12161.6,15585.4,1
20230921,40,17.65,12267.6,15575.5,1
20230921,40,18.00,12267.6,15575.5,1
20230921,40,18.03,12267.6,15575.2,1
20230921,40,18.16,12267.6,15575.1,1
20230921,40,18.31,12267.6,15281.1,1
20230921,40,18.33,12267.6,15277.1,1
20230921,40,18.34,12277.5,15277.0,1
20230921,40,18.46,12277.5,15277.0,1
20230921,40,18.47,12277.5,15276.8,1
20230921,40,18.63,12279.1,12120.8,1
20230921,40,18.81,12283.4,12120.8,1
20230921,40,19.00,12283.4,12120.8,1
20230921,40,20.00,12283.4,12120.1,1
20230921,40,20.11,12289.8,12075.2,1
20230921,40,20.54,12289.8,12075.2,1
20230921,40,20.55,12299.6,12075.1,1
20230921,40,20.62,12335.0,12075.1,1
20230921,40,20.69,12335.0,12075.1,1
20230921,40,20.71,12335.0,12056.2,1
20230921,40,20.81,12335.0,12054.2,1
20230921,40,21.00,12335.0,12053.0,1
20230921,40,21.14,12345.0,12051.0,1
20230921,40,22.00,12345.0,12051.0,1
20230921,40,22.96,12345.0,12022.4,1
20230921,40,23.00,12345.0,12020.4,1
20230921,40,23.03,12345.0,12020.2,1
20230921,40,23.15,12345.1,12020.1,1
20230921,40,25.00,12345.1,12020.1,1
20230921,40,25.21,12345.1,12019.7,1
20230921,40,25.68,12345.1,12017.7,1
20230921,40,25.81,12345.1,11742.9,1
20230921,40,26.00,12345.1,11731.2,1
20230921,40,26.74,12345.1,11731.1,1
20230921,40,27.00,12345.1,11728.3,1
20230921,40,27.46,12345.1,11691.4,1
20230921,40,27.54,12345.1,11689.6,1
20230921,40,28.15,12345.1,11670.7,1
20230921,40,29.71,12345.1,11670.1,1
20230921,40,30.00,12345.1,11669.1,1
20230921,40,31.96,12345.1,11625.3,1
20230921,40,32.00,12345.1,11624.3,1
20230921,40,32.70,12346.8,11531.1,1
20230921,40,33.03,12346.8,11531.1,1
20230921,40,34.00,12346.8,11530.6,1
20230921,40,34.21,12346.8,11501.8,1
20230921,40,34.39,12346.8,11500.8,1
20230921,40,35.00,12346.8,11495.8,1
20230921,40,36.46,12346.8,11466.2,1
20230921,40,38.71,12346.8,11465.2,1
20230921,40,40.00,12346.8,11464.2,1
20230921,40,40.96,12346.8,11420.6,1
20230921,40,43.21,12346.8,11419.6,1
20230921,40,44.72,12346.8,11414.6,1
20230921,40,45.00,12346.8,11413.6,1
20230921,40,48.29,12346.8,11363.3,1
20230921,40,50.00,12346.8,11350.5,1
20230921,40,50.01,12347.3,11342.9,1
20230921,40,50.90,12347.3,11342.9,1
20230921,40,60.00,12347.3,11339.8,1
20230921,40,60.12,12347.3,11292.2,1
20230921,40,62.00,12347.3,11290.0,1
20230921,40,67.94,12347.3,11251.5,1
20230921,40,79.90,12347.3,11239.0,1
20230921,40,80.00,12347.3,11237.9,1
20230921,40,80.01,12347.3,10939.2,1
20230921,40,80.12,12347.3,10736.5,1
20230921,40,80.21,12357.3,10673.5,1
20230921,40,80.50,12357.3,10673.5,1
20230921,40,81.00,12357.3,10673.4,1
20230921,40,82.01,12357.3,10673.1,1
20230921,40,85.00,12357.3,10597.1,1
20230921,40,90.00,12357.3,10575.0,1
20230921,40,99.90,12357.3,10563.2,1
20230921,40,100.00,12357.3,10563.1,1
20230921,40,100.01,12367.1,10210.8,1
20230921,40,102.00,12367.1,10210.8,1
20230921,40,105.00,12367.1,10189.2,1
20230921,40,120.10,12367.1,10189.0,1
20230921,40,130.00,12367.1,10147.2,1
20230921,40,138.00,12367.1,10140.0,1
20230921,40,190.00,12367.1,10111.8,1
20230921,40,200.00,12367.1,10111.6,1
20230921,40,200.01,12367.1,9282.6,1
20230921,40,200.10,12367.1,8851.5,1
20230921,40,200.50,12367.1,8745.2,1
20230921,40,201.00,12367.1,8702.1,1
20230921,40,210.00,12367.1,8629.6,1
20230921,40,250.00,12367.1,8524.0,1
20230921,40,300.00,12367.1,8351.6,1
20230921,40,548.66,12367.1,7943.7,1
20230921,40,550.02,12367.1,7937.1,1
20230921,40,999.00,12367.1,7836.0,1
20230921,40,999.99,12367.1,0.0,1
20230921,40,0.00,0.0,26449.8,2
20230921,40,0.00,11226.4,26449.8,2
20230921,40,0.01,19666.7,26449.8,2
20230921,40,0.02,19782.0,26435.4,2
20230921,40,0.03,19787.0,26423.4,2
20230921,40,0.04,19790.7,26403.4,2
20230921,40,0.20,19790.7,26403.4,2
20230921,40,0.46,19873.9,26328.4,2
20230921,40,0.62,19873.9,26328.4,2
20230921,40,1.00,20217.5,26268.4,2
20230921,40,1.01,20217.5,26216.0,2
20230921,40,1.12,20217.5,26191.0,2
20230921,40,2.01,20217.5,26161.0,2
20230921,40,2.10,20217.5,26131.0,2
20230921,40,2.12,20217.5,26125.0,2
20230921,40,2.55,20226.5,26065.0,2
20230921,40,2.71,20230.5,26065.0,2
20230921,40,3.00,20236.4,26065.0,2
20230921,40,3.01,20236.4,26025.0,2
20230921,40,3.12,20236.4,25985.0,2
20230921,40,4.96,20240.4,25895.0,2
20230921,40,5.00,20355.1,25895.0,2
20230921,40,5.01,20355.1,25674.5,2
20230921,40,5.09,20364.2,25624.5,2
20230921,40,5.12,20364.2,25624.5,2
20230921,40,5.50,20364.3,25564.5,2
20230921,40,5.54,20364.3,25564.5,2
20230921,40,5.55,20364.9,25560.9,2
20230921,40,6.00,20376.1,25560.9,2
20230921,40,6.26,20376.1,25524.8,2
20230921,40,6.50,20379.3,25523.2,2
20230921,40,6.67,20379.3,25523.2,2
20230921,40,7.12,20379.3,25023.2,2
20230921,40,7.21,20383.3,24963.2,2
20230921,40,7.50,20403.3,24963.2,2
20230921,40,7.62,20412.5,24963.2,2
20230921,40,8.00,20412.5,24963.2,2
20230921,40,8.01,20412.5,24903.1,2
20230921,40,8.02,20416.5,24888.4,2
20230921,40,8.59,20416.5,24888.4,2
20230921,40,9.46,20421.4,24886.9,2
20230921,40,9.50,20421.4,24886.9,2
20230921,40,9.60,20421.4,24739.9,2
20230921,40,9.66,20421.4,24662.9,2
20230921,40,10.00,20461.3,24538.9,2
20230921,40,10.05,20481.3,24514.5,2
20230921,40,10.16,20490.4,24514.5,2
20230921,40,10.20,20490.4,24514.5,2
20230921,40,10.22,20490.4,24390.5,2
20230921,40,10.23,20490.4,24385.9,2
20230921,40,10.38,20490.4,24335.9,2
20230921,40,10.46,20490.4,24211.9,2
20230921,40,10.50,20520.4,24087.9,2
20230921,40,10.51,20520.4,24087.9,2
20230921,40,10.52,20528.1,23936.9,2
20230921,40,11.00,20528.1,23936.9,2
20230921,40,11.19,20528.1,23936.8,2
20230921,40,11.26,20528.1,23668.5,2
20230921,40,11.28,20528.1,23658.5,2
20230921,40,11.30,20528.5,23658.4,2
20230921,40,11.40,20528.5,23658.4,2
20230921,40,11.67,20528.5,23507.4,2
20230921,40,11.71,20533.5,23459.4,2
20230921,40,12.00,20536.9,23459.4,2
20230921,40,12.55,20536.9,23452.5,2
20230921,40,12.70,20545.9,23412.5,2
20230921,40,12.96,20546.5,23412.5,2
20230921,40,13.00,20546.5,23412.5,2
20230921,40,13.01,20549.0,23361.9,2
20230921,40,13.02,20549.0,23353.2,2
20230921,40,13.03,20549.0,23319.5,2
20230921,40,13.04,20549.0,23285.8,2
20230921,40,13.05,20549.0,23208.8,2
20230921,40,13.16,20567.4,23175.1,2
20230921,40,13.22,20574.5,23175.1,2
20230921,40,13.26,20574.5,23175.1,2
20230921,40,13.31,20576.9,23155.1,2
20230921,40,13.39,20702.4,23155.1,2
20230921,40,13.47,20703.0,23155.1,2
20230921,40,13.50,20703.0,23155.1,2
20230921,40,13.62,20705.5,23065.1,2
20230921,40,13.63,20705.5,23065.1,2
20230921,40,13.73,20706.1,23049.1,2
20230921,40,13.93,20708.5,23049.1,2
20230921,40,13.96,20713.5,23049.1,2
20230921,40,13.99,20714.1,23049.1,2
20230921,40,14.00,20714.1,23049.1,2
20230921,40,14.05,20714.1,23009.9,2
20230921,40,14.18,20714.1,23005.6,2
20230921,40,14.24,20716.4,22966.2,2
20230921,40,14.27,20716.4,22965.7,2
20230921,40,14.50,20746.4,22963.5,2
20230921,40,14.53,20746.4,22963.5,2
20230921,40,14.55,20746.4,22863.5,2
20230921,40,14.70,20748.4,22818.5,2
20230921,40,14.75,20748.4,22818.5,2
20230921,40,14.80,20748.4,22817.9,2
20230921,40,14.83,20748.4,22815.7,2
20230921,40,15.00,20748.4,22815.6,2
20230921,40,15.01,20748.4,22754.6,2
20230921,40,15.02,20750.3,22748.9,2
20230921,40,15.10,20750.3,22748.9,2
20230921,40,15.20,20750.3,22748.8,2
20230921,40,15.26,20750.3,22748.7,2
20230921,40,15.32,20750.3,22748.2,2
20230921,40,15.50,20755.3,22746.0,2
20230921,40,15.64,20760.1,22746.0,2
20230921,40,15.77,20760.1,22746.0,2
20230921,40,15.85,20760.1,22744.8,2
20230921,40,15.90,20760.1,22740.4,2
20230921,40,16.00,20760.1,22650.4,2
20230921,40,16.36,20785.1,22624.2,2
20230921,40,16.40,20785.1,22624.2,2
20230921,40,16.46,20785.1,22624.1,2
20230921,40,16.53,20785.1,22574.1,2
20230921,40,16.70,20785.1,22524.1,2
20230921,40,16.92,20785.1,22524.0,2
20230921,40,17.00,20785.1,22523.7,2
20230921,40,17.18,20785.1,22503.7,2
20230921,40,17.30,20785.1,22487.5,2
20230921,40,17.37,20785.1,22487.4,2
20230921,40,17.40,20785.1,22478.4,2
20230921,40,17.50,20785.1,22468.9,2
20230921,40,17.52,20785.1,22468.8,2
20230921,40,17.57,20785.1,22438.8,2
20230921,40,17.62,20785.1,22388.8,2
20230921,40,17.67,20785.1,22266.8,2
20230921,40,17.82,20785.1,22236.8,2
20230921,40,17.84,20785.1,22218.9,2
20230921,40,17.85,20805.0,22188.9,2
20230921,40,17.87,20805.0,22188.9,2
20230921,40,17.91,20805.0,22066.9,2
20230921,40,17.94,20805.0,22066.7,2
20230921,40,17.95,20867.9,22056.7,2
20230921,40,18.00,20897.9,22056.7,2
20230921,40,18.12,20897.9,22056.7,2
20230921,40,18.15,20927.9,22027.7,2
20230921,40,18.21,20938.9,22027.7,2
20230921,40,18.30,20938.9,21905.7,2
20230921,40,18.35,20938.9,21905.6,2
20230921,40,18.46,20938.9,21855.3,2
20230921,40,18.55,20958.9,21854.7,2
20230921,40,18.60,20958.9,21854.7,2
20230921,40,18.63,20958.9,21854.6,2
20230921,40,18.69,20958.9,21839.4,2
20230921,40,18.74,20958.9,21838.7,2
20230921,40,18.78,20958.9,21824.4,2
20230921,40,18.92,20958.9,21774.4,2
20230921,40,19.00,20958.9,21774.0,2
20230921,40,19.12,20958.9,21773.9,2
20230921,40,19.60,20958.9,21633.9,2
20230921,40,19.66,20958.9,21632.8,2
20230921,40,19.81,20958.9,21632.7,2
20230921,40,19.82,20958.9,21497.6,2
20230921,40,19.90,20958.9,21493.1,2
20230921,40,20.00,20958.9,21493.0,2
20230921,40,20.01,20958.9,21480.4,2
20230921,40,20.21,20958.9,21478.7,2
20230921,40,20.39,20958.9,20865.7,2
20230921,40,20.40,20958.9,20828.1,2
20230921,40,20.41,20958.9,20778.1,2
20230921,40,20.42,20958.9,20728.1,2
20230921,40,20.43,20958.9,20678.1,2
20230921,40,20.44,20958.9,20628.1,2
20230921,40,20.45,20958.9,20578.1,2
20230921,40,20.46,20958.9,20528.1,2
20230921,40,20.47,20958.9,20478.1,2
20230921,40,20.48,20958.9,20428.1,2
20230921,40,20.49,20958.9,20378.1,2
20230921,40,20.50,20958.9,20327.8,2
20230921,40,20.51,20958.9,20277.8,2
20230921,40,20.55,21018.6,20227.8,2
20230921,40,20.71,21018.6,20227.8,2
20230921,40,21.00,21018.6,20222.5,2
20230921,40,21.10,21018.6,20218.9,2
20230921,40,21.13,21018.6,20096.9,2
20230921,40,21.23,21018.6,20046.9,2
20230921,40,21.35,21018.6,19964.0,2
20230921,40,21.40,21018.6,19962.1,2
20230921,40,21.50,21038.6,19961.0,2
20230921,40,21.71,21038.6,19912.1,2
20230921,40,22.00,21038.6,19907.6,2
20230921,40,22.07,21038.6,19862.0,2
20230921,40,22.28,21088.6,19861.8,2
20230921,40,22.80,21537.7,19861.8,2
20230921,40,22.96,21537.7,19861.8,2
20230921,40,23.00,21550.7,19859.8,2
20230921,40,23.35,21550.7,19859.8,2
20230921,40,23.64,21550.7,19856.9,2
20230921,40,23.69,21550.7,19748.7,2
20230921,40,24.66,21550.7,19742.4,2
20230921,40,25.00,21550.7,19741.8,2
20230921,40,25.21,21550.7,19740.7,2
20230921,40,25.84,21550.7,19738.7,2
20230921,40,25.85,21550.7,19688.7,2
20230921,40,25.99,21550.7,19638.7,2
20230921,40,26.44,21550.7,19637.5,2
20230921,40,26.71,21550.7,19633.1,2
20230921,40,27.00,21550.7,19592.0,2
20230921,40,27.01,21550.7,19541.4,2
20230921,40,27.10,21550.7,19536.4,2
20230921,40,27.46,21550.7,19536.1,2
20230921,40,28.00,21550.7,19534.1,2
20230921,40,29.71,21550.7,19530.3,2
20230921,40,30.00,21550.7,19528.7,2
20230921,40,30.01,21550.7,19505.6,2
20230921,40,30.56,21550.7,19486.7,2
20230921,40,31.96,21550.7,19485.7,2
20230921,40,32.00,21550.7,19484.7,2
20230921,40,32.38,21550.7,19348.9,2
20230921,40,33.06,21550.7,19347.7,2
20230921,40,34.21,21550.7,19343.3,2
20230921,40,35.00,21550.7,19343.1,2
20230921,40,35.46,21550.7,19318.9,2
20230921,40,36.00,21550.7,19316.1,2
20230921,40,36.64,21550.7,19266.8,2
20230921,40,37.47,21550.7,19265.6,2
20230921,40,38.42,21550.7,19261.1,2
20230921,40,38.77,21550.7,19260.0,2
20230921,40,39.31,21550.7,19240.4,2
20230921,40,39.68,21550.7,19236.0,2
20230921,40,39.98,21610.7,19198.7,2
20230921,40,40.00,21610.7,19198.7,2
20230921,40,41.00,21610.7,19170.9,2
20230921,40,45.00,21610.7,19170.5,2
20230921,40,45.01,21610.7,19112.6,2
20230921,40,45.12,21610.7,19051.0,2
20230921,40,46.00,21610.7,19047.1,2
20230921,40,48.29,21610.7,19022.1,2
20230921,40,50.00,21611.7,19002.3,2
20230921,40,50.01,21612.3,18918.9,2
20230921,40,51.00,21612.3,18918.9,2
20230921,40,57.50,21612.3,18918.8,2
20230921,40,60.00,21612.3,18918.7,2
20230921,40,60.12,21612.3,18881.0,2
20230921,40,61.00,21612.3,18872.2,2
20230921,40,61.50,21612.3,18854.6,2
20230921,40,62.00,21612.3,18854.3,2
20230921,40,65.00,21616.3,18832.5,2
20230921,40,67.94,21616.3,18831.6,2
20230921,40,70.90,21616.3,18804.8,2
20230921,40,77.80,21616.3,16456.8,2
20230921,40,79.90,21616.3,16414.2,2
20230921,40,79.98,21636.3,16410.0,2
20230921,40,80.00,21636.3,16410.0,2
20230921,40,80.01,21636.3,16237.7,2
20230921,40,80.05,21636.3,16187.0,2
20230921,40,80.10,21636.3,16184.3,2
20230921,40,80.20,21636.3,16169.6,2
20230921,40,80.21,21646.3,16161.6,2
20230921,40,81.00,21646.3,16161.6,2
20230921,40,82.01,21646.3,15905.1,2
20230921,40,85.00,21646.3,15846.1,2
20230921,40,90.00,21646.3,15839.1,2
20230921,40,99.90,21646.3,15820.9,2
20230921,40,100.00,21646.3,15820.4,2
20230921,40,100.01,21646.7,14015.9,2
20230921,40,101.00,21646.7,14015.9,2
20230921,40,102.00,21646.7,13890.4,2
20230921,40,120.10,21646.7,13825.8,2
20230921,40,138.00,21646.7,13818.6,2
20230921,40,190.00,21646.7,13707.4,2
20230921,40,200.00,21646.7,13705.6,2
20230921,40,200.01,21646.7,12424.7,2
20230921,40,200.10,21646.7,11523.0,2
20230921,40,200.50,21646.7,11485.1,2
20230921,40,201.00,21646.7,11479.1,2
20230921,40,210.00,21646.7,11443.7,2
20230921,40,250.00,21646.7,11265.8,2
20230921,40,300.00,21646.7,11237.2,2
20230921,40,548.66,21646.7,11120.2,2
20230921,40,550.02,21646.7,10618.4,2
20230921,40,999.00,21646.7,10514.3,2
20230921,40,999.99,21646.7,0.0,2
20230921,41,0.00,0.0,45750.5,0
20230921,41,0.00,11561.7,45750.5,0
20230921,41,0.01,29674.1,45750.5,0
20230921,41,0.02,29807.5,45747.1,0
20230921,41,0.03,29807.5,45734.7,0
20230921,41,0.04,29814.2,45700.3,0
20230921,41,0.10,29814.2,45700.3,0
20230921,41,0.20,29814.2,45580.2,0
20230921,41,0.30,29814.2,45480.2,0
20230921,41,0.62,29814.2,45476.2,0
20230921,41,0.70,29815.2,45396.2,0
20230921,41,0.80,29816.2,45396.2,0
20230921,41,0.90,29817.2,45396.2,0
20230921,41,1.00,30498.2,45396.2,0
20230921,41,1.01,30498.2,45208.7,0
20230921,41,1.12,30498.2,45163.7,0
20230921,41,1.30,30500.0,45123.7,0
20230921,41,2.01,30500.0,45123.7,0
20230921,41,2.10,30500.0,45083.7,0
20230921,41,2.12,30500.0,45077.7,0
20230921,41,2.15,30613.1,44997.7,0
20230921,41,2.19,30730.9,44997.7,0
20230921,41,2.20,30730.9,44997.7,0
20230921,41,2.21,30731.5,44995.5,0
20230921,41,2.59,30740.5,44995.5,0
20230921,41,2.69,30743.0,44995.5,0
20230921,41,3.00,30744.9,44995.5,0
20230921,41,3.01,30744.9,44935.5,0
20230921,41,3.12,30744.9,44885.5,0
20230921,41,3.88,30746.8,44765.5,0
20230921,41,4.18,30747.9,44765.5,0
20230921,41,4.44,30754.9,44765.5,0
20230921,41,4.65,30764.8,44765.5,0
20230921,41,5.00,30933.3,44765.5,0
20230921,41,5.01,30933.3,44419.6,0
20230921,41,5.12,30933.3,44339.6,0
20230921,41,5.17,30942.4,44259.6,0
20230921,41,5.36,30945.0,44259.6,0
20230921,41,5.50,30945.1,44259.6,0
20230921,41,6.00,30956.9,44259.6,0
20230921,41,6.21,30957.3,44199.4,0
20230921,41,6.26,30957.3,44199.4,0
20230921,41,6.46,30959.1,44191.8,0
20230921,41,6.50,30967.9,44191.8,0
20230921,41,6.67,30967.9,44191.8,0
20230921,41,6.69,30974.9,43691.8,0
20230921,41,6.94,30982.6,43691.8,0
20230921,41,7.00,30982.6,43691.8,0
20230921,41,7.01,30987.9,43685.7,0
20230921,41,7.10,30988.5,43496.4,0
20230921,41,7.12,30988.5,43496.4,0
20230921,41,7.50,31008.5,43416.4,0
20230921,41,7.70,31010.6,43416.4,0
20230921,41,7.74,31018.5,43416.4,0
20230921,41,7.90,31018.5,43416.4,0
20230921,41,8.00,31047.2,43408.5,0
20230921,41,8.01,31047.2,43348.4,0
20230921,41,8.02,31068.7,43345.1,0
20230921,41,8.04,31071.2,43345.1,0
20230921,41,8.39,31071.8,43345.1,0
20230921,41,8.50,31071.8,43345.1,0
20230921,41,8.59,31071.8,43335.1,0
20230921,41,8.94,31079.8,43333.7,0
20230921,41,9.00,31079.8,43333.7,0
20230921,41,9.03,31080.4,43333.6,0
20230921,41,9.36,31080.4,43333.6,0
20230921,41,9.47,31088.2,43186.6,0
20230921,41,9.50,31088.2,43186.6,0
20230921,41,9.60,31088.2,43039.6,0
20230921,41,9.66,31088.2,42965.6,0
20230921,41,9.68,31088.8,42841.6,0
20230921,41,9.79,31088.8,42841.6,0
20230921,41,9.80,31088.8,42835.8,0
20230921,41,9.81,31088.8,42785.8,0
20230921,41,9.82,31088.8,42735.8,0
20230921,41,10.00,31150.6,42685.8,0
20230921,41,10.05,31170.6,42383.5,0
20230921,41,10.17,31170.6,42383.5,0
20230921,41,10.20,31170.6,42353.5,0
20230921,41,10.21,31170.6,42229.5,0
20230921,41,10.22,31170.6,41954.4,0
20230921,41,10.23,31170.6,41670.5,0
20230921,41,10.32,31177.9,41620.5,0
20230921,41,10.38,31177.9,41620.5,0
20230921,41,10.46,31177.9,41496.5,0
20230921,41,10.50,31238.9,41372.5,0
20230921,41,10.51,31238.9,41372.5,0
20230921,41,10.71,31241.5,41221.5,0
20230921,41,10.89,31241.5,41221.5,0
20230921,41,11.00,31241.5,41039.1,0
20230921,41,11.18,31242.9,41039.0,0
20230921,41,11.19,31250.9,41039.0,0
20230921,41,11.28,31250.9,40769.8,0
20230921,41,11.30,31251.6,40769.7,0
20230921,41,11.40,31251.6,40769.7,0
20230921,41,11.61,31251.6,40618.7,0
20230921,41,11.67,31251.6,40453.7,0
20230921,41,11.78,31251.6,40331.7,0
20230921,41,11.86,31251.6,40131.7,0
20230921,41,11.92,31251.6,39931.7,0
20230921,41,11.95,31251.6,39731.7,0
20230921,41,11.98,31251.6,39730.7,0
20230921,41,12.00,31254.2,39704.7,0
20230921,41,12.08,31254.2,39499.7,0
20230921,41,12.17,31254.2,39299.7,0
20230921,41,12.23,31260.6,39099.7,0
20230921,41,12.27,31260.6,39099.7,0
20230921,41,12.38,31260.6,38899.7,0
20230921,41,12.40,31260.6,38856.6,0
20230921,41,12.48,31260.6,38656.6,0
20230921,41,12.50,31260.6,38646.6,0
20230921,41,12.63,31260.6,38636.6,0
20230921,41,12.64,31278.7,38436.6,0
20230921,41,12.66,31278.7,38436.6,0
20230921,41,12.90,31285.9,38331.6,0
20230921,41,13.00,31285.9,38331.6,0
20230921,41,13.01,31285.9,38251.2,0
20230921,41,13.02,31289.0,38241.0,0
20230921,41,13.03,31289.0,38207.3,0
20230921,41,13.04,31289.0,38173.6,0
20230921,41,13.05,31289.0,38139.9,0
20230921,41,13.13,31291.5,38106.2,0
20230921,41,13.23,31291.5,38106.2,0
20230921,41,13.26,31291.5,38066.2,0
20230921,41,13.27,31291.5,38062.1,0
20230921,41,13.36,31293.9,38023.1,0
20230921,41,13.39,31421.9,38023.1,0
20230921,41,13.44,31429.9,38023.1,0
20230921,41,13.50,31439.9,38023.1,0
20230921,41,13.52,31439.9,37932.3,0
20230921,41,13.59,31442.4,37922.3,0
20230921,41,13.61,31442.4,37922.3,0
20230921,41,13.62,31443.3,37716.3,0
20230921,41,13.63,31443.3,37716.3,0
20230921,41,13.79,31443.3,37608.0,0
20230921,41,13.81,31445.7,37396.0,0
20230921,41,13.85,31446.5,37396.0,0
20230921,41,13.95,31446.5,37396.0,0
20230921,41,13.99,31446.5,37384.4,0
20230921,41,14.00,31446.5,37369.6,0
20230921,41,14.04,31448.8,37304.0,0
20230921,41,14.08,31449.7,37303.5,0
20230921,41,14.10,31449.7,37303.5,0
20230921,41,14.11,31449.7,37303.0,0
20230921,41,14.15,31449.7,37046.0,0
20230921,41,14.21,31449.7,37043.8,0
20230921,41,14.30,31449.7,37043.3,0
20230921,41,14.31,31450.5,37042.9,0
20230921,41,14.33,31450.5,37042.9,0
20230921,41,14.42,31450.5,37032.9,0
20230921,41,14.50,31518.5,37032.3,0
20230921,41,14.53,31518.5,37030.4,0
20230921,41,14.54,31519.3,36930.4,0
20230921,41,14.63,31524.2,36918.8,0
20230921,41,14.70,31527.2,36918.8,0
20230921,41,14.81,31527.2,36918.8,0
20230921,41,14.83,31527.2,36918.3,0
20230921,41,14.92,31527.2,36918.2,0
20230921,41,14.99,31527.2,36906.5,0
20230921,41,15.00,31742.2,36906.4,0
20230921,41,15.01,31742.2,36768.2,0
20230921,41,15.10,31742.2,36766.6,0
20230921,41,15.16,31742.2,36766.5,0
20230921,41,15.17,31838.2,36741.5,0
20230921,41,15.19,31838.2,36741.5,0
20230921,41,15.20,31838.2,36740.3,0
20230921,41,15.22,31838.2,36740.2,0
20230921,41,15.23,31838.2,36737.5,0
20230921,41,15.28,31838.2,36722.5,0
20230921,41,15.30,31838.2,36425.5,0
20230921,41,15.32,31838.2,36411.7,0
20230921,41,15.33,31838.2,36250.7,0
20230921,41,15.45,31838.2,36249.9,0
20230921,41,15.50,31843.2,36211.9,0
20230921,41,15.51,31847.4,36210.3,0
20230921,41,15.57,31847.4,35694.0,0
20230921,41,15.58,31847.4,35652.0,0
20230921,41,15.65,31847.4,35651.2,0
20230921,41,15.68,31847.4,35643.7,0
20230921,41,15.73,31847.4,35624.8,0
20230921,41,15.74,31848.2,35617.8,0
20230921,41,15.75,31848.2,35617.8,0
20230921,41,15.80,31848.2,35617.5,0
20230921,41,15.81,31848.2,35617.2,0
20230921,41,15.90,31860.2,35617.1,0
20230921,41,15.91,31860.2,35587.1,0
20230921,41,15.98,31860.2,35586.9,0
20230921,41,16.00,31861.2,35586.7,0
20230921,41,16.05,31861.2,35559.5,0
20230921,41,16.10,31862.2,35552.2,0
20230921,41,16.12,31990.2,35552.2,0
20230921,41,16.20,31991.2,35552.2,0
20230921,41,16.27,32055.2,35552.2,0
20230921,41,16.30,32056.2,35552.2,0
20230921,41,16.33,32056.2,35552.2,0
20230921,41,16.37,32120.2,35542.2,0
20230921,41,16.40,32120.2,35542.2,0
20230921,41,16.46,32120.2,35541.9,0
20230921,41,16.53,32120.2,35491.9,0
20230921,41,16.57,32184.2,35441.9,0
20230921,41,16.66,32248.2,35441.9,0
20230921,41,16.70,32248.2,35441.9,0
20230921,41,16.75,32312.2,35441.7,0
20230921,41,16.94,32376.2,35441.7,0
20230921,41,16.99,32376.2,35441.7,0
20230921,41,17.00,32396.2,35441.6,0
20230921,41,17.03,32460.2,35401.4,0
20230921,41,17.05,32460.2,35401.4,0
20230921,41,17.16,32520.8,35401.1,0
20230921,41,17.18,32520.8,35401.1,0
20230921,41,17.25,32520.8,35384.9,0
20230921,41,17.30,32520.8,35384.1,0
20230921,41,17.33,32520.8,35384.0,0
20230921,41,17.35,32520.8,35332.0,0
20230921,41,17.40,32520.8,35326.0,0
20230921,41,17.45,32520.8,35316.5,0
20230921,41,17.50,32520.8,35316.3,0
20230921,41,17.51,32520.8,35316.2,0
20230921,41,17.57,32520.8,35286.2,0
20230921,41,17.58,32545.8,35246.2,0
20230921,41,17.62,32545.8,35246.2,0
20230921,41,17.65,32651.8,35124.2,0
20230921,41,17.66,32651.8,35124.2,0
20230921,41,17.76,32651.8,35094.2,0
20230921,41,17.82,32651.8,35094.0,0
20230921,41,17.87,32651.8,35064.0,0
20230921,41,17.94,32651.8,34942.0,0
20230921,41,17.97,32651.8,34941.1,0
20230921,41,18.00,32651.8,34911.1,0
20230921,41,18.03,32651.8,34908.9,0
20230921,41,18.12,32651.8,34908.8,0
20230921,41,18.13,32651.8,34891.1,0
20230921,41,18.19,32651.8,34861.1,0
20230921,41,18.21,32651.8,34834.1,0
20230921,41,18.28,32651.8,34712.1,0
20230921,41,18.30,32651.8,34682.1,0
20230921,41,18.35,32651.8,34682.0,0
20230921,41,18.44,32681.8,34632.0,0
20230921,41,18.45,32681.8,34632.0,0
20230921,41,18.47,32681.8,34631.4,0
20230921,41,18.53,32701.7,32561.4,0
20230921,41,18.60,32731.7,32561.4,0
20230921,41,18.61,32731.7,32561.3,0
20230921,41,18.62,32731.7,32551.1,0
20230921,41,18.63,32796.2,32541.1,0
20230921,41,18.65,32796.2,32541.1,0
20230921,41,18.70,32796.2,32522.7,0
20230921,41,18.75,32826.2,32472.7,0
20230921,41,18.76,32826.2,32472.7,0
20230921,41,18.84,32826.2,32472.2,0
20230921,41,18.85,32859.9,32455.9,0
20230921,41,18.88,32859.9,32455.9,0
20230921,41,18.91,32889.9,32455.3,0
20230921,41,18.98,32889.9,32455.3,0
20230921,41,19.00,32889.9,32455.0,0
20230921,41,19.03,32912.9,32454.1,0
20230921,41,19.12,32912.9,32319.4,0
20230921,41,19.23,32932.9,32214.9,0
20230921,41,19.50,32932.9,32214.9,0
20230921,41,19.52,32932.9,32213.5,0
20230921,41,19.53,32942.8,32213.4,0
20230921,41,19.58,32942.8,32213.4,0
20230921,41,19.67,32942.8,32213.3,0
20230921,41,19.68,32942.8,32194.4,0
20230921,41,19.71,33151.8,32179.7,0
20230921,41,19.74,33151.8,32179.7,0
20230921,41,19.90,33151.8,32127.7,0
20230921,41,20.00,33151.8,32127.6,0
20230921,41,20.11,33158.3,32067.7,0
20230921,41,20.14,33158.3,32067.7,0
20230921,41,20.19,33158.3,32066.4,0
20230921,41,20.21,33158.3,32058.1,0
20230921,41,20.25,33158.3,32055.9,0
20230921,41,20.33,33158.3,32006.9,0
20230921,41,20.43,33158.3,31925.3,0
20230921,41,20.51,33158.6,31923.5,0
20230921,41,20.62,33193.9,31923.5,0
20230921,41,20.86,33193.9,31923.5,0
20230921,41,21.00,33193.9,31919.0,0
20230921,41,21.10,33193.9,31917.1,0
20230921,41,21.12,33193.9,31795.1,0
20230921,41,21.13,33193.9,31575.1,0
20230921,41,21.23,33253.6,31525.1,0
20230921,41,21.40,33253.6,31525.1,0
20230921,41,21.50,33253.6,31524.0,0
20230921,41,21.51,33253.6,31475.1,0
20230921,41,21.52,33263.4,31475.0,0
20230921,41,22.00,33263.4,31475.0,0
20230921,41,22.28,33313.4,31318.8,0
20230921,41,22.33,33323.4,31318.8,0
20230921,41,22.44,33323.4,31318.8,0
20230921,41,22.80,33772.5,31314.5,0
20230921,41,23.00,33785.5,31314.5,0
20230921,41,23.03,33785.5,31314.3,0
20230921,41,23.45,33785.5,31314.2,0
20230921,41,23.50,33785.5,31308.1,0
20230921,41,23.61,33785.5,31306.2,0
20230921,41,23.64,33785.5,31303.3,0
20230921,41,24.31,33785.5,29453.3,0
20230921,41,24.34,33785.6,29452.7,0
20230921,41,24.58,33785.6,29452.7,0
20230921,41,24.69,33785.6,29451.7,0
20230921,41,24.72,33785.6,29447.7,0
20230921,41,25.00,33785.6,29447.2,0
20230921,41,25.03,33785.6,29445.5,0
20230921,41,25.14,33785.6,29444.8,0
20230921,41,25.49,33785.6,29433.0,0
20230921,41,25.66,33785.6,29428.6,0
20230921,41,25.86,33785.6,29156.9,0
20230921,41,26.33,33785.6,29115.9,0
20230921,41,26.38,33785.6,29101.8,0
20230921,41,26.94,33785.6,29089.2,0
20230921,41,27.00,33785.6,29085.3,0
20230921,41,27.01,33785.6,29020.9,0
20230921,41,27.10,33785.6,29013.2,0
20230921,41,28.00,33785.6,29013.0,0
20230921,41,29.19,33785.6,29009.6,0
20230921,41,29.97,33785.6,29007.2,0
20230921,41,30.00,33785.6,29004.7,0
20230921,41,30.01,33785.6,28939.0,0
20230921,41,30.32,33785.6,28923.5,0
20230921,41,30.56,33785.6,28920.7,0
20230921,41,30.67,33785.6,28919.7,0
20230921,41,31.18,33785.6,28919.1,0
20230921,41,31.44,33785.6,28918.5,0
20230921,41,31.86,33785.6,28916.5,0
20230921,41,32.00,33785.6,28912.1,0
20230921,41,32.70,33787.3,28683.9,0
20230921,41,33.03,33787.3,28683.9,0
20230921,41,33.33,33787.3,28683.4,0
20230921,41,33.69,33787.3,28649.4,0
20230921,41,34.00,33787.3,28648.3,0
20230921,41,34.65,33787.3,28621.5,0
20230921,41,35.00,33787.3,28621.0,0
20230921,41,35.28,33787.3,28562.6,0
20230921,41,35.94,33787.3,28561.9,0
20230921,41,36.00,33787.3,28560.9,0
20230921,41,36.10,33787.3,28515.8,0
20230921,41,36.30,33787.3,28511.3,0
20230921,41,36.63,33787.3,28510.8,0
20230921,41,36.99,33787.3,28504.3,0
20230921,41,37.34,33787.3,28503.7,0
20230921,41,37.87,33787.3,28492.1,0
20230921,41,37.90,33787.3,28487.7,0
20230921,41,38.19,33787.3,28454.4,0
20230921,41,38.22,33787.3,28453.4,0
20230921,41,39.98,33847.3,28421.9,0
20230921,41,40.00,33847.3,28421.9,0
20230921,41,40.01,33847.3,28336.9,0
20230921,41,40.44,33847.3,28336.8,0
20230921,41,41.00,33847.3,28335.8,0
20230921,41,42.69,33847.3,28335.5,0
20230921,41,44.72,33847.3,28330.7,0
20230921,41,45.00,33847.3,28329.9,0
20230921,41,45.01,33847.3,28218.0,0
20230921,41,45.12,33847.3,28092.0,0
20230921,41,46.00,33847.3,28088.3,0
20230921,41,47.00,33847.3,28063.3,0
20230921,41,47.95,33847.3,28022.2,0
20230921,41,50.00,33848.3,27989.6,0
20230921,41,50.01,33849.3,27892.1,0
20230921,41,50.90,33849.3,27892.1,0
20230921,41,54.50,33849.3,27889.1,0
20230921,41,58.50,33849.3,27889.0,0
20230921,41,60.00,33849.3,27888.7,0
20230921,41,60.12,33849.3,27805.5,0
20230921,41,61.00,33849.3,27796.9,0
20230921,41,62.00,33849.3,27780.4,0
20230921,41,65.00,33855.8,27732.7,0
20230921,41,67.94,33855.8,27732.6,0
20230921,41,77.24,33855.8,27693.1,0
20230921,41,77.80,33855.8,27680.2,0
20230921,41,79.90,33855.8,27631.0,0
20230921,41,79.98,33875.8,27626.2,0
20230921,41,80.00,33875.8,27626.2,0
20230921,41,80.01,33875.8,27149.5,0
20230921,41,80.05,33875.8,26729.8,0
20230921,41,80.10,33875.8,26723.6,0
20230921,41,80.12,33875.8,26706.4,0
20230921,41,80.20,33875.8,26660.3,0
20230921,41,80.21,33895.8,26652.3,0
20230921,41,80.50,33895.8,26652.3,0
20230921,41,81.00,33895.8,26652.2,0
20230921,41,82.01,33895.8,26557.9,0
20230921,41,84.98,33895.8,26419.1,0
20230921,41,85.00,33895.8,26294.9,0
20230921,41,90.00,33895.8,26269.0,0
20230921,41,99.90,33895.8,26233.8,0
20230921,41,100.00,33895.8,26233.1,0
20230921,41,100.01,33907.9,24166.3,0
20230921,41,101.00,33907.9,24166.3,0
20230921,41,102.00,33907.9,24020.4,0
20230921,41,105.00,33907.9,23944.9,0
20230921,41,120.10,33907.9,23944.7,0
20230921,41,130.00,33907.9,23898.2,0
20230921,41,138.00,33907.9,23891.0,0
20230921,41,150.00,33907.9,23773.1,0
20230921,41,190.00,33907.9,23770.5,0
20230921,41,200.00,33907.9,23768.7,0
20230921,41,200.01,33907.9,21889.7,0
20230921,41,200.10,33907.9,20383.0,0
20230921,41,200.50,33907.9,20237.6,0
20230921,41,201.00,33907.9,20232.3,0
20230921,41,210.00,33907.9,20134.3,0
20230921,41,250.00,33907.9,19835.3,0
20230921,41,300.00,33907.9,19647.6,0
20230921,41,500.00,33907.9,19122.3,0
20230921,41,548.66,33907.9,19120.3,0
20230921,41,550.02,33907.9,18717.9,0
20230921,41,999.00,33907.9,18512.7,0
20230921,41,999.99,33907.9,0.0,0
20230921,42,0.00,0.0,43356.2,0
20230921,42,0.00,11568.3,43356.2,0
20230921,42,0.01,29707.5,43356.2,0
20230921,42,0.02,29843.8,43352.9,0
20230921,42,0.03,29843.8,43340.5,0
20230921,42,0.04,29851.2,43306.7,0
20230921,42,0.10,29851.2,43306.7,0
20230921,42,0.20,29851.2,43186.6,0
20230921,42,0.30,29851.2,43086.6,0
20230921,42,0.62,29851.2,43082.6,0
20230921,42,0.70,29852.2,43002.6,0
20230921,42,0.80,29853.2,43002.6,0
20230921,42,0.90,29854.2,43002.6,0
20230921,42,1.00,30529.8,43002.6,0
20230921,42,1.01,30529.8,42816.3,0
20230921,42,1.12,30529.8,42771.3,0
20230921,42,1.21,30531.6,42731.3,0
20230921,42,1.63,30650.9,42731.3,0
20230921,42,2.01,30650.9,42731.3,0
20230921,42,2.10,30650.9,42691.3,0
20230921,42,2.12,30650.9,42685.3,0
20230921,42,2.15,30764.0,42605.3,0
20230921,42,2.41,30773.0,42605.3,0
20230921,42,2.54,30775.5,42605.3,0
20230921,42,3.00,30777.7,42605.3,0
20230921,42,3.01,30777.7,42545.3,0
20230921,42,3.12,30777.7,42495.3,0
20230921,42,3.61,30779.6,42375.3,0
20230921,42,3.88,30786.6,42375.3,0
20230921,42,4.23,30786.6,42375.3,0
20230921,42,4.24,30793.7,42367.5,0
20230921,42,4.65,30802.0,42367.5,0
20230921,42,4.81,30811.1,42367.5,0
20230921,42,5.00,30989.5,42367.5,0
20230921,42,5.01,30989.5,42024.2,0
20230921,42,5.07,30992.1,41944.2,0
20230921,42,5.12,30992.1,41944.2,0
20230921,42,5.50,30992.2,41864.2,0
20230921,42,6.00,31007.1,41864.2,0
20230921,42,6.01,31008.9,41804.7,0
20230921,42,6.13,31016.0,41804.7,0
20230921,42,6.26,31016.0,41804.7,0
20230921,42,6.50,31026.0,41797.1,0
20230921,42,6.60,31026.6,41797.1,0
20230921,42,6.67,31026.6,41797.1,0
20230921,42,6.94,31035.2,41297.1,0
20230921,42,7.00,31035.4,41297.1,0
20230921,42,7.01,31035.4,41297.0,0
20230921,42,7.12,31035.4,41120.1,0
20230921,42,7.20,31043.3,41040.1,0
20230921,42,7.50,31069.2,41040.1,0
20230921,42,7.60,31071.7,41040.1,0
20230921,42,7.70,31074.0,41040.1,0
20230921,42,7.80,31074.6,41040.1,0
20230921,42,7.90,31074.6,41040.1,0
20230921,42,7.94,31074.6,41032.4,0
20230921,42,8.00,31103.5,40916.4,0
20230921,42,8.01,31103.5,40856.3,0
20230921,42,8.02,31129.2,40853.2,0
20230921,42,8.38,31137.2,40853.2,0
20230921,42,8.40,31137.8,40853.2,0
20230921,42,8.50,31137.8,40853.2,0
20230921,42,8.59,31137.8,40843.2,0
20230921,42,9.00,31138.4,40841.9,0
20230921,42,9.23,31138.4,40841.8,0
20230921,42,9.36,31138.4,40694.8,0
20230921,42,9.41,31146.2,40547.8,0
20230921,42,9.50,31146.2,40547.8,0
20230921,42,9.60,31153.5,40400.8,0
20230921,42,9.66,31153.5,40329.8,0
20230921,42,9.79,31153.5,40182.8,0
20230921,42,9.80,31153.5,40177.5,0
20230921,42,9.81,31153.5,40127.5,0
20230921,42,9.82,31153.5,40077.5,0
20230921,42,10.00,31218.6,40027.5,0
20230921,42,10.05,31238.6,39725.3,0
20230921,42,10.13,31241.2,39725.3,0
20230921,42,10.17,31241.2,39725.3,0
20230921,42,10.20,31241.2,39695.3,0
20230921,42,10.21,31241.2,39571.3,0
20230921,42,10.22,31241.2,39296.3,0
20230921,42,10.23,31241.2,39012.4,0
20230921,42,10.38,31241.2,38962.4,0
20230921,42,10.46,31241.2,38838.4,0
20230921,42,10.50,31302.2,38714.4,0
20230921,42,10.51,31302.2,38714.4,0
20230921,42,10.63,31310.3,38590.4,0
20230921,42,10.89,31310.3,38590.4,0
20230921,42,11.00,31310.3,38408.0,0
20230921,42,11.18,31311.7,38407.8,0
20230921,42,11.19,31311.7,38407.8,0
20230921,42,11.28,31311.7,38240.0,0
20230921,42,11.30,31312.6,38239.9,0
20230921,42,11.40,31312.6,38239.9,0
20230921,42,11.50,31312.6,38088.9,0
20230921,42,11.51,31312.9,38038.4,0
20230921,42,11.53,31312.9,38038.4,0
20230921,42,11.61,31312.9,38028.4,0
20230921,42,11.67,31312.9,37863.4,0
20230921,42,11.70,31312.9,37712.4,0
20230921,42,11.77,31312.9,37702.4,0
20230921,42,11.85,31312.9,37502.4,0
20230921,42,11.90,31319.1,37302.4,0
20230921,42,11.91,31319.1,37302.4,0
20230921,42,11.95,31319.1,37102.4,0
20230921,42,11.96,31319.1,37101.4,0
20230921,42,11.98,31319.1,37028.6,0
20230921,42,11.99,31319.1,37003.6,0
20230921,42,12.00,31329.5,36803.6,0
20230921,42,12.08,31347.2,36798.9,0
20230921,42,12.15,31347.2,36598.9,0
20230921,42,12.23,31347.2,36398.9,0
20230921,42,12.24,31349.7,36388.9,0
20230921,42,12.25,31349.7,36388.9,0
20230921,42,12.38,31349.7,36188.9,0
20230921,42,12.48,31352.1,35988.9,0
20230921,42,12.50,31420.1,35978.9,0
20230921,42,12.61,31420.1,35968.9,0
20230921,42,12.66,31422.6,35768.9,0
20230921,42,12.71,31425.1,35663.9,0
20230921,42,12.73,31425.1,35663.9,0
20230921,42,12.88,31434.1,35608.5,0
20230921,42,12.90,31435.0,35608.5,0
20230921,42,12.95,31437.4,35608.5,0
20230921,42,13.00,31437.4,35608.5,0
20230921,42,13.01,31437.4,35578.2,0
20230921,42,13.02,31440.4,35568.1,0
20230921,42,13.03,31440.4,35534.4,0
20230921,42,13.04,31440.4,35500.7,0
20230921,42,13.05,31440.4,35463.0,0
20230921,42,13.11,31440.4,35429.3,0
20230921,42,13.13,31441.2,35414.8,0
20230921,42,13.19,31443.5,35414.8,0
20230921,42,13.23,31448.6,35414.3,0
20230921,42,13.35,31448.6,35414.3,0
20230921,42,13.37,31449.5,35027.3,0
20230921,42,13.38,31449.5,35027.3,0
20230921,42,13.39,31574.9,35025.1,0
20230921,42,13.50,31584.9,35025.1,0
20230921,42,13.53,31584.9,34842.7,0
20230921,42,13.57,31584.9,34832.7,0
20230921,42,13.58,31584.9,34620.7,0
20230921,42,13.61,31585.7,34620.1,0
20230921,42,13.63,31585.7,34620.1,0
20230921,42,13.70,31585.7,34605.1,0
20230921,42,13.83,31585.7,34585.1,0
20230921,42,13.84,31586.5,34582.9,0
20230921,42,13.87,31586.5,34573.5,0
20230921,42,13.95,31586.8,34373.5,0
20230921,42,13.96,31586.8,34362.5,0
20230921,42,13.98,31586.8,34332.5,0
20230921,42,14.00,31586.8,34332.0,0
20230921,42,14.01,31586.8,34284.2,0
20230921,42,14.10,31586.8,34183.2,0
20230921,42,14.14,31586.8,34182.7,0
20230921,42,14.21,31586.8,34026.7,0
20230921,42,14.23,31586.8,34026.2,0
20230921,42,14.24,31586.8,34011.2,0
20230921,42,14.29,31586.8,34001.7,0
20230921,42,14.30,31586.8,33999.5,0
20230921,42,14.37,31587.3,33999.1,0
20230921,42,14.38,31587.3,33999.1,0
20230921,42,14.48,31587.3,33997.9,0
20230921,42,14.50,31587.3,33987.9,0
20230921,42,14.53,31587.3,33987.0,0
20230921,42,14.63,31587.3,33887.0,0
20230921,42,14.70,31590.3,33877.6,0
20230921,42,14.75,31590.3,33877.6,0
20230921,42,14.80,31590.8,33873.2,0
20230921,42,14.83,31590.8,33873.1,0
20230921,42,14.87,31590.8,33873.0,0
20230921,42,14.92,31590.8,33872.7,0
20230921,42,14.94,31590.8,33550.7,0
20230921,42,14.99,31590.8,33528.7,0
20230921,42,15.00,31805.8,33528.6,0
20230921,42,15.01,31805.8,33431.0,0
20230921,42,15.02,31805.8,33429.5,0
20230921,42,15.10,31805.8,33410.6,0
20230921,42,15.16,31805.8,33410.5,0
20230921,42,15.17,31901.8,33403.1,0
20230921,42,15.20,31901.8,33403.1,0
20230921,42,15.22,31901.8,33403.0,0
20230921,42,15.43,31901.8,33391.2,0
20230921,42,15.45,31901.8,33391.0,0
20230921,42,15.50,31906.8,33353.0,0
20230921,42,15.51,31910.8,33057.4,0
20230921,42,15.58,31910.8,33049.8,0
20230921,42,15.73,31910.8,33049.1,0
20230921,42,15.74,31912.6,33043.1,0
20230921,42,15.80,31912.6,33043.1,0
20230921,42,15.81,31912.6,33042.8,0
20230921,42,15.90,31924.6,33042.7,0
20230921,42,15.91,31924.6,33022.7,0
20230921,42,15.98,31988.6,33022.5,0
20230921,42,16.00,31989.6,33022.5,0
20230921,42,16.05,31989.6,32995.0,0
20230921,42,16.10,31990.6,32986.8,0
20230921,42,16.12,32054.6,32986.8,0
20230921,42,16.20,32055.6,32986.8,0
20230921,42,16.27,32119.6,32986.8,0
20230921,42,16.30,32120.6,32986.8,0
20230921,42,16.37,32184.6,32986.8,0
20230921,42,16.46,32184.6,32986.8,0
20230921,42,16.47,32248.6,32936.8,0
20230921,42,16.48,32248.6,32936.8,0
20230921,42,16.53,32248.6,32916.8,0
20230921,42,16.57,32312.6,32866.8,0
20230921,42,16.62,32312.6,32866.8,0
20230921,42,16.70,32312.6,32856.9,0
20230921,42,16.75,32376.6,32856.7,0
20230921,42,16.80,32401.6,32856.7,0
20230921,42,16.85,32465.6,32856.5,0
20230921,42,16.99,32465.6,32856.5,0
20230921,42,17.00,32485.6,32856.4,0
20230921,42,17.03,32549.6,32836.2,0
20230921,42,17.08,32613.6,32836.2,0
20230921,42,17.16,32633.8,32836.2,0
20230921,42,17.18,32633.8,32836.2,0
20230921,42,17.25,32633.8,32820.0,0
20230921,42,17.30,32633.8,32819.2,0
20230921,42,17.33,32633.8,32819.1,0
20230921,42,17.35,32633.8,32767.1,0
20230921,42,17.36,32686.7,32757.1,0
20230921,42,17.38,32686.7,32757.1,0
20230921,42,17.40,32686.7,32756.2,0
20230921,42,17.45,32686.7,32746.7,0
20230921,42,17.46,32686.7,32746.5,0
20230921,42,17.50,32686.7,32720.5,0
20230921,42,17.53,32706.6,32720.4,0
20230921,42,17.57,32706.6,32720.4,0
20230921,42,17.61,32706.6,32680.4,0
20230921,42,17.62,32706.6,32650.4,0
20230921,42,17.63,32716.6,32528.4,0
20230921,42,17.65,32822.6,32528.4,0
20230921,42,17.67,32822.6,32528.4,0
20230921,42,17.68,32832.5,32528.3,0
20230921,42,17.76,32832.5,32528.3,0
20230921,42,17.87,32832.5,32498.3,0
20230921,42,17.88,32832.5,32376.3,0
20230921,42,17.92,32832.5,32375.7,0
20230921,42,17.94,32832.5,32345.2,0
20230921,42,17.96,32852.5,32344.9,0
20230921,42,18.00,32852.5,32344.3,0
20230921,42,18.03,32852.5,32342.1,0
20230921,42,18.08,32852.5,32342.0,0
20230921,42,18.13,32852.5,32312.0,0
20230921,42,18.18,32852.5,32311.7,0
20230921,42,18.19,32852.5,32178.6,0
20230921,42,18.21,32852.5,32153.6,0
20230921,42,18.23,32852.5,32031.6,0
20230921,42,18.30,32852.5,32001.6,0
20230921,42,18.35,32852.5,32001.5,0
20230921,42,18.38,32852.5,31951.5,0
20230921,42,18.45,32852.5,31921.5,0
20230921,42,18.47,32852.5,31917.0,0
20230921,42,18.50,32852.5,30485.0,0
20230921,42,18.51,32852.7,30483.8,0
20230921,42,18.54,32882.7,30483.8,0
20230921,42,18.60,32882.7,30483.8,0
20230921,42,18.63,32884.3,30483.7,0
20230921,42,18.65,32884.3,30483.7,0
20230921,42,18.70,32914.3,30465.5,0
20230921,42,18.79,32914.3,30415.5,0
20230921,42,18.84,32914.3,30415.4,0
20230921,42,18.85,32947.3,30398.4,0
20230921,42,18.86,32977.3,30398.4,0
20230921,42,19.00,32977.3,30379.5,0
20230921,42,19.01,33007.3,30376.9,0
20230921,42,19.03,33010.3,30376.9,0
20230921,42,19.08,33010.3,30376.9,0
20230921,42,19.12,33010.3,30375.7,0
20230921,42,19.52,33010.3,30275.7,0
20230921,42,19.53,33020.1,30225.6,0
20230921,42,19.59,33020.1,30225.6,0
20230921,42,19.61,33020.1,30211.7,0
20230921,42,19.63,33020.1,30210.4,0
20230921,42,19.71,33229.1,30202.3,0
20230921,42,19.80,33229.1,30202.3,0
20230921,42,19.90,33229.1,30200.7,0
20230921,42,19.92,33229.1,30200.6,0
20230921,42,19.96,33268.9,30196.1,0
20230921,42,20.00,33268.9,30196.1,0
20230921,42,20.03,33268.9,30139.1,0
20230921,42,20.07,33268.9,30087.1,0
20230921,42,20.11,33275.4,30007.6,0
20230921,42,20.21,33275.4,30007.6,0
20230921,42,20.23,33295.3,29930.6,0
20230921,42,20.48,33305.3,29930.6,0
20230921,42,20.62,33340.6,29930.6,0
20230921,42,21.00,33340.6,29930.6,0
20230921,42,21.12,33340.6,29928.7,0
20230921,42,21.13,33340.6,29588.7,0
20230921,42,21.40,33340.6,29538.7,0
20230921,42,21.50,33340.6,29537.6,0
20230921,42,21.88,33340.6,29487.7,0
20230921,42,22.00,33340.6,29483.5,0
20230921,42,22.28,33390.6,29350.6,0
20230921,42,22.49,33390.7,29350.6,0
20230921,42,22.80,33839.8,29350.6,0
20230921,42,22.88,33839.8,29350.6,0
20230921,42,23.00,33852.8,29344.4,0
20230921,42,23.03,33852.8,29344.2,0
20230921,42,23.13,33852.8,29344.1,0
20230921,42,23.79,33852.8,29341.2,0
20230921,42,23.82,33852.8,29340.2,0
20230921,42,23.94,33852.8,29339.7,0
20230921,42,24.13,33852.8,29339.0,0
20230921,42,24.29,33852.8,29067.5,0
20230921,42,24.56,33852.8,29043.5,0
20230921,42,24.61,33852.8,29043.2,0
20230921,42,24.71,33852.8,29026.8,0
20230921,42,24.92,33852.8,29014.9,0
20230921,42,25.00,33852.8,28974.0,0
20230921,42,25.26,33852.8,28972.3,0
20230921,42,26.38,33852.8,28967.6,0
20230921,42,27.00,33852.8,28963.7,0
20230921,42,27.01,33852.8,28901.6,0
20230921,42,28.00,33852.8,28893.0,0
20230921,42,28.62,33852.8,28890.0,0
20230921,42,28.63,33852.8,28887.3,0
20230921,42,29.72,33852.8,28885.0,0
20230921,42,29.92,33852.8,28884.4,0
20230921,42,29.97,33852.8,28883.8,0
20230921,42,30.00,33852.8,28883.6,0
20230921,42,30.01,33852.8,28821.1,0
20230921,42,30.56,33852.8,28808.9,0
20230921,42,30.78,33852.8,28807.9,0
20230921,42,30.88,33852.8,28803.5,0
20230921,42,32.00,33852.8,28801.6,0
20230921,42,32.70,33854.5,28584.8,0
20230921,42,33.03,33854.5,28584.8,0
20230921,42,33.13,33854.5,28584.3,0
20230921,42,33.33,33854.5,28583.3,0
20230921,42,33.65,33854.5,28550.3,0
20230921,42,33.90,33854.5,28549.8,0
20230921,42,34.00,33854.5,28549.1,0
20230921,42,34.89,33854.5,28523.6,0
20230921,42,35.00,33854.5,28519.1,0
20230921,42,35.29,33854.5,28464.3,0
20230921,42,35.38,33854.5,28463.8,0
20230921,42,35.56,33854.5,28462.8,0
20230921,42,35.62,33854.5,28462.2,0
20230921,42,35.89,33854.5,28456.2,0
20230921,42,36.00,33854.5,28445.5,0
20230921,42,36.60,33854.5,28403.3,0
20230921,42,36.94,33854.5,28398.9,0
20230921,42,37.63,33854.5,28374.0,0
20230921,42,37.90,33854.5,28373.0,0
20230921,42,39.88,33854.5,28340.1,0
20230921,42,39.98,33914.5,28339.1,0
20230921,42,40.00,33914.5,28339.1,0
20230921,42,40.01,33914.5,28257.4,0
20230921,42,42.13,33914.5,28257.3,0
20230921,42,44.72,33914.5,28252.9,0
20230921,42,45.00,33914.5,28252.4,0
20230921,42,45.01,33914.5,28151.4,0
20230921,42,45.12,33914.5,27917.0,0
20230921,42,46.00,33914.5,27913.6,0
20230921,42,47.00,33914.5,27888.6,0
20230921,42,47.83,33914.5,27850.5,0
20230921,42,47.94,33914.5,27833.0,0
20230921,42,50.00,33915.5,27819.4,0
20230921,42,50.01,33916.5,27726.8,0
20230921,42,50.90,33916.5,27726.8,0
20230921,42,54.50,33916.5,27723.9,0
20230921,42,58.50,33916.5,27723.8,0
20230921,42,60.00,33916.5,27723.5,0
20230921,42,60.12,33916.5,27643.8,0
20230921,42,61.00,33916.5,27636.1,0
20230921,42,62.00,33916.5,27620.5,0
20230921,42,65.00,33923.0,27574.2,0
20230921,42,67.94,33923.0,27574.2,0
20230921,42,77.24,33923.0,27535.8,0
20230921,42,77.80,33923.0,27352.4,0
20230921,42,79.90,33923.0,27308.7,0
20230921,42,79.98,33943.0,27304.6,0
20230921,42,80.00,33943.0,27304.6,0
20230921,42,80.01,33943.0,26665.0,0
20230921,42,80.05,33943.0,26279.6,0
20230921,42,80.10,33943.0,26278.2,0
20230921,42,80.12,33943.0,26261.8,0
20230921,42,80.20,33943.0,26217.2,0
20230921,42,80.21,33963.0,26209.2,0
20230921,42,80.50,33963.0,26209.2,0
20230921,42,81.00,33963.0,26209.1,0
20230921,42,82.01,33963.0,26102.4,0
20230921,42,85.00,33963.0,25967.6,0
20230921,42,90.00,33963.0,25944.8,0
20230921,42,99.90,33963.0,25910.7,0
20230921,42,100.00,33963.0,25910.1,0
20230921,42,100.01,33974.9,23889.7,0
20230921,42,101.00,33974.9,23889.7,0
20230921,42,102.00,33974.9,23743.8,0
20230921,42,105.00,33974.9,23679.2,0
20230921,42,120.10,33974.9,23679.0,0
20230921,42,130.00,33974.9,23635.5,0
20230921,42,138.00,33974.9,23628.5,0
20230921,42,150.00,33974.9,23519.3,0
20230921,42,190.00,33974.9,23516.5,0
20230921,42,200.00,33974.9,23514.9,0
20230921,42,200.01,33974.9,21571.3,0
20230921,42,200.10,33974.9,20129.8,0
20230921,42,200.50,33974.9,19984.2,0
20230921,42,201.00,33974.9,19978.9,0
20230921,42,210.00,33974.9,19883.5,0
20230921,42,250.00,33974.9,19583.7,0
20230921,42,300.00,33974.9,19397.0,0
20230921,42,500.00,33974.9,18871.4,0
20230921,42,548.66,33974.9,18869.4,0
20230921,42,550.02,33974.9,18501.0,0
20230921,42,999.00,33974.9,18295.8,0
20230921,42,999.99,33974.9,0.0,0
20230921,43,0.00,0.0,42443.0,0
20230921,43,0.00,11386.9,42443.0,0
20230921,43,0.01,29643.9,42443.0,0
20230921,43,0.02,29787.0,42440.0,0
20230921,43,0.03,29787.0,42427.6,0
20230921,43,0.04,29796.0,42394.7,0
20230921,43,0.10,29796.0,42394.7,0
20230921,43,0.20,29796.0,42274.6,0
20230921,43,0.30,29796.0,42174.6,0
20230921,43,0.38,29894.6,42170.6,0
20230921,43,0.60,29895.6,42170.6,0
20230921,43,0.62,29895.6,42170.6,0
20230921,43,0.70,29896.6,42090.6,0
20230921,43,0.80,29897.6,42090.6,0
20230921,43,0.90,29898.6,42090.6,0
20230921,43,1.00,30583.6,42090.6,0
20230921,43,1.01,30583.6,41961.8,0
20230921,43,1.12,30583.6,41916.8,0
20230921,43,1.96,30718.4,41876.8,0
20230921,43,2.01,30718.4,41876.8,0
20230921,43,2.10,30718.4,41836.8,0
20230921,43,2.12,30718.4,41830.8,0
20230921,43,2.15,30831.7,41750.8,0
20230921,43,2.19,30840.7,41750.8,0
20230921,43,2.38,30844.7,41750.8,0
20230921,43,2.52,30847.2,41750.8,0
20230921,43,3.00,30849.9,41750.8,0
20230921,43,3.01,30849.9,41690.8,0
20230921,43,3.12,30849.9,41640.8,0
20230921,43,3.96,30852.9,41520.8,0
20230921,43,4.36,30862.0,41520.8,0
20230921,43,4.38,30866.0,41520.8,0
20230921,43,4.65,30873.2,41520.8,0
20230921,43,5.00,31060.5,41520.8,0
20230921,43,5.01,31060.5,41182.0,0
20230921,43,5.02,31063.1,41102.0,0
20230921,43,5.12,31063.1,41102.0,0
20230921,43,5.50,31063.2,41022.0,0
20230921,43,5.96,31066.2,41022.0,0
20230921,43,6.00,31085.9,41022.0,0
20230921,43,6.16,31085.9,40963.4,0
20230921,43,6.17,31087.4,40961.4,0
20230921,43,6.26,31087.4,40961.4,0
20230921,43,6.38,31091.8,40953.8,0
20230921,43,6.50,31101.8,40953.8,0
20230921,43,6.54,31111.0,40953.8,0
20230921,43,6.56,31111.0,40953.8,0
20230921,43,6.57,31115.9,40949.1,0
20230921,43,6.67,31115.9,40949.1,0
20230921,43,6.94,31125.8,40449.1,0
20230921,43,7.00,31126.3,40449.1,0
20230921,43,7.01,31126.3,40449.0,0
20230921,43,7.12,31126.3,40287.9,0
20230921,43,7.50,31166.3,40207.9,0
20230921,43,7.53,31168.8,40207.9,0
20230921,43,7.61,31169.2,40207.9,0
20230921,43,7.70,31171.6,40207.9,0
20230921,43,7.90,31171.6,40207.9,0
20230921,43,7.94,31171.6,40200.0,0
20230921,43,7.96,31174.6,40084.0,0
20230921,43,8.00,31203.3,40084.0,0
20230921,43,8.01,31203.3,40023.9,0
20230921,43,8.02,31230.5,40020.9,0
20230921,43,8.38,31235.5,40020.9,0
20230921,43,8.50,31235.5,40020.9,0
20230921,43,8.59,31235.5,40010.9,0
20230921,43,8.71,31244.6,40009.7,0
20230921,43,9.00,31244.6,40009.7,0
20230921,43,9.23,31244.6,40009.6,0
20230921,43,9.36,31244.6,39862.6,0
20230921,43,9.50,31244.6,39715.6,0
20230921,43,9.60,31244.6,39568.6,0
20230921,43,9.66,31244.6,39500.6,0
20230921,43,9.79,31244.6,39353.6,0
20230921,43,9.80,31244.6,39348.2,0
20230921,43,9.81,31244.6,39298.2,0
20230921,43,9.82,31244.6,39248.2,0
20230921,43,9.96,31247.6,39198.2,0
20230921,43,10.00,31316.2,39198.2,0
20230921,43,10.03,31319.6,38896.1,0
20230921,43,10.05,31339.6,38896.1,0
20230921,43,10.17,31339.6,38896.1,0
20230921,43,10.20,31339.6,38866.1,0
20230921,43,10.21,31339.6,38742.1,0
20230921,43,10.22,31339.6,38467.1,0
20230921,43,10.23,31339.6,38181.2,0
20230921,43,10.38,31344.9,38131.2,0
20230921,43,10.46,31344.9,38007.2,0
20230921,43,10.50,31405.9,37883.2,0
20230921,43,10.51,31405.9,37793.2,0
20230921,43,10.89,31422.7,37669.2,0
20230921,43,11.00,31422.7,37669.2,0
20230921,43,11.04,31422.7,37669.0,0
20230921,43,11.09,31423.3,37659.0,0
20230921,43,11.10,31425.8,37659.0,0
20230921,43,11.18,31427.2,37659.0,0
20230921,43,11.19,31427.2,37659.0,0
20230921,43,11.28,31427.2,37489.9,0
20230921,43,11.29,31427.8,37489.8,0
20230921,43,11.30,31429.0,37489.8,0
20230921,43,11.31,31431.4,37489.8,0
20230921,43,11.39,31448.6,37489.8,0
20230921,43,11.40,31448.6,37489.8,0
20230921,43,11.50,31449.2,37338.8,0
20230921,43,11.52,31451.7,37288.8,0
20230921,43,11.61,31451.7,37288.8,0
20230921,43,11.67,31451.7,37123.8,0
20230921,43,11.70,31452.3,36972.8,0
20230921,43,11.72,31458.3,36972.8,0
20230921,43,11.73,31460.7,36972.8,0
20230921,43,11.77,31460.7,36930.5,0
20230921,43,11.85,31460.7,36730.5,0
20230921,43,11.90,31461.3,36530.5,0
20230921,43,11.91,31461.3,36530.5,0
20230921,43,11.95,31463.6,36330.5,0
20230921,43,11.96,31466.6,36329.1,0
20230921,43,11.98,31466.6,36329.1,0
20230921,43,12.00,31469.3,36304.1,0
20230921,43,12.01,31469.6,36098.8,0
20230921,43,12.08,31469.6,36098.8,0
20230921,43,12.12,31469.6,35898.8,0
20230921,43,12.14,31469.6,35868.8,0
20230921,43,12.15,31469.6,35858.8,0
20230921,43,12.25,31469.6,35658.8,0
20230921,43,12.27,31469.6,35458.8,0
20230921,43,12.30,31469.6,35448.8,0
20230921,43,12.38,31475.6,35448.2,0
20230921,43,12.39,31475.6,35248.2,0
20230921,43,12.50,31543.6,35180.2,0
20230921,43,12.54,31547.6,35170.2,0
20230921,43,12.55,31547.6,35170.2,0
20230921,43,12.61,31547.6,35166.4,0
20230921,43,12.64,31547.6,34966.4,0
20230921,43,12.65,31547.6,34766.4,0
20230921,43,12.66,31548.5,34765.9,0
20230921,43,12.78,31549.3,34344.8,0
20230921,43,12.83,31549.8,34344.8,0
20230921,43,12.87,31549.8,34344.8,0
20230921,43,12.90,31550.7,34328.2,0
20230921,43,12.97,31550.7,34328.2,0
20230921,43,13.00,31550.7,34314.2,0
20230921,43,13.01,31550.7,34283.0,0
20230921,43,13.02,31553.7,34272.9,0
20230921,43,13.03,31554.5,34239.2,0
20230921,43,13.04,31554.5,34205.5,0
20230921,43,13.05,31554.5,34151.8,0
20230921,43,13.11,31554.5,34118.1,0
20230921,43,13.12,31555.0,33676.1,0
20230921,43,13.14,31560.5,33676.1,0
20230921,43,13.15,31561.3,33676.1,0
20230921,43,13.23,31561.3,33666.7,0
20230921,43,13.35,31561.3,33608.7,0
20230921,43,13.39,31686.7,33599.2,0
20230921,43,13.42,31687.2,33599.2,0
20230921,43,13.50,31697.2,33599.2,0
20230921,43,13.55,31697.2,33599.2,0
20230921,43,13.68,31697.2,33589.8,0
20230921,43,13.71,31697.7,33589.5,0
20230921,43,13.76,31697.7,33589.5,0
20230921,43,13.79,31697.7,33570.6,0
20230921,43,13.92,31697.7,33556.5,0
20230921,43,13.95,31697.7,33356.5,0
20230921,43,13.96,31700.7,33346.1,0
20230921,43,14.00,31701.2,33346.1,0
20230921,43,14.01,31701.2,33299.4,0
20230921,43,14.10,31701.2,33043.4,0
20230921,43,14.12,31701.2,33042.8,0
20230921,43,14.14,31701.2,33012.8,0
20230921,43,14.21,31701.2,33002.8,0
20230921,43,14.27,31701.2,33002.2,0
20230921,43,14.30,31701.2,32987.2,0
20230921,43,14.32,31701.2,32986.8,0
20230921,43,14.39,31701.2,32895.5,0
20230921,43,14.40,31701.2,32885.5,0
20230921,43,14.44,31701.2,32883.3,0
20230921,43,14.48,31701.2,32876.0,0
20230921,43,14.50,31701.2,32875.8,0
20230921,43,14.53,31701.2,32874.9,0
20230921,43,14.63,31701.2,32724.9,0
20230921,43,14.70,31704.2,32438.9,0
20230921,43,14.74,31704.2,32438.9,0
20230921,43,14.80,31704.2,32436.7,0
20230921,43,14.83,31704.2,32436.6,0
20230921,43,14.99,31704.2,32436.5,0
20230921,43,15.00,31942.2,32436.4,0
20230921,43,15.01,31942.2,32339.2,0
20230921,43,15.07,31942.2,32337.8,0
20230921,43,15.10,31942.2,32335.6,0
20230921,43,15.17,32038.2,32335.5,0
20230921,43,15.20,32038.2,32335.5,0
20230921,43,15.22,32038.2,32335.4,0
20230921,43,15.40,32038.2,32319.3,0
20230921,43,15.45,32038.2,32314.9,0
20230921,43,15.51,32042.0,32276.9,0
20230921,43,15.56,32042.0,32269.3,0
20230921,43,15.58,32042.0,32269.1,0
20230921,43,15.73,32042.0,32268.4,0
20230921,43,15.74,32045.4,32264.0,0
20230921,43,15.80,32045.4,32264.0,0
20230921,43,15.81,32045.4,32263.7,0
20230921,43,15.90,32056.4,32263.6,0
20230921,43,15.91,32056.4,32153.6,0
20230921,43,15.98,32120.4,32153.4,0
20230921,43,16.00,32121.4,32153.4,0
20230921,43,16.05,32121.4,32126.2,0
20230921,43,16.10,32122.4,32118.0,0
20230921,43,16.12,32186.4,32118.0,0
20230921,43,16.20,32187.4,32118.0,0
20230921,43,16.27,32251.4,32118.0,0
20230921,43,16.30,32252.4,32118.0,0
20230921,43,16.37,32316.4,32118.0,0
20230921,43,16.38,32316.4,32118.0,0
20230921,43,16.39,32316.4,32117.4,0
20230921,43,16.46,32316.4,32097.4,0
20230921,43,16.47,32380.4,32047.4,0
20230921,43,16.53,32380.4,32047.4,0
20230921,43,16.57,32444.4,31997.4,0
20230921,43,16.61,32444.4,31997.4,0
20230921,43,16.63,32444.4,31996.3,0
20230921,43,16.70,32444.4,31995.9,0
20230921,43,16.75,32508.4,31995.7,0
20230921,43,16.85,32572.4,31995.7,0
20230921,43,16.99,32572.4,31995.7,0
20230921,43,17.00,32592.4,31995.6,0
20230921,43,17.03,32656.4,31975.4,0
20230921,43,17.04,32656.4,31975.4,0
20230921,43,17.05,32656.4,31975.1,0
20230921,43,17.08,32720.4,31974.5,0
20230921,43,17.16,32738.0,31974.5,0
20230921,43,17.18,32738.0,31974.5,0
20230921,43,17.25,32738.0,31958.3,0
20230921,43,17.30,32738.0,31957.5,0
20230921,43,17.33,32738.0,31957.4,0
20230921,43,17.40,32738.0,31886.5,0
20230921,43,17.45,32738.0,31861.0,0
20230921,43,17.50,32738.0,31860.8,0
20230921,43,17.55,32738.0,31860.7,0
20230921,43,17.56,32738.0,31836.7,0
20230921,43,17.58,32738.0,31806.7,0
20230921,43,17.62,32738.0,31806.6,0
20230921,43,17.65,32844.0,31684.6,0
20230921,43,17.70,32844.0,31684.6,0
20230921,43,17.71,32844.0,31684.4,0
20230921,43,17.79,32844.0,31654.4,0
20230921,43,17.83,32844.0,31653.0,0
20230921,43,17.87,32844.0,31521.8,0
20230921,43,17.96,32844.0,31369.8,0
20230921,43,18.00,32844.0,31369.5,0
20230921,43,18.03,32844.0,31317.5,0
20230921,43,18.12,32864.0,31287.4,0
20230921,43,18.18,32864.0,31287.4,0
20230921,43,18.21,32864.0,31257.4,0
20230921,43,18.30,32864.0,31135.4,0
20230921,43,18.33,32864.0,31135.3,0
20230921,43,18.38,32864.0,31105.3,0
20230921,43,18.47,32864.0,31100.6,0
20230921,43,18.49,32894.0,30366.6,0
20230921,43,18.50,32894.0,30366.6,0
20230921,43,18.51,32894.2,30364.4,0
20230921,43,18.60,32894.2,30364.4,0
20230921,43,18.62,32894.2,30364.3,0
20230921,43,18.63,32895.8,30359.8,0
20230921,43,18.65,32925.8,30359.8,0
20230921,43,18.70,32925.8,30341.7,0
20230921,43,18.78,32925.8,30291.7,0
20230921,43,18.81,32955.8,30290.5,0
20230921,43,18.83,32955.8,30290.5,0
20230921,43,18.84,32955.8,30289.2,0
20230921,43,18.85,32987.8,30271.2,0
20230921,43,18.96,33017.8,30271.2,0
20230921,43,18.97,33017.8,30271.2,0
20230921,43,19.00,33017.8,30266.7,0
20230921,43,19.03,33030.8,30265.9,0
20230921,43,19.33,33030.8,30265.9,0
20230921,43,19.49,33030.8,30252.9,0
20230921,43,19.51,33030.8,30176.4,0
20230921,43,19.64,33030.8,30128.4,0
20230921,43,19.71,33239.8,29865.8,0
20230921,43,19.96,33239.8,29865.8,0
20230921,43,20.00,33239.8,29862.8,0
20230921,43,20.02,33239.8,29796.2,0
20230921,43,20.11,33246.3,29744.2,0
20230921,43,20.12,33294.1,29734.2,0
20230921,43,20.13,33294.1,29734.2,0
20230921,43,20.21,33294.1,29724.3,0
20230921,43,20.27,33324.0,29604.3,0
20230921,43,20.38,33324.0,29604.3,0
20230921,43,20.39,33333.9,29602.2,0
20230921,43,20.62,33369.1,29602.2,0
20230921,43,21.00,33369.1,29602.2,0
20230921,43,21.12,33369.1,29600.5,0
20230921,43,21.50,33369.1,29150.5,0
20230921,43,21.96,33369.1,29149.6,0
20230921,43,22.00,33369.1,29147.4,0
20230921,43,22.04,33369.1,29100.2,0
20230921,43,22.05,33369.1,29097.3,0
20230921,43,22.28,33419.1,29091.3,0
20230921,43,22.38,33419.1,29091.3,0
20230921,43,22.40,33419.2,29089.3,0
20230921,43,22.58,33419.2,29089.3,0
20230921,43,22.63,33419.2,29088.2,0
20230921,43,22.80,33868.3,29087.0,0
20230921,43,23.00,33881.3,29087.0,0
20230921,43,23.03,33881.3,29086.8,0
20230921,43,23.27,33881.3,29086.7,0
20230921,43,23.83,33881.3,29067.8,0
20230921,43,23.96,33881.3,29055.7,0
20230921,43,23.97,33881.3,29053.7,0
20230921,43,23.98,33881.3,29012.9,0
20230921,43,24.13,33881.3,29008.5,0
20230921,43,24.29,33881.3,28997.7,0
20230921,43,24.38,33881.3,28970.7,0
20230921,43,25.00,33881.3,28968.7,0
20230921,43,25.96,33881.3,28967.5,0
20230921,43,26.38,33881.3,28965.7,0
20230921,43,27.00,33881.3,28964.6,0
20230921,43,27.01,33881.3,28904.6,0
20230921,43,27.96,33881.3,28894.7,0
20230921,43,28.17,33881.3,28893.7,0
20230921,43,28.38,33881.3,28891.2,0
20230921,43,28.65,33881.3,28890.5,0
20230921,43,29.22,33881.3,28889.3,0
20230921,43,29.35,33881.3,28870.3,0
20230921,43,29.96,33881.3,28865.9,0
20230921,43,29.97,33881.3,28864.9,0
20230921,43,30.00,33881.3,28862.8,0
20230921,43,30.01,33881.3,28800.2,0
20230921,43,30.56,33881.3,28792.9,0
20230921,43,31.96,33881.3,28791.9,0
20230921,43,32.00,33881.3,28790.9,0
20230921,43,32.66,33881.3,28589.5,0
20230921,43,32.92,33881.3,28588.3,0
20230921,43,33.03,33881.3,28583.8,0
20230921,43,33.19,33881.3,28583.4,0
20230921,43,33.33,33881.3,28578.5,0
20230921,43,33.96,33881.3,28546.5,0
20230921,43,34.00,33881.3,28545.5,0
20230921,43,34.33,33881.3,28521.1,0
20230921,43,34.41,33881.3,28520.0,0
20230921,43,34.66,33881.3,28515.6,0
20230921,43,34.71,33881.3,28500.4,0
20230921,43,35.00,33881.3,28486.1,0
20230921,43,35.96,33881.3,28438.7,0
20230921,43,36.00,33881.3,28437.7,0
20230921,43,37.96,33881.3,28399.6,0
20230921,43,38.20,33881.3,28398.6,0
20230921,43,39.96,33881.3,28366.6,0
20230921,43,39.98,33941.3,28363.0,0
20230921,43,40.00,33941.3,28363.0,0
20230921,43,40.01,33941.3,28276.4,0
20230921,43,45.00,33941.3,28276.3,0
20230921,43,45.01,33941.3,28173.5,0
20230921,43,45.12,33941.3,27910.4,0
20230921,43,45.80,33941.3,27907.2,0
20230921,43,46.00,33941.3,27890.6,0
20230921,43,46.06,33941.3,27869.1,0
20230921,43,47.00,33941.3,27856.2,0
20230921,43,49.50,33941.3,27822.5,0
20230921,43,50.00,33941.3,27822.4,0
20230921,43,50.01,33942.3,27736.3,0
20230921,43,50.90,33942.3,27736.3,0
20230921,43,53.50,33942.3,27733.5,0
20230921,43,60.00,33942.3,27733.2,0
20230921,43,60.12,33942.3,27657.7,0
20230921,43,61.00,33942.3,27651.4,0
20230921,43,62.00,33942.3,27636.5,0
20230921,43,67.94,33942.3,27591.8,0
20230921,43,77.24,33942.3,27555.0,0
20230921,43,77.80,33942.3,27148.5,0
20230921,43,79.90,33942.3,27090.9,0
20230921,43,79.98,33962.3,27087.8,0
20230921,43,80.00,33962.3,27087.8,0
20230921,43,80.01,33962.3,26470.8,0
20230921,43,80.10,33962.3,26122.2,0
20230921,43,80.12,33962.3,26108.0,0
20230921,43,80.20,33962.3,26065.5,0
20230921,43,80.21,33982.2,26057.4,0
20230921,43,80.50,33982.2,26057.4,0
20230921,43,81.00,33982.2,26057.3,0
20230921,43,82.01,33982.2,25944.7,0
20230921,43,85.00,33982.2,25816.4,0
20230921,43,90.00,33982.2,25798.5,0
20230921,43,99.90,33982.2,25765.4,0
20230921,43,100.00,33982.2,25764.9,0
20230921,43,100.01,33993.9,23990.2,0
20230921,43,101.00,33993.9,23990.2,0
20230921,43,102.00,33993.9,23844.3,0
20230921,43,105.00,33993.9,23783.8,0
20230921,43,120.10,33993.9,23783.6,0
20230921,43,130.00,33993.9,23743.4,0
20230921,43,138.00,33993.9,23736.5,0
20230921,43,150.00,33993.9,23631.1,0
20230921,43,190.00,33993.9,23628.3,0
20230921,43,200.00,33993.9,23626.8,0
20230921,43,200.01,33993.9,21757.5,0
20230921,43,200.10,33993.9,20363.3,0
20230921,43,200.50,33993.9,20217.1,0
20230921,43,200.98,33993.9,20211.8,0
20230921,43,200.99,33993.9,20211.7,0
20230921,43,201.00,33993.9,20211.6,0
20230921,43,210.00,33993.9,20122.8,0
20230921,43,250.00,33993.9,19826.8,0
20230921,43,300.00,33993.9,19641.6,0
20230921,43,500.00,33993.9,19116.3,0
20230921,43,548.66,33993.9,19114.3,0
20230921,43,550.02,33993.9,18789.9,0
20230921,43,999.00,33993.9,18584.7,0
20230921,43,999.99,33993.9,0.0,0
20230921,44,0.00,0.0,41349.3,0
20230921,44,0.00,11242.2,41349.3,0
20230921,44,0.01,29577.5,41349.3,0
20230921,44,0.02,29729.7,41346.4,0
20230921,44,0.03,29729.7,41334.0,0
20230921,44,0.04,29738.2,41302.0,0
20230921,44,0.10,29738.2,41302.0,0
20230921,44,0.20,29738.2,41181.9,0
20230921,44,0.30,29738.2,41081.9,0
20230921,44,0.60,29739.2,41077.9,0
20230921,44,0.62,29739.2,41077.9,0
20230921,44,0.70,29740.2,40997.9,0
20230921,44,0.80,29741.2,40997.9,0
20230921,44,0.90,29742.2,40997.9,0
20230921,44,1.00,30455.6,40997.9,0
20230921,44,1.01,30455.6,40815.6,0
20230921,44,1.06,30476.9,40770.6,0
20230921,44,1.12,30476.9,40770.6,0
20230921,44,1.50,30590.4,40730.6,0
20230921,44,2.01,30590.4,40730.6,0
20230921,44,2.10,30590.4,40690.6,0
20230921,44,2.12,30590.4,40684.6,0
20230921,44,2.15,30703.7,40604.6,0
20230921,44,2.19,30706.6,40604.6,0
20230921,44,2.45,30709.1,40604.6,0
20230921,44,3.00,30712.2,40604.6,0
20230921,44,3.01,30712.2,40544.6,0
20230921,44,3.06,30715.2,40494.6,0
20230921,44,3.12,30715.2,40494.6,0
20230921,44,3.50,30719.2,40374.6,0
20230921,44,4.36,30722.2,40374.6,0
20230921,44,4.65,30728.3,40374.6,0
20230921,44,4.89,30730.9,40374.6,0
20230921,44,5.00,30916.8,40374.6,0
20230921,44,5.01,30916.8,40040.0,0
20230921,44,5.06,30919.8,39960.0,0
20230921,44,5.12,30919.8,39960.0,0
20230921,44,5.50,30924.5,39880.0,0
20230921,44,6.00,30947.1,39880.0,0
20230921,44,6.26,30947.1,39822.2,0
20230921,44,6.39,30947.1,39814.6,0
20230921,44,6.40,30948.5,39812.7,0
20230921,44,6.50,30958.5,39812.7,0
20230921,44,6.54,30967.4,39812.7,0
20230921,44,6.67,30967.4,39812.7,0
20230921,44,6.80,30967.4,39312.7,0
20230921,44,6.81,30972.2,39308.4,0
20230921,44,6.94,30983.5,39308.4,0
20230921,44,7.00,30984.0,39308.4,0
20230921,44,7.01,30984.0,39308.3,0
20230921,44,7.06,30987.0,39157.4,0
20230921,44,7.12,30987.0,39157.4,0
20230921,44,7.34,30989.5,39077.4,0
20230921,44,7.47,30989.5,39077.4,0
20230921,44,7.50,31034.9,38961.4,0
20230921,44,7.70,31037.5,38961.4,0
20230921,44,7.90,31037.5,38961.4,0
20230921,44,7.94,31037.5,38953.3,0
20230921,44,8.00,31066.0,38837.3,0
20230921,44,8.01,31066.0,38777.2,0
20230921,44,8.02,31091.9,38774.4,0
20230921,44,8.50,31091.9,38774.4,0
20230921,44,8.59,31091.9,38764.4,0
20230921,44,8.71,31101.0,38763.2,0
20230921,44,9.00,31102.5,38763.2,0
20230921,44,9.06,31105.5,38763.1,0
20230921,44,9.23,31105.5,38763.1,0
20230921,44,9.36,31105.5,38616.1,0
20230921,44,9.50,31111.0,38469.1,0
20230921,44,9.60,31111.0,38322.1,0
20230921,44,9.66,31111.0,38256.1,0
20230921,44,9.78,31113.6,38109.1,0
20230921,44,9.79,31113.6,38109.1,0
20230921,44,9.80,31113.6,38103.3,0
20230921,44,9.81,31113.6,38053.3,0
20230921,44,9.82,31113.6,38003.3,0
20230921,44,10.00,31186.5,37953.3,0
20230921,44,10.05,31206.5,37651.2,0
20230921,44,10.17,31206.5,37651.2,0
20230921,44,10.20,31206.5,37621.2,0
20230921,44,10.21,31206.5,37497.2,0
20230921,44,10.22,31206.5,37222.1,0
20230921,44,10.23,31206.5,36938.2,0
20230921,44,10.28,31214.3,36888.2,0
20230921,44,10.38,31214.3,36888.2,0
20230921,44,10.46,31214.3,36764.2,0
20230921,44,10.50,31275.3,36640.2,0
20230921,44,10.51,31275.3,36550.2,0
20230921,44,10.57,31275.3,36426.2,0
20230921,44,10.70,31275.3,36416.2,0
20230921,44,10.89,31284.3,36406.2,0
20230921,44,11.00,31284.6,36406.2,0
20230921,44,11.01,31285.2,36406.1,0
20230921,44,11.02,31287.7,36406.1,0
20230921,44,11.06,31290.7,36406.1,0
20230921,44,11.13,31291.3,36406.1,0
20230921,44,11.14,31293.7,36406.1,0
20230921,44,11.18,31299.5,36406.1,0
20230921,44,11.19,31299.5,36406.1,0
20230921,44,11.25,31300.1,36236.2,0
20230921,44,11.27,31302.6,36236.2,0
20230921,44,11.28,31302.6,36236.2,0
20230921,44,11.30,31304.0,36236.1,0
20230921,44,11.33,31304.0,36236.1,0
20230921,44,11.37,31304.6,36206.1,0
20230921,44,11.39,31323.4,36206.1,0
20230921,44,11.40,31323.4,36206.1,0
20230921,44,11.42,31323.4,36055.1,0
20230921,44,11.43,31323.4,36045.1,0
20230921,44,11.50,31330.0,36035.1,0
20230921,44,11.52,31332.3,35984.7,0
20230921,44,11.61,31332.3,35984.2,0
20230921,44,11.67,31332.3,35819.2,0
20230921,44,11.73,31332.3,35668.2,0
20230921,44,11.74,31338.1,35625.9,0
20230921,44,11.77,31338.1,35625.9,0
20230921,44,11.85,31338.1,35425.9,0
20230921,44,11.91,31338.1,35201.9,0
20230921,44,11.94,31338.1,35001.9,0
20230921,44,11.95,31338.1,35001.4,0
20230921,44,11.99,31339.7,35000.6,0
20230921,44,12.00,31341.8,34800.6,0
20230921,44,12.07,31341.8,34795.8,0
20230921,44,12.14,31341.8,34595.8,0
20230921,44,12.15,31341.8,34592.2,0
20230921,44,12.22,31344.3,34391.0,0
20230921,44,12.25,31344.3,34391.0,0
20230921,44,12.26,31469.6,34191.0,0
20230921,44,12.32,31470.5,34191.0,0
20230921,44,12.36,31470.5,34191.0,0
20230921,44,12.42,31471.3,33975.0,0
20230921,44,12.50,31539.3,33975.0,0
20230921,44,12.52,31540.2,33965.0,0
20230921,44,12.57,31540.2,33965.0,0
20230921,44,12.61,31540.2,33945.0,0
20230921,44,12.62,31541.0,33745.0,0
20230921,44,12.64,31541.0,33745.0,0
20230921,44,12.65,31541.0,33708.5,0
20230921,44,12.66,31541.0,33706.3,0
20230921,44,12.70,31541.0,33645.3,0
20230921,44,12.71,31541.8,33635.3,0
20230921,44,12.77,31541.8,33625.9,0
20230921,44,12.80,31541.8,33612.3,0
20230921,44,12.88,31541.8,33610.1,0
20230921,44,12.89,31547.5,33600.6,0
20230921,44,12.94,31547.5,33600.6,0
20230921,44,12.97,31547.5,33598.4,0
20230921,44,13.00,31547.5,33585.4,0
20230921,44,13.01,31547.5,33554.4,0
20230921,44,13.02,31550.3,33544.4,0
20230921,44,13.03,31550.3,33510.7,0
20230921,44,13.04,31550.3,33477.0,0
20230921,44,13.05,31550.3,33433.9,0
20230921,44,13.06,31553.3,33400.2,0
20230921,44,13.09,31553.3,33400.2,0
20230921,44,13.21,31553.3,33395.8,0
20230921,44,13.28,31553.3,33376.9,0
20230921,44,13.33,31553.3,33288.2,0
20230921,44,13.42,31553.3,33258.2,0
20230921,44,13.43,31553.3,33243.2,0
20230921,44,13.50,31563.3,33233.2,0
20230921,44,13.67,31563.3,33233.2,0
20230921,44,13.87,31563.3,33233.0,0
20230921,44,13.95,31563.3,33033.0,0
20230921,44,14.00,31563.3,33023.0,0
20230921,44,14.08,31563.3,32979.4,0
20230921,44,14.10,31563.3,32736.4,0
20230921,44,14.21,31563.3,32735.8,0
20230921,44,14.30,31563.3,32735.2,0
20230921,44,14.50,31583.3,32734.8,0
20230921,44,14.53,31583.3,32733.7,0
20230921,44,14.63,31583.3,32533.7,0
20230921,44,14.64,31583.3,32268.0,0
20230921,44,14.68,31583.3,32261.0,0
20230921,44,14.70,31586.3,32153.0,0
20230921,44,14.76,31586.3,32123.0,0
20230921,44,14.80,31586.3,32122.7,0
20230921,44,14.83,31586.3,32122.6,0
20230921,44,14.99,31587.8,32122.5,0
20230921,44,15.00,31825.8,32122.4,0
20230921,44,15.01,31825.8,32055.8,0
20230921,44,15.10,31825.8,32054.5,0
20230921,44,15.15,31825.8,32054.4,0
20230921,44,15.16,31825.8,32034.1,0
20230921,44,15.17,31901.5,31822.1,0
20230921,44,15.20,31901.5,31822.1,0
20230921,44,15.22,31901.5,31822.0,0
20230921,44,15.35,31901.5,31805.7,0
20230921,44,15.42,31901.5,31804.6,0
20230921,44,15.43,31901.5,31779.6,0
20230921,44,15.45,31901.5,31759.6,0
20230921,44,15.50,31901.5,31721.6,0
20230921,44,15.51,31905.2,31721.0,0
20230921,44,15.58,31905.2,31713.4,0
20230921,44,15.68,31905.7,31712.7,0
20230921,44,15.73,31905.7,31712.7,0
20230921,44,15.74,31910.7,31709.9,0
20230921,44,15.80,31910.7,31709.9,0
20230921,44,15.81,31910.7,31709.6,0
20230921,44,15.85,31910.7,31709.5,0
20230921,44,15.90,31921.7,31709.3,0
20230921,44,15.91,31921.7,31509.3,0
20230921,44,15.98,31985.7,31509.1,0
20230921,44,16.00,31986.7,31509.1,0
20230921,44,16.05,31986.7,31506.9,0
20230921,44,16.10,31987.7,31498.7,0
20230921,44,16.12,32051.7,31498.7,0
20230921,44,16.16,32051.7,31498.7,0
20230921,44,16.20,32052.7,31494.2,0
20230921,44,16.23,32052.7,31494.2,0
20230921,44,16.27,32116.7,31494.0,0
20230921,44,16.28,32116.7,31494.0,0
20230921,44,16.30,32117.7,31444.0,0
20230921,44,16.33,32117.7,31444.0,0
20230921,44,16.37,32184.7,31375.1,0
20230921,44,16.40,32184.7,31375.1,0
20230921,44,16.70,32184.7,31374.8,0
20230921,44,16.75,32184.7,31374.6,0
20230921,44,16.94,32184.7,31374.5,0
20230921,44,16.99,32184.7,31374.2,0
20230921,44,17.00,32184.7,31374.1,0
20230921,44,17.06,32184.7,31354.1,0
20230921,44,17.07,32185.2,31353.8,0
20230921,44,17.18,32185.2,31353.8,0
20230921,44,17.23,32185.2,31337.6,0
20230921,44,17.25,32185.2,31337.0,0
20230921,44,17.33,32205.2,31336.2,0
20230921,44,17.35,32205.2,31284.2,0
20230921,44,17.40,32205.2,31278.2,0
20230921,44,17.45,32205.2,31268.8,0
20230921,44,17.50,32205.2,31268.6,0
20230921,44,17.51,32205.2,31264.0,0
20230921,44,17.55,32205.2,31234.0,0
20230921,44,17.62,32205.2,31211.0,0
20230921,44,17.65,32311.2,31089.0,0
20230921,44,17.66,32311.2,30960.8,0
20230921,44,17.76,32311.7,30930.8,0
20230921,44,17.79,32311.7,30930.8,0
20230921,44,17.82,32311.7,30929.5,0
20230921,44,17.87,32311.7,30899.5,0
20230921,44,17.95,32311.7,30858.5,0
20230921,44,17.97,32311.7,30721.5,0
20230921,44,18.00,32311.7,30691.5,0
20230921,44,18.03,32311.7,30638.6,0
20230921,44,18.08,32311.7,30638.3,0
20230921,44,18.14,32341.7,30517.3,0
20230921,44,18.23,32341.7,30517.3,0
20230921,44,18.27,32341.7,30516.0,0
20230921,44,18.29,32371.7,30511.5,0
20230921,44,18.30,32371.7,30511.5,0
20230921,44,18.44,32401.7,30511.4,0
20230921,44,18.45,32402.2,30511.4,0
20230921,44,18.50,32402.2,30511.4,0
20230921,44,18.60,32432.2,30510.1,0
20230921,44,18.63,32433.8,30510.0,0
20230921,44,18.65,32433.8,30510.0,0
20230921,44,18.69,32433.8,30491.6,0
20230921,44,18.70,32433.8,30481.7,0
20230921,44,18.75,32463.8,30431.7,0
20230921,44,18.78,32463.8,30431.7,0
20230921,44,18.81,32463.8,30419.5,0
20230921,44,18.84,32463.8,30118.5,0
20230921,44,18.85,32495.5,30100.2,0
20230921,44,18.91,32525.5,30100.2,0
20230921,44,19.00,32525.5,30100.2,0
20230921,44,19.03,32548.5,30099.4,0
20230921,44,19.06,32548.5,30099.4,0
20230921,44,19.12,32548.5,30096.4,0
20230921,44,19.20,32548.5,30095.3,0
20230921,44,19.23,32548.5,29973.3,0
20230921,44,19.32,32548.5,29941.3,0
20230921,44,19.33,32596.3,29931.3,0
20230921,44,19.38,32596.3,29931.3,0
20230921,44,19.42,32626.2,29927.3,0
20230921,44,19.43,32636.1,29927.2,0
20230921,44,19.50,32636.1,29927.2,0
20230921,44,19.69,32636.1,29925.2,0
20230921,44,19.71,32845.1,29674.1,0
20230921,44,19.75,32845.1,29674.1,0
20230921,44,19.89,32845.1,29622.1,0
20230921,44,20.00,32845.1,29551.4,0
20230921,44,20.11,32851.6,29486.7,0
20230921,44,20.51,32851.9,29486.7,0
20230921,44,20.62,32887.1,29486.7,0
20230921,44,20.69,32887.1,29486.7,0
20230921,44,21.00,32887.1,29485.5,0
20230921,44,21.06,32887.1,29483.9,0
20230921,44,21.12,32887.1,29481.7,0
20230921,44,21.28,32887.1,28911.7,0
20230921,44,21.40,32887.1,28907.3,0
20230921,44,21.44,32887.2,28904.5,0
20230921,44,21.50,32887.2,28904.5,0
20230921,44,21.54,32887.2,28901.7,0
20230921,44,21.75,32887.2,28882.8,0
20230921,44,22.00,32887.2,28881.8,0
20230921,44,22.23,32887.2,28811.0,0
20230921,44,22.28,32937.2,28805.1,0
20230921,44,22.80,33386.3,28805.1,0
20230921,44,22.85,33386.3,28805.1,0
20230921,44,22.92,33386.3,28794.8,0
20230921,44,23.00,33399.3,28616.8,0
20230921,44,23.03,33399.3,28616.6,0
20230921,44,23.06,33399.3,28616.5,0
20230921,44,23.23,33399.3,28614.5,0
20230921,44,23.27,33399.3,28602.4,0
20230921,44,23.50,33399.3,28561.7,0
20230921,44,25.00,33399.3,28559.9,0
20230921,44,25.06,33399.3,28559.8,0
20230921,44,25.50,33399.3,28558.2,0
20230921,44,26.03,33399.3,28557.2,0
20230921,44,26.40,33399.3,28556.0,0
20230921,44,26.74,33399.3,28551.6,0
20230921,44,27.00,33399.3,28532.6,0
20230921,44,27.01,33399.3,28477.6,0
20230921,44,27.06,33399.3,28466.3,0
20230921,44,27.50,33399.3,28465.3,0
20230921,44,28.68,33399.3,28464.8,0
20230921,44,29.06,33399.3,28462.3,0
20230921,44,29.59,33399.3,28461.3,0
20230921,44,29.82,33399.3,28460.1,0
20230921,44,29.97,33399.3,28455.6,0
20230921,44,30.00,33399.3,28449.6,0
20230921,44,30.01,33399.3,28362.2,0
20230921,44,30.21,33399.3,28360.3,0
20230921,44,30.56,33399.3,28350.0,0
20230921,44,31.06,33399.3,28349.0,0
20230921,44,31.07,33399.3,28348.0,0
20230921,44,31.24,33399.3,28346.9,0
20230921,44,31.37,33399.3,28342.5,0
20230921,44,31.52,33399.3,28328.8,0
20230921,44,32.00,33399.3,28321.4,0
20230921,44,33.03,33399.3,28132.0,0
20230921,44,33.06,33399.3,28131.6,0
20230921,44,33.33,33399.3,28130.6,0
20230921,44,34.00,33399.3,28098.6,0
20230921,44,35.00,33399.3,28075.6,0
20230921,44,35.06,33399.3,28033.7,0
20230921,44,36.00,33399.3,28032.7,0
20230921,44,37.06,33399.3,27998.2,0
20230921,44,37.90,33399.3,27997.2,0
20230921,44,39.06,33399.3,27966.2,0
20230921,44,39.98,33459.3,27963.2,0
20230921,44,40.00,33459.3,27963.2,0
20230921,44,40.01,33459.3,27880.9,0
20230921,44,43.50,33459.3,27880.8,0
20230921,44,43.70,33459.3,27880.7,0
20230921,44,44.92,33459.3,27861.5,0
20230921,44,45.00,33459.3,27849.2,0
20230921,44,45.01,33459.3,27752.5,0
20230921,44,45.12,33459.3,27358.0,0
20230921,44,46.00,33459.3,27355.1,0
20230921,44,47.50,33459.3,27337.2,0
20230921,44,50.00,33459.3,27336.9,0
20230921,44,50.01,33460.4,27240.0,0
20230921,44,50.12,33460.4,27240.0,0
20230921,44,50.90,33460.4,27193.4,0
20230921,44,60.00,33460.4,27190.8,0
20230921,44,61.00,33460.4,27118.3,0
20230921,44,62.00,33460.4,27103.9,0
20230921,44,67.94,33460.4,27060.5,0
20230921,44,77.24,33460.4,27025.1,0
20230921,44,77.80,33460.4,26499.4,0
20230921,44,79.90,33460.4,26445.4,0
20230921,44,79.98,33480.4,26443.1,0
20230921,44,80.00,33480.4,26443.1,0
20230921,44,80.01,33480.4,25745.5,0
20230921,44,80.10,33480.4,25519.3,0
20230921,44,80.20,33480.4,25507.6,0
20230921,44,80.21,33500.3,25499.5,0
20230921,44,80.50,33500.3,25499.5,0
20230921,44,81.00,33500.3,25499.4,0
20230921,44,82.01,33500.3,25383.5,0
20230921,44,85.00,33500.3,25261.1,0
20230921,44,90.00,33500.3,25246.3,0
20230921,44,99.90,33500.3,25214.2,0
20230921,44,100.00,33500.3,25213.6,0
20230921,44,100.01,33511.9,23700.2,0
20230921,44,101.00,33511.9,23700.2,0
20230921,44,102.00,33511.9,23554.3,0
20230921,44,105.00,33511.9,23495.7,0
20230921,44,120.10,33511.9,23495.5,0
20230921,44,130.00,33511.9,23457.7,0
20230921,44,138.00,33511.9,23451.1,0
20230921,44,150.00,33511.9,23348.8,0
20230921,44,190.00,33511.9,23346.0,0
20230921,44,200.00,33511.9,23344.7,0
20230921,44,200.01,33511.9,21671.0,0
20230921,44,200.10,33511.9,20267.2,0
20230921,44,200.50,33511.9,20120.7,0
20230921,44,200.99,33511.9,20115.4,0
20230921,44,201.00,33511.9,20115.3,0
20230921,44,210.00,33511.9,20032.0,0
20230921,44,250.00,33511.9,19740.2,0
20230921,44,300.00,33511.9,19555.7,0
20230921,44,500.00,33511.9,19030.4,0
20230921,44,548.66,33511.9,19028.4,0
20230921,44,550.02,33511.9,18776.0,0
20230921,44,999.00,33511.9,18570.8,0
20230921,44,999.99,33511.9,0.0,0
20230921,45,0.00,0.0,24382.5,0
20230921,45,0.00,4935.1,24382.5,0
20230921,45,0.01,17447.8,24382.5,0
20230921,45,0.02,17473.3,24382.3,0
20230921,45,0.03,17473.3,24381.9,0
20230921,45,0.04,17483.7,24359.3,0
20230921,45,0.10,17483.7,24359.3,0
20230921,45,0.20,17483.7,24239.2,0
20230921,45,0.30,17483.7,24199.2,0
20230921,45,0.62,17483.7,24195.2,0
20230921,45,0.70,17546.2,24155.2,0
20230921,45,1.00,18142.6,24155.2,0
20230921,45,1.01,18286.8,24059.9,0
20230921,45,1.12,18286.8,24024.9,0
20230921,45,2.01,18286.8,24014.9,0
20230921,45,2.10,18286.8,23989.9,0
20230921,45,2.12,18286.8,23983.9,0
20230921,45,2.15,18400.2,23963.9,0
20230921,45,2.20,18401.2,23963.9,0
20230921,45,2.49,18403.7,23963.9,0
20230921,45,2.51,18406.7,23963.9,0
20230921,45,3.00,18407.2,23963.9,0
20230921,45,3.01,18407.2,23923.8,0
20230921,45,3.12,18407.2,23898.8,0
20230921,45,3.23,18407.5,23868.8,0
20230921,45,3.70,18408.5,23868.8,0
20230921,45,3.72,18408.5,23868.8,0
20230921,45,3.73,18409.3,23860.4,0
20230921,45,4.01,18412.3,23860.4,0
20230921,45,4.65,18418.0,23860.4,0
20230921,45,4.96,18420.6,23860.4,0
20230921,45,5.00,18517.7,23860.4,0
20230921,45,5.01,18517.7,23733.4,0
20230921,45,5.12,18517.7,23688.4,0
20230921,45,5.20,18518.7,23668.4,0
20230921,45,5.51,18521.7,23668.4,0
20230921,45,6.00,18521.7,23668.4,0
20230921,45,6.26,18521.7,23628.2,0
20230921,45,6.70,18522.7,23622.2,0
20230921,45,7.00,18522.7,23622.2,0
20230921,45,7.01,18525.7,23622.1,0
20230921,45,7.12,18525.7,23478.5,0
20230921,45,7.44,18528.2,23458.5,0
20230921,45,7.50,18549.9,23458.5,0
20230921,45,7.70,18552.5,23458.5,0
20230921,45,7.90,18552.5,23458.5,0
20230921,45,8.00,18581.2,23450.6,0
20230921,45,8.02,18599.0,23426.3,0
20230921,45,8.20,18600.0,23426.3,0
20230921,45,8.50,18600.0,23426.3,0
20230921,45,8.51,18603.0,23416.3,0
20230921,45,9.09,18603.0,23416.3,0
20230921,45,9.70,18604.0,23259.3,0
20230921,45,9.91,18606.6,23259.3,0
20230921,45,10.00,18627.5,23259.3,0
20230921,45,10.01,18630.5,22988.1,0
20230921,45,10.17,18630.5,22988.1,0
20230921,45,10.20,18630.5,22958.1,0
20230921,45,10.21,18630.5,22948.1,0
20230921,45,10.22,18630.5,22717.0,0
20230921,45,11.09,18630.5,22483.1,0
20230921,45,11.13,18630.5,22473.1,0
20230921,45,11.18,18636.3,22463.1,0
20230921,45,11.20,18637.3,22463.1,0
20230921,45,11.50,18637.3,22463.1,0
20230921,45,11.51,18640.3,22412.8,0
20230921,45,11.61,18640.3,22412.8,0
20230921,45,11.69,18643.3,22247.8,0
20230921,45,11.77,18643.3,22247.8,0
20230921,45,11.80,18643.3,22047.8,0
20230921,45,11.85,18643.3,22047.6,0
20230921,45,11.91,18643.3,21847.6,0
20230921,45,11.95,18643.3,21647.6,0
20230921,45,11.98,18643.3,21646.8,0
20230921,45,12.00,18643.3,21623.8,0
20230921,45,12.08,18643.3,21423.7,0
20230921,45,12.15,18643.3,21223.7,0
20230921,45,12.20,18643.3,21023.7,0
20230921,45,12.21,18646.8,21013.7,0
20230921,45,12.25,18646.8,21013.7,0
20230921,45,12.38,18646.8,20813.7,0
20230921,45,12.39,18650.1,20613.7,0
20230921,45,12.45,18650.1,20613.7,0
20230921,45,12.50,18718.1,20578.8,0
20230921,45,12.52,18719.0,20567.8,0
20230921,45,12.60,18719.7,20567.8,0
20230921,45,12.61,18719.7,20567.8,0
20230921,45,12.64,18720.5,20354.9,0
20230921,45,12.66,18721.0,20354.9,0
20230921,45,12.77,18721.9,20296.9,0
20230921,45,12.88,18721.9,20211.4,0
20230921,45,12.90,18722.7,19953.9,0
20230921,45,12.93,18723.2,19953.9,0
20230921,45,13.00,18723.2,19953.9,0
20230921,45,13.01,18726.2,19953.8,0
20230921,45,13.02,18727.4,19953.8,0
20230921,45,13.03,18728.2,19953.8,0
20230921,45,13.09,18728.2,19942.2,0
20230921,45,13.13,18728.2,19932.2,0
20230921,45,13.18,18728.2,19917.2,0
20230921,45,13.20,18728.7,19917.1,0
20230921,45,13.24,18728.7,19917.0,0
20230921,45,13.41,18728.7,19905.3,0
20230921,45,13.45,18728.7,19903.3,0
20230921,45,13.47,18729.2,19891.7,0
20230921,45,13.50,18739.2,19891.7,0
20230921,45,13.66,18739.2,19891.7,0
20230921,45,13.74,18739.7,19868.4,0
20230921,45,13.78,18739.7,19868.4,0
20230921,45,13.87,18739.7,19745.4,0
20230921,45,13.92,18739.7,19545.4,0
20230921,45,13.95,18739.7,19327.4,0
20230921,45,14.00,18739.7,19317.8,0
20230921,45,14.10,18739.7,19206.2,0
20230921,45,14.16,18739.7,19205.6,0
20230921,45,14.20,18739.7,19198.9,0
20230921,45,14.30,18739.7,19168.8,0
20230921,45,14.32,18739.7,19165.4,0
20230921,45,14.50,18759.7,18953.4,0
20230921,45,14.55,18759.7,18952.3,0
20230921,45,14.80,18759.7,18951.7,0
20230921,45,14.83,18759.7,18951.6,0
20230921,45,14.99,18759.7,18951.5,0
20230921,45,15.00,18997.7,18951.4,0
20230921,45,15.09,18997.7,18951.2,0
20230921,45,15.10,18997.7,18931.2,0
20230921,45,15.13,18997.7,18931.1,0
20230921,45,15.15,18997.7,18906.1,0
20230921,45,15.17,19078.0,18890.4,0
20230921,45,15.20,19078.0,18890.4,0
20230921,45,15.22,19078.0,18890.3,0
20230921,45,15.45,19078.0,18873.9,0
20230921,45,15.51,19078.0,18835.9,0
20230921,45,15.58,19078.0,18828.3,0
20230921,45,15.70,19078.0,18827.7,0
20230921,45,15.73,19078.0,18749.7,0
20230921,45,15.80,19078.0,18741.9,0
20230921,45,15.89,19078.0,18741.6,0
20230921,45,15.90,19084.0,18741.4,0
20230921,45,15.91,19084.0,18741.4,0
20230921,45,15.98,19148.0,18741.2,0
20230921,45,16.00,19149.0,18741.2,0
20230921,45,16.01,19149.0,18739.0,0
20230921,45,16.05,19149.0,18738.7,0
20230921,45,16.10,19150.0,18730.5,0
20230921,45,16.12,19228.3,18730.5,0
20230921,45,16.20,19229.3,18730.5,0
20230921,45,16.22,19229.3,18680.5,0
20230921,45,16.28,19229.3,18630.5,0
20230921,45,16.30,19230.3,18586.5,0
20230921,45,16.40,19230.3,18586.5,0
20230921,45,16.70,19230.3,18577.1,0
20230921,45,16.99,19230.3,18577.0,0
20230921,45,17.02,19230.3,18576.9,0
20230921,45,17.04,19230.3,18572.4,0
20230921,45,17.18,19230.3,18553.5,0
20230921,45,17.20,19230.3,18537.3,0
20230921,45,17.25,19230.3,18536.3,0
20230921,45,17.27,19230.3,18535.5,0
20230921,45,17.45,19230.3,18483.5,0
20230921,45,17.50,19230.3,18483.3,0
20230921,45,17.51,19230.3,18481.6,0
20230921,45,17.55,19230.3,18478.6,0
20230921,45,17.60,19230.3,18456.6,0
20230921,45,17.65,19307.3,18443.6,0
20230921,45,17.94,19307.3,18443.6,0
20230921,45,18.00,19307.3,18443.0,0
20230921,45,18.03,19307.3,18441.3,0
20230921,45,18.07,19307.3,18441.2,0
20230921,45,18.19,19307.3,18415.2,0
20230921,45,18.35,19307.3,18173.3,0
20230921,45,18.50,19307.3,18172.0,0
20230921,45,18.62,19307.3,18171.2,0
20230921,45,18.63,19311.2,18165.7,0
20230921,45,18.70,19311.2,18165.7,0
20230921,45,18.71,19311.2,18164.7,0
20230921,45,19.00,19311.2,17863.7,0
20230921,45,19.01,19311.2,17863.0,0
20230921,45,19.08,19311.2,17860.9,0
20230921,45,19.09,19321.1,17860.8,0
20230921,45,19.13,19351.0,17860.8,0
20230921,45,19.46,19351.0,17860.8,0
20230921,45,19.69,19351.0,17797.3,0
20230921,45,19.71,19560.0,17560.8,0
20230921,45,19.73,19560.0,17560.8,0
20230921,45,20.00,19560.0,17508.8,0
20230921,45,20.11,19571.4,17469.4,0
20230921,45,20.20,19571.4,17469.4,0
20230921,45,20.27,19571.4,17468.4,0
20230921,45,20.51,19571.4,17401.4,0
20230921,45,21.00,19571.4,17399.4,0
20230921,45,21.10,19571.5,17399.3,0
20230921,45,21.25,19571.5,17399.3,0
20230921,45,21.70,19571.5,17390.3,0
20230921,45,21.90,19571.5,17389.3,0
20230921,45,22.00,19571.5,17388.8,0
20230921,45,22.01,19571.5,17335.3,0
20230921,45,22.61,19571.5,17333.8,0
20230921,45,22.66,19571.5,17329.4,0
20230921,45,22.80,20020.6,17310.5,0
20230921,45,22.94,20020.6,17310.5,0
20230921,45,23.00,20033.6,17304.6,0
20230921,45,23.03,20033.6,17304.6,0
20230921,45,23.20,20033.6,17304.5,0
20230921,45,23.35,20033.6,17304.2,0
20230921,45,23.51,20033.6,17292.3,0
20230921,45,25.00,20033.6,17291.3,0
20230921,45,25.01,20033.6,17291.0,0
20230921,45,26.51,20033.6,17290.0,0
20230921,45,27.00,20033.6,17289.0,0
20230921,45,28.01,20033.6,17240.8,0
20230921,45,28.20,20033.6,17239.8,0
20230921,45,28.29,20033.6,17235.4,0
20230921,45,29.51,20033.6,17216.4,0
20230921,45,29.97,20033.6,17215.4,0
20230921,45,30.00,20033.6,17214.2,0
20230921,45,30.36,20033.6,17156.9,0
20230921,45,31.01,20033.6,17147.9,0
20230921,45,31.93,20033.6,17146.9,0
20230921,45,32.00,20033.6,17142.4,0
20230921,45,32.04,20033.6,17045.1,0
20230921,45,32.51,20033.6,17031.3,0
20230921,45,33.03,20033.6,17029.5,0
20230921,45,33.48,20033.6,17029.1,0
20230921,45,33.79,20033.6,17024.7,0
20230921,45,34.00,20033.6,17020.4,0
20230921,45,35.00,20033.6,16998.6,0
20230921,45,36.00,20033.6,16964.5,0
20230921,45,37.87,20033.6,16959.4,0
20230921,45,40.00,20033.6,16929.9,0
20230921,45,40.01,20033.6,16865.2,0
20230921,45,42.88,20033.6,16865.1,0
20230921,45,44.33,20033.6,16860.0,0
20230921,45,45.00,20033.6,16848.4,0
20230921,45,45.01,20033.6,16797.6,0
20230921,45,50.00,20033.6,16781.3,0
20230921,45,50.01,20034.0,16773.8,0
20230921,45,50.12,20034.0,16773.8,0
20230921,45,50.90,20034.0,16769.2,0
20230921,45,60.00,20034.0,16767.1,0
20230921,45,61.00,20034.0,16723.6,0
20230921,45,62.00,20034.0,16714.6,0
20230921,45,67.94,20034.0,16691.1,0
20230921,45,77.24,20034.0,16666.5,0
20230921,45,77.80,20034.0,16088.0,0
20230921,45,79.90,20034.0,16065.4,0
20230921,45,80.00,20034.0,16065.0,0
20230921,45,80.01,20034.0,15655.1,0
20230921,45,80.05,20034.0,15424.5,0
20230921,45,80.20,20034.0,15423.0,0
20230921,45,80.21,20043.9,15422.9,0
20230921,45,80.50,20043.9,15422.9,0
20230921,45,81.00,20043.9,15422.8,0
20230921,45,82.01,20043.9,15294.5,0
20230921,45,85.00,20043.9,15205.7,0
20230921,45,90.00,20043.9,15194.8,0
20230921,45,99.90,20043.9,15174.8,0
20230921,45,100.00,20043.9,15174.5,0
20230921,45,100.01,20055.2,14123.3,0
20230921,45,101.00,20055.2,14123.3,0
20230921,45,102.00,20055.2,14016.8,0
20230921,45,105.00,20055.2,13995.4,0
20230921,45,120.10,20055.2,13995.2,0
20230921,45,130.00,20055.2,13965.2,0
20230921,45,138.00,20055.2,13958.7,0
20230921,45,150.00,20055.2,13958.0,0
20230921,45,190.00,20055.2,13955.4,0
20230921,45,200.00,20055.2,13954.7,0
20230921,45,200.01,20055.2,13044.7,0
20230921,45,200.10,20055.2,12232.2,0
20230921,45,200.50,20055.2,12093.3,0
20230921,45,200.98,20055.2,12088.4,0
20230921,45,200.99,20055.2,12088.3,0
20230921,45,201.00,20055.2,12088.2,0
20230921,45,210.00,20055.2,12026.5,0
20230921,45,250.00,20055.2,11887.9,0
20230921,45,300.00,20055.2,11705.8,0
20230921,45,500.00,20055.2,11193.6,0
20230921,45,548.66,20055.2,11191.6,0
20230921,45,550.02,20055.2,11185.0,0
20230921,45,999.00,20055.2,11082.9,0
20230921,45,999.99,20055.2,0.0,0
20230921,45,0.00,0.0,18337.3,1
20230921,45,0.00,8482.4,18337.3,1
20230921,45,0.01,13832.5,18337.3,1
20230921,45,0.02,13963.1,18334.7,1
20230921,45,0.03,13963.1,18322.7,1
20230921,45,0.20,13963.1,18313.9,1
20230921,45,0.62,13963.1,18253.9,1
20230921,45,0.70,13991.2,18213.9,1
20230921,45,1.00,14051.0,18213.9,1
20230921,45,1.01,14051.0,18170.1,1
20230921,45,1.12,14051.0,18160.1,1
20230921,45,2.01,14051.0,18140.1,1
20230921,45,2.10,14053.9,18125.1,1
20230921,45,2.12,14053.9,18125.1,1
20230921,45,2.20,14056.9,18085.1,1
20230921,45,3.00,14059.6,18085.1,1
20230921,45,3.01,14059.6,18065.1,1
20230921,45,3.12,14059.6,18040.1,1
20230921,45,3.70,14062.6,17980.1,1
20230921,45,4.00,14062.6,17980.1,1
20230921,45,4.01,14063.1,17978.3,1
20230921,45,4.18,14071.1,17978.3,1
20230921,45,5.00,14147.0,17978.3,1
20230921,45,5.01,14147.0,17816.3,1
20230921,45,5.04,14147.0,17781.3,1
20230921,45,5.12,14147.0,17281.3,1
20230921,45,5.20,14150.0,17241.3,1
20230921,45,5.50,14150.1,17241.3,1
20230921,45,6.00,14175.4,17241.3,1
20230921,45,6.26,14175.4,17224.9,1
20230921,45,6.27,14184.6,17223.3,1
20230921,45,6.50,14194.6,17223.3,1
20230921,45,6.70,14198.3,17223.3,1
20230921,45,6.94,14210.9,17223.3,1
20230921,45,7.00,14211.5,17223.3,1
20230921,45,7.12,14211.5,17223.3,1
20230921,45,7.47,14211.5,17183.3,1
20230921,45,7.94,14211.5,17067.3,1
20230921,45,8.00,14213.5,16951.2,1
20230921,45,8.01,14213.5,16876.4,1
20230921,45,8.02,14220.3,16873.8,1
20230921,45,8.20,14224.3,16873.8,1
20230921,45,8.35,14233.4,16873.8,1
20230921,45,8.59,14233.4,16873.8,1
20230921,45,9.00,14233.4,16872.5,1
20230921,45,9.23,14233.4,16865.5,1
20230921,45,9.36,14233.4,16718.5,1
20230921,45,9.50,14233.4,16571.5,1
20230921,45,9.60,14233.4,16424.5,1
20230921,45,9.66,14233.4,16361.5,1
20230921,45,9.70,14238.3,16214.5,1
20230921,45,9.79,14238.3,16214.5,1
20230921,45,9.80,14238.3,16208.7,1
20230921,45,9.81,14238.3,16158.7,1
20230921,45,9.82,14238.3,16108.7,1
20230921,45,10.00,14279.7,16046.7,1
20230921,45,10.05,14299.7,16034.2,1
20230921,45,10.20,14299.7,16034.2,1
20230921,45,10.21,14299.7,15910.2,1
20230921,45,10.22,14299.7,15866.2,1
20230921,45,10.23,14299.7,15816.2,1
20230921,45,10.26,14299.7,15766.2,1
20230921,45,10.38,14299.7,15756.2,1
20230921,45,10.44,14308.7,15632.2,1
20230921,45,10.46,14308.7,15632.2,1
20230921,45,10.50,14357.7,15508.2,1
20230921,45,10.51,14357.7,15418.2,1
20230921,45,10.54,14360.8,15294.2,1
20230921,45,10.64,14363.8,15294.2,1
20230921,45,10.74,14366.9,15294.2,1
20230921,45,10.83,14367.5,15294.2,1
20230921,45,10.85,14369.9,15264.2,1
20230921,45,10.92,14377.8,15264.2,1
20230921,45,10.93,14378.4,15264.2,1
20230921,45,10.95,14380.7,15264.2,1
20230921,45,11.00,14380.7,15263.7,1
20230921,45,11.12,14380.7,15245.1,1
20230921,45,11.19,14380.7,15244.5,1
20230921,45,11.20,14385.7,15073.6,1
20230921,45,11.21,14401.3,15073.6,1
20230921,45,11.29,14401.3,15073.6,1
20230921,45,11.40,14401.3,15073.1,1
20230921,45,11.41,14401.3,14922.1,1
20230921,45,11.45,14406.8,14881.6,1
20230921,45,11.46,14406.8,14881.6,1
20230921,45,11.50,14406.8,14880.4,1
20230921,45,11.67,14406.8,14879.9,1
20230921,45,12.00,14408.0,14728.9,1
20230921,45,12.14,14408.0,14725.3,1
20230921,45,12.24,14408.0,14721.9,1
20230921,45,12.26,14516.4,14706.1,1
20230921,45,12.60,14521.7,14686.1,1
20230921,45,12.83,14521.7,14686.1,1
20230921,45,12.95,14521.7,14656.1,1
20230921,45,12.96,14546.7,14655.9,1
20230921,45,13.00,14546.7,14655.9,1
20230921,45,13.01,14546.8,14642.7,1
20230921,45,13.02,14548.3,14632.9,1
20230921,45,13.03,14548.3,14599.2,1
20230921,45,13.04,14548.3,14565.5,1
20230921,45,13.05,14548.3,14531.8,1
20230921,45,13.39,14548.3,14498.1,1
20230921,45,13.98,14548.3,14398.1,1
20230921,45,14.00,14548.3,14397.9,1
20230921,45,14.20,14548.3,14365.0,1
20230921,45,14.53,14548.3,14364.5,1
20230921,45,14.74,14548.3,14124.5,1
20230921,45,14.83,14548.3,14123.4,1
20230921,45,15.00,14548.3,14068.4,1
20230921,45,15.01,14548.3,14068.3,1
20230921,45,15.70,14548.3,14066.7,1
20230921,45,15.90,14548.3,14063.4,1
20230921,45,16.04,14548.3,14013.4,1
20230921,45,16.41,14548.3,14012.9,1
20230921,45,16.50,14548.3,14012.8,1
20230921,45,16.83,14568.3,14012.0,1
20230921,45,17.00,14568.3,14012.0,1
20230921,45,17.07,14568.3,13992.0,1
20230921,45,17.20,14568.3,13991.8,1
20230921,45,17.37,14568.3,13990.8,1
20230921,45,17.50,14568.3,13981.8,1
20230921,45,17.52,14568.3,13981.7,1
20230921,45,17.62,14568.3,13951.7,1
20230921,45,17.67,14568.3,13829.7,1
20230921,45,17.76,14568.3,13799.7,1
20230921,45,17.79,14568.3,13795.1,1
20230921,45,17.84,14568.3,13793.4,1
20230921,45,17.95,14568.3,13763.4,1
20230921,45,17.99,14568.3,13640.5,1
20230921,45,18.00,14568.3,13610.5,1
20230921,45,18.11,14568.3,13560.0,1
20230921,45,18.14,14568.3,13558.9,1
20230921,45,18.30,14568.3,13528.9,1
20230921,45,18.45,14568.3,13498.8,1
20230921,45,18.60,14568.3,13468.8,1
20230921,45,18.62,14598.3,13468.7,1
20230921,45,18.65,14598.3,13468.7,1
20230921,45,18.70,14598.3,13450.3,1
20230921,45,18.77,14628.3,13399.3,1
20230921,45,18.78,14628.3,13399.3,1
20230921,45,18.81,14628.3,13388.1,1
20230921,45,18.82,14628.3,13368.1,1
20230921,45,18.83,14676.1,13358.1,1
20230921,45,18.84,14676.1,13358.1,1
20230921,45,18.85,14706.8,13338.8,1
20230921,45,18.93,14736.8,13338.8,1
20230921,45,19.00,14736.8,13338.8,1
20230921,45,19.03,14755.8,13338.7,1
20230921,45,19.20,14755.8,13338.7,1
20230921,45,20.00,14755.8,13304.7,1
20230921,45,20.20,14755.8,13281.0,1
20230921,45,20.51,14756.1,13279.3,1
20230921,45,21.00,14756.1,13279.3,1
20230921,45,21.04,14756.1,13278.0,1
20230921,45,21.12,14756.1,13275.2,1
20230921,45,21.41,14756.1,12505.2,1
20230921,45,22.28,14806.1,12504.2,1
20230921,45,22.76,14806.1,12504.2,1
20230921,45,22.94,14806.1,12462.8,1
20230921,45,25.00,14806.1,12462.0,1
20230921,45,25.67,14806.1,12461.5,1
20230921,45,27.00,14806.1,12460.3,1
20230921,45,27.01,14806.1,12446.6,1
20230921,45,27.17,14806.1,12434.0,1
20230921,45,28.00,14806.1,12431.5,1
20230921,45,29.10,14806.1,12431.2,1
20230921,45,29.31,14806.1,12430.4,1
20230921,45,30.00,14806.1,12429.2,1
20230921,45,30.56,14806.1,12409.8,1
20230921,45,30.83,14806.1,12408.8,1
20230921,45,31.14,14806.1,12407.7,1
20230921,45,32.00,14806.1,12395.7,1
20230921,45,33.33,14806.1,12322.5,1
20230921,45,35.00,14806.1,12291.5,1
20230921,45,36.00,14806.1,12288.9,1
20230921,45,39.98,14866.1,12263.9,1
20230921,45,40.00,14866.1,12263.9,1
20230921,45,42.88,14866.1,12251.7,1
20230921,45,43.50,14866.1,12234.9,1
20230921,45,45.00,14866.1,12234.8,1
20230921,45,45.01,14866.1,12199.7,1
20230921,45,45.12,14866.1,11766.3,1
20230921,45,46.00,14866.1,11763.9,1
20230921,45,47.50,14866.1,11750.5,1
20230921,45,50.00,14866.1,11750.2,1
20230921,45,50.01,14866.7,11681.4,1
20230921,45,60.00,14866.7,11681.4,1
20230921,45,61.00,14866.7,11655.2,1
20230921,45,62.00,14866.7,11650.5,1
20230921,45,67.94,14866.7,11631.2,1
20230921,45,77.80,14866.7,11622.6,1
20230921,45,79.90,14866.7,11595.8,1
20230921,45,79.98,14886.7,11594.3,1
20230921,45,80.00,14886.7,11594.3,1
20230921,45,80.01,14886.7,11337.4,1
20230921,45,80.05,14886.7,11312.2,1
20230921,45,80.10,14886.7,11308.0,1
20230921,45,80.20,14886.7,11296.9,1
20230921,45,80.21,14896.7,11288.9,1
20230921,45,82.01,14896.7,11288.9,1
20230921,45,85.00,14896.7,11264.1,1
20230921,45,90.00,14896.7,11261.8,1
20230921,45,99.90,14896.7,11250.8,1
20230921,45,100.00,14896.7,11250.6,1
20230921,45,100.01,14897.0,11084.7,1
20230921,45,101.00,14897.0,11084.7,1
20230921,45,102.00,14897.0,11045.3,1
20230921,45,120.10,14897.0,11010.1,1
20230921,45,138.00,14897.0,11001.9,1
20230921,45,190.00,14897.0,10903.1,1
20230921,45,200.00,14897.0,10902.6,1
20230921,45,200.01,14897.0,10278.5,1
20230921,45,200.10,14897.0,9720.2,1
20230921,45,200.50,14897.0,9718.3,1
20230921,45,201.00,14897.0,9717.9,1
20230921,45,210.00,14897.0,9696.7,1
20230921,45,250.00,14897.0,9553.9,1
20230921,45,300.00,14897.0,9552.8,1
20230921,45,548.66,14897.0,9540.8,1
20230921,45,550.02,14897.0,9377.0,1
20230921,45,999.00,14897.0,9273.9,1
20230921,45,999.99,14897.0,0.0,1
20230921,46,0.00,0.0,23808.9,0
20230921,46,0.00,4792.3,23808.9,0
20230921,46,0.01,17312.0,23808.9,0
20230921,46,0.02,17336.9,23808.7,0
20230921,46,0.03,17336.9,23808.3,0
20230921,46,0.04,17349.1,23786.2,0
20230921,46,0.10,17349.1,23786.2,0
20230921,46,0.20,17349.1,23666.1,0
20230921,46,0.30,17349.1,23626.1,0
20230921,46,0.41,17503.2,23622.1,0
20230921,46,0.62,17503.2,23622.1,0
20230921,46,1.00,18105.5,23582.1,0
20230921,46,1.01,18105.5,23500.3,0
20230921,46,1.12,18105.5,23465.3,0
20230921,46,1.45,18175.5,23455.3,0
20230921,46,1.91,18178.5,23455.3,0
20230921,46,2.01,18178.5,23455.3,0
20230921,46,2.10,18178.5,23430.3,0
20230921,46,2.12,18178.5,23424.3,0
20230921,46,2.15,18291.9,23404.3,0
20230921,46,2.40,18294.4,23404.3,0
20230921,46,2.95,18295.4,23404.3,0
20230921,46,3.00,18296.0,23404.3,0
20230921,46,3.01,18296.0,23364.2,0
20230921,46,3.12,18296.0,23339.2,0
20230921,46,3.41,18299.0,23309.2,0
20230921,46,4.45,18300.0,23309.2,0
20230921,46,4.65,18305.2,23309.2,0
20230921,46,4.79,18307.8,23309.2,0
20230921,46,4.91,18310.8,23309.2,0
20230921,46,5.00,18412.6,23309.2,0
20230921,46,5.01,18412.6,23184.4,0
20230921,46,5.12,18412.6,23139.4,0
20230921,46,5.95,18413.6,23119.4,0
20230921,46,6.00,18413.6,23119.4,0
20230921,46,6.11,18413.6,23079.8,0
20230921,46,6.12,18414.7,23071.8,0
20230921,46,6.26,18414.7,23071.8,0
20230921,46,6.41,18417.7,23065.8,0
20230921,46,7.00,18417.7,23065.8,0
20230921,46,7.01,18417.7,23065.7,0
20230921,46,7.12,18417.7,22928.4,0
20230921,46,7.18,18420.2,22908.4,0
20230921,46,7.45,18421.2,22908.4,0
20230921,46,7.50,18461.2,22908.4,0
20230921,46,7.70,18463.8,22908.4,0
20230921,46,7.90,18463.8,22908.4,0
20230921,46,7.91,18466.8,22900.5,0
20230921,46,8.00,18495.5,22900.5,0
20230921,46,8.02,18512.5,22877.0,0
20230921,46,8.50,18512.5,22877.0,0
20230921,46,8.95,18513.5,22867.0,0
20230921,46,9.09,18513.5,22867.0,0
20230921,46,9.12,18513.5,22710.0,0
20230921,46,9.41,18516.5,22700.0,0
20230921,46,9.57,18520.2,22700.0,0
20230921,46,10.00,18547.5,22700.0,0
20230921,46,10.05,18547.6,22428.8,0
20230921,46,10.13,18547.6,22428.8,0
20230921,46,10.14,18547.6,22418.8,0
20230921,46,10.17,18547.6,22408.8,0
20230921,46,10.21,18547.6,22378.8,0
20230921,46,10.22,18547.6,22145.9,0
20230921,46,10.45,18548.6,21910.0,0
20230921,46,10.91,18551.6,21910.0,0
20230921,46,11.12,18551.6,21910.0,0
20230921,46,11.18,18557.4,21900.0,0
20230921,46,11.50,18557.4,21900.0,0
20230921,46,11.61,18557.4,21848.7,0
20230921,46,11.69,18560.4,21683.7,0
20230921,46,11.71,18561.2,21660.7,0
20230921,46,11.73,18561.2,21660.7,0
20230921,46,11.80,18561.2,21460.7,0
20230921,46,11.87,18561.2,21260.5,0
20230921,46,11.94,18561.2,21060.5,0
20230921,46,11.95,18561.2,20860.5,0
20230921,46,11.96,18565.2,20859.7,0
20230921,46,12.00,18565.2,20859.7,0
20230921,46,12.02,18565.2,20859.6,0
20230921,46,12.07,18566.1,20659.6,0
20230921,46,12.10,18566.1,20659.6,0
20230921,46,12.13,18566.1,20459.6,0
20230921,46,12.14,18566.1,20444.6,0
20230921,46,12.17,18566.1,20434.6,0
20230921,46,12.18,18566.1,20432.6,0
20230921,46,12.19,18566.9,20232.6,0
20230921,46,12.21,18570.8,20232.6,0
20230921,46,12.23,18570.8,20232.6,0
20230921,46,12.30,18571.7,20199.5,0
20230921,46,12.41,18575.5,19999.5,0
20230921,46,12.43,18575.5,19999.5,0
20230921,46,12.44,18575.5,19987.3,0
20230921,46,12.46,18576.0,19787.3,0
20230921,46,12.50,18644.0,19787.3,0
20230921,46,12.52,18644.8,19777.2,0
20230921,46,12.66,18644.8,19765.6,0
20230921,46,12.69,18644.8,19707.6,0
20230921,46,12.71,18644.8,19626.1,0
20230921,46,12.72,18645.3,19614.4,0
20230921,46,12.73,18645.3,19614.4,0
20230921,46,12.78,18645.3,19414.4,0
20230921,46,12.90,18645.3,19165.5,0
20230921,46,12.97,18645.8,19153.9,0
20230921,46,13.02,18647.0,19153.9,0
20230921,46,13.09,18647.0,19153.9,0
20230921,46,13.12,18647.0,19130.6,0
20230921,46,13.18,18647.0,19100.6,0
20230921,46,13.20,18647.0,19100.5,0
20230921,46,13.22,18647.5,19100.4,0
20230921,46,13.45,18647.5,19100.4,0
20230921,46,13.50,18657.5,19100.3,0
20230921,46,13.95,18657.5,19100.3,0
20230921,46,14.00,18657.5,19091.1,0
20230921,46,14.10,18657.5,18973.6,0
20230921,46,14.13,18657.5,18973.0,0
20230921,46,14.14,18657.5,18948.0,0
20230921,46,14.30,18657.5,18928.0,0
20230921,46,14.50,18677.5,18924.6,0
20230921,46,14.55,18677.5,18923.5,0
20230921,46,14.76,18677.5,18922.8,0
20230921,46,14.83,18677.5,18725.8,0
20230921,46,14.94,18677.5,18725.7,0
20230921,46,14.95,18677.5,18725.5,0
20230921,46,14.99,18677.5,18724.5,0
20230921,46,15.00,18772.5,18724.4,0
20230921,46,15.15,18772.5,18724.2,0
20230921,46,15.17,18859.6,18715.3,0
20230921,46,15.20,18859.6,18715.3,0
20230921,46,15.22,18859.6,18715.2,0
20230921,46,15.35,18859.6,18701.2,0
20230921,46,15.41,18859.6,18489.2,0
20230921,46,15.45,18859.6,18488.9,0
20230921,46,15.51,18859.6,18450.9,0
20230921,46,15.58,18859.6,18443.3,0
20230921,46,15.68,18923.6,18442.7,0
20230921,46,15.72,18935.0,18442.7,0
20230921,46,15.73,18935.0,18442.7,0
20230921,46,15.80,18935.0,18434.9,0
20230921,46,15.90,18941.0,18434.6,0
20230921,46,15.91,18941.0,18434.6,0
20230921,46,16.00,18942.0,18434.4,0
20230921,46,16.05,18942.0,18432.5,0
20230921,46,16.10,18943.0,18424.3,0
20230921,46,16.11,18943.0,18419.8,0
20230921,46,16.20,18944.0,18400.9,0
20230921,46,16.22,18944.0,18350.9,0
20230921,46,16.30,18945.0,18300.9,0
20230921,46,16.40,18945.0,18300.9,0
20230921,46,16.45,18945.0,18291.6,0
20230921,46,16.70,18945.0,18290.6,0
20230921,46,16.80,18945.0,18290.5,0
20230921,46,16.91,18945.0,18213.5,0
20230921,46,16.99,18945.0,18210.5,0
20230921,46,17.00,18945.0,18210.4,0
20230921,46,17.11,18945.0,18209.7,0
20230921,46,17.18,18945.0,18199.8,0
20230921,46,17.23,18945.0,18183.6,0
20230921,46,17.25,18945.0,18131.6,0
20230921,46,17.27,18945.0,18130.8,0
20230921,46,17.38,18945.0,18130.2,0
20230921,46,17.45,18945.0,18086.2,0
20230921,46,17.50,18945.0,18086.0,0
20230921,46,17.55,18945.0,18085.0,0
20230921,46,17.58,18945.0,18063.0,0
20230921,46,17.65,19020.0,18040.0,0
20230921,46,17.90,19020.0,18040.0,0
20230921,46,17.93,19020.0,18038.8,0
20230921,46,17.95,19020.0,17868.8,0
20230921,46,18.00,19020.0,17867.8,0
20230921,46,18.03,19020.0,17865.6,0
20230921,46,18.06,19020.0,17865.5,0
20230921,46,18.13,19049.9,17777.5,0
20230921,46,18.14,19059.8,17777.4,0
20230921,46,18.41,19059.8,17777.4,0
20230921,46,18.62,19059.8,17775.3,0
20230921,46,18.63,19065.4,17771.5,0
20230921,46,18.87,19065.4,17771.5,0
20230921,46,18.88,19065.4,17470.5,0
20230921,46,19.00,19065.4,17415.2,0
20230921,46,19.45,19065.4,17414.5,0
20230921,46,19.69,19065.4,17413.5,0
20230921,46,19.71,19274.4,17194.9,0
20230921,46,19.91,19274.4,17194.9,0
20230921,46,20.00,19274.4,17192.9,0
20230921,46,20.11,19285.8,17154.8,0
20230921,46,20.15,19285.9,17154.8,0
20230921,46,20.90,19285.9,17154.8,0
20230921,46,20.95,19285.9,17145.9,0
20230921,46,21.00,19285.9,17144.9,0
20230921,46,21.12,19285.9,17144.8,0
20230921,46,21.15,19285.9,17140.4,0
20230921,46,21.41,19285.9,17121.5,0
20230921,46,22.00,19285.9,17120.1,0
20230921,46,22.27,19285.9,17069.4,0
20230921,46,22.80,19735.0,17063.7,0
20230921,46,22.90,19735.0,17063.7,0
20230921,46,22.91,19735.0,17052.0,0
20230921,46,23.00,19748.0,17051.0,0
20230921,46,23.03,19748.0,17051.0,0
20230921,46,23.71,19748.0,17050.9,0
20230921,46,24.41,19748.0,16839.9,0
20230921,46,25.00,19748.0,16838.9,0
20230921,46,25.91,19748.0,16838.6,0
20230921,46,26.00,19748.0,16837.6,0
20230921,46,26.13,19748.0,16837.4,0
20230921,46,26.19,19748.0,16833.0,0
20230921,46,27.00,19748.0,16814.0,0
20230921,46,27.41,19748.0,16767.6,0
20230921,46,28.91,19748.0,16766.6,0
20230921,46,29.48,19748.0,16765.6,0
20230921,46,29.55,19748.0,16761.1,0
20230921,46,29.97,19748.0,16755.3,0
20230921,46,30.00,19748.0,16750.6,0
20230921,46,30.36,19748.0,16703.7,0
20230921,46,30.41,19748.0,16694.7,0
20230921,46,30.87,19748.0,16693.7,0
20230921,46,31.15,19748.0,16689.3,0
20230921,46,31.91,19748.0,16684.3,0
20230921,46,32.00,19748.0,16683.4,0
20230921,46,33.03,19748.0,16592.6,0
20230921,46,34.00,19748.0,16592.3,0
20230921,46,35.00,19748.0,16571.8,0
20230921,46,36.00,19748.0,16540.5,0
20230921,46,37.87,19748.0,16538.9,0
20230921,46,40.00,19748.0,16511.0,0
20230921,46,40.01,19748.0,16451.2,0
20230921,46,42.38,19748.0,16451.1,0
20230921,46,44.34,19748.0,16446.2,0
20230921,46,45.00,19748.0,16435.0,0
20230921,46,45.01,19748.0,16387.0,0
20230921,46,50.00,19748.0,16378.7,0
20230921,46,50.01,19748.4,16371.8,0
20230921,46,50.12,19748.4,16371.8,0
20230921,46,50.90,19748.4,16367.7,0
20230921,46,60.00,19748.4,16366.0,0
20230921,46,61.00,19748.4,16324.0,0
20230921,46,62.00,19748.4,16315.0,0
20230921,46,67.94,19748.4,16291.9,0
20230921,46,77.24,19748.4,16268.2,0
20230921,46,77.80,19748.4,15784.9,0
20230921,46,79.90,19748.4,15764.7,0
20230921,46,80.00,19748.4,15764.2,0
20230921,46,80.01,19748.4,15365.4,0
20230921,46,80.20,19748.4,15135.4,0
20230921,46,80.21,19758.3,15135.3,0
20230921,46,80.50,19758.3,15135.3,0
20230921,46,81.00,19758.3,15135.2,0
20230921,46,82.01,19758.3,15010.3,0
20230921,46,85.00,19758.3,14927.0,0
20230921,46,90.00,19758.3,14916.8,0
20230921,46,99.90,19758.3,14897.2,0
20230921,46,100.00,19758.3,14897.0,0
20230921,46,100.01,19769.5,14058.2,0
20230921,46,101.00,19769.5,14058.2,0
20230921,46,102.00,19769.5,13951.7,0
20230921,46,105.00,19769.5,13931.0,0
20230921,46,120.10,19769.5,13930.8,0
20230921,46,130.00,19769.5,13901.7,0
20230921,46,150.00,19769.5,13895.6,0
20230921,46,190.00,19769.5,13893.0,0
20230921,46,200.00,19769.5,13892.4,0
20230921,46,200.01,19769.5,12931.0,0
20230921,46,200.10,19769.5,12124.2,0
20230921,46,200.50,19769.5,11985.2,0
20230921,46,200.98,19769.5,11980.3,0
20230921,46,200.99,19769.5,11980.2,0
20230921,46,201.00,19769.5,11980.1,0
20230921,46,210.00,19769.5,11920.7,0
20230921,46,250.00,19769.5,11786.2,0
20230921,46,300.00,19769.5,11605.0,0
20230921,46,500.00,19769.5,11092.5,0
20230921,46,548.66,19769.5,11090.5,0
20230921,46,550.02,19769.5,11083.9,0
20230921,46,999.00,19769.5,10981.8,0
20230921,46,999.99,19769.5,0.0,0
20230921,46,0.00,0.0,17979.3,1
20230921,46,0.00,8674.3,17979.3,1
20230921,46,0.01,14093.9,17979.3,1
20230921,46,0.02,14230.5,17976.9,1
20230921,46,0.03,14230.5,17964.9,1
20230921,46,0.20,14230.5,17956.6,1
20230921,46,0.62,14230.5,17896.6,1
20230921,46,1.00,14290.8,17856.6,1
20230921,46,1.01,14290.8,17811.0,1
20230921,46,1.12,14290.8,17801.0,1
20230921,46,1.45,14325.5,17781.0,1
20230921,46,2.01,14325.5,17781.0,1
20230921,46,2.12,14325.5,17766.0,1
20230921,46,2.22,14328.4,17726.0,1
20230921,46,2.95,14331.4,17726.0,1
20230921,46,3.00,14334.3,17726.0,1
20230921,46,3.01,14334.3,17706.0,1
20230921,46,3.12,14334.3,17681.0,1
20230921,46,4.00,14334.3,17621.0,1
20230921,46,4.01,14334.7,17619.3,1
20230921,46,4.43,14343.0,17619.3,1
20230921,46,4.45,14346.0,17619.3,1
20230921,46,5.00,14424.7,17619.3,1
20230921,46,5.01,14424.7,17456.3,1
20230921,46,5.04,14424.7,17421.3,1
20230921,46,5.12,14424.7,16871.3,1
20230921,46,5.50,14424.8,16831.3,1
20230921,46,5.95,14428.5,16831.3,1
20230921,46,6.00,14455.8,16831.3,1
20230921,46,6.26,14455.8,16815.5,1
20230921,46,6.50,14465.8,16813.9,1
20230921,46,6.63,14475.0,16813.9,1
20230921,46,6.94,14480.7,16813.9,1
20230921,46,7.00,14481.3,16813.9,1
20230921,46,7.12,14481.3,16813.9,1
20230921,46,7.45,14485.6,16773.9,1
20230921,46,7.47,14485.6,16773.9,1
20230921,46,7.94,14485.6,16657.9,1
20230921,46,8.00,14487.7,16541.9,1
20230921,46,8.01,14487.7,16466.5,1
20230921,46,8.02,14494.1,16463.9,1
20230921,46,8.59,14494.1,16463.9,1
20230921,46,8.84,14503.2,16462.7,1
20230921,46,8.95,14508.2,16462.7,1
20230921,46,9.00,14508.2,16462.7,1
20230921,46,9.23,14508.2,16455.8,1
20230921,46,9.34,14508.2,16308.8,1
20230921,46,9.36,14508.2,16278.8,1
20230921,46,9.46,14508.2,16131.8,1
20230921,46,9.50,14508.2,16121.8,1
20230921,46,9.60,14508.2,15974.8,1
20230921,46,9.66,14508.2,15912.8,1
20230921,46,9.79,14508.2,15765.8,1
20230921,46,9.80,14508.2,15760.7,1
20230921,46,9.81,14508.2,15710.7,1
20230921,46,9.82,14508.2,15660.7,1
20230921,46,10.00,14551.0,15598.7,1
20230921,46,10.05,14571.0,15586.3,1
20230921,46,10.20,14571.0,15586.3,1
20230921,46,10.21,14571.0,15462.3,1
20230921,46,10.22,14571.0,15418.3,1
20230921,46,10.23,14571.0,15368.3,1
20230921,46,10.38,14571.0,15318.3,1
20230921,46,10.45,14576.0,15194.3,1
20230921,46,10.46,14576.0,15194.3,1
20230921,46,10.50,14601.0,15070.3,1
20230921,46,10.51,14601.0,14980.3,1
20230921,46,10.69,14608.9,14856.3,1
20230921,46,11.00,14608.9,14856.3,1
20230921,46,11.05,14617.9,14837.5,1
20230921,46,11.19,14617.9,14837.5,1
20230921,46,11.23,14632.6,14665.8,1
20230921,46,11.25,14635.7,14665.8,1
20230921,46,11.34,14635.7,14665.8,1
20230921,46,11.40,14635.7,14635.8,1
20230921,46,11.45,14638.7,14484.8,1
20230921,46,11.46,14638.7,14484.8,1
20230921,46,11.50,14638.7,14464.8,1
20230921,46,11.58,14643.9,14426.0,1
20230921,46,11.62,14643.9,14426.0,1
20230921,46,11.64,14647.0,14422.8,1
20230921,46,11.67,14647.0,14422.8,1
20230921,46,11.71,14652.5,14271.8,1
20230921,46,11.75,14652.5,14271.8,1
20230921,46,11.84,14655.5,14256.6,1
20230921,46,12.00,14656.7,14256.6,1
20230921,46,12.04,14659.6,14253.1,1
20230921,46,12.26,14768.0,14252.6,1
20230921,46,12.37,14768.0,14252.6,1
20230921,46,12.70,14768.0,14252.0,1
20230921,46,13.00,14768.0,14251.5,1
20230921,46,13.01,14768.5,14239.1,1
20230921,46,13.02,14867.9,14229.1,1
20230921,46,13.03,14867.9,14195.4,1
20230921,46,13.04,14867.9,14160.5,1
20230921,46,13.05,14867.9,14126.8,1
20230921,46,13.34,14867.9,14093.1,1
20230921,46,13.39,14867.9,14038.1,1
20230921,46,13.45,14867.9,13938.1,1
20230921,46,13.46,14867.9,13937.6,1
20230921,46,13.94,14867.9,13907.6,1
20230921,46,14.00,14867.9,13907.3,1
20230921,46,14.53,14867.9,13904.6,1
20230921,46,14.67,14867.9,13614.6,1
20230921,46,14.87,14867.9,13612.6,1
20230921,46,14.95,14867.9,13612.4,1
20230921,46,15.00,14867.9,13609.6,1
20230921,46,15.01,14867.9,13609.5,1
20230921,46,15.34,14887.9,13608.3,1
20230921,46,15.52,14887.9,13608.3,1
20230921,46,15.65,14887.9,13608.1,1
20230921,46,15.81,14887.9,13607.0,1
20230921,46,15.89,14887.9,13606.8,1
20230921,46,16.45,14887.9,13606.7,1
20230921,46,16.50,14887.9,13605.7,1
20230921,46,16.74,14887.9,13605.1,1
20230921,46,16.93,14887.9,13604.8,1
20230921,46,17.00,14887.9,13600.3,1
20230921,46,17.33,14887.9,13579.7,1
20230921,46,17.34,14935.7,13569.7,1
20230921,46,17.37,14935.7,13569.7,1
20230921,46,17.50,14935.7,13561.7,1
20230921,46,17.53,14935.7,13561.6,1
20230921,46,17.62,14935.7,13531.6,1
20230921,46,17.67,14935.7,13511.6,1
20230921,46,17.68,14935.7,13510.5,1
20230921,46,17.84,14935.7,13480.5,1
20230921,46,17.88,14935.7,13450.5,1
20230921,46,17.95,14935.7,13335.1,1
20230921,46,17.99,14935.7,13334.1,1
20230921,46,18.00,14935.7,13304.1,1
20230921,46,18.07,14935.7,13254.1,1
20230921,46,18.15,14935.7,13252.6,1
20230921,46,18.30,14935.7,13222.6,1
20230921,46,18.45,14935.7,13192.5,1
20230921,46,18.61,14935.7,13162.5,1
20230921,46,18.65,14935.7,13132.5,1
20230921,46,18.70,14935.7,13114.1,1
20230921,46,18.81,14935.7,13064.1,1
20230921,46,18.84,14935.7,12931.8,1
20230921,46,18.85,14965.7,12911.8,1
20230921,46,19.00,14965.7,12911.8,1
20230921,46,19.03,14992.7,12911.7,1
20230921,46,19.20,14992.7,12911.7,1
20230921,46,19.45,14992.7,12873.7,1
20230921,46,20.00,14992.7,12873.5,1
20230921,46,20.03,14992.7,12851.3,1
20230921,46,20.52,14992.7,12850.1,1
20230921,46,20.89,14992.7,12847.4,1
20230921,46,21.00,14992.7,12846.4,1
20230921,46,21.12,14992.7,12845.3,1
20230921,46,21.93,14992.7,12075.3,1
20230921,46,22.28,15042.7,12034.0,1
20230921,46,22.94,15042.7,12034.0,1
20230921,46,24.40,15042.7,12033.5,1
20230921,46,25.00,15042.7,12032.3,1
20230921,46,26.00,15042.7,12031.8,1
20230921,46,26.51,15042.7,12030.0,1
20230921,46,27.00,15042.7,12027.7,1
20230921,46,27.01,15042.7,11999.1,1
20230921,46,27.32,15042.7,11993.4,1
20230921,46,28.00,15042.7,11992.2,1
20230921,46,28.53,15042.7,11992.1,1
20230921,46,28.78,15042.7,11991.0,1
20230921,46,29.10,15042.7,11980.6,1
20230921,46,30.00,15042.7,11979.8,1
20230921,46,30.56,15042.7,11961.7,1
20230921,46,32.00,15042.7,11960.7,1
20230921,46,33.33,15042.7,11891.6,1
20230921,46,35.00,15042.7,11861.6,1
20230921,46,36.00,15042.7,11859.3,1
20230921,46,39.98,15102.7,11834.3,1
20230921,46,40.00,15102.7,11834.3,1
20230921,46,40.50,15102.7,11824.1,1
20230921,46,42.38,15102.7,11824.0,1
20230921,46,44.50,15102.7,11808.2,1
20230921,46,45.00,15102.7,11807.9,1
20230921,46,45.01,15102.7,11777.1,1
20230921,46,45.12,15102.7,11323.9,1
20230921,46,46.00,15102.7,11321.8,1
20230921,46,50.00,15102.7,11312.2,1
20230921,46,50.01,15103.3,11246.6,1
20230921,46,60.00,15103.3,11246.6,1
20230921,46,61.00,15103.3,11221.3,1
20230921,46,62.00,15103.3,11217.5,1
20230921,46,67.94,15103.3,11198.6,1
20230921,46,77.80,15103.3,11190.1,1
20230921,46,79.90,15103.3,11164.4,1
20230921,46,79.98,15123.3,11163.1,1
20230921,46,80.00,15123.3,11163.1,1
20230921,46,80.01,15123.3,10921.2,1
20230921,46,80.10,15123.3,10897.0,1
20230921,46,80.20,15123.3,10886.5,1
20230921,46,80.21,15133.3,10878.5,1
20230921,46,82.01,15133.3,10878.5,1
20230921,46,85.00,15133.3,10855.9,1
20230921,46,90.00,15133.3,10853.7,1
20230921,46,99.90,15133.3,10843.1,1
20230921,46,100.00,15133.3,10842.9,1
20230921,46,100.01,15133.6,10687.1,1
20230921,46,101.00,15133.6,10687.1,1
20230921,46,102.00,15133.6,10647.7,1
20230921,46,120.10,15133.6,10614.4,1
20230921,46,138.00,15133.6,10606.6,1
20230921,46,190.00,15133.6,10510.2,1
20230921,46,200.00,15133.6,10509.8,1
20230921,46,200.01,15133.6,9909.2,1
20230921,46,200.10,15133.6,9356.4,1
20230921,46,200.50,15133.6,9354.5,1
20230921,46,201.00,15133.6,9354.1,1
20230921,46,210.00,15133.6,9333.3,1
20230921,46,250.00,15133.6,9187.5,1
20230921,46,300.00,15133.6,9186.4,1
20230921,46,548.66,15133.6,9174.4,1
20230921,46,550.02,15133.6,9079.6,1
20230921,46,999.00,15133.6,8976.5,1
20230921,46,999.99,15133.6,0.0,1
20230921,47,0.00,0.0,23334.1,0
20230921,47,0.00,4666.4,23334.1,0
20230921,47,0.01,17214.7,23334.1,0
20230921,47,0.02,17238.7,23333.9,0
20230921,47,0.03,17238.7,23333.5,0
20230921,47,0.04,17252.2,23312.0,0
20230921,47,0.05,17418.6,23312.0,0
20230921,47,0.10,17418.6,23312.0,0
20230921,47,0.20,17418.6,23191.9,0
20230921,47,0.30,17418.6,23176.9,0
20230921,47,0.62,17418.6,23172.9,0
20230921,47,1.00,18053.0,23132.9,0
20230921,47,1.01,18053.0,23062.9,0
20230921,47,1.12,18053.0,23042.9,0
20230921,47,1.29,18128.7,23032.9,0
20230921,47,1.55,18131.7,23032.9,0
20230921,47,2.01,18131.7,23032.9,0
20230921,47,2.10,18131.7,23007.9,0
20230921,47,2.12,18131.7,23001.9,0
20230921,47,2.15,18245.1,22981.9,0
20230921,47,2.35,18247.6,22981.9,0
20230921,47,2.79,18248.6,22981.9,0
20230921,47,3.00,18249.3,22981.9,0
20230921,47,3.01,18249.3,22941.8,0
20230921,47,3.05,18252.3,22916.8,0
20230921,47,3.12,18252.3,22916.8,0
20230921,47,4.29,18253.3,22886.8,0
20230921,47,4.55,18256.3,22886.8,0
20230921,47,4.65,18261.3,22886.8,0
20230921,47,4.69,18263.9,22886.8,0
20230921,47,5.00,18371.7,22886.8,0
20230921,47,5.01,18371.7,22763.5,0
20230921,47,5.12,18371.7,22728.5,0
20230921,47,5.79,18372.7,22708.5,0
20230921,47,5.92,18372.7,22708.5,0
20230921,47,5.93,18373.8,22700.8,0
20230921,47,6.00,18373.8,22700.8,0
20230921,47,6.05,18376.8,22661.9,0
20230921,47,6.26,18376.8,22661.9,0
20230921,47,7.00,18376.8,22655.9,0
20230921,47,7.01,18376.8,22655.8,0
20230921,47,7.03,18380.1,22520.7,0
20230921,47,7.12,18380.1,22520.7,0
20230921,47,7.29,18381.1,22500.7,0
20230921,47,7.50,18421.1,22500.7,0
20230921,47,7.55,18424.1,22500.7,0
20230921,47,7.70,18426.7,22500.7,0
20230921,47,7.90,18426.7,22500.7,0
20230921,47,8.00,18455.6,22493.0,0
20230921,47,8.02,18471.9,22470.5,0
20230921,47,8.50,18471.9,22470.5,0
20230921,47,8.79,18472.9,22460.5,0
20230921,47,9.05,18475.9,22460.5,0
20230921,47,9.09,18475.9,22460.5,0
20230921,47,9.19,18475.9,22303.5,0
20230921,47,9.37,18480.1,22293.5,0
20230921,47,10.00,18511.0,22293.5,0
20230921,47,10.05,18511.6,22012.3,0
20230921,47,10.15,18511.6,22012.3,0
20230921,47,10.17,18511.6,22002.3,0
20230921,47,10.21,18511.6,21972.3,0
20230921,47,10.22,18511.6,21739.7,0
20230921,47,10.29,18512.6,21501.9,0
20230921,47,10.55,18515.6,21501.9,0
20230921,47,11.08,18516.5,21501.9,0
20230921,47,11.18,18522.3,21501.9,0
20230921,47,11.19,18522.3,21501.9,0
20230921,47,11.50,18522.3,21491.9,0
20230921,47,11.58,18522.3,21441.6,0
20230921,47,11.61,18522.3,21241.6,0
20230921,47,11.66,18522.3,21076.6,0
20230921,47,11.69,18525.3,20876.6,0
20230921,47,11.71,18529.3,20876.6,0
20230921,47,11.75,18529.3,20876.6,0
20230921,47,11.80,18530.2,20676.6,0
20230921,47,11.83,18530.2,20676.4,0
20230921,47,11.88,18531.0,20476.4,0
20230921,47,11.89,18531.0,20476.4,0
20230921,47,11.95,18531.5,20276.4,0
20230921,47,11.97,18532.4,20275.7,0
20230921,47,11.98,18532.4,20075.7,0
20230921,47,12.00,18532.4,20053.7,0
20230921,47,12.04,18532.4,20037.6,0
20230921,47,12.05,18536.2,19837.6,0
20230921,47,12.13,18536.2,19837.6,0
20230921,47,12.14,18537.0,19637.6,0
20230921,47,12.15,18537.0,19628.2,0
20230921,47,12.19,18537.5,19618.2,0
20230921,47,12.21,18540.7,19618.2,0
20230921,47,12.23,18540.7,19618.2,0
20230921,47,12.28,18540.7,19418.2,0
20230921,47,12.35,18540.7,19408.7,0
20230921,47,12.39,18540.7,19208.7,0
20230921,47,12.43,18541.2,19131.9,0
20230921,47,12.50,18609.2,19122.5,0
20230921,47,12.57,18609.2,19112.4,0
20230921,47,12.60,18609.2,19093.5,0
20230921,47,12.63,18609.2,19062.6,0
20230921,47,12.65,18609.2,19051.1,0
20230921,47,12.66,18609.2,18812.4,0
20230921,47,12.67,18609.7,18754.4,0
20230921,47,12.85,18673.7,18754.4,0
20230921,47,12.91,18674.2,18754.4,0
20230921,47,12.99,18674.2,18754.4,0
20230921,47,13.02,18675.3,18752.2,0
20230921,47,13.03,18675.3,18752.2,0
20230921,47,13.18,18739.3,18750.2,0
20230921,47,13.19,18739.3,18750.1,0
20230921,47,13.20,18739.3,18720.1,0
20230921,47,13.23,18739.3,18720.0,0
20230921,47,13.29,18739.3,18717.8,0
20230921,47,13.43,18803.3,18717.7,0
20230921,47,13.48,18803.3,18717.7,0
20230921,47,13.50,18813.3,18715.5,0
20230921,47,13.72,18813.3,18715.5,0
20230921,47,13.95,18813.3,18711.1,0
20230921,47,14.00,18813.3,18702.1,0
20230921,47,14.07,18877.3,18566.3,0
20230921,47,14.10,18877.3,18566.3,0
20230921,47,14.15,18877.3,18565.7,0
20230921,47,14.30,18877.3,18545.7,0
20230921,47,14.50,18897.3,18542.3,0
20230921,47,14.55,18897.3,18541.2,0
20230921,47,14.69,18897.3,18540.7,0
20230921,47,14.79,18897.3,18490.7,0
20230921,47,14.83,18897.3,18489.7,0
20230921,47,14.95,18897.3,18489.6,0
20230921,47,14.99,18897.3,18489.4,0
20230921,47,15.00,18942.3,18489.3,0
20230921,47,15.05,18942.3,18438.8,0
20230921,47,15.15,18942.3,18438.5,0
20230921,47,15.17,19036.6,18436.8,0
20230921,47,15.20,19036.6,18436.8,0
20230921,47,15.22,19036.6,18436.7,0
20230921,47,15.25,19036.6,18422.0,0
20230921,47,15.40,19036.6,18300.0,0
20230921,47,15.41,19036.6,18281.1,0
20230921,47,15.51,19036.6,18255.1,0
20230921,47,15.54,19100.6,18247.5,0
20230921,47,15.58,19100.6,18247.5,0
20230921,47,15.67,19100.6,18246.9,0
20230921,47,15.73,19100.6,18034.9,0
20230921,47,15.80,19100.6,18027.1,0
20230921,47,15.90,19106.6,18026.8,0
20230921,47,15.91,19106.6,18026.8,0
20230921,47,15.92,19106.6,18026.6,0
20230921,47,16.00,19107.6,18020.7,0
20230921,47,16.05,19107.6,18018.9,0
20230921,47,16.10,19108.6,18010.7,0
20230921,47,16.17,19108.6,18010.7,0
20230921,47,16.19,19108.6,17960.7,0
20230921,47,16.20,19109.6,17910.7,0
20230921,47,16.27,19109.6,17910.7,0
20230921,47,16.28,19109.6,17906.2,0
20230921,47,16.29,19109.6,17905.6,0
20230921,47,16.30,19110.6,17904.6,0
20230921,47,16.40,19110.6,17904.6,0
20230921,47,16.50,19110.6,17895.5,0
20230921,47,16.55,19110.6,17894.8,0
20230921,47,16.99,19110.6,17891.8,0
20230921,47,17.01,19110.6,17891.7,0
20230921,47,17.03,19160.6,17815.7,0
20230921,47,17.18,19160.6,17815.7,0
20230921,47,17.25,19160.6,17789.6,0
20230921,47,17.29,19160.6,17788.9,0
20230921,47,17.45,19160.6,17736.9,0
20230921,47,17.49,19160.6,17736.7,0
20230921,47,17.50,19160.6,17692.7,0
20230921,47,17.55,19160.6,17691.7,0
20230921,47,17.61,19160.6,17690.5,0
20230921,47,17.64,19160.6,17681.5,0
20230921,47,17.65,19235.6,17660.5,0
20230921,47,17.79,19235.6,17660.5,0
20230921,47,17.90,19235.6,17659.5,0
20230921,47,18.00,19265.5,17413.5,0
20230921,47,18.03,19265.5,17411.5,0
20230921,47,18.05,19265.5,17399.4,0
20230921,47,18.14,19265.5,17397.4,0
20230921,47,18.15,19275.4,17397.3,0
20230921,47,18.62,19275.4,17397.3,0
20230921,47,18.63,19282.5,17395.0,0
20230921,47,18.76,19282.5,17395.0,0
20230921,47,19.00,19282.5,17349.6,0
20230921,47,19.07,19282.5,17349.0,0
20230921,47,19.29,19282.5,17048.0,0
20230921,47,19.55,19282.5,17047.0,0
20230921,47,19.69,19282.5,17045.0,0
20230921,47,19.71,19491.5,16847.5,0
20230921,47,19.79,19491.5,16847.5,0
20230921,47,20.00,19491.5,16839.1,0
20230921,47,20.11,19502.9,16801.6,0
20230921,47,20.16,19503.0,16782.7,0
20230921,47,20.53,19503.0,16782.7,0
20230921,47,20.79,19503.0,16778.3,0
20230921,47,21.00,19503.0,16777.5,0
20230921,47,21.05,19503.0,16777.4,0
20230921,47,21.28,19503.0,16776.1,0
20230921,47,22.00,19503.0,16770.7,0
20230921,47,22.55,19503.0,16723.8,0
20230921,47,22.80,19952.1,16711.2,0
20230921,47,23.00,19965.1,16711.2,0
20230921,47,23.03,19965.1,16711.2,0
20230921,47,24.00,19965.1,16711.1,0
20230921,47,24.05,19965.1,16710.9,0
20230921,47,24.78,19965.1,16709.9,0
20230921,47,24.83,19965.1,16705.5,0
20230921,47,25.00,19965.1,16695.0,0
20230921,47,25.55,19965.1,16694.7,0
20230921,47,25.56,19965.1,16693.7,0
20230921,47,27.00,19965.1,16406.7,0
20230921,47,27.05,19965.1,16361.8,0
20230921,47,27.62,19965.1,16360.8,0
20230921,47,28.55,19965.1,16356.3,0
20230921,47,28.80,19965.1,16355.3,0
20230921,47,29.03,19965.1,16350.9,0
20230921,47,30.00,19965.1,16348.0,0
20230921,47,30.03,19965.8,16311.7,0
20230921,47,30.05,19965.8,16311.7,0
20230921,47,30.36,19965.8,16310.9,0
20230921,47,32.00,19965.8,16302.7,0
20230921,47,33.03,19965.8,16216.0,0
20230921,47,34.00,19965.8,16215.7,0
20230921,47,35.00,19965.8,16197.2,0
20230921,47,37.94,19965.8,16169.7,0
20230921,47,40.00,19965.8,16143.7,0
20230921,47,40.01,19965.8,16091.4,0
20230921,47,41.80,19965.8,16091.3,0
20230921,47,43.94,19965.8,16086.5,0
20230921,47,45.00,19965.8,16075.8,0
20230921,47,45.01,19965.8,16030.3,0
20230921,47,50.00,19965.8,16023.4,0
20230921,47,50.01,19966.2,16016.8,0
20230921,47,50.12,19966.2,16016.8,0
20230921,47,50.90,19966.2,16012.5,0
20230921,47,60.00,19966.2,16011.2,0
20230921,47,61.00,19966.2,15971.2,0
20230921,47,62.00,19966.2,15962.4,0
20230921,47,67.94,19966.2,15939.8,0
20230921,47,77.24,19966.2,15916.5,0
20230921,47,77.80,19966.2,15555.4,0
20230921,47,79.90,19966.2,15538.3,0
20230921,47,80.00,19966.2,15537.8,0
20230921,47,80.01,19966.2,15158.5,0
20230921,47,80.20,19966.2,14935.0,0
20230921,47,80.21,19976.1,14934.9,0
20230921,47,80.50,19976.1,14934.9,0
20230921,47,81.00,19976.1,14934.8,0
20230921,47,82.01,19976.1,14815.2,0
20230921,47,85.00,19976.1,14738.2,0
20230921,47,90.00,19976.1,14728.4,0
20230921,47,99.90,19976.1,14709.5,0
20230921,47,100.00,19976.1,14709.3,0
20230921,47,100.01,19987.4,13882.0,0
20230921,47,101.00,19987.4,13882.0,0
20230921,47,102.00,19987.4,13775.5,0
20230921,47,105.00,19987.4,13755.5,0
20230921,47,120.10,19987.4,13755.3,0
20230921,47,130.00,19987.4,13727.3,0
20230921,47,150.00,19987.4,13721.5,0
20230921,47,190.00,19987.4,13718.9,0
20230921,47,200.00,19987.4,13718.3,0
20230921,47,200.01,19987.4,12798.6,0
20230921,47,200.10,19987.4,11998.5,0
20230921,47,200.50,19987.4,11859.3,0
20230921,47,200.98,19987.4,11854.4,0
20230921,47,200.99,19987.4,11854.3,0
20230921,47,201.00,19987.4,11854.2,0
20230921,47,210.00,19987.4,11796.9,0
20230921,47,250.00,19987.4,11666.9,0
20230921,47,300.00,19987.4,11487.5,0
20230921,47,500.00,19987.4,10975.1,0
20230921,47,548.66,19987.4,10973.1,0
20230921,47,550.02,19987.4,10966.5,0
20230921,47,999.00,19987.4,10864.4,0
20230921,47,999.99,19987.4,0.0,0
20230921,47,0.00,0.0,18009.8,1
20230921,47,0.00,8721.8,18009.8,1
20230921,47,0.01,14153.4,18009.8,1
20230921,47,0.02,14296.3,18007.5,1
20230921,47,0.03,14296.3,17995.5,1
20230921,47,0.04,14296.4,17987.6,1
20230921,47,0.20,14296.4,17987.6,1
20230921,47,0.62,14296.4,17927.6,1
20230921,47,1.00,14357.6,17887.6,1
20230921,47,1.01,14357.6,17840.4,1
20230921,47,1.12,14357.6,17830.4,1
20230921,47,1.29,14396.2,17810.4,1
20230921,47,2.01,14396.2,17810.4,1
20230921,47,2.12,14396.2,17795.4,1
20230921,47,2.18,14400.9,17755.4,1
20230921,47,2.79,14403.9,17755.4,1
20230921,47,3.00,14406.8,17755.4,1
20230921,47,3.01,14406.8,17735.4,1
20230921,47,3.12,14406.8,17710.4,1
20230921,47,4.00,14406.8,17650.4,1
20230921,47,4.01,14407.2,17648.8,1
20230921,47,4.29,14410.2,17648.8,1
20230921,47,4.34,14419.3,17648.8,1
20230921,47,5.00,14495.8,17648.8,1
20230921,47,5.01,14495.8,17485.2,1
20230921,47,5.04,14495.8,17450.2,1
20230921,47,5.12,14495.8,16750.2,1
20230921,47,5.32,14495.8,16710.2,1
20230921,47,5.50,14495.9,16710.1,1
20230921,47,5.79,14499.7,16710.1,1
20230921,47,6.00,14527.7,16710.1,1
20230921,47,6.26,14527.7,16692.6,1
20230921,47,6.50,14537.7,16691.0,1
20230921,47,6.51,14546.9,16691.0,1
20230921,47,6.94,14553.4,16691.0,1
20230921,47,7.00,14554.0,16691.0,1
20230921,47,7.12,14554.0,16691.0,1
20230921,47,7.29,14558.4,16651.0,1
20230921,47,7.47,14558.4,16651.0,1
20230921,47,7.94,14558.4,16535.0,1
20230921,47,8.00,14560.6,16419.0,1
20230921,47,8.01,14560.6,16343.4,1
20230921,47,8.02,14566.6,16341.0,1
20230921,47,8.59,14566.6,16341.0,1
20230921,47,8.68,14575.7,16339.8,1
20230921,47,8.77,14575.7,16339.8,1
20230921,47,8.79,14580.7,16309.8,1
20230921,47,8.96,14580.7,16309.8,1
20230921,47,9.00,14580.7,16299.8,1
20230921,47,9.23,14580.7,16292.9,1
20230921,47,9.36,14580.7,16145.9,1
20230921,47,9.50,14580.7,15998.9,1
20230921,47,9.60,14580.7,15851.9,1
20230921,47,9.66,14580.7,15792.9,1
20230921,47,9.72,14588.6,15645.9,1
20230921,47,9.79,14588.6,15645.9,1
20230921,47,9.80,14588.6,15640.8,1
20230921,47,9.81,14588.6,15590.8,1
20230921,47,9.82,14588.6,15540.8,1
20230921,47,10.00,14632.1,15479.8,1
20230921,47,10.05,14652.1,15467.5,1
20230921,47,10.20,14652.1,15467.5,1
20230921,47,10.21,14652.1,15343.5,1
20230921,47,10.22,14652.1,15299.5,1
20230921,47,10.23,14652.1,15249.5,1
20230921,47,10.29,14657.1,15199.5,1
20230921,47,10.38,14657.1,15199.5,1
20230921,47,10.46,14657.1,15075.5,1
20230921,47,10.50,14660.6,14951.5,1
20230921,47,10.51,14660.6,14861.5,1
20230921,47,10.77,14660.6,14737.5,1
20230921,47,10.85,14669.6,14707.5,1
20230921,47,10.96,14669.6,14707.5,1
20230921,47,11.00,14669.6,14687.5,1
20230921,47,11.06,14672.7,14668.7,1
20230921,47,11.08,14678.3,14668.7,1
20230921,47,11.19,14678.3,14668.7,1
20230921,47,11.27,14681.3,14497.0,1
20230921,47,11.39,14681.3,14497.0,1
20230921,47,11.40,14681.3,14494.0,1
20230921,47,11.48,14684.4,14343.0,1
20230921,47,11.53,14698.2,14343.0,1
20230921,47,11.58,14698.2,14343.0,1
20230921,47,11.67,14698.2,14306.3,1
20230921,47,11.70,14701.2,14155.3,1
20230921,47,11.72,14706.2,14155.3,1
20230921,47,11.91,14709.1,14155.3,1
20230921,47,11.92,14709.1,14154.8,1
20230921,47,12.00,14710.5,14139.9,1
20230921,47,12.26,14818.9,14136.5,1
20230921,47,12.51,14818.9,14135.9,1
20230921,47,12.62,14818.9,14135.7,1
20230921,47,12.77,14818.9,14135.2,1
20230921,47,12.96,14818.9,14080.2,1
20230921,47,12.97,14818.9,14050.2,1
20230921,47,13.00,14818.9,14049.0,1
20230921,47,13.01,14819.5,14037.1,1
20230921,47,13.02,14967.8,14027.4,1
20230921,47,13.03,14967.8,13993.7,1
20230921,47,13.04,14967.8,13960.0,1
20230921,47,13.05,14967.8,13926.3,1
20230921,47,13.29,14967.8,13892.6,1
20230921,47,13.39,14967.8,13892.1,1
20230921,47,13.40,14967.8,13792.1,1
20230921,47,14.00,14967.8,13791.9,1
20230921,47,14.29,14967.8,13789.4,1
20230921,47,14.31,14967.8,13789.1,1
20230921,47,14.53,14967.8,13777.1,1
20230921,47,14.67,14967.8,13437.1,1
20230921,47,14.77,14987.8,13427.1,1
20230921,47,14.79,14987.8,13427.1,1
20230921,47,15.00,14987.8,13424.6,1
20230921,47,15.01,14987.8,13424.5,1
20230921,47,15.18,14987.8,13423.3,1
20230921,47,15.47,14987.8,13423.1,1
20230921,47,15.48,14987.8,13422.9,1
20230921,47,15.80,14987.8,13421.8,1
20230921,47,16.06,14987.8,13421.7,1
20230921,47,16.18,14987.8,13421.5,1
20230921,47,16.29,14987.8,13417.0,1
20230921,47,16.50,14987.8,13416.0,1
20230921,47,16.76,14987.8,13414.9,1
20230921,47,16.77,15035.6,13404.9,1
20230921,47,16.95,15035.6,13404.9,1
20230921,47,17.00,15035.6,13403.8,1
20230921,47,17.18,15035.6,13383.8,1
20230921,47,17.34,15035.6,13353.8,1
20230921,47,17.49,15035.6,13323.8,1
20230921,47,17.50,15035.6,13293.8,1
20230921,47,17.64,15035.6,13293.7,1
20230921,47,17.79,15035.6,13263.7,1
20230921,47,17.88,15035.6,13263.1,1
20230921,47,18.00,15035.6,13157.2,1
20230921,47,18.07,15035.6,13107.2,1
20230921,47,18.15,15035.6,13105.8,1
20230921,47,18.30,15035.6,13075.8,1
20230921,47,18.45,15035.6,13045.7,1
20230921,47,18.61,15035.6,13015.7,1
20230921,47,18.65,15035.6,12985.7,1
20230921,47,18.70,15035.6,12967.3,1
20230921,47,18.80,15035.6,12917.3,1
20230921,47,18.81,15035.6,12908.0,1
20230921,47,18.85,15035.6,12786.0,1
20230921,47,19.00,15035.6,12736.0,1
20230921,47,19.20,15035.6,12735.9,1
20230921,47,19.66,15035.6,12613.9,1
20230921,47,20.00,15035.6,12612.7,1
20230921,47,20.47,15035.6,12593.3,1
20230921,47,20.80,15035.6,12590.6,1
20230921,47,21.00,15035.6,12589.9,1
20230921,47,21.12,15035.6,12589.0,1
20230921,47,21.18,15035.6,11939.0,1
20230921,47,22.28,15085.6,11897.9,1
20230921,47,22.94,15085.6,11897.9,1
20230921,47,23.85,15085.6,11897.5,1
20230921,47,24.00,15085.6,11896.3,1
20230921,47,25.00,15085.6,11894.3,1
20230921,47,25.43,15085.6,11893.8,1
20230921,47,26.63,15085.6,11891.4,1
20230921,47,27.00,15085.6,11890.2,1
20230921,47,27.01,15085.6,11864.9,1
20230921,47,27.80,15085.6,11858.4,1
20230921,47,28.03,15085.6,11857.3,1
20230921,47,29.10,15085.6,11848.2,1
20230921,47,30.00,15085.6,11847.4,1
20230921,47,30.56,15085.6,11831.5,1
20230921,47,32.00,15085.6,11830.5,1
20230921,47,35.00,15085.6,11765.2,1
20230921,47,36.00,15085.6,11763.1,1
20230921,47,39.98,15145.6,11738.1,1
20230921,47,40.00,15145.6,11738.1,1
20230921,47,40.50,15145.6,11729.3,1
20230921,47,41.80,15145.6,11729.2,1
20230921,47,44.50,15145.6,11714.0,1
20230921,47,45.00,15145.6,11713.7,1
20230921,47,45.01,15145.6,11686.2,1
20230921,47,45.12,15145.6,11264.0,1
20230921,47,46.00,15145.6,11262.3,1
20230921,47,50.00,15145.6,11257.0,1
20230921,47,50.01,15146.2,11193.7,1
20230921,47,60.00,15146.2,11193.7,1
20230921,47,61.00,15146.2,11169.5,1
20230921,47,62.00,15146.2,11166.3,1
20230921,47,67.94,15146.2,11147.8,1
20230921,47,77.80,15146.2,11139.6,1
20230921,47,79.90,15146.2,11115.1,1
20230921,47,79.98,15166.2,11113.9,1
20230921,47,80.00,15166.2,11113.9,1
20230921,47,80.01,15166.2,10886.4,1
20230921,47,80.10,15166.2,10863.4,1
20230921,47,80.20,15166.2,10853.6,1
20230921,47,80.21,15176.2,10845.6,1
20230921,47,82.01,15176.2,10845.6,1
20230921,47,85.00,15176.2,10827.0,1
20230921,47,90.00,15176.2,10824.8,1
20230921,47,99.90,15176.2,10814.3,1
20230921,47,100.00,15176.2,10814.2,1
20230921,47,100.01,15176.5,10667.7,1
20230921,47,101.00,15176.5,10667.7,1
20230921,47,102.00,15176.5,10628.3,1
20230921,47,120.10,15176.5,10594.6,1
20230921,47,138.00,15176.5,10587.0,1
20230921,47,190.00,15176.5,10492.3,1
20230921,47,200.00,15176.5,10492.0,1
20230921,47,200.01,15176.5,9910.1,1
20230921,47,200.10,15176.5,9359.8,1
20230921,47,200.50,15176.5,9357.9,1
20230921,47,201.00,15176.5,9357.5,1
20230921,47,210.00,15176.5,9336.9,1
20230921,47,250.00,15176.5,9270.2,1
20230921,47,300.00,15176.5,9269.1,1
20230921,47,548.66,15176.5,9257.1,1
20230921,47,550.02,15176.5,9192.3,1
20230921,47,999.00,15176.5,9089.2,1
20230921,47,999.99,15176.5,0.0,1
20230921,48,0.00,0.0,21572.5,0
20230921,48,0.00,4648.8,21572.5,0
20230921,48,0.01,16711.2,21572.5,0
20230921,48,0.02,16734.9,21572.3,0
20230921,48,0.03,16734.9,21571.9,0
20230921,48,0.04,16749.3,21551.1,0
20230921,48,0.10,16749.3,21551.1,0
20230921,48,0.20,16749.3,21436.8,0
20230921,48,0.30,16749.3,21421.8,0
20230921,48,0.62,16749.3,21417.8,0
20230921,48,1.00,17362.5,21377.8,0
20230921,48,1.01,17362.5,21313.2,0
20230921,48,1.12,17362.5,21293.2,0
20230921,48,1.25,17402.6,21283.2,0
20230921,48,1.27,17486.4,21283.2,0
20230921,48,2.01,17486.4,21283.2,0
20230921,48,2.10,17486.4,21258.2,0
20230921,48,2.12,17486.4,21252.2,0
20230921,48,2.15,17599.8,21232.2,0
20230921,48,2.46,17602.3,21232.2,0
20230921,48,2.75,17605.3,21232.2,0
20230921,48,2.77,17606.3,21232.2,0
20230921,48,3.00,17607.0,21232.2,0
20230921,48,3.01,17607.0,21192.1,0
20230921,48,3.12,17607.0,21167.1,0
20230921,48,4.25,17610.0,21137.1,0
20230921,48,4.27,17611.0,21137.1,0
20230921,48,4.55,17611.7,21137.1,0
20230921,48,4.65,17616.5,21137.1,0
20230921,48,4.91,17619.1,21137.1,0
20230921,48,5.00,17728.1,21137.1,0
20230921,48,5.01,17728.1,21015.0,0
20230921,48,5.12,17728.1,20980.0,0
20230921,48,5.69,17728.1,20960.0,0
20230921,48,5.70,17729.1,20952.7,0
20230921,48,5.75,17732.1,20952.7,0
20230921,48,5.77,17733.1,20952.7,0
20230921,48,6.00,17733.1,20952.7,0
20230921,48,6.26,17733.1,20914.4,0
20230921,48,6.81,17734.6,20908.4,0
20230921,48,7.00,17734.6,20908.4,0
20230921,48,7.01,17734.6,20908.3,0
20230921,48,7.12,17734.6,20780.5,0
20230921,48,7.25,17737.6,20760.5,0
20230921,48,7.27,17738.6,20760.5,0
20230921,48,7.36,17741.1,20760.5,0
20230921,48,7.50,17781.1,20760.5,0
20230921,48,7.70,17783.8,20760.5,0
20230921,48,7.90,17783.8,20760.5,0
20230921,48,8.00,17813.2,20753.0,0
20230921,48,8.02,17829.0,20731.5,0
20230921,48,8.50,17829.0,20731.5,0
20230921,48,8.75,17832.0,20721.5,0
20230921,48,8.77,17833.0,20721.5,0
20230921,48,9.08,17834.6,20721.5,0
20230921,48,9.09,17834.6,20721.5,0
20230921,48,9.43,17834.6,20564.5,0
20230921,48,9.81,17837.2,20554.5,0
20230921,48,10.00,17877.2,20554.5,0
20230921,48,10.05,17878.3,20474.5,0
20230921,48,10.17,17878.3,20474.5,0
20230921,48,10.21,17878.3,20444.5,0
20230921,48,10.25,17881.3,20434.5,0
20230921,48,10.27,17882.3,20434.5,0
20230921,48,10.31,17882.3,20434.5,0
20230921,48,10.58,17882.3,20424.5,0
20230921,48,10.59,17882.3,20190.1,0
20230921,48,11.00,17882.3,19952.3,0
20230921,48,11.18,17887.1,19902.3,0
20230921,48,11.35,17888.6,19902.3,0
20230921,48,11.43,17888.6,19902.3,0
20230921,48,11.50,17888.6,19892.3,0
20230921,48,11.57,17889.6,19892.0,0
20230921,48,11.60,17890.1,19892.0,0
20230921,48,11.61,17890.1,19892.0,0
20230921,48,11.69,17893.1,19527.0,0
20230921,48,11.75,17896.1,19327.0,0
20230921,48,11.78,17896.1,19327.0,0
20230921,48,11.80,17896.1,19127.0,0
20230921,48,11.85,17896.6,19126.8,0
20230921,48,11.87,17896.6,19104.8,0
20230921,48,11.93,17896.6,18904.8,0
20230921,48,11.95,17896.6,18704.8,0
20230921,48,12.00,17964.6,18704.1,0
20230921,48,12.01,17964.6,18703.0,0
20230921,48,12.11,17965.1,18503.0,0
20230921,48,12.12,17965.1,18503.0,0
20230921,48,12.13,17965.1,18303.0,0
20230921,48,12.19,17965.1,18231.7,0
20230921,48,12.21,17968.2,18031.7,0
20230921,48,12.26,17970.7,18016.7,0
20230921,48,12.31,17970.7,18016.7,0
20230921,48,12.32,17970.7,18006.7,0
20230921,48,12.36,17972.1,17806.7,0
20230921,48,12.47,17972.9,17806.7,0
20230921,48,12.50,17972.9,17606.7,0
20230921,48,12.51,17972.9,17596.6,0
20230921,48,12.57,17973.8,17594.4,0
20230921,48,12.61,17974.3,17594.4,0
20230921,48,12.66,17974.3,17594.4,0
20230921,48,12.68,17975.1,17536.4,0
20230921,48,12.74,17975.1,17507.9,0
20230921,48,12.78,17975.9,17497.1,0
20230921,48,12.94,17975.9,17487.7,0
20230921,48,13.02,17977.0,17257.0,0
20230921,48,13.17,17977.0,17257.0,0
20230921,48,13.18,17977.0,17247.5,0
20230921,48,13.20,17977.0,17247.4,0
20230921,48,13.27,17977.0,17247.3,0
20230921,48,13.43,17977.0,17247.2,0
20230921,48,13.46,17977.0,17217.2,0
20230921,48,13.50,17987.0,17215.0,0
20230921,48,13.55,17987.0,17215.0,0
20230921,48,13.60,17987.0,17205.6,0
20230921,48,13.94,17987.0,17205.1,0
20230921,48,13.95,17987.0,17186.2,0
20230921,48,13.96,17987.0,17177.6,0
20230921,48,14.00,17987.0,16943.6,0
20230921,48,14.07,18050.3,16833.6,0
20230921,48,14.08,18050.3,16833.6,0
20230921,48,14.10,18050.3,16828.1,0
20230921,48,14.20,18050.3,16827.5,0
20230921,48,14.21,18050.3,16825.5,0
20230921,48,14.30,18050.3,16800.5,0
20230921,48,14.31,18050.3,16797.2,0
20230921,48,14.40,18050.3,16777.2,0
20230921,48,14.41,18050.3,16565.2,0
20230921,48,14.50,18070.3,16563.0,0
20230921,48,14.55,18070.3,16561.9,0
20230921,48,14.75,18070.3,16561.4,0
20230921,48,14.77,18070.3,16561.1,0
20230921,48,14.83,18070.3,16560.1,0
20230921,48,14.99,18070.3,16560.0,0
20230921,48,15.00,18115.3,16559.9,0
20230921,48,15.11,18115.3,16559.7,0
20230921,48,15.17,18211.3,16559.5,0
20230921,48,15.20,18211.3,16559.5,0
20230921,48,15.22,18211.3,16559.4,0
20230921,48,15.37,18211.3,16544.7,0
20230921,48,15.41,18211.3,16540.3,0
20230921,48,15.51,18211.3,16514.3,0
20230921,48,15.58,18211.3,16506.7,0
20230921,48,15.73,18211.3,16506.1,0
20230921,48,15.80,18211.3,16498.3,0
20230921,48,15.83,18211.3,16498.1,0
20230921,48,15.90,18217.3,16422.1,0
20230921,48,15.91,18217.3,16422.1,0
20230921,48,16.00,18218.3,16421.9,0
20230921,48,16.05,18218.3,16420.1,0
20230921,48,16.10,18219.3,16411.9,0
20230921,48,16.20,18220.3,16411.9,0
20230921,48,16.21,18220.3,16361.9,0
20230921,48,16.25,18220.3,16311.9,0
20230921,48,16.27,18220.3,16308.9,0
20230921,48,16.30,18221.3,16289.0,0
20230921,48,16.40,18221.3,16289.0,0
20230921,48,16.46,18221.3,16280.3,0
20230921,48,16.99,18221.3,16236.3,0
20230921,48,17.18,18221.3,16236.2,0
20230921,48,17.21,18221.3,16220.0,0
20230921,48,17.25,18221.3,16218.8,0
20230921,48,17.29,18221.3,16218.3,0
20230921,48,17.30,18221.3,16166.3,0
20230921,48,17.42,18221.3,16161.8,0
20230921,48,17.45,18221.3,16151.9,0
20230921,48,17.50,18221.3,16151.7,0
20230921,48,17.61,18221.3,16150.0,0
20230921,48,17.65,18296.3,16141.0,0
20230921,48,17.75,18296.3,16141.0,0
20230921,48,17.77,18296.3,16139.0,0
20230921,48,18.00,18296.3,16138.0,0
20230921,48,18.03,18296.3,16136.2,0
20230921,48,18.05,18296.3,16136.1,0
20230921,48,18.17,18296.3,16102.1,0
20230921,48,18.19,18296.3,15884.1,0
20230921,48,18.21,18326.2,15863.1,0
20230921,48,18.30,18326.2,15863.1,0
20230921,48,18.31,18336.1,15863.0,0
20230921,48,18.60,18336.1,15863.0,0
20230921,48,18.62,18336.1,15858.3,0
20230921,48,18.63,18344.7,15857.5,0
20230921,48,18.64,18344.7,15857.5,0
20230921,48,18.76,18344.7,15634.5,0
20230921,48,19.00,18344.7,15599.9,0
20230921,48,19.11,18344.7,15599.3,0
20230921,48,19.25,18344.7,15591.3,0
20230921,48,19.27,18344.7,15589.3,0
20230921,48,19.54,18344.7,15588.3,0
20230921,48,19.71,18553.7,15415.5,0
20230921,48,20.00,18553.9,15415.5,0
20230921,48,20.11,18565.3,15379.4,0
20230921,48,20.15,18565.3,15379.4,0
20230921,48,20.32,18565.4,15362.5,0
20230921,48,20.52,18565.4,15362.5,0
20230921,48,20.75,18565.4,15358.1,0
20230921,48,20.77,18565.4,15356.9,0
20230921,48,21.00,18565.4,15356.5,0
20230921,48,22.00,18565.4,15356.4,0
20230921,48,22.21,18565.4,15313.7,0
20230921,48,22.25,18565.4,15302.5,0
20230921,48,22.35,18565.4,15301.5,0
20230921,48,23.00,18578.4,15142.5,0
20230921,48,23.03,18578.4,15142.5,0
20230921,48,23.75,18578.4,15142.4,0
20230921,48,24.00,18578.4,15137.0,0
20230921,48,25.00,18578.4,15136.8,0
20230921,48,25.25,18578.4,15136.5,0
20230921,48,25.90,18578.4,15135.5,0
20230921,48,26.75,18578.4,15131.0,0
20230921,48,26.79,18578.4,15130.0,0
20230921,48,26.97,18578.4,15125.6,0
20230921,48,27.00,18578.4,15122.4,0
20230921,48,28.25,18578.4,15080.4,0
20230921,48,30.00,18578.4,15079.6,0
20230921,48,30.03,18584.0,15046.0,0
20230921,48,30.36,18584.0,15046.0,0
20230921,48,32.00,18584.0,15038.3,0
20230921,48,33.03,18584.0,14953.9,0
20230921,48,34.00,18584.0,14953.7,0
20230921,48,35.00,18584.0,14936.2,0
20230921,48,37.94,18584.0,14911.3,0
20230921,48,40.00,18584.0,14887.1,0
20230921,48,40.01,18584.0,14841.1,0
20230921,48,41.26,18584.0,14841.0,0
20230921,48,43.10,18584.0,14836.4,0
20230921,48,45.00,18584.0,14826.1,0
20230921,48,45.01,18584.0,14783.3,0
20230921,48,50.00,18584.0,14776.2,0
20230921,48,50.01,18584.4,14770.2,0
20230921,48,50.12,18584.4,14770.2,0
20230921,48,50.90,18584.4,14767.0,0
20230921,48,60.00,18584.4,14766.0,0
20230921,48,61.00,18584.4,14727.5,0
20230921,48,62.00,18584.4,14718.7,0
20230921,48,67.94,18584.4,14696.6,0
20230921,48,70.00,18584.4,14674.3,0
20230921,48,77.24,18584.4,14583.3,0
20230921,48,77.80,18584.4,14545.3,0
20230921,48,79.90,18584.4,14530.2,0
20230921,48,80.00,18584.4,14529.7,0
20230921,48,80.01,18584.4,14259.3,0
20230921,48,80.02,18584.4,14044.4,0
20230921,48,80.20,18584.4,14039.4,0
20230921,48,80.21,18594.3,14039.3,0
20230921,48,80.50,18594.3,14039.3,0
20230921,48,81.00,18594.3,14039.2,0
20230921,48,82.01,18594.3,13925.9,0
20230921,48,85.00,18594.3,13854.7,0
20230921,48,90.00,18594.3,13845.2,0
20230921,48,99.90,18594.3,13826.9,0
20230921,48,100.00,18594.3,13826.8,0
20230921,48,100.01,18605.4,13434.8,0
20230921,48,101.00,18605.4,13434.8,0
20230921,48,102.00,18605.4,13328.3,0
20230921,48,105.00,18605.4,13308.7,0
20230921,48,120.10,18605.4,13308.5,0
20230921,48,130.00,18605.4,13281.4,0
20230921,48,150.00,18605.4,13276.0,0
20230921,48,190.00,18605.4,13273.5,0
20230921,48,200.00,18605.4,13272.9,0
20230921,48,200.01,18605.4,12377.4,0
20230921,48,200.10,18605.4,11584.3,0
20230921,48,200.50,18605.4,11524.6,0
20230921,48,200.98,18605.4,11519.7,0
20230921,48,200.99,18605.4,11519.6,0
20230921,48,201.00,18605.4,11519.5,0
20230921,48,210.00,18605.4,11464.5,0
20230921,48,250.00,18605.4,11338.9,0
20230921,48,300.00,18605.4,11160.9,0
20230921,48,500.00,18605.4,10648.7,0
20230921,48,548.66,18605.4,10646.7,0
20230921,48,550.02,18605.4,10640.1,0
20230921,48,999.00,18605.4,10538.0,0
20230921,48,999.99,18605.4,0.0,0
20230921,48,0.00,0.0,18538.5,1
20230921,48,0.00,8723.3,18538.5,1
20230921,48,0.01,14733.3,18538.5,1
20230921,48,0.02,14882.6,18536.3,1
20230921,48,0.03,14882.6,18524.3,1
20230921,48,0.04,14882.8,18516.8,1
20230921,48,0.20,14882.8,18516.8,1
20230921,48,0.62,14882.8,18456.8,1
20230921,48,1.00,14943.6,18416.8,1
20230921,48,1.01,14943.6,18366.0,1
20230921,48,1.12,14943.6,18356.0,1
20230921,48,1.27,14986.1,18336.0,1
20230921,48,2.01,14986.1,18336.0,1
20230921,48,2.04,14989.0,18321.0,1
20230921,48,2.12,14989.0,18321.0,1
20230921,48,2.77,14992.0,18281.0,1
20230921,48,3.00,14994.7,18281.0,1
20230921,48,3.01,14994.7,18261.0,1
20230921,48,3.12,14994.7,18236.0,1
20230921,48,4.00,14994.7,18176.0,1
20230921,48,4.01,14995.1,18174.4,1
20230921,48,4.07,14996.9,18174.4,1
20230921,48,4.08,15003.9,18174.4,1
20230921,48,4.27,15006.9,18174.4,1
20230921,48,5.00,15086.7,18174.4,1
20230921,48,5.01,15086.7,18010.1,1
20230921,48,5.04,15086.7,17975.1,1
20230921,48,5.12,15086.7,17275.1,1
20230921,48,5.50,15086.8,17235.1,1
20230921,48,5.77,15090.7,17235.1,1
20230921,48,6.00,15120.8,17235.1,1
20230921,48,6.09,15122.7,17218.2,1
20230921,48,6.11,15130.0,17218.2,1
20230921,48,6.26,15130.0,17218.2,1
20230921,48,6.50,15140.0,17216.6,1
20230921,48,6.94,15147.5,17216.6,1
20230921,48,7.00,15150.3,17216.6,1
20230921,48,7.12,15150.3,17216.6,1
20230921,48,7.27,15154.8,17176.6,1
20230921,48,7.47,15154.8,17176.6,1
20230921,48,7.94,15154.8,17060.6,1
20230921,48,8.00,15154.8,16944.6,1
20230921,48,8.01,15154.8,16868.0,1
20230921,48,8.02,15160.6,16865.6,1
20230921,48,8.12,15162.4,16865.6,1
20230921,48,8.14,15169.7,16865.6,1
20230921,48,8.59,15169.7,16865.6,1
20230921,48,8.77,15174.7,16864.4,1
20230921,48,8.97,15174.7,16864.4,1
20230921,48,9.00,15174.7,16824.4,1
20230921,48,9.23,15174.7,16817.5,1
20230921,48,9.36,15174.7,16669.5,1
20230921,48,9.50,15174.7,16522.5,1
20230921,48,9.60,15174.7,16374.5,1
20230921,48,9.66,15174.7,16316.5,1
20230921,48,9.79,15174.7,16168.5,1
20230921,48,9.80,15174.7,16162.7,1
20230921,48,9.81,15174.7,16112.7,1
20230921,48,9.82,15174.7,16062.7,1
20230921,48,10.00,15218.2,16001.7,1
20230921,48,10.05,15238.2,15989.4,1
20230921,48,10.15,15240.0,15989.4,1
20230921,48,10.18,15247.2,15989.4,1
20230921,48,10.20,15247.2,15989.4,1
20230921,48,10.21,15247.2,15865.4,1
20230921,48,10.22,15247.2,15821.4,1
20230921,48,10.23,15247.2,15771.4,1
20230921,48,10.27,15252.2,15721.4,1
20230921,48,10.38,15252.2,15721.4,1
20230921,48,10.44,15252.8,15597.4,1
20230921,48,10.46,15252.8,15597.4,1
20230921,48,10.48,15255.3,15473.4,1
20230921,48,10.50,15255.5,15473.4,1
20230921,48,10.51,15255.5,15383.4,1
20230921,48,10.73,15256.1,15260.4,1
20230921,48,10.78,15256.1,15260.4,1
20230921,48,10.79,15258.5,15246.3,1
20230921,48,10.97,15258.5,15246.3,1
20230921,48,11.00,15258.5,15196.3,1
20230921,48,11.02,15259.1,15178.0,1
20230921,48,11.06,15271.9,15178.0,1
20230921,48,11.09,15274.4,15178.0,1
20230921,48,11.16,15274.4,15178.0,1
20230921,48,11.19,15274.4,15175.2,1
20230921,48,11.31,15275.0,15003.8,1
20230921,48,11.40,15277.4,15003.8,1
20230921,48,11.49,15282.1,14853.8,1
20230921,48,11.50,15282.1,14853.8,1
20230921,48,11.57,15287.7,14819.0,1
20230921,48,11.61,15288.3,14819.0,1
20230921,48,11.67,15288.3,14819.0,1
20230921,48,11.70,15290.6,14671.0,1
20230921,48,12.00,15292.7,14670.5,1
20230921,48,12.21,15292.7,14667.1,1
20230921,48,12.26,15401.1,14666.5,1
20230921,48,12.72,15401.1,14666.5,1
20230921,48,12.85,15601.1,14666.0,1
20230921,48,12.91,15601.1,14666.0,1
20230921,48,12.97,15601.1,14665.7,1
20230921,48,13.00,15601.1,14580.7,1
20230921,48,13.01,15601.7,14568.7,1
20230921,48,13.02,15603.0,14559.0,1
20230921,48,13.03,15603.0,14525.3,1
20230921,48,13.04,15603.0,14491.6,1
20230921,48,13.05,15603.0,14457.9,1
20230921,48,13.23,15603.0,14424.2,1
20230921,48,13.27,15603.0,14423.0,1
20230921,48,13.37,15603.0,14422.5,1
20230921,48,13.39,15603.0,14398.5,1
20230921,48,13.46,15603.0,14298.5,1
20230921,48,13.55,15603.0,14268.5,1
20230921,48,13.57,15603.0,14234.5,1
20230921,48,13.77,15603.0,14198.5,1
20230921,48,13.79,15603.0,14198.3,1
20230921,48,13.89,15603.0,14145.3,1
20230921,48,14.00,15603.0,14086.3,1
20230921,48,14.02,15603.0,14083.9,1
20230921,48,14.08,15603.0,13965.9,1
20230921,48,14.11,15603.0,13898.9,1
20230921,48,14.14,15610.9,13796.9,1
20230921,48,14.31,15610.9,13796.9,1
20230921,48,14.53,15610.9,13725.9,1
20230921,48,14.62,15610.9,13245.9,1
20230921,48,14.67,15610.9,13245.7,1
20230921,48,14.77,15610.9,13235.7,1
20230921,48,14.94,15610.9,13233.0,1
20230921,48,14.97,15630.9,13232.9,1
20230921,48,15.00,15630.9,13232.9,1
20230921,48,15.01,15630.9,13232.8,1
20230921,48,15.20,15630.9,13231.6,1
20230921,48,15.26,15630.9,13230.5,1
20230921,48,15.47,15630.9,13226.0,1
20230921,48,16.27,15630.9,13225.7,1
20230921,48,16.32,15630.9,13224.7,1
20230921,48,16.50,15630.9,13224.5,1
20230921,48,16.96,15630.9,13224.0,1
20230921,48,16.97,15678.7,13214.0,1
20230921,48,17.00,15678.7,13214.0,1
20230921,48,17.17,15678.7,13194.0,1
20230921,48,17.18,15678.7,13192.9,1
20230921,48,17.34,15678.7,13162.9,1
20230921,48,17.49,15678.7,13132.9,1
20230921,48,17.50,15678.7,13102.9,1
20230921,48,17.64,15678.7,13102.4,1
20230921,48,17.79,15678.7,13072.4,1
20230921,48,17.84,15678.7,13042.4,1
20230921,48,17.88,15678.7,13041.2,1
20230921,48,17.89,15678.7,12945.7,1
20230921,48,17.90,15678.7,12920.4,1
20230921,48,17.95,15678.7,12870.4,1
20230921,48,18.00,15678.7,12840.4,1
20230921,48,18.10,15678.7,12790.4,1
20230921,48,18.30,15678.7,12765.4,1
20230921,48,18.45,15678.7,12765.3,1
20230921,48,18.50,15678.7,12760.3,1
20230921,48,18.61,15678.7,12750.5,1
20230921,48,18.65,15678.7,12720.5,1
20230921,48,18.70,15678.7,12702.1,1
20230921,48,18.81,15678.7,12652.1,1
20230921,48,18.85,15678.7,12530.1,1
20230921,48,19.00,15678.7,12480.1,1
20230921,48,19.20,15678.7,12480.0,1
20230921,48,19.77,15678.7,12358.0,1
20230921,48,19.94,15678.7,12355.5,1
20230921,48,20.00,15678.7,12355.1,1
20230921,48,20.26,15678.7,12336.5,1
20230921,48,21.00,15678.7,12295.4,1
20230921,48,21.12,15678.7,12294.6,1
20230921,48,21.79,15678.7,11434.6,1
20230921,48,22.28,15728.7,11433.4,1
20230921,48,22.94,15728.7,11433.4,1
20230921,48,23.99,15728.7,11432.8,1
20230921,48,24.00,15728.7,11431.6,1
20230921,48,24.90,15728.7,11429.8,1
20230921,48,25.00,15728.7,11428.7,1
20230921,48,25.08,15728.7,11428.2,1
20230921,48,25.76,15728.7,11420.4,1
20230921,48,27.00,15728.7,11418.0,1
20230921,48,27.01,15728.7,11395.9,1
20230921,48,29.10,15728.7,11388.4,1
20230921,48,30.00,15728.7,11387.6,1
20230921,48,30.56,15728.7,11372.5,1
20230921,48,32.00,15728.7,11371.5,1
20230921,48,35.00,15728.7,11309.1,1
20230921,48,36.00,15728.7,11307.1,1
20230921,48,39.98,15788.7,11282.1,1
20230921,48,40.00,15788.7,11282.1,1
20230921,48,40.50,15788.7,11275.0,1
20230921,48,41.26,15788.7,11274.9,1
20230921,48,44.50,15788.7,11260.4,1
20230921,48,45.00,15788.7,11260.1,1
20230921,48,45.01,15788.7,11237.3,1
20230921,48,45.12,15788.7,10889.6,1
20230921,48,46.00,15788.7,10888.2,1
20230921,48,50.00,15788.7,10887.6,1
20230921,48,50.01,15789.3,10826.5,1
20230921,48,60.00,15789.3,10826.5,1
20230921,48,60.83,15789.3,10802.7,1
20230921,48,61.00,15789.3,10661.3,1
20230921,48,62.00,15789.3,10658.5,1
20230921,48,67.94,15789.3,10640.4,1
20230921,48,77.80,15789.3,10632.7,1
20230921,48,79.90,15789.3,10609.4,1
20230921,48,79.98,15809.3,10608.3,1
20230921,48,80.00,15809.3,10608.3,1
20230921,48,80.01,15809.3,10539.5,1
20230921,48,80.10,15809.3,10516.9,1
20230921,48,80.20,15809.3,10507.3,1
20230921,48,80.21,15819.3,10499.3,1
20230921,48,82.01,15819.3,10499.3,1
20230921,48,85.00,15819.3,10483.5,1
20230921,48,90.00,15819.3,10481.4,1
20230921,48,99.90,15819.3,10471.4,1
20230921,48,100.00,15819.3,10471.3,1
20230921,48,100.01,15819.6,10336.1,1
20230921,48,101.00,15819.6,10336.1,1
20230921,48,102.00,15819.6,10296.7,1
20230921,48,120.10,15819.6,10264.4,1
20230921,48,138.00,15819.6,10257.2,1
20230921,48,190.00,15819.6,10166.0,1
20230921,48,200.00,15819.6,10165.7,1
20230921,48,200.01,15819.6,9606.4,1
20230921,48,200.10,15819.6,9061.4,1
20230921,48,200.50,15819.6,9059.5,1
20230921,48,201.00,15819.6,9059.1,1
20230921,48,210.00,15819.6,9038.8,1
20230921,48,250.00,15819.6,8973.9,1
20230921,48,300.00,15819.6,8972.8,1
20230921,48,548.66,15819.6,8960.8,1
20230921,48,550.02,15819.6,8908.0,1
20230921,48,999.00,15819.6,8804.9,1
20230921,48,999.99,15819.6,0.0,1
