電力受渡日,商品コード,入札価格(円/kWh),売入札量累積(MW),買入札量累積(MW),分断エリア連番
20241207,1,0.00,0.0,34911.3,
20241207,1,0.00,9130.3,34911.3,
20241207,1,0.01,25911.5,34911.3,
20241207,1,0.02,26080.9,34904.2,
20241207,1,0.03,26086.2,34893.8,
20241207,1,0.04,26110.3,34891.3,
20241207,1,0.10,26110.3,34891.3,
20241207,1,0.92,26110.9,34854.7,
20241207,1,0.93,26430.2,34854.7,
20241207,1,1.00,26837.7,34854.7,
20241207,1,1.01,26845.8,34758.5,
20241207,1,1.83,26850.3,34751.2,
20241207,1,2.00,26932.4,34751.2,
20241207,1,2.01,26932.4,34743.2,
20241207,1,2.29,26939.6,34143.2,
20241207,1,2.73,26946.4,34143.2,
20241207,1,3.00,26972.2,34143.2,
20241207,1,3.01,26972.3,33647.6,
20241207,1,3.63,26976.3,33447.6,
20241207,1,3.64,26976.9,33447.6,
20241207,1,4.00,26976.9,33447.6,
20241207,1,4.27,27035.3,33446.5,
20241207,1,4.53,27039.3,33446.5,
20241207,1,4.55,27039.8,33446.5,
20241207,1,4.57,27047.0,33446.5,
20241207,1,5.00,27222.9,33446.5,
20241207,1,5.01,27223.5,33114.5,
20241207,1,5.43,27227.5,32647.1,
20241207,1,5.44,27229.8,32647.1,
20241207,1,5.46,27229.9,32647.1,
20241207,1,5.90,27229.9,32647.1,
20241207,1,5.91,27230.0,32630.7,
20241207,1,6.00,27302.7,32630.7,
20241207,1,6.01,27312.7,32620.7,
20241207,1,6.19,27312.7,32620.7,
20241207,1,6.26,27312.7,32420.7,
20241207,1,6.29,27313.7,32414.7,
20241207,1,6.33,27317.7,32414.7,
20241207,1,6.37,27317.8,32414.7,
20241207,1,6.50,27319.9,32414.7,
20241207,1,6.60,27320.5,32413.7,
20241207,1,6.82,27320.6,32413.7,
20241207,1,6.84,27327.8,32413.7,
20241207,1,6.96,27327.8,32413.7,
20241207,1,7.00,27334.5,32413.6,
20241207,1,7.10,27344.7,32392.3,
20241207,1,7.19,27345.7,32392.3,
20241207,1,7.23,27349.7,32392.3,
20241207,1,7.47,27349.7,32392.3,
20241207,1,7.50,27409.7,32390.2,
20241207,1,7.51,27409.7,32390.2,
20241207,1,7.81,27409.7,32090.2,
20241207,1,7.90,27409.9,32036.4,
20241207,1,8.00,27422.1,32036.4,
20241207,1,8.01,27423.4,31884.4,
20241207,1,8.04,27423.4,31884.4,
20241207,1,8.09,27424.7,31784.4,
20241207,1,8.12,27424.7,31784.4,
20241207,1,8.13,27428.7,31783.1,
20241207,1,8.16,27431.0,31783.1,
20241207,1,8.50,27431.0,31783.1,
20241207,1,8.55,27434.0,31778.8,
20241207,1,8.69,27434.0,31778.8,
20241207,1,8.73,27434.0,31748.8,
20241207,1,8.85,27434.0,31745.5,
20241207,1,8.89,27434.0,31588.5,
20241207,1,8.93,27434.0,31539.5,
20241207,1,8.95,27434.4,31509.5,
20241207,1,8.96,27434.4,31509.5,
20241207,1,8.99,27437.3,31479.5,
20241207,1,9.00,27437.3,31419.5,
20241207,1,9.01,27441.4,31388.2,
20241207,1,9.03,27445.4,31380.8,
20241207,1,9.04,27445.4,31380.8,
20241207,1,9.07,27445.4,31350.8,
20241207,1,9.10,27445.4,31320.8,
20241207,1,9.12,27462.1,31290.8,
20241207,1,9.13,27462.1,31290.8,
20241207,1,9.18,27462.1,31230.8,
20241207,1,9.21,27462.1,31200.8,
20241207,1,9.23,27462.1,31170.8,
20241207,1,9.24,27462.1,31125.8,
20241207,1,9.55,27462.1,31095.8,
20241207,1,9.60,27462.1,31095.4,
20241207,1,9.65,27614.1,31095.3,
20241207,1,9.73,27614.1,31095.3,
20241207,1,9.78,27614.1,31050.3,
20241207,1,9.80,27614.1,31005.3,
20241207,1,9.83,27614.1,31005.2,
20241207,1,9.90,27614.1,30990.2,
20241207,1,9.93,27618.1,30990.0,
20241207,1,9.99,27618.1,30990.0,
20241207,1,10.00,27625.2,30960.0,
20241207,1,10.01,27628.4,30912.9,
20241207,1,10.10,27628.4,30909.3,
20241207,1,10.14,27628.4,30884.3,
20241207,1,10.15,27628.4,30828.3,
20241207,1,10.20,27628.4,30728.3,
20241207,1,10.22,27628.4,30713.3,
20241207,1,10.24,27634.4,30431.3,
20241207,1,10.25,27634.4,30431.3,
20241207,1,10.30,27682.9,29857.3,
20241207,1,10.31,27682.9,29857.3,
20241207,1,10.32,27682.9,29853.3,
20241207,1,10.40,27682.9,29793.3,
20241207,1,10.41,27682.9,29792.8,
20241207,1,10.44,27682.9,29777.8,
20241207,1,10.50,27698.7,29630.8,
20241207,1,10.68,27698.7,29610.1,
20241207,1,10.70,27698.7,29607.1,
20241207,1,10.76,27698.7,29593.8,
20241207,1,10.79,27698.7,29528.8,
20241207,1,10.80,27698.7,29380.3,
20241207,1,10.83,27702.7,29233.3,
20241207,1,10.86,27702.7,29233.3,
20241207,1,10.87,27705.0,29003.3,
20241207,1,10.88,27724.0,29003.3,
20241207,1,10.93,27724.0,29003.3,
20241207,1,10.98,27724.0,28901.3,
20241207,1,11.00,27744.5,28876.3,
20241207,1,11.01,27749.7,28785.8,
20241207,1,11.02,27749.7,28785.3,
20241207,1,11.04,27749.7,28760.3,
20241207,1,11.08,27749.7,28613.3,
20241207,1,11.17,27750.5,28509.3,
20241207,1,11.18,27750.5,28509.3,
20241207,1,11.26,27750.5,28509.1,
20241207,1,11.32,28700.5,28412.9,
20241207,1,11.34,28700.5,28412.9,
20241207,1,11.35,28700.5,27947.7,
20241207,1,11.39,28700.5,27934.0,
20241207,1,11.40,28709.9,27904.0,
20241207,1,11.50,28753.4,27902.8,
20241207,1,11.54,28753.4,27633.3,
20241207,1,11.55,28753.4,27510.3,
20241207,1,11.56,28773.5,27500.4,
20241207,1,11.57,28855.5,27500.4,
20241207,1,11.60,28856.0,27500.4,
20241207,1,11.61,28856.1,27500.4,
20241207,1,11.65,28856.1,27500.4,
20241207,1,11.69,28856.1,27376.4,
20241207,1,11.70,28857.7,27372.0,
20241207,1,11.71,28857.7,27372.0,
20241207,1,11.73,28861.7,27347.0,
20241207,1,11.81,28861.7,27347.0,
20241207,1,11.84,28921.7,27346.3,
20241207,1,11.85,28921.7,27346.3,
20241207,1,11.87,28921.7,27345.9,
20241207,1,11.97,28924.7,27222.9,
20241207,1,12.00,29007.2,27222.9,
20241207,1,12.02,29007.2,27208.5,
20241207,1,12.03,29136.1,27128.5,
20241207,1,12.13,29136.1,27128.5,
20241207,1,12.14,29166.1,27108.8,
20241207,1,12.16,29166.1,27108.8,
20241207,1,12.22,29166.1,27100.8,
20241207,1,12.28,29166.1,27100.2,
20241207,1,12.30,29166.1,27100.1,
20241207,1,12.38,29187.3,27099.7,
20241207,1,12.40,29187.3,27099.7,
20241207,1,12.48,29187.3,27074.3,
20241207,1,12.50,29187.3,27044.3,
20241207,1,12.52,29193.3,27012.0,
20241207,1,12.54,29193.3,27012.0,
20241207,1,12.59,29193.3,26982.8,
20241207,1,12.60,29193.3,26979.9,
20241207,1,12.63,29193.3,26978.7,
20241207,1,12.67,29193.3,26977.0,
20241207,1,12.72,29213.3,26952.0,
20241207,1,12.75,29213.3,26952.0,
20241207,1,12.80,29213.3,26951.1,
20241207,1,12.81,29213.3,26951.0,
20241207,1,12.83,29213.3,26828.0,
20241207,1,12.88,29213.3,26826.5,
20241207,1,13.00,29273.0,26825.4,
20241207,1,13.01,29275.3,26819.4,
20241207,1,13.02,29275.3,26810.2,
20241207,1,13.03,29315.3,26800.2,
20241207,1,13.07,29315.3,26800.2,
20241207,1,13.12,29315.3,26800.0,
20241207,1,13.13,29325.3,26635.0,
20241207,1,13.21,29325.3,26635.0,
20241207,1,13.30,29345.3,26551.3,
20241207,1,13.34,29345.3,26551.3,
20241207,1,13.49,29579.3,26521.3,
20241207,1,13.50,29579.3,26519.4,
20241207,1,13.53,29579.3,26438.9,
20241207,1,13.59,29579.3,26438.5,
20241207,1,13.71,29579.3,26434.7,
20241207,1,13.76,29680.3,26234.7,
20241207,1,13.85,29680.3,26234.7,
20241207,1,13.86,29689.5,26034.7,
20241207,1,13.88,29719.5,26034.7,
20241207,1,13.92,29719.5,26034.7,
20241207,1,13.95,29719.5,26030.9,
20241207,1,14.00,29774.5,25830.9,
20241207,1,14.01,29791.5,25752.2,
20241207,1,14.02,29791.5,25747.7,
20241207,1,14.13,29791.5,25747.5,
20241207,1,14.20,29791.5,25547.5,
20241207,1,14.24,29791.5,25497.5,
20241207,1,14.26,29801.5,25447.5,
20241207,1,14.27,29801.5,25443.7,
20241207,1,14.29,29801.5,25243.7,
20241207,1,14.30,29801.5,25233.8,
20241207,1,14.31,29801.5,25122.5,
20241207,1,14.32,29801.5,24922.5,
20241207,1,14.38,29801.5,24904.6,
20241207,1,14.39,29801.5,24704.6,
20241207,1,14.40,29846.5,24703.6,
20241207,1,14.42,29846.5,24703.6,
20241207,1,14.43,29846.5,24503.6,
20241207,1,14.47,29881.5,24499.6,
20241207,1,14.52,29883.2,24499.6,
20241207,1,14.54,29883.2,24499.6,
20241207,1,14.59,29883.2,24299.6,
20241207,1,14.63,29944.2,24291.9,
20241207,1,14.66,30006.2,24291.9,
20241207,1,14.72,30068.2,24291.9,
20241207,1,14.76,30068.2,24291.9,
20241207,1,14.87,30068.2,24091.9,
20241207,1,14.88,30144.2,24091.1,
20241207,1,14.90,30157.2,24091.1,
20241207,1,14.93,30244.2,24091.1,
20241207,1,14.97,30244.2,24091.1,
20241207,1,14.98,30322.2,24090.9,
20241207,1,15.00,30332.2,24090.9,
20241207,1,15.01,30333.2,24053.9,
20241207,1,15.03,30414.2,24053.9,
20241207,1,15.12,30414.2,24053.9,
20241207,1,15.16,30449.2,24044.6,
20241207,1,15.22,30600.2,24044.6,
20241207,1,15.29,30600.2,24044.6,
20241207,1,15.33,30600.2,24044.4,
20241207,1,15.39,30610.2,24041.1,
20241207,1,15.50,30687.2,24041.1,
20241207,1,15.65,30737.1,24039.0,
20241207,1,15.70,30737.1,24039.0,
20241207,1,15.79,30879.1,24038.9,
20241207,1,15.85,30904.1,24038.9,
20241207,1,15.90,30904.1,24038.9,
20241207,1,15.91,30904.1,24038.7,
20241207,1,15.93,31007.1,24037.6,
20241207,1,15.98,31007.1,24037.6,
20241207,1,16.00,31027.1,23977.4,
20241207,1,16.06,31127.1,23913.7,
20241207,1,16.23,31127.1,23913.7,
20241207,1,16.40,31127.1,23911.3,
20241207,1,16.48,31127.1,23911.2,
20241207,1,16.49,31127.1,23909.3,
20241207,1,16.50,31197.1,23909.2,
20241207,1,16.54,31222.1,23907.5,
20241207,1,16.58,31272.1,23907.5,
20241207,1,16.59,31272.1,23907.5,
20241207,1,16.68,31272.1,23904.8,
20241207,1,16.70,31272.1,23897.2,
20241207,1,16.85,31272.1,23888.2,
20241207,1,16.88,31322.1,23882.8,
20241207,1,17.00,31327.1,23882.8,
20241207,1,17.01,31330.6,23856.9,
20241207,1,17.13,31330.6,23851.2,
20241207,1,17.17,31430.6,23849.2,
20241207,1,17.20,31430.6,23849.2,
20241207,1,17.43,31430.6,23804.0,
20241207,1,17.45,31430.6,23803.8,
20241207,1,17.50,31460.6,23742.7,
20241207,1,17.58,31460.6,23742.7,
20241207,1,17.73,31460.6,23726.5,
20241207,1,17.96,31460.6,23704.5,
20241207,1,18.00,31460.6,23692.5,
20241207,1,18.01,31460.9,23686.6,
20241207,1,18.03,31460.9,23686.6,
20241207,1,18.08,31461.1,23685.3,
20241207,1,18.13,31561.1,23685.3,
20241207,1,18.40,31561.1,23685.3,
20241207,1,18.43,31635.1,23682.4,
20241207,1,18.50,31635.1,23682.4,
20241207,1,18.78,31635.1,23681.5,
20241207,1,18.79,31641.8,23676.0,
20241207,1,18.93,31641.8,23676.0,
20241207,1,19.05,31641.8,23675.0,
20241207,1,19.42,31881.8,23593.0,
20241207,1,19.56,32022.8,23593.0,
20241207,1,19.59,32164.8,23593.0,
20241207,1,19.66,32305.8,23593.0,
20241207,1,19.70,32447.8,23593.0,
20241207,1,19.73,32588.8,23593.0,
20241207,1,19.80,32730.8,23593.0,
20241207,1,19.83,32730.8,23593.0,
20241207,1,20.00,32730.8,23592.0,
20241207,1,20.05,32758.8,23525.3,
20241207,1,20.12,32758.8,23525.3,
20241207,1,20.16,32758.8,23519.4,
20241207,1,20.63,32758.8,23511.7,
20241207,1,20.73,32758.8,23511.6,
20241207,1,21.02,32758.8,23510.6,
20241207,1,21.10,32770.3,22710.6,
20241207,1,21.48,32770.3,22710.6,
20241207,1,21.49,32770.3,22692.8,
20241207,1,21.50,32770.3,22692.5,
20241207,1,21.63,32770.3,22689.0,
20241207,1,21.89,32770.3,22688.0,
20241207,1,21.93,32770.3,22525.7,
20241207,1,22.15,32770.3,22524.9,
20241207,1,22.35,32911.3,22515.6,
20241207,1,22.53,32911.3,22515.6,
20241207,1,22.58,32919.0,22514.6,
20241207,1,23.00,32919.0,22514.6,
20241207,1,23.20,32934.4,22455.9,
20241207,1,23.40,32934.4,22455.9,
20241207,1,23.43,32934.4,22437.3,
20241207,1,23.64,32934.4,22431.4,
20241207,1,24.00,32934.4,22423.8,
20241207,1,24.04,32934.4,22403.0,
20241207,1,24.28,32934.4,22401.4,
20241207,1,25.00,32934.4,22400.5,
20241207,1,25.26,32934.4,22394.4,
20241207,1,25.46,32934.4,22393.6,
20241207,1,25.57,33076.4,22388.6,
20241207,1,25.95,33076.4,22388.6,
20241207,1,26.92,33076.4,22380.9,
20241207,1,27.00,33076.4,22373.3,
20241207,1,27.11,33076.4,22372.5,
20241207,1,27.50,33076.4,22329.5,
20241207,1,27.63,33076.4,22326.8,
20241207,1,28.80,33217.4,22326.7,
20241207,1,28.87,33227.0,22326.7,
20241207,1,29.12,33227.0,22326.7,
20241207,1,29.90,33227.0,22256.8,
20241207,1,30.00,33227.0,22255.4,
20241207,1,30.35,33227.0,22169.9,
20241207,1,30.88,33227.0,22100.3,
20241207,1,31.36,33227.0,22068.5,
20241207,1,31.50,33227.0,21593.9,
20241207,1,31.79,33227.0,21593.7,
20241207,1,31.82,33227.0,21591.4,
20241207,1,32.02,33369.0,21589.1,
20241207,1,33.62,33392.4,21589.1,
20241207,1,34.00,33392.4,21589.1,
20241207,1,34.63,33392.4,21578.6,
20241207,1,34.94,33392.4,21578.4,
20241207,1,35.00,33392.4,21563.6,
20241207,1,36.00,33392.4,21553.6,
20241207,1,36.79,33392.4,21503.6,
20241207,1,37.50,33392.4,21492.5,
20241207,1,39.69,33881.4,21454.3,
20241207,1,40.00,33881.4,21454.3,
20241207,1,40.01,33881.4,21378.4,
20241207,1,43.86,33881.4,21232.4,
20241207,1,45.00,33881.4,21230.8,
20241207,1,45.01,33881.4,20749.2,
20241207,1,46.00,33881.4,20486.3,
20241207,1,48.32,33881.4,20438.8,
20241207,1,50.00,33882.4,20413.0,
20241207,1,50.01,33882.4,20093.9,
20241207,1,50.90,33882.4,20091.6,
20241207,1,55.00,33882.4,20091.2,
20241207,1,60.00,33882.4,20026.9,
20241207,1,61.04,33882.4,19921.5,
20241207,1,62.77,33882.4,19897.4,
20241207,1,70.00,33882.4,19884.6,
20241207,1,72.00,33882.4,19884.5,
20241207,1,77.80,33882.4,19884.4,
20241207,1,79.90,33882.4,19784.6,
20241207,1,80.00,33882.4,19783.7,
20241207,1,80.01,33882.4,18821.0,
20241207,1,80.02,33882.4,18734.2,
20241207,1,80.05,33882.4,18658.2,
20241207,1,80.10,33882.4,18657.7,
20241207,1,80.21,34032.3,18657.6,
20241207,1,81.00,34032.3,18657.6,
20241207,1,82.01,34032.3,18611.3,
20241207,1,85.00,34032.3,18471.0,
20241207,1,90.00,34032.3,18467.9,
20241207,1,95.91,34032.3,18463.0,
20241207,1,99.00,34032.3,18461.4,
20241207,1,99.90,34032.3,18461.2,
20241207,1,100.00,34221.1,18453.1,
20241207,1,100.01,34250.9,17944.9,
20241207,1,101.00,34250.9,17944.9,
20241207,1,108.83,34250.9,17780.4,
20241207,1,120.10,34250.9,17778.7,
20241207,1,121.75,34250.9,17749.4,
20241207,1,134.67,34250.9,17747.8,
20241207,1,138.00,34250.9,17746.1,
20241207,1,150.00,34250.9,17609.3,
20241207,1,151.00,34250.9,17498.7,
20241207,1,190.00,34250.9,17460.8,
20241207,1,200.00,34250.9,17460.3,
20241207,1,200.01,34250.9,15303.9,
20241207,1,200.10,34250.9,13110.7,
20241207,1,200.50,34250.9,13039.7,
20241207,1,200.98,34250.9,13039.5,
20241207,1,200.99,34250.9,13039.4,
20241207,1,201.00,34250.9,13039.3,
20241207,1,210.00,34250.9,12997.7,
20241207,1,250.00,34250.9,11679.8,
20241207,1,299.99,34251.4,11525.1,
20241207,1,300.00,34251.4,11525.1,
20241207,1,500.00,34251.4,11420.8,
20241207,1,550.02,34251.4,11410.8,
20241207,1,900.00,34251.4,11147.7,
20241207,1,999.00,34252.0,11141.7,
20241207,1,999.99,34252.0,0.0,
20241207,2,0.00,0.0,33896.2,
20241207,2,0.00,9107.4,33896.2,
20241207,2,0.01,25671.6,33896.2,
20241207,2,0.02,25852.7,33889.1,
20241207,2,0.03,25858.1,33878.7,
20241207,2,0.04,25882.8,33876.3,
20241207,2,0.10,25882.8,33876.3,
20241207,2,0.90,26227.0,33845.6,
20241207,2,0.93,26227.6,33845.6,
20241207,2,1.00,26655.0,33845.6,
20241207,2,1.01,26662.9,33748.2,
20241207,2,1.80,26666.9,33741.2,
20241207,2,1.84,26667.4,33741.2,
20241207,2,2.00,26750.5,33741.2,
20241207,2,2.01,26750.5,33733.2,
20241207,2,2.24,26757.7,33133.2,
20241207,2,2.67,26760.0,33133.2,
20241207,2,2.70,26764.0,33133.2,
20241207,2,2.76,26764.5,33133.2,
20241207,2,3.00,26791.1,33133.2,
20241207,2,3.01,26791.2,32640.1,
20241207,2,3.60,26795.2,32440.1,
20241207,2,3.67,26795.8,32440.1,
20241207,2,4.00,26800.6,32440.1,
20241207,2,4.27,26859.0,32439.0,
20241207,2,4.47,26866.2,32439.0,
20241207,2,4.50,26870.2,32439.0,
20241207,2,4.59,26870.7,32439.0,
20241207,2,5.00,27046.9,32439.0,
20241207,2,5.01,27047.5,32108.8,
20241207,2,5.05,27047.6,31593.0,
20241207,2,5.33,27049.9,31593.0,
20241207,2,5.40,27053.9,31593.0,
20241207,2,5.51,27054.0,31593.0,
20241207,2,5.90,27054.0,31593.0,
20241207,2,5.96,27054.1,31576.6,
20241207,2,6.00,27127.6,31576.6,
20241207,2,6.01,27137.6,31566.6,
20241207,2,6.10,27150.4,31566.6,
20241207,2,6.19,27150.4,31566.6,
20241207,2,6.26,27150.4,31366.6,
20241207,2,6.30,27154.4,31360.6,
20241207,2,6.32,27155.4,31360.6,
20241207,2,6.42,27155.5,31360.6,
20241207,2,6.50,27157.6,31360.6,
20241207,2,6.60,27158.2,31359.6,
20241207,2,6.70,27165.4,31359.6,
20241207,2,6.88,27165.5,31359.6,
20241207,2,7.00,27172.2,31359.6,
20241207,2,7.20,27176.2,31338.3,
20241207,2,7.22,27177.2,31338.3,
20241207,2,7.43,27177.2,31338.3,
20241207,2,7.50,27222.2,31338.2,
20241207,2,7.51,27222.2,31338.2,
20241207,2,7.80,27222.2,31038.2,
20241207,2,7.99,27224.5,30966.5,
20241207,2,8.00,27238.1,30966.5,
20241207,2,8.01,27239.5,30816.6,
20241207,2,8.03,27239.7,30816.6,
20241207,2,8.04,27239.7,30816.6,
20241207,2,8.10,27243.7,30716.6,
20241207,2,8.12,27244.9,30716.6,
20241207,2,8.47,27244.9,30716.6,
20241207,2,8.50,27244.9,30686.6,
20241207,2,8.69,27247.9,30682.3,
20241207,2,8.85,27247.9,30682.3,
20241207,2,8.89,27247.9,30525.3,
20241207,2,8.90,27247.9,30476.3,
20241207,2,8.93,27255.2,30473.2,
20241207,2,8.95,27255.7,30443.2,
20241207,2,8.96,27255.7,30443.2,
20241207,2,8.99,27255.7,30413.2,
20241207,2,9.00,27259.7,30353.2,
20241207,2,9.01,27263.5,30277.0,
20241207,2,9.02,27266.7,30269.8,
20241207,2,9.04,27266.7,30269.8,
20241207,2,9.06,27266.7,30239.8,
20241207,2,9.07,27266.7,30237.7,
20241207,2,9.10,27266.7,30207.7,
20241207,2,9.13,27266.7,30177.7,
20241207,2,9.18,27266.7,30117.7,
20241207,2,9.21,27266.7,30087.7,
20241207,2,9.24,27266.7,30057.7,
20241207,2,9.27,27276.1,30027.7,
20241207,2,9.53,27276.1,30027.7,
20241207,2,9.54,27276.1,29982.7,
20241207,2,9.58,27282.1,29982.5,
20241207,2,9.60,27282.1,29982.5,
20241207,2,9.65,27449.1,29982.4,
20241207,2,9.73,27449.1,29982.4,
20241207,2,9.80,27449.1,29937.4,
20241207,2,9.84,27449.1,29889.3,
20241207,2,9.85,27449.1,29864.3,
20241207,2,9.86,27449.1,29849.3,
20241207,2,9.90,27453.1,29658.3,
20241207,2,9.93,27453.1,29658.3,
20241207,2,9.99,27453.1,29633.3,
20241207,2,10.00,27460.4,29603.3,
20241207,2,10.01,27463.2,29558.0,
20241207,2,10.04,27463.2,29554.5,
20241207,2,10.06,27463.2,29272.5,
20241207,2,10.08,27463.2,29212.5,
20241207,2,10.14,27463.2,29209.4,
20241207,2,10.15,27463.2,29153.4,
20241207,2,10.25,27463.2,29053.4,
20241207,2,10.30,27511.7,28479.4,
20241207,2,10.36,27511.7,28478.5,
20241207,2,10.43,27511.7,28474.9,
20241207,2,10.44,27511.7,28459.9,
20241207,2,10.50,27527.5,28311.9,
20241207,2,10.55,27527.5,28291.8,
20241207,2,10.65,27532.7,28266.8,
20241207,2,10.66,27532.7,28266.8,
20241207,2,10.68,27532.7,28201.8,
20241207,2,10.70,27532.7,28198.8,
20241207,2,10.77,27532.7,28186.5,
20241207,2,10.79,27532.7,28186.3,
20241207,2,10.80,27536.7,28038.3,
20241207,2,10.81,27536.7,27890.3,
20241207,2,10.82,27536.7,27776.3,
20241207,2,10.88,27554.1,27775.8,
20241207,2,10.89,27554.9,27775.8,
20241207,2,10.90,27554.9,27775.8,
20241207,2,10.93,27554.9,27775.1,
20241207,2,11.00,27583.9,27673.1,
20241207,2,11.01,27588.4,27603.9,
20241207,2,11.04,27588.4,27578.5,
20241207,2,11.08,27588.4,27431.5,
20241207,2,11.10,27588.4,27327.5,
20241207,2,11.11,27588.9,27325.7,
20241207,2,11.16,27596.1,27295.7,
20241207,2,11.17,27596.1,27295.5,
20241207,2,11.20,27597.5,27270.5,
20241207,2,11.24,27598.9,27270.5,
20241207,2,11.26,27598.9,27170.5,
20241207,2,11.27,27600.4,27074.3,
20241207,2,11.31,27601.9,27074.3,
20241207,2,11.32,28961.9,27074.3,
20241207,2,11.34,28961.9,26974.3,
20241207,2,11.35,28963.2,26509.1,
20241207,2,11.40,28963.2,26508.1,
20241207,2,11.44,28963.2,26407.9,
20241207,2,11.48,28963.2,26395.3,
20241207,2,11.50,29012.6,26295.3,
20241207,2,11.53,29012.6,26025.8,
20241207,2,11.54,29032.7,26015.9,
20241207,2,11.56,29032.7,25892.9,
20241207,2,11.57,29084.7,25892.6,
20241207,2,11.59,29124.2,25892.6,
20241207,2,11.60,29154.7,25892.6,
20241207,2,11.62,29154.7,25892.6,
20241207,2,11.65,29154.7,25891.5,
20241207,2,11.70,29166.3,25768.5,
20241207,2,11.72,29166.3,25768.5,
20241207,2,11.79,29166.3,25764.2,
20241207,2,11.84,29196.3,25739.2,
20241207,2,11.87,29196.3,25739.2,
20241207,2,11.89,29196.3,25616.2,
20241207,2,11.95,29196.3,25615.2,
20241207,2,12.00,29278.8,25615.0,
20241207,2,12.02,29278.8,25600.7,
20241207,2,12.03,29407.7,25520.7,
20241207,2,12.07,29613.7,25520.7,
20241207,2,12.13,29613.7,25520.7,
20241207,2,12.16,29613.7,25501.3,
20241207,2,12.17,29646.7,25468.7,
20241207,2,12.28,29646.7,25468.7,
20241207,2,12.35,29646.7,25468.6,
20241207,2,12.38,29647.9,25468.4,
20241207,2,12.40,29647.9,25468.4,
20241207,2,12.50,29647.9,25468.0,
20241207,2,12.54,29647.9,25416.8,
20241207,2,12.62,29647.9,25390.0,
20241207,2,12.69,29677.9,25387.2,
20241207,2,12.70,29717.9,25377.2,
20241207,2,12.74,29717.9,25377.2,
20241207,2,12.75,29737.9,25376.2,
20241207,2,12.80,29737.9,25376.2,
20241207,2,12.81,29737.9,25376.1,
20241207,2,13.00,29797.4,25226.1,
20241207,2,13.01,29799.5,25220.2,
20241207,2,13.03,29834.5,25211.1,
20241207,2,13.12,29834.5,25211.1,
20241207,2,13.13,29844.5,25046.1,
20241207,2,13.21,29844.5,25046.1,
20241207,2,13.31,29844.5,24995.3,
20241207,2,13.33,29864.5,24991.5,
20241207,2,13.34,30221.5,24991.5,
20241207,2,13.50,30221.5,24961.5,
20241207,2,13.52,30221.5,24885.0,
20241207,2,13.56,30221.5,24833.3,
20241207,2,13.59,30230.7,24783.3,
20241207,2,13.65,30265.7,24783.3,
20241207,2,13.67,30265.7,24783.3,
20241207,2,13.71,30265.7,24779.5,
20241207,2,13.76,30508.7,24579.5,
20241207,2,13.79,30508.7,24579.5,
20241207,2,13.92,30508.7,24379.5,
20241207,2,14.00,30563.7,24179.5,
20241207,2,14.01,30579.8,24100.6,
20241207,2,14.03,30579.8,24096.2,
20241207,2,14.13,30579.8,24092.4,
20241207,2,14.15,30579.8,23892.4,
20241207,2,14.26,30589.8,23891.6,
20241207,2,14.27,30614.8,23891.6,
20241207,2,14.29,30614.8,23691.6,
20241207,2,14.30,30614.8,23681.7,
20241207,2,14.31,30614.8,23571.2,
20241207,2,14.36,30614.8,23371.2,
20241207,2,14.38,30614.8,23354.7,
20241207,2,14.39,30614.8,23154.7,
20241207,2,14.40,30614.8,23147.0,
20241207,2,14.42,30614.8,23143.0,
20241207,2,14.50,30664.7,22942.1,
20241207,2,14.63,30683.7,22942.1,
20241207,2,14.66,30704.7,22942.1,
20241207,2,14.69,30704.7,22942.1,
20241207,2,14.70,30706.4,22742.1,
20241207,2,14.72,30731.4,22742.1,
20241207,2,14.88,30771.4,22742.1,
20241207,2,14.89,30796.4,22742.1,
20241207,2,14.90,30809.4,22742.1,
20241207,2,14.93,30856.4,22742.1,
20241207,2,14.94,30856.4,22742.1,
20241207,2,14.98,30900.4,22542.1,
20241207,2,15.00,30910.4,22542.1,
20241207,2,15.01,30911.4,22505.7,
20241207,2,15.03,30958.4,22505.7,
20241207,2,15.12,30958.4,22505.7,
20241207,2,15.22,31109.4,22498.2,
20241207,2,15.30,31109.4,22498.2,
20241207,2,15.39,31119.4,22495.0,
20241207,2,15.48,31119.4,22495.0,
20241207,2,15.50,31196.4,22494.1,
20241207,2,15.70,31196.4,22490.8,
20241207,2,15.89,31196.6,22488.8,
20241207,2,15.90,31196.6,22488.8,
20241207,2,15.93,31299.6,22488.6,
20241207,2,16.00,31319.6,22488.6,
20241207,2,16.01,31319.6,22427.4,
20241207,2,16.06,31419.6,22372.1,
20241207,2,16.20,31419.6,22372.1,
20241207,2,16.32,31419.6,22369.8,
20241207,2,16.40,31419.6,22362.2,
20241207,2,16.50,31489.6,22362.1,
20241207,2,16.51,31489.6,22362.1,
20241207,2,16.52,31489.6,22362.0,
20241207,2,16.54,31539.6,22361.7,
20241207,2,16.59,31539.6,22361.7,
20241207,2,16.70,31539.6,22358.9,
20241207,2,16.91,31589.6,22349.9,
20241207,2,17.00,31594.6,22349.9,
20241207,2,17.01,31597.9,22324.0,
20241207,2,17.10,31597.9,22318.3,
20241207,2,17.17,31697.9,22316.3,
20241207,2,17.20,31697.9,22316.3,
20241207,2,17.43,31697.9,22272.0,
20241207,2,17.45,31697.9,22271.8,
20241207,2,17.46,31697.9,22221.5,
20241207,2,17.50,31727.9,22220.6,
20241207,2,17.58,31727.9,22220.4,
20241207,2,17.73,31727.9,22204.2,
20241207,2,18.00,31727.9,22182.2,
20241207,2,18.01,31728.2,22174.8,
20241207,2,18.13,31828.2,22174.8,
20241207,2,18.29,31828.2,22174.8,
20241207,2,18.42,31828.2,22172.9,
20241207,2,18.43,31902.2,22165.7,
20241207,2,18.78,31902.2,22165.7,
20241207,2,18.79,31910.5,22161.8,
20241207,2,18.90,31910.5,22161.8,
20241207,2,19.03,31910.5,22160.8,
20241207,2,19.42,32150.5,22079.8,
20241207,2,19.53,32150.5,22079.8,
20241207,2,19.56,32292.5,22072.1,
20241207,2,19.59,32433.5,22072.1,
20241207,2,19.66,32575.5,22072.1,
20241207,2,19.70,32716.5,22072.1,
20241207,2,19.73,32858.5,22072.1,
20241207,2,19.80,32999.5,22072.1,
20241207,2,20.00,32999.5,22071.1,
20241207,2,20.04,33029.5,22007.8,
20241207,2,20.07,33029.5,22007.8,
20241207,2,20.12,33029.5,22007.7,
20241207,2,20.27,33029.5,22002.3,
20241207,2,20.70,33029.5,21860.0,
20241207,2,20.75,33171.5,21841.0,
20241207,2,20.77,33171.5,21841.0,
20241207,2,21.02,33171.5,21840.2,
20241207,2,21.10,33182.6,21040.2,
20241207,2,21.50,33182.6,21040.2,
20241207,2,21.51,33182.6,21040.1,
20241207,2,21.52,33182.6,21039.8,
20241207,2,21.60,33182.6,21036.7,
20241207,2,21.99,33182.6,21035.7,
20241207,2,22.50,33182.6,21026.9,
20241207,2,22.58,33190.3,21025.9,
20241207,2,22.75,33190.3,21025.9,
20241207,2,22.97,33190.3,21018.3,
20241207,2,23.00,33190.3,21017.4,
20241207,2,23.20,33205.7,20960.7,
20241207,2,23.29,33205.7,20960.7,
20241207,2,23.40,33205.7,20943.3,
20241207,2,23.89,33205.7,20938.6,
20241207,2,24.00,33205.7,20937.8,
20241207,2,24.04,33205.7,20918.0,
20241207,2,24.07,33205.7,20916.3,
20241207,2,24.89,33205.7,20911.6,
20241207,2,25.00,33205.7,20903.9,
20241207,2,25.48,33205.7,20897.8,
20241207,2,25.57,33346.7,20895.6,
20241207,2,25.78,33346.7,20895.6,
20241207,2,25.96,33346.7,20888.0,
20241207,2,26.00,33346.7,20850.7,
20241207,2,27.00,33346.7,20849.8,
20241207,2,27.07,33346.7,20818.5,
20241207,2,27.50,33346.7,20818.4,
20241207,2,27.95,33346.7,20815.6,
20241207,2,28.36,33346.7,20750.0,
20241207,2,28.80,33488.7,20744.2,
20241207,2,28.87,33498.3,20744.2,
20241207,2,28.88,33498.3,20744.2,
20241207,2,29.90,33498.3,20703.2,
20241207,2,30.00,33498.3,20701.8,
20241207,2,31.36,33498.3,20623.3,
20241207,2,31.79,33498.3,20281.2,
20241207,2,32.02,33639.3,20279.0,
20241207,2,33.62,33673.3,20279.0,
20241207,2,34.00,33673.3,20279.0,
20241207,2,34.07,33673.3,20268.8,
20241207,2,34.94,33673.3,20268.6,
20241207,2,35.00,33673.3,20254.6,
20241207,2,36.00,33673.3,20244.3,
20241207,2,36.79,33673.3,20194.3,
20241207,2,37.50,33673.3,20183.2,
20241207,2,39.69,34146.3,20146.4,
20241207,2,40.00,34146.3,20146.4,
20241207,2,40.01,34146.3,20074.8,
20241207,2,43.47,34146.3,19950.4,
20241207,2,45.00,34146.3,19948.8,
20241207,2,45.01,34146.3,19247.3,
20241207,2,46.00,34146.3,19070.8,
20241207,2,48.32,34146.3,19020.8,
20241207,2,50.00,34147.7,18995.1,
20241207,2,50.01,34147.7,18690.5,
20241207,2,50.90,34147.7,18688.5,
20241207,2,55.00,34147.7,18688.2,
20241207,2,60.00,34147.7,18624.4,
20241207,2,61.00,34147.7,18524.6,
20241207,2,62.62,34147.7,18501.6,
20241207,2,70.00,34147.7,18489.2,
20241207,2,77.80,34147.7,18489.1,
20241207,2,79.90,34147.7,18393.8,
20241207,2,80.00,34147.7,18392.9,
20241207,2,80.01,34147.7,17484.1,
20241207,2,80.02,34147.7,17402.6,
20241207,2,80.10,34147.7,17326.6,
20241207,2,80.21,34297.6,17326.5,
20241207,2,81.00,34297.6,17326.5,
20241207,2,82.01,34297.6,17306.0,
20241207,2,85.00,34297.6,17174.5,
20241207,2,90.00,34297.6,17171.6,
20241207,2,95.65,34297.6,17167.2,
20241207,2,99.00,34297.6,17165.6,
20241207,2,99.90,34297.6,17165.4,
20241207,2,100.00,34486.4,17157.6,
20241207,2,100.01,34516.2,16924.4,
20241207,2,101.00,34516.2,16924.4,
20241207,2,108.57,34516.2,16759.9,
20241207,2,120.10,34516.2,16758.2,
20241207,2,121.49,34516.2,16730.6,
20241207,2,134.41,34516.2,16729.0,
20241207,2,138.00,34516.2,16727.3,
20241207,2,150.00,34516.2,16592.4,
20241207,2,151.00,34516.2,16489.1,
20241207,2,190.00,34516.2,16453.4,
20241207,2,200.00,34516.2,16452.9,
20241207,2,200.01,34516.2,14246.8,
20241207,2,200.10,34516.2,12069.8,
20241207,2,200.50,34516.2,11998.8,
20241207,2,200.98,34516.2,11998.6,
20241207,2,200.99,34516.2,11998.5,
20241207,2,201.00,34516.2,11998.4,
20241207,2,210.00,34516.2,11958.5,
20241207,2,250.00,34516.2,11121.5,
20241207,2,299.99,34516.7,10966.2,
20241207,2,300.00,34516.7,10966.2,
20241207,2,500.00,34516.7,10861.9,
20241207,2,550.02,34516.7,10851.9,
20241207,2,900.00,34516.7,10700.3,
20241207,2,999.00,34516.7,10694.3,
20241207,2,999.99,34516.7,0.0,
20241207,3,0.00,0.0,33071.7,
20241207,3,0.00,8730.8,33071.7,
20241207,3,0.01,25336.0,33071.7,
20241207,3,0.02,25526.0,33064.8,
20241207,3,0.03,25531.4,33054.4,
20241207,3,0.04,25556.4,33052.1,
20241207,3,0.08,25917.6,33052.1,
20241207,3,0.10,25917.6,33052.1,
20241207,3,0.93,25918.2,33026.2,
20241207,3,0.98,25922.2,33026.2,
20241207,3,1.00,26359.7,33026.2,
20241207,3,1.01,26367.3,32929.0,
20241207,3,1.84,26367.8,32922.0,
20241207,3,1.88,26371.8,32922.0,
20241207,3,2.00,26455.9,32922.0,
20241207,3,2.01,26455.9,32914.0,
20241207,3,2.21,26463.1,32314.0,
20241207,3,2.67,26465.4,32314.0,
20241207,3,2.76,26465.9,32314.0,
20241207,3,2.78,26469.9,32314.0,
20241207,3,3.00,26499.0,32314.0,
20241207,3,3.01,26499.3,31823.4,
20241207,3,3.67,26499.9,31623.4,
20241207,3,3.68,26503.9,31623.4,
20241207,3,4.00,26512.8,31623.4,
20241207,3,4.27,26571.2,31622.3,
20241207,3,4.41,26578.4,31622.3,
20241207,3,4.58,26582.4,31622.3,
20241207,3,4.59,26582.9,31622.3,
20241207,3,5.00,26759.6,31622.3,
20241207,3,5.01,26760.2,31293.4,
20241207,3,5.05,26760.3,30777.5,
20241207,3,5.33,26762.6,30777.5,
20241207,3,5.48,26766.6,30777.5,
20241207,3,5.51,26766.7,30777.5,
20241207,3,5.90,26766.7,30777.5,
20241207,3,5.96,26766.8,30761.1,
20241207,3,6.00,26841.0,30761.1,
20241207,3,6.01,26851.0,30751.1,
20241207,3,6.10,26864.7,30751.1,
20241207,3,6.19,26864.7,30751.1,
20241207,3,6.26,26864.7,30551.1,
20241207,3,6.37,26865.7,30545.1,
20241207,3,6.38,26869.7,30545.1,
20241207,3,6.42,26869.8,30545.1,
20241207,3,6.50,26871.9,30545.1,
20241207,3,6.60,26872.5,30544.1,
20241207,3,6.61,26879.7,30544.1,
20241207,3,6.88,26879.8,30544.1,
20241207,3,7.00,26886.6,30544.1,
20241207,3,7.27,26887.6,30522.8,
20241207,3,7.28,26891.6,30522.8,
20241207,3,7.50,26936.6,30522.8,
20241207,3,7.51,26936.6,30522.8,
20241207,3,7.70,26936.6,30222.8,
20241207,3,7.77,26936.6,30222.7,
20241207,3,7.80,26936.6,30192.7,
20241207,3,7.99,26936.6,30120.9,
20241207,3,8.00,26953.6,30119.1,
20241207,3,8.01,26954.9,29968.1,
20241207,3,8.04,26955.1,29968.1,
20241207,3,8.17,26956.3,29868.1,
20241207,3,8.18,26960.3,29868.1,
20241207,3,8.25,26960.3,29868.1,
20241207,3,8.30,26960.3,29838.1,
20241207,3,8.50,26963.3,29823.1,
20241207,3,8.64,26963.3,29818.9,
20241207,3,8.74,26963.3,29815.9,
20241207,3,8.79,26963.3,29785.9,
20241207,3,8.81,26970.6,29770.9,
20241207,3,8.85,26970.6,29770.9,
20241207,3,8.89,26970.6,29613.9,
20241207,3,8.93,26970.6,29564.9,
20241207,3,8.95,26971.2,29534.9,
20241207,3,8.96,26971.2,29534.9,
20241207,3,8.98,26971.2,29504.9,
20241207,3,8.99,26971.2,29504.7,
20241207,3,9.00,26971.2,29444.7,
20241207,3,9.01,26975.0,29413.5,
20241207,3,9.04,26975.0,29406.4,
20241207,3,9.06,26984.4,29376.4,
20241207,3,9.07,26987.5,29376.4,
20241207,3,9.08,26991.5,29346.4,
20241207,3,9.10,26991.5,29321.4,
20241207,3,9.13,26991.5,29291.4,
20241207,3,9.18,26991.5,29231.4,
20241207,3,9.20,26991.5,29201.4,
20241207,3,9.21,26991.5,29186.4,
20241207,3,9.23,26991.5,29156.4,
20241207,3,9.24,26991.5,29126.4,
20241207,3,9.28,26991.5,29096.4,
20241207,3,9.30,26997.5,29066.4,
20241207,3,9.44,26997.5,29066.4,
20241207,3,9.60,26997.5,29065.2,
20241207,3,9.65,27149.5,29065.1,
20241207,3,9.73,27149.5,29065.1,
20241207,3,9.74,27149.5,29020.1,
20241207,3,9.80,27149.5,29005.1,
20241207,3,9.90,27149.5,29005.0,
20241207,3,9.97,27149.5,29004.8,
20241207,3,9.98,27153.5,29004.6,
20241207,3,9.99,27153.5,29004.6,
20241207,3,10.00,27160.6,28974.6,
20241207,3,10.01,27163.7,28928.7,
20241207,3,10.10,27163.7,28925.3,
20241207,3,10.13,27163.7,28924.9,
20241207,3,10.14,27163.7,28820.9,
20241207,3,10.15,27163.7,28739.9,
20241207,3,10.25,27163.7,28639.9,
20241207,3,10.26,27163.7,28062.5,
20241207,3,10.28,27163.7,27780.5,
20241207,3,10.30,27212.2,27755.5,
20241207,3,10.36,27212.2,27755.3,
20241207,3,10.44,27212.2,27743.9,
20241207,3,10.50,27228.0,27596.9,
20241207,3,10.51,27228.2,27575.3,
20241207,3,10.58,27228.2,27575.3,
20241207,3,10.66,27243.2,27575.1,
20241207,3,10.68,27243.2,27575.1,
20241207,3,10.70,27243.2,27572.2,
20241207,3,10.71,27263.3,27532.3,
20241207,3,10.78,27263.3,27532.3,
20241207,3,10.79,27263.3,27507.3,
20241207,3,10.80,27263.3,27360.3,
20241207,3,10.81,27263.3,27213.3,
20241207,3,10.82,27293.3,27148.3,
20241207,3,10.83,27323.3,27148.3,
20241207,3,10.86,27339.4,27148.3,
20241207,3,10.87,27339.4,27148.3,
20241207,3,10.88,27343.4,27147.8,
20241207,3,10.91,27343.4,27147.8,
20241207,3,10.93,27343.4,26917.8,
20241207,3,11.00,27379.1,26815.8,
20241207,3,11.01,27383.3,26747.4,
20241207,3,11.04,27383.3,26746.0,
20241207,3,11.08,27383.3,26599.0,
20241207,3,11.13,27403.3,26495.0,
20241207,3,11.20,27403.3,26495.0,
20241207,3,11.24,27403.3,26395.0,
20241207,3,11.26,27403.3,26394.8,
20241207,3,11.29,27403.3,26298.6,
20241207,3,11.32,28863.3,26198.6,
20241207,3,11.33,28872.7,26198.6,
20241207,3,11.34,28872.7,26198.6,
20241207,3,11.36,28908.7,25732.3,
20241207,3,11.37,28908.7,25732.3,
20241207,3,11.40,28908.7,25632.3,
20241207,3,11.41,28908.8,25632.1,
20241207,3,11.46,28908.8,25607.1,
20241207,3,11.50,28963.0,25507.1,
20241207,3,11.54,28963.0,25237.6,
20241207,3,11.57,29015.0,25114.6,
20241207,3,11.59,29015.0,25114.6,
20241207,3,11.65,29015.0,25102.7,
20241207,3,11.68,29015.0,24979.7,
20241207,3,11.70,29016.6,24978.7,
20241207,3,11.72,29036.6,24978.7,
20241207,3,11.77,29036.6,24978.7,
20241207,3,11.78,29040.6,24974.5,
20241207,3,11.84,29070.6,24974.5,
20241207,3,11.87,29070.6,24974.5,
20241207,3,11.90,29093.6,24851.5,
20241207,3,12.00,29176.6,24851.3,
20241207,3,12.01,29176.6,24837.0,
20241207,3,12.02,29176.6,24834.4,
20241207,3,12.03,29325.5,24714.4,
20241207,3,12.05,29325.5,24714.4,
20241207,3,12.07,29553.5,24687.5,
20241207,3,12.13,29553.5,24687.5,
20241207,3,12.17,29553.5,24668.1,
20241207,3,12.28,29553.5,24649.1,
20241207,3,12.38,29554.7,24649.0,
20241207,3,12.40,29554.7,24649.0,
20241207,3,12.44,29574.7,24648.6,
20241207,3,12.50,29574.7,24648.6,
20241207,3,12.54,29574.7,24595.7,
20241207,3,12.56,29574.7,24570.8,
20241207,3,12.67,29574.7,24570.6,
20241207,3,12.71,29583.9,24567.8,
20241207,3,12.78,29613.9,24567.8,
20241207,3,12.80,29613.9,24567.8,
20241207,3,12.81,29613.9,24567.7,
20241207,3,13.00,29673.5,24416.7,
20241207,3,13.01,29675.5,24410.5,
20241207,3,13.12,29675.5,24401.5,
20241207,3,13.13,29685.5,24236.5,
20241207,3,13.21,29685.5,24236.5,
20241207,3,13.23,29685.5,24180.8,
20241207,3,13.24,29685.5,24179.9,
20241207,3,13.31,29720.5,24129.9,
20241207,3,13.32,29720.5,24079.9,
20241207,3,13.34,29720.5,24076.1,
20241207,3,13.50,29720.5,24046.1,
20241207,3,13.51,29942.5,23973.7,
20241207,3,13.57,29942.5,23973.7,
20241207,3,13.58,29942.5,23972.1,
20241207,3,13.65,29942.5,23971.7,
20241207,3,13.79,29942.5,23967.9,
20241207,3,13.85,29942.5,23767.9,
20241207,3,13.92,29942.5,23767.1,
20241207,3,13.95,29977.5,23567.1,
20241207,3,13.99,30256.5,23567.1,
20241207,3,14.00,30311.5,23563.3,
20241207,3,14.01,30327.0,23487.0,
20241207,3,14.13,30327.0,23482.7,
20241207,3,14.23,30426.0,23282.7,
20241207,3,14.26,30436.0,23282.7,
20241207,3,14.27,30436.0,23282.7,
20241207,3,14.29,30436.0,23082.7,
20241207,3,14.30,30436.0,23072.8,
20241207,3,14.32,30436.0,22772.8,
20241207,3,14.38,30436.0,22765.1,
20241207,3,14.41,30436.0,22565.1,
20241207,3,14.42,30436.0,22555.3,
20241207,3,14.45,30436.0,22355.3,
20241207,3,14.47,30436.0,22339.8,
20241207,3,14.48,30436.0,22339.2,
20241207,3,14.54,30437.7,22335.2,
20241207,3,14.58,30462.7,22335.2,
20241207,3,14.69,30462.7,22335.2,
20241207,3,14.88,30474.7,22135.2,
20241207,3,14.89,30474.7,22135.2,
20241207,3,14.90,30487.7,22083.7,
20241207,3,14.93,30504.7,22083.7,
20241207,3,14.94,30504.7,22083.7,
20241207,3,14.98,30523.7,21883.7,
20241207,3,15.00,30533.7,21883.7,
20241207,3,15.01,30534.7,21845.7,
20241207,3,15.03,30557.7,21845.7,
20241207,3,15.12,30557.7,21845.7,
20241207,3,15.15,30557.7,21839.2,
20241207,3,15.22,30687.7,21639.2,
20241207,3,15.38,30687.7,21639.2,
20241207,3,15.39,30697.7,21636.0,
20241207,3,15.41,30697.7,21636.0,
20241207,3,15.50,30774.7,21634.1,
20241207,3,15.70,30774.7,21634.1,
20241207,3,15.90,30774.7,21634.0,
20241207,3,15.93,30877.7,21633.8,
20241207,3,16.00,30897.7,21633.8,
20241207,3,16.06,30997.7,21573.7,
20241207,3,16.12,30997.7,21573.7,
20241207,3,16.13,30997.7,21573.6,
20241207,3,16.23,30997.7,21573.3,
20241207,3,16.28,30997.7,21565.7,
20241207,3,16.40,30997.7,21563.5,
20241207,3,16.49,31047.7,21563.4,
20241207,3,16.50,31117.7,21563.4,
20241207,3,16.59,31117.7,21563.4,
20241207,3,16.63,31167.6,21560.7,
20241207,3,16.64,31217.6,21560.7,
20241207,3,16.70,31217.6,21560.7,
20241207,3,16.91,31217.6,21551.7,
20241207,3,17.00,31222.6,21550.8,
20241207,3,17.01,31225.8,21524.9,
20241207,3,17.17,31325.8,21519.4,
20241207,3,17.18,31325.8,21519.4,
20241207,3,17.20,31325.8,21517.5,
20241207,3,17.43,31325.8,21473.8,
20241207,3,17.50,31355.8,21473.6,
20241207,3,17.56,31355.8,21473.6,
20241207,3,17.58,31355.8,21431.8,
20241207,3,17.59,31356.9,21416.7,
20241207,3,17.66,31389.9,21416.7,
20241207,3,17.73,31389.9,21416.7,
20241207,3,17.87,31389.9,21394.7,
20241207,3,18.00,31389.9,21392.8,
20241207,3,18.01,31390.2,21387.2,
20241207,3,18.08,31390.2,21387.2,
20241207,3,18.13,31490.2,21386.2,
20241207,3,18.28,31490.2,21386.2,
20241207,3,18.43,31564.4,21382.5,
20241207,3,18.50,31564.4,21382.5,
20241207,3,18.78,31564.4,21382.2,
20241207,3,18.79,31573.9,21379.5,
20241207,3,18.98,31573.9,21379.5,
20241207,3,19.00,31573.9,21378.5,
20241207,3,19.36,31573.9,21378.0,
20241207,3,19.41,31573.9,21296.0,
20241207,3,19.42,31813.9,21288.3,
20241207,3,19.63,31955.9,21288.3,
20241207,3,19.66,32096.9,21288.3,
20241207,3,19.70,32238.9,21288.3,
20241207,3,19.77,32379.9,21288.3,
20241207,3,19.80,32521.9,21288.3,
20241207,3,19.88,32521.9,21288.3,
20241207,3,19.96,32521.9,21287.3,
20241207,3,19.98,32521.9,21287.2,
20241207,3,20.00,32521.9,21286.4,
20241207,3,20.12,32521.9,21224.8,
20241207,3,20.21,32528.9,21219.6,
20241207,3,20.27,32528.9,21219.6,
20241207,3,20.41,32528.9,21093.7,
20241207,3,20.78,32528.9,21075.7,
20241207,3,21.02,32528.9,21074.7,
20241207,3,21.10,32539.7,20274.7,
20241207,3,21.12,32539.7,20274.7,
20241207,3,21.13,32539.7,20274.4,
20241207,3,21.68,32539.7,20271.6,
20241207,3,22.02,32539.7,20270.6,
20241207,3,22.23,32539.7,20269.7,
20241207,3,22.35,32680.7,20261.0,
20241207,3,22.58,32688.4,20261.0,
20241207,3,22.60,32688.4,20260.0,
20241207,3,22.87,32688.4,20252.4,
20241207,3,22.95,32688.4,20234.0,
20241207,3,23.00,32688.4,20233.2,
20241207,3,23.04,32688.4,20177.9,
20241207,3,23.20,32703.8,20174.0,
20241207,3,23.48,32703.8,20174.0,
20241207,3,24.00,32703.8,20170.2,
20241207,3,24.04,32703.8,20151.2,
20241207,3,24.72,32703.8,20147.6,
20241207,3,25.00,32703.8,20139.9,
20241207,3,25.57,32845.8,20133.9,
20241207,3,25.60,32845.8,20133.9,
20241207,3,25.78,32845.8,20126.3,
20241207,3,26.00,32845.8,20092.4,
20241207,3,26.46,32845.8,20091.6,
20241207,3,26.96,32845.8,20089.6,
20241207,3,27.00,32845.8,20089.5,
20241207,3,27.50,32845.8,20059.8,
20241207,3,28.10,32845.8,20057.5,
20241207,3,28.87,32855.4,19951.0,
20241207,3,29.90,32855.4,19951.0,
20241207,3,30.00,32855.4,19949.7,
20241207,3,30.40,32996.4,19876.2,
20241207,3,31.36,32996.4,19876.2,
20241207,3,31.50,32996.4,19640.3,
20241207,3,31.79,32996.4,19640.1,
20241207,3,33.62,33120.2,19638.0,
20241207,3,33.96,33120.2,19638.0,
20241207,3,34.00,33120.2,19637.8,
20241207,3,34.94,33120.2,19627.8,
20241207,3,35.00,33120.2,19614.1,
20241207,3,36.00,33120.2,19605.6,
20241207,3,36.79,33120.2,19555.6,
20241207,3,37.50,33120.2,19544.5,
20241207,3,39.69,33478.2,19508.1,
20241207,3,40.00,33478.2,19508.1,
20241207,3,40.01,33478.2,19440.4,
20241207,3,43.34,33478.2,19329.0,
20241207,3,45.00,33478.2,19327.4,
20241207,3,45.01,33478.2,18631.2,
20241207,3,46.00,33478.2,18524.0,
20241207,3,48.32,33478.2,18474.0,
20241207,3,50.00,33479.9,18448.3,
20241207,3,50.01,33479.9,18147.3,
20241207,3,50.90,33479.9,18145.7,
20241207,3,55.00,33479.9,18145.4,
20241207,3,60.00,33479.9,18081.7,
20241207,3,60.83,33479.9,17987.5,
20241207,3,62.35,33479.9,17964.6,
20241207,3,70.00,33479.9,17952.3,
20241207,3,77.80,33479.9,17952.2,
20241207,3,79.90,33479.9,17865.8,
20241207,3,80.00,33479.9,17864.9,
20241207,3,80.01,33479.9,16991.9,
20241207,3,80.02,33479.9,16912.1,
20241207,3,80.10,33479.9,16836.1,
20241207,3,80.21,33629.8,16836.0,
20241207,3,81.00,33629.8,16836.0,
20241207,3,82.01,33629.8,16834.8,
20241207,3,85.00,33629.8,16710.3,
20241207,3,90.00,33629.8,16707.4,
20241207,3,95.56,33629.8,16703.0,
20241207,3,99.00,33629.8,16701.4,
20241207,3,99.90,33629.8,16701.2,
20241207,3,100.00,33818.6,16693.4,
20241207,3,100.01,33848.3,16462.5,
20241207,3,101.00,33848.3,16462.5,
20241207,3,108.48,33848.3,16298.0,
20241207,3,120.10,33848.3,16296.3,
20241207,3,121.40,33848.3,16269.8,
20241207,3,134.32,33848.3,16268.2,
20241207,3,138.00,33848.3,16266.5,
20241207,3,150.00,33848.3,16132.2,
20241207,3,151.00,33848.3,16033.0,
20241207,3,190.00,33848.3,15998.3,
20241207,3,200.00,33848.3,15997.8,
20241207,3,200.01,33848.3,13846.5,
20241207,3,200.10,33848.3,11679.3,
20241207,3,200.50,33848.3,11608.2,
20241207,3,200.98,33848.3,11608.0,
20241207,3,200.99,33848.3,11607.9,
20241207,3,201.00,33848.3,11607.8,
20241207,3,210.00,33848.3,11568.1,
20241207,3,250.00,33848.3,11130.1,
20241207,3,299.99,33848.8,10974.9,
20241207,3,300.00,33848.8,10974.9,
20241207,3,500.00,33848.8,10870.6,
20241207,3,550.02,33848.8,10860.6,
20241207,3,900.00,33848.8,10708.8,
20241207,3,999.00,33848.8,10702.8,
20241207,3,999.99,33848.8,0.0,
20241207,4,0.00,0.0,33072.8,
20241207,4,0.00,9103.7,33072.8,
20241207,4,0.01,25767.2,33072.8,
20241207,4,0.02,25963.8,33066.0,
20241207,4,0.03,25969.1,33055.6,
20241207,4,0.04,25994.4,33053.4,
20241207,4,0.10,25994.5,33053.4,
20241207,4,0.93,25995.1,33030.8,
20241207,4,1.00,26435.5,33030.8,
20241207,4,1.01,26443.0,32932.0,
20241207,4,1.86,26443.5,32925.2,
20241207,4,2.00,26527.7,32925.2,
20241207,4,2.01,26527.7,32917.2,
20241207,4,2.11,26534.9,32317.2,
20241207,4,2.67,26537.2,32317.2,
20241207,4,2.78,26537.7,32317.2,
20241207,4,3.00,26566.6,32317.2,
20241207,4,3.01,26567.1,31828.6,
20241207,4,3.71,26567.7,31628.6,
20241207,4,4.00,26581.2,31628.6,
20241207,4,4.21,26588.4,31627.5,
20241207,4,4.27,26646.8,31627.5,
20241207,4,4.63,26647.3,31627.5,
20241207,4,5.00,26824.9,31627.5,
20241207,4,5.01,26825.5,31303.0,
20241207,4,5.09,26825.6,30789.9,
20241207,4,5.32,26827.9,30789.9,
20241207,4,5.55,26828.0,30789.9,
20241207,4,5.90,26828.0,30789.9,
20241207,4,6.00,26902.7,30773.6,
20241207,4,6.01,26912.7,30763.6,
20241207,4,6.02,26912.8,30763.6,
20241207,4,6.10,26927.4,30763.6,
20241207,4,6.19,26927.4,30763.6,
20241207,4,6.26,26927.4,30563.6,
20241207,4,6.30,26934.6,30557.6,
20241207,4,6.48,26934.7,30557.6,
20241207,4,6.50,26936.8,30557.6,
20241207,4,6.60,26937.4,30556.6,
20241207,4,6.94,26937.5,30556.6,
20241207,4,6.96,26937.5,30556.6,
20241207,4,6.99,26938.5,30556.5,
20241207,4,7.00,26945.5,30556.5,
20241207,4,7.45,27351.4,30535.3,
20241207,4,7.50,27396.4,30535.3,
20241207,4,7.51,27396.4,30532.2,
20241207,4,7.74,27397.4,30232.2,
20241207,4,7.80,27397.4,30202.2,
20241207,4,7.84,27397.4,30130.0,
20241207,4,7.98,27402.6,30128.9,
20241207,4,8.00,27418.2,30128.9,
20241207,4,8.01,27419.8,29973.7,
20241207,4,8.04,27419.8,29973.7,
20241207,4,8.10,27419.8,29873.7,
20241207,4,8.20,27423.8,29873.6,
20241207,4,8.23,27423.8,29858.6,
20241207,4,8.30,27423.8,29828.6,
20241207,4,8.40,27431.1,29826.8,
20241207,4,8.49,27432.3,29826.8,
20241207,4,8.50,27432.3,29826.8,
20241207,4,8.52,27435.3,29822.6,
20241207,4,8.64,27435.3,29822.6,
20241207,4,8.68,27435.3,29819.7,
20241207,4,8.71,27435.3,29804.7,
20241207,4,8.85,27435.3,29774.7,
20241207,4,8.89,27435.3,29617.7,
20241207,4,8.93,27435.3,29568.7,
20241207,4,8.95,27440.0,29538.7,
20241207,4,8.96,27440.0,29538.7,
20241207,4,8.97,27440.0,29508.7,
20241207,4,8.99,27440.0,29483.7,
20241207,4,9.00,27440.0,29423.7,
20241207,4,9.01,27443.5,29392.4,
20241207,4,9.04,27443.5,29385.4,
20241207,4,9.07,27443.5,29355.4,
20241207,4,9.09,27452.9,29325.4,
20241207,4,9.10,27452.9,29325.4,
20241207,4,9.13,27452.9,29295.4,
20241207,4,9.16,27452.9,29235.4,
20241207,4,9.17,27452.9,29205.4,
20241207,4,9.18,27452.9,29180.4,
20241207,4,9.19,27452.9,29135.4,
20241207,4,9.21,27452.9,29105.4,
20241207,4,9.24,27456.2,29075.4,
20241207,4,9.45,27462.2,29045.4,
20241207,4,9.50,27462.2,29045.4,
20241207,4,9.51,27462.4,29044.7,
20241207,4,9.59,27560.4,29044.7,
20241207,4,9.60,27560.4,29044.7,
20241207,4,9.70,27564.4,29044.6,
20241207,4,9.72,27564.4,29044.5,
20241207,4,9.73,27564.4,29029.5,
20241207,4,9.74,27564.4,28984.5,
20241207,4,9.80,27564.4,28959.5,
20241207,4,9.99,27564.4,28959.4,
20241207,4,10.00,27571.8,28929.4,
20241207,4,10.01,27574.7,28884.1,
20241207,4,10.03,27574.7,28880.7,
20241207,4,10.10,27574.7,28880.5,
20241207,4,10.14,27574.7,28880.4,
20241207,4,10.15,27574.7,28824.4,
20241207,4,10.25,27574.7,28724.4,
20241207,4,10.26,27574.7,28147.2,
20241207,4,10.30,27623.2,28122.2,
20241207,4,10.31,27623.2,28122.0,
20241207,4,10.44,27623.2,28097.0,
20241207,4,10.45,27627.2,27949.0,
20241207,4,10.50,27650.2,27949.0,
20241207,4,10.51,27650.5,27927.4,
20241207,4,10.53,27651.9,27927.4,
20241207,4,10.55,27653.3,27927.4,
20241207,4,10.56,27653.3,27927.4,
20241207,4,10.58,27654.8,27916.6,
20241207,4,10.60,27656.3,27916.6,
20241207,4,10.63,27673.3,27916.4,
20241207,4,10.64,27674.1,27915.4,
20241207,4,10.66,27674.1,27915.4,
20241207,4,10.67,27674.1,27657.4,
20241207,4,10.68,27674.1,27656.3,
20241207,4,10.70,27674.1,27653.4,
20241207,4,10.71,27694.2,27613.3,
20241207,4,10.74,27694.2,27612.3,
20241207,4,10.75,27694.2,27611.8,
20241207,4,10.79,27694.2,27609.2,
20241207,4,10.80,27724.2,27462.2,
20241207,4,10.81,27754.2,27315.2,
20241207,4,10.86,27769.2,27315.2,
20241207,4,10.88,27769.2,27315.2,
20241207,4,10.93,27769.2,27290.2,
20241207,4,10.99,27789.2,27188.2,
20241207,4,11.00,27830.1,27188.2,
20241207,4,11.01,27834.2,27119.9,
20241207,4,11.04,27834.2,27119.5,
20241207,4,11.08,27834.2,26971.5,
20241207,4,11.09,27834.2,26867.5,
20241207,4,11.11,27834.2,26866.0,
20241207,4,11.16,27834.3,26865.8,
20241207,4,11.20,27838.3,26865.8,
20241207,4,11.25,27838.3,26765.8,
20241207,4,11.26,27838.3,26700.8,
20241207,4,11.28,27838.3,26604.6,
20241207,4,11.30,27838.8,26504.6,
20241207,4,11.32,29198.8,26504.6,
20241207,4,11.34,29228.8,26504.6,
20241207,4,11.36,29238.2,26039.4,
20241207,4,11.37,29238.2,26039.4,
20241207,4,11.40,29238.2,25939.4,
20241207,4,11.46,29238.2,25709.2,
20241207,4,11.49,29238.2,25609.2,
20241207,4,11.50,29295.7,25605.0,
20241207,4,11.52,29295.7,25335.5,
20241207,4,11.54,29295.7,25335.3,
20241207,4,11.55,29301.7,25212.3,
20241207,4,11.57,29373.7,25212.3,
20241207,4,11.65,29373.7,25201.0,
20241207,4,11.70,29375.3,25078.0,
20241207,4,11.84,29405.3,25078.0,
20241207,4,11.87,29405.3,25078.0,
20241207,4,11.88,29425.3,24955.0,
20241207,4,11.93,29428.3,24955.0,
20241207,4,11.95,29432.3,24954.1,
20241207,4,12.00,29514.8,24954.1,
20241207,4,12.02,29514.8,24939.8,
20241207,4,12.03,29663.7,24819.8,
20241207,4,12.07,29891.7,24819.8,
20241207,4,12.13,29891.7,24819.8,
20241207,4,12.24,29891.7,24800.4,
20241207,4,12.25,29891.7,24797.7,
20241207,4,12.28,29891.7,24797.3,
20241207,4,12.32,29891.7,24797.2,
20241207,4,12.38,29892.9,24650.2,
20241207,4,12.40,29892.9,24650.2,
20241207,4,12.43,29912.9,24649.8,
20241207,4,12.50,29912.9,24649.8,
20241207,4,12.54,29912.9,24598.6,
20241207,4,12.68,29922.1,24575.2,
20241207,4,12.69,30022.1,24575.2,
20241207,4,12.79,30022.1,24575.2,
20241207,4,12.80,30022.1,24574.4,
20241207,4,12.99,30022.1,24574.3,
20241207,4,13.00,30081.8,24572.7,
20241207,4,13.01,30083.7,24566.5,
20241207,4,13.03,30083.7,24557.6,
20241207,4,13.12,30083.7,24557.4,
20241207,4,13.13,30093.7,24392.4,
20241207,4,13.18,30118.7,24392.4,
20241207,4,13.20,30118.7,24392.4,
20241207,4,13.21,30118.7,24352.1,
20241207,4,13.29,30118.7,24252.1,
20241207,4,13.32,30118.7,24248.3,
20241207,4,13.34,30118.7,24198.3,
20241207,4,13.36,30118.7,24168.3,
20241207,4,13.45,30118.7,24118.3,
20241207,4,13.50,30118.7,24117.9,
20241207,4,13.62,30118.7,24048.6,
20241207,4,13.67,30212.7,24044.8,
20241207,4,13.71,30212.7,24044.8,
20241207,4,13.74,30212.7,23844.8,
20241207,4,13.75,30237.7,23844.4,
20241207,4,13.87,30237.7,23844.4,
20241207,4,13.95,30237.7,23644.4,
20241207,4,13.96,30237.7,23444.4,
20241207,4,14.00,30292.7,23440.6,
20241207,4,14.01,30307.9,23365.8,
20241207,4,14.15,30307.9,23361.7,
20241207,4,14.20,30586.9,23161.7,
20241207,4,14.26,30596.9,23157.7,
20241207,4,14.27,30596.9,23157.7,
20241207,4,14.28,30646.8,22957.7,
20241207,4,14.29,30646.8,22957.7,
20241207,4,14.30,30646.8,22940.1,
20241207,4,14.31,30648.5,22840.1,
20241207,4,14.40,30650.5,22640.1,
20241207,4,14.41,30650.5,22440.1,
20241207,4,14.45,30650.5,22430.7,
20241207,4,14.49,30650.5,22416.1,
20241207,4,14.63,30675.5,22216.1,
20241207,4,14.66,30929.5,22216.1,
20241207,4,14.72,30959.5,22216.1,
20241207,4,14.88,31004.5,22016.1,
20241207,4,14.89,31004.5,22016.1,
20241207,4,14.90,31017.5,21967.4,
20241207,4,14.93,31070.5,21967.4,
20241207,4,14.95,31070.5,21967.4,
20241207,4,14.96,31070.5,21964.3,
20241207,4,14.98,31119.5,21764.3,
20241207,4,15.00,31129.5,21764.3,
20241207,4,15.01,31130.5,21728.9,
20241207,4,15.03,31182.5,21728.9,
20241207,4,15.12,31182.5,21728.9,
20241207,4,15.39,31192.5,21723.4,
20241207,4,15.50,31269.5,21723.4,
20241207,4,15.58,31269.5,21723.4,
20241207,4,15.70,31269.5,21721.5,
20241207,4,15.90,31269.5,21719.3,
20241207,4,15.93,31372.5,21719.1,
20241207,4,16.00,31392.5,21719.1,
20241207,4,16.06,31492.5,21662.2,
20241207,4,16.08,31492.5,21662.2,
20241207,4,16.09,31492.5,21662.1,
20241207,4,16.10,31492.5,21661.9,
20241207,4,16.19,31492.5,21654.3,
20241207,4,16.40,31492.5,21653.4,
20241207,4,16.43,31542.5,21653.3,
20241207,4,16.45,31542.5,21653.3,
20241207,4,16.50,31612.5,21651.5,
20241207,4,16.59,31612.5,21651.5,
20241207,4,16.60,31662.5,21649.0,
20241207,4,16.70,31662.5,21649.0,
20241207,4,17.00,31667.5,21640.0,
20241207,4,17.01,31670.5,21611.1,
20241207,4,17.17,31770.5,21605.6,
20241207,4,17.20,31770.5,21605.6,
20241207,4,17.41,31770.7,21561.5,
20241207,4,17.43,31770.7,21561.5,
20241207,4,17.50,31800.7,21561.3,
20241207,4,17.59,31816.9,21561.3,
20241207,4,17.68,31868.9,21561.3,
20241207,4,17.73,31868.9,21561.3,
20241207,4,17.76,31868.9,21539.3,
20241207,4,17.84,31868.9,21504.1,
20241207,4,17.95,31868.9,21502.3,
20241207,4,18.00,31868.9,21501.3,
20241207,4,18.01,31869.2,21495.8,
20241207,4,18.13,31969.2,21495.8,
20241207,4,18.18,31969.2,21495.8,
20241207,4,18.30,31969.2,21494.6,
20241207,4,18.43,32043.2,21493.8,
20241207,4,18.50,32043.2,21493.8,
20241207,4,18.70,32043.2,21492.9,
20241207,4,18.78,32043.2,21491.9,
20241207,4,18.79,32053.7,21490.2,
20241207,4,19.11,32053.7,21490.2,
20241207,4,19.40,32053.7,21482.5,
20241207,4,19.42,32293.7,21400.5,
20241207,4,19.45,32293.7,21400.5,
20241207,4,19.56,32435.7,21399.5,
20241207,4,19.59,32435.7,21399.5,
20241207,4,19.63,32576.7,21398.7,
20241207,4,19.66,32718.7,21398.7,
20241207,4,19.70,32859.7,21398.7,
20241207,4,19.77,33001.7,21398.7,
20241207,4,19.80,33142.7,21398.7,
20241207,4,19.86,33142.7,21398.7,
20241207,4,20.00,33142.7,21398.6,
20241207,4,20.12,33142.7,21339.2,
20241207,4,20.20,33142.7,21334.3,
20241207,4,20.23,33146.7,21333.3,
20241207,4,20.27,33146.7,21333.3,
20241207,4,20.58,33146.7,21221.4,
20241207,4,20.95,33146.7,21203.6,
20241207,4,21.00,33146.7,21202.6,
20241207,4,21.02,33146.7,21202.5,
20241207,4,21.08,33146.7,20402.5,
20241207,4,21.09,33146.7,20402.2,
20241207,4,21.10,33157.3,20399.5,
20241207,4,21.70,33157.3,20399.5,
20241207,4,21.86,33157.3,20396.5,
20241207,4,22.12,33157.3,20395.6,
20241207,4,22.35,33299.3,20388.0,
20241207,4,22.58,33307.0,20388.0,
20241207,4,22.80,33307.0,20388.0,
20241207,4,22.84,33307.0,20387.2,
20241207,4,22.97,33307.0,20370.1,
20241207,4,22.99,33307.0,20361.6,
20241207,4,23.00,33307.0,20359.2,
20241207,4,23.20,33322.4,20304.9,
20241207,4,23.86,33322.4,20304.9,
20241207,4,24.00,33322.4,20303.1,
20241207,4,24.04,33322.4,20284.5,
20241207,4,24.13,33322.4,20280.6,
20241207,4,24.96,33322.4,20272.9,
20241207,4,25.00,33322.4,20265.3,
20241207,4,25.13,33322.4,20259.4,
20241207,4,25.57,33463.4,20228.7,
20241207,4,26.00,33463.4,20228.7,
20241207,4,26.18,33463.4,20228.1,
20241207,4,26.86,33463.4,20199.4,
20241207,4,27.01,33463.4,20199.3,
20241207,4,27.50,33463.4,20097.6,
20241207,4,28.80,33605.4,20094.9,
20241207,4,28.87,33615.0,20094.9,
20241207,4,29.90,33615.0,20094.9,
20241207,4,30.00,33615.0,20093.8,
20241207,4,31.36,33615.0,20023.4,
20241207,4,31.79,33615.0,19882.2,
20241207,4,33.62,33759.1,19880.1,
20241207,4,33.86,33759.1,19880.1,
20241207,4,34.00,33759.1,19879.9,
20241207,4,34.94,33759.1,19870.1,
20241207,4,35.00,33759.1,19856.5,
20241207,4,36.00,33759.1,19847.1,
20241207,4,36.79,33759.1,19797.1,
20241207,4,37.50,33759.1,19786.0,
20241207,4,39.69,34116.1,19750.2,
20241207,4,40.00,34116.1,19750.2,
20241207,4,40.01,34116.1,19685.6,
20241207,4,42.29,34116.1,19586.3,
20241207,4,45.00,34116.1,19584.7,
20241207,4,45.01,34116.1,18892.9,
20241207,4,46.00,34116.1,18831.6,
20241207,4,48.32,34116.1,18782.5,
20241207,4,50.00,34118.0,18756.8,
20241207,4,50.01,34118.0,18461.0,
20241207,4,50.90,34118.0,18459.5,
20241207,4,55.00,34118.0,18459.3,
20241207,4,60.00,34118.0,18396.0,
20241207,4,60.80,34118.0,18305.7,
20241207,4,62.39,34118.0,18283.0,
20241207,4,70.00,34118.0,18270.9,
20241207,4,77.80,34118.0,18270.8,
20241207,4,79.90,34118.0,18190.6,
20241207,4,80.00,34118.0,18189.9,
20241207,4,80.01,34118.0,17335.6,
20241207,4,80.02,34118.0,17258.4,
20241207,4,80.10,34118.0,17182.4,
20241207,4,80.21,34267.9,17182.3,
20241207,4,81.00,34267.9,17182.3,
20241207,4,82.01,34267.9,17181.1,
20241207,4,85.00,34267.9,17061.9,
20241207,4,90.00,34267.9,17059.1,
20241207,4,94.86,34267.9,17054.7,
20241207,4,99.00,34267.9,17053.1,
20241207,4,99.90,34267.9,17052.9,
20241207,4,100.00,34456.7,17044.9,
20241207,4,100.01,34486.6,16819.7,
20241207,4,101.00,34486.6,16819.7,
20241207,4,107.78,34486.6,16655.2,
20241207,4,120.10,34486.6,16653.5,
20241207,4,120.70,34486.6,16627.5,
20241207,4,133.62,34486.6,16625.9,
20241207,4,138.00,34486.6,16624.2,
20241207,4,150.00,34486.6,16490.3,
20241207,4,151.00,34486.6,16393.1,
20241207,4,190.00,34486.6,16359.4,
20241207,4,200.00,34486.6,16358.9,
20241207,4,200.01,34486.6,14245.1,
20241207,4,200.10,34486.6,12086.1,
20241207,4,200.50,34486.6,12015.0,
20241207,4,200.98,34486.6,12014.8,
20241207,4,200.99,34486.6,12014.7,
20241207,4,201.00,34486.6,12014.6,
20241207,4,210.00,34486.6,11975.9,
20241207,4,250.00,34486.6,11145.2,
20241207,4,299.99,34487.1,10990.6,
20241207,4,300.00,34487.1,10990.6,
20241207,4,500.00,34487.1,10886.3,
20241207,4,550.02,34487.1,10876.3,
20241207,4,900.00,34487.1,10724.6,
20241207,4,999.00,34487.1,10718.6,
20241207,4,999.99,34487.1,0.0,
20241207,5,0.00,0.0,33709.1,
20241207,5,0.00,9703.5,33709.1,
20241207,5,0.01,26531.9,33709.1,
20241207,5,0.02,26734.2,33702.4,
20241207,5,0.03,26739.4,33692.0,
20241207,5,0.04,26764.9,33689.8,
20241207,5,0.10,26765.2,33689.8,
20241207,5,0.94,26765.8,33669.8,
20241207,5,1.00,27202.9,33669.8,
20241207,5,1.01,27210.1,33571.6,
20241207,5,1.86,27210.6,33564.8,
20241207,5,2.00,27295.0,33564.8,
20241207,5,2.01,27295.0,33556.8,
20241207,5,2.20,27302.2,32956.8,
20241207,5,2.67,27304.5,32956.8,
20241207,5,2.79,27305.0,32956.8,
20241207,5,3.00,27334.2,32956.8,
20241207,5,3.01,27334.7,32469.4,
20241207,5,3.71,27335.3,32269.4,
20241207,5,4.00,27351.5,32269.4,
20241207,5,4.27,27409.9,32268.3,
20241207,5,4.39,27417.1,32268.3,
20241207,5,4.64,27417.6,32268.3,
20241207,5,5.00,27596.2,32268.3,
20241207,5,5.01,27596.7,31941.2,
20241207,5,5.10,27596.8,31429.8,
20241207,5,5.32,27599.1,31429.8,
20241207,5,5.56,27599.2,31429.8,
20241207,5,5.90,27599.2,31429.8,
20241207,5,6.00,27675.0,31413.5,
20241207,5,6.01,27685.0,31403.5,
20241207,5,6.03,27685.1,31403.5,
20241207,5,6.10,27700.1,31403.5,
20241207,5,6.19,27700.1,31403.5,
20241207,5,6.26,27700.1,31203.5,
20241207,5,6.49,27700.2,31197.5,
20241207,5,6.50,27702.6,31197.5,
20241207,5,6.58,27709.8,31196.5,
20241207,5,6.60,27710.4,31196.5,
20241207,5,6.95,27710.5,31196.5,
20241207,5,7.00,27718.5,31196.5,
20241207,5,7.38,27718.5,31175.4,
20241207,5,7.50,27763.5,31175.3,
20241207,5,7.51,27763.5,31175.3,
20241207,5,7.53,28180.9,30875.3,
20241207,5,7.75,28181.9,30875.3,
20241207,5,7.80,28181.9,30875.3,
20241207,5,7.98,28190.2,30803.3,
20241207,5,8.00,28206.2,30803.3,
20241207,5,8.01,28207.7,30648.1,
20241207,5,8.04,28207.7,30648.1,
20241207,5,8.12,28207.9,30548.1,
20241207,5,8.28,28211.9,30548.1,
20241207,5,8.50,28213.0,30518.1,
20241207,5,8.52,28213.0,30513.8,
20241207,5,8.67,28216.0,30498.8,
20241207,5,8.77,28223.3,30498.8,
20241207,5,8.80,28223.3,30498.8,
20241207,5,8.85,28223.3,30468.8,
20241207,5,8.89,28223.3,30311.8,
20241207,5,8.91,28223.3,30262.8,
20241207,5,8.93,28223.3,30260.0,
20241207,5,8.95,28224.0,30230.0,
20241207,5,8.96,28224.0,30230.0,
20241207,5,8.99,28224.0,30198.1,
20241207,5,9.00,28224.0,30138.1,
20241207,5,9.01,28227.4,30106.8,
20241207,5,9.03,28231.4,30099.8,
20241207,5,9.04,28231.4,30084.8,
20241207,5,9.07,28231.4,30054.8,
20241207,5,9.10,28231.4,30024.8,
20241207,5,9.13,28231.4,29994.8,
20241207,5,9.18,28231.4,29934.8,
20241207,5,9.21,28231.4,29904.8,
20241207,5,9.24,28231.4,29874.8,
20241207,5,9.25,28244.1,29844.8,
20241207,5,9.32,28244.1,29844.8,
20241207,5,9.33,28244.1,29814.8,
20241207,5,9.53,28244.1,29789.8,
20241207,5,9.54,28244.1,29759.8,
20241207,5,9.60,28244.1,29758.6,
20241207,5,9.66,28250.1,29758.5,
20241207,5,9.67,28250.1,29758.5,
20241207,5,9.71,28266.1,29743.5,
20241207,5,9.73,28266.1,29743.5,
20241207,5,9.78,28270.1,29698.5,
20241207,5,9.80,28270.1,29698.5,
20241207,5,9.84,28270.1,29698.4,
20241207,5,9.99,28270.1,29668.4,
20241207,5,10.00,28277.2,29638.4,
20241207,5,10.01,28279.9,29593.2,
20241207,5,10.14,28279.9,29589.9,
20241207,5,10.15,28279.9,29533.9,
20241207,5,10.24,28279.9,29433.9,
20241207,5,10.25,28279.9,29418.9,
20241207,5,10.30,28328.3,28844.7,
20241207,5,10.36,28328.3,28844.7,
20241207,5,10.42,28328.3,28816.6,
20241207,5,10.44,28328.3,28816.4,
20241207,5,10.50,28344.1,28668.4,
20241207,5,10.51,28344.6,28647.7,
20241207,5,10.53,28348.6,28647.7,
20241207,5,10.63,28364.6,28647.7,
20241207,5,10.68,28364.6,28647.7,
20241207,5,10.70,28364.6,28644.8,
20241207,5,10.75,28364.6,28614.8,
20241207,5,10.79,28364.6,28614.3,
20241207,5,10.80,28364.6,28466.3,
20241207,5,10.81,28364.6,28318.3,
20241207,5,10.82,28364.6,28293.3,
20241207,5,10.86,28364.6,28293.1,
20241207,5,10.88,28378.9,28282.7,
20241207,5,10.89,28379.7,28282.7,
20241207,5,10.90,28379.7,28281.4,
20241207,5,10.91,28379.7,28280.8,
20241207,5,10.92,28379.7,28279.1,
20241207,5,10.93,28399.8,28269.2,
20241207,5,10.96,28399.8,28167.2,
20241207,5,11.00,28445.2,28166.8,
20241207,5,11.01,28449.4,28097.1,
20241207,5,11.04,28449.4,28071.7,
20241207,5,11.08,28449.4,27924.7,
20241207,5,11.09,28449.4,27820.7,
20241207,5,11.18,28449.4,27665.7,
20241207,5,11.26,28449.4,27565.7,
20241207,5,11.27,28449.4,27469.5,
20241207,5,11.28,28453.4,27369.5,
20241207,5,11.29,28453.4,27369.5,
20241207,5,11.30,28453.4,27369.1,
20241207,5,11.32,29683.4,27368.9,
20241207,5,11.34,29683.4,27368.9,
20241207,5,11.36,29683.4,26903.7,
20241207,5,11.38,29713.4,26803.7,
20241207,5,11.39,29743.4,26803.7,
20241207,5,11.40,29743.4,26803.7,
20241207,5,11.43,29763.4,26803.5,
20241207,5,11.44,29763.4,26803.5,
20241207,5,11.47,29763.5,26703.5,
20241207,5,11.50,29823.6,26703.5,
20241207,5,11.54,29823.6,26364.8,
20241207,5,11.56,29833.0,26241.8,
20241207,5,11.57,29885.0,26241.8,
20241207,5,11.63,29885.0,26230.9,
20241207,5,11.65,29885.0,26230.5,
20241207,5,11.66,29885.0,25877.5,
20241207,5,11.70,29886.6,25852.5,
20241207,5,11.78,29886.6,25852.5,
20241207,5,11.80,29893.1,25852.3,
20241207,5,11.84,29923.1,25852.3,
20241207,5,11.87,29923.1,25852.3,
20241207,5,11.95,29953.1,25729.3,
20241207,5,11.96,29953.1,25729.3,
20241207,5,12.00,30035.6,25728.4,
20241207,5,12.02,30035.6,25714.1,
20241207,5,12.03,30188.5,25604.1,
20241207,5,12.07,30405.5,25604.1,
20241207,5,12.13,30405.5,25604.1,
20241207,5,12.14,30408.5,25584.7,
20241207,5,12.25,30408.5,25584.7,
20241207,5,12.26,30408.5,25582.0,
20241207,5,12.28,30408.5,25581.8,
20241207,5,12.31,30408.5,25581.7,
20241207,5,12.38,30409.7,25556.7,
20241207,5,12.40,30409.7,25556.7,
20241207,5,12.42,30409.7,25556.3,
20241207,5,12.43,30429.7,25546.3,
20241207,5,12.50,30429.7,25296.3,
20241207,5,12.51,30449.7,25244.1,
20241207,5,12.54,30449.7,25244.1,
20241207,5,12.74,30449.7,25221.7,
20241207,5,12.76,30449.7,25220.9,
20241207,5,12.80,30449.7,25219.1,
20241207,5,13.00,30509.8,25219.0,
20241207,5,13.01,30511.7,25211.4,
20241207,5,13.05,30541.7,25202.5,
20241207,5,13.08,30561.7,25202.5,
20241207,5,13.12,30561.7,25202.5,
20241207,5,13.13,30571.7,25037.5,
20241207,5,13.20,30571.7,25037.5,
20241207,5,13.21,30571.7,24976.0,
20241207,5,13.24,30571.7,24876.0,
20241207,5,13.29,30571.7,24826.0,
20241207,5,13.30,30571.7,24822.2,
20241207,5,13.34,30571.7,24772.2,
20241207,5,13.35,30580.9,24742.2,
20241207,5,13.50,30580.9,24742.2,
20241207,5,13.53,30580.9,24675.4,
20241207,5,13.60,30615.9,24675.0,
20241207,5,13.62,30615.9,24675.0,
20241207,5,13.71,30615.9,24671.2,
20241207,5,13.75,30615.9,24471.2,
20241207,5,13.83,30615.9,24470.9,
20241207,5,13.87,30615.9,24470.1,
20241207,5,13.95,30615.9,24270.1,
20241207,5,13.96,30615.9,24070.1,
20241207,5,14.00,30670.9,24066.3,
20241207,5,14.01,30685.6,23992.3,
20241207,5,14.18,30685.6,23988.3,
20241207,5,14.19,30685.6,23974.3,
20241207,5,14.25,30720.6,23774.3,
20241207,5,14.26,30730.6,23774.3,
20241207,5,14.28,30730.6,23774.3,
20241207,5,14.29,30730.6,23570.3,
20241207,5,14.30,30730.6,23552.7,
20241207,5,14.33,30730.6,23452.7,
20241207,5,14.38,31002.6,23252.7,
20241207,5,14.40,31018.6,23252.7,
20241207,5,14.52,31018.6,23052.7,
20241207,5,14.63,31054.6,22852.7,
20241207,5,14.66,31092.6,22852.7,
20241207,5,14.72,31132.6,22852.7,
20241207,5,14.75,31132.6,22852.7,
20241207,5,14.76,31132.6,22652.7,
20241207,5,14.88,31187.6,22643.6,
20241207,5,14.90,31225.6,22643.6,
20241207,5,14.93,31289.6,22643.6,
20241207,5,14.95,31619.3,22643.6,
20241207,5,14.96,31619.3,22643.6,
20241207,5,14.98,31677.3,22443.6,
20241207,5,15.00,31687.3,22443.6,
20241207,5,15.01,31688.3,22408.7,
20241207,5,15.03,31749.3,22408.7,
20241207,5,15.12,31749.3,22405.6,
20241207,5,15.39,31839.3,22400.7,
20241207,5,15.50,31916.3,22400.7,
20241207,5,15.55,31941.3,22398.7,
20241207,5,15.70,31941.3,22398.7,
20241207,5,15.73,31941.3,22398.6,
20241207,5,15.78,31941.3,22396.8,
20241207,5,15.90,31941.3,22394.7,
20241207,5,15.93,32094.2,22394.5,
20241207,5,15.99,32094.2,22394.5,
20241207,5,16.00,32114.2,22347.7,
20241207,5,16.06,32214.2,22284.4,
20241207,5,16.28,32214.2,22284.4,
20241207,5,16.29,32214.2,22284.3,
20241207,5,16.40,32214.2,22284.1,
20241207,5,16.47,32264.2,22284.0,
20241207,5,16.50,32334.2,22284.0,
20241207,5,16.53,32334.2,22284.0,
20241207,5,16.59,32334.2,22282.3,
20241207,5,16.68,32384.2,22279.9,
20241207,5,16.70,32384.2,22279.9,
20241207,5,16.95,32384.2,22270.9,
20241207,5,17.00,32389.2,22270.0,
20241207,5,17.01,32392.1,22244.1,
20241207,5,17.17,32492.1,22238.7,
20241207,5,17.20,32492.1,22238.7,
20241207,5,17.28,32492.1,22195.9,
20241207,5,17.43,32492.1,22194.9,
20241207,5,17.50,32522.1,22194.7,
20241207,5,17.59,32538.3,22193.6,
20241207,5,17.73,32538.3,22193.6,
20241207,5,17.85,32538.3,22171.6,
20241207,5,17.99,32538.3,22169.8,
20241207,5,18.00,32538.3,22139.3,
20241207,5,18.01,32538.6,22133.8,
20241207,5,18.03,32538.6,22133.8,
20241207,5,18.13,32638.6,22132.8,
20241207,5,18.43,32712.6,22132.8,
20241207,5,18.50,32712.6,22132.8,
20241207,5,18.78,32712.6,22131.9,
20241207,5,18.79,32723.8,22129.9,
20241207,5,18.82,32724.0,22129.9,
20241207,5,18.85,32724.0,22129.9,
20241207,5,19.38,32724.0,22122.2,
20241207,5,19.42,32964.0,22040.2,
20241207,5,19.53,32964.0,22040.2,
20241207,5,19.59,33106.0,22039.2,
20241207,5,19.63,33247.0,22039.2,
20241207,5,19.66,33389.0,22039.2,
20241207,5,19.73,33530.0,22039.2,
20241207,5,19.77,33672.0,22039.2,
20241207,5,19.78,33672.0,22039.2,
20241207,5,19.80,33813.0,22039.1,
20241207,5,19.93,33813.0,22039.1,
20241207,5,20.00,33813.0,22038.4,
20241207,5,20.07,33813.0,21980.0,
20241207,5,20.12,33813.0,21979.2,
20241207,5,20.22,33818.0,21974.6,
20241207,5,20.28,33818.0,21974.6,
20241207,5,20.44,33818.0,21973.6,
20241207,5,20.73,33818.0,21872.8,
20241207,5,20.78,33818.0,21855.9,
20241207,5,21.02,33818.0,21847.4,
20241207,5,21.03,33818.0,21047.4,
20241207,5,21.10,33828.9,21046.4,
20241207,5,21.28,33828.9,21046.4,
20241207,5,21.29,33828.9,21046.1,
20241207,5,21.50,33828.9,21043.4,
20241207,5,21.71,33828.9,21043.3,
20241207,5,21.78,33828.9,21035.7,
20241207,5,22.15,33828.9,21033.2,
20241207,5,22.35,33970.9,21032.3,
20241207,5,22.58,33978.6,21032.3,
20241207,5,22.85,33978.6,21032.3,
20241207,5,23.00,33978.6,21015.2,
20241207,5,23.02,33978.6,20961.4,
20241207,5,23.19,33978.6,20960.6,
20241207,5,23.20,33994.0,20958.7,
20241207,5,23.61,33994.0,20958.7,
20241207,5,24.00,33994.0,20951.0,
20241207,5,24.04,33994.0,20932.8,
20241207,5,24.40,33994.0,20929.0,
20241207,5,24.56,33994.0,20921.4,
20241207,5,25.00,33994.0,20894.0,
20241207,5,25.48,33994.0,20888.0,
20241207,5,26.00,33994.0,20886.1,
20241207,5,26.18,33994.0,20885.6,
20241207,5,26.78,33994.0,20857.6,
20241207,5,27.17,34135.0,20857.5,
20241207,5,27.47,34135.0,20857.5,
20241207,5,27.50,34135.0,20759.8,
20241207,5,28.87,34144.6,20757.4,
20241207,5,29.90,34144.6,20757.4,
20241207,5,30.00,34144.6,20756.3,
20241207,5,30.40,34286.6,20688.9,
20241207,5,31.36,34286.6,20688.9,
20241207,5,31.79,34286.6,20621.0,
20241207,5,33.62,34398.0,20618.9,
20241207,5,33.78,34398.0,20618.9,
20241207,5,34.00,34398.0,20618.7,
20241207,5,34.94,34398.0,20609.1,
20241207,5,35.00,34398.0,20595.3,
20241207,5,36.00,34398.0,20586.7,
20241207,5,36.79,34398.0,20536.7,
20241207,5,37.50,34398.0,20525.6,
20241207,5,39.69,34766.0,20490.3,
20241207,5,40.00,34766.0,20490.3,
20241207,5,40.01,34766.0,20427.9,
20241207,5,42.43,34766.0,20337.2,
20241207,5,45.00,34766.0,20335.6,
20241207,5,45.01,34766.0,19645.4,
20241207,5,46.00,34766.0,19583.2,
20241207,5,48.32,34766.0,19538.5,
20241207,5,50.00,34767.6,19512.7,
20241207,5,50.01,34767.6,19217.3,
20241207,5,50.90,34767.6,19216.0,
20241207,5,55.00,34767.6,19215.8,
20241207,5,60.00,34767.6,19152.8,
20241207,5,60.93,34767.6,19063.9,
20241207,5,62.35,34767.6,19040.9,
20241207,5,70.00,34767.6,19028.8,
20241207,5,77.80,34767.6,19028.7,
20241207,5,79.90,34767.6,18951.7,
20241207,5,80.00,34767.6,18951.0,
20241207,5,80.01,34767.6,18116.4,
20241207,5,80.02,34767.6,18039.6,
20241207,5,80.10,34767.6,17963.6,
20241207,5,80.21,34917.5,17963.5,
20241207,5,81.00,34917.5,17963.5,
20241207,5,82.01,34917.5,17962.4,
20241207,5,85.00,34917.5,17847.0,
20241207,5,90.00,34917.5,17844.3,
20241207,5,94.95,34917.5,17839.8,
20241207,5,99.00,34917.5,17838.2,
20241207,5,99.90,34917.5,17838.0,
20241207,5,100.00,35106.1,17829.6,
20241207,5,100.01,35135.9,17569.3,
20241207,5,101.00,35135.9,17569.3,
20241207,5,107.87,35135.9,17404.8,
20241207,5,120.10,35135.9,17403.1,
20241207,5,120.79,35135.9,17377.0,
20241207,5,133.71,35135.9,17375.4,
20241207,5,138.00,35135.9,17373.7,
20241207,5,150.00,35135.9,17239.8,
20241207,5,151.00,35135.9,17141.5,
20241207,5,190.00,35135.9,17108.3,
20241207,5,200.00,35135.9,17107.8,
20241207,5,200.01,35135.9,15009.4,
20241207,5,200.10,35135.9,12854.8,
20241207,5,200.50,35135.9,12783.7,
20241207,5,200.98,35135.9,12783.5,
20241207,5,200.99,35135.9,12783.4,
20241207,5,201.00,35135.9,12783.3,
20241207,5,210.00,35135.9,12745.8,
20241207,5,250.00,35135.9,11454.4,
20241207,5,299.99,35136.4,11301.7,
20241207,5,300.00,35136.4,11301.7,
20241207,5,500.00,35136.4,11197.5,
20241207,5,550.02,35136.4,11187.5,
20241207,5,900.00,35136.4,10999.1,
20241207,5,999.00,35136.4,10993.1,
20241207,5,999.99,35136.4,0.0,
20241207,6,0.00,0.0,34368.7,
20241207,6,0.00,9992.6,34368.7,
20241207,6,0.01,26962.0,34368.7,
20241207,6,0.02,27168.0,34362.1,
20241207,6,0.03,27173.1,34351.7,
20241207,6,0.04,27198.5,34349.5,
20241207,6,0.10,27198.7,34349.5,
20241207,6,0.95,27199.3,34329.5,
20241207,6,1.00,27640.4,34329.5,
20241207,6,1.01,27647.6,34234.7,
20241207,6,1.89,27648.1,34228.0,
20241207,6,2.00,27732.3,34228.0,
20241207,6,2.01,27732.3,34220.0,
20241207,6,2.26,27739.5,33620.0,
20241207,6,2.68,27741.8,33620.0,
20241207,6,2.84,27742.3,33620.0,
20241207,6,3.00,27771.3,33620.0,
20241207,6,3.01,27771.7,33133.6,
20241207,6,3.78,27772.3,32933.6,
20241207,6,4.00,27790.7,32933.6,
20241207,6,4.27,27849.1,32932.5,
20241207,6,4.50,27856.3,32932.5,
20241207,6,4.72,27856.8,32932.5,
20241207,6,5.00,28035.6,32932.5,
20241207,6,5.01,28036.1,32607.6,
20241207,6,5.19,28036.2,32096.7,
20241207,6,5.35,28038.5,32096.7,
20241207,6,5.66,28038.6,32096.7,
20241207,6,5.90,28038.6,32096.7,
20241207,6,6.00,28114.7,32080.4,
20241207,6,6.01,28124.7,32070.4,
20241207,6,6.10,28140.0,32070.4,
20241207,6,6.13,28140.1,32070.4,
20241207,6,6.19,28140.1,32070.4,
20241207,6,6.26,28140.1,31870.4,
20241207,6,6.50,28143.7,31864.4,
20241207,6,6.60,28144.4,31863.4,
20241207,6,6.75,28151.6,31863.4,
20241207,6,7.00,28159.6,31863.4,
20241207,6,7.07,28159.7,31842.4,
20241207,6,7.50,28204.7,31842.4,
20241207,6,7.51,28204.7,31840.3,
20241207,6,7.52,28204.7,31540.3,
20241207,6,7.69,28630.1,31540.2,
20241207,6,7.75,28631.1,31540.2,
20241207,6,7.80,28631.1,31540.2,
20241207,6,7.84,28631.1,31468.0,
20241207,6,8.00,28647.4,31466.9,
20241207,6,8.01,28648.8,31317.3,
20241207,6,8.02,28660.3,31317.3,
20241207,6,8.04,28660.3,31317.3,
20241207,6,8.12,28660.6,31217.3,
20241207,6,8.44,28664.6,31217.3,
20241207,6,8.50,28665.8,31217.3,
20241207,6,8.60,28665.8,31213.1,
20241207,6,8.69,28668.8,31213.0,
20241207,6,8.85,28668.8,31213.0,
20241207,6,8.89,28668.8,31056.0,
20241207,6,8.91,28668.8,31007.0,
20241207,6,8.93,28668.8,31004.2,
20241207,6,8.95,28669.5,30974.2,
20241207,6,8.96,28669.5,30974.2,
20241207,6,8.99,28676.8,30944.2,
20241207,6,9.00,28676.8,30884.2,
20241207,6,9.01,28680.2,30853.0,
20241207,6,9.02,28680.2,30846.1,
20241207,6,9.04,28680.2,30845.9,
20241207,6,9.07,28680.2,30815.9,
20241207,6,9.10,28680.2,30785.9,
20241207,6,9.13,28680.2,30754.1,
20241207,6,9.14,28680.2,30694.1,
20241207,6,9.18,28680.2,30664.1,
20241207,6,9.19,28684.2,30634.1,
20241207,6,9.21,28684.2,30634.1,
20241207,6,9.24,28684.2,30604.1,
20241207,6,9.25,28687.6,30574.1,
20241207,6,9.27,28697.0,30574.1,
20241207,6,9.48,28697.0,30574.1,
20241207,6,9.60,28697.0,30559.1,
20241207,6,9.71,28697.0,30559.0,
20241207,6,9.73,28697.0,30529.0,
20241207,6,9.80,28697.0,30484.0,
20241207,6,9.94,28701.0,30483.9,
20241207,6,9.99,28701.0,30483.9,
20241207,6,10.00,28708.1,30438.9,
20241207,6,10.01,28710.8,30393.7,
20241207,6,10.04,28710.8,30390.4,
20241207,6,10.08,28710.8,30375.4,
20241207,6,10.14,28710.8,30350.4,
20241207,6,10.15,28710.8,30294.4,
20241207,6,10.25,28710.8,30194.4,
20241207,6,10.28,28710.8,29620.4,
20241207,6,10.30,28759.2,29590.4,
20241207,6,10.36,28765.2,29590.4,
20241207,6,10.37,28765.2,29590.4,
20241207,6,10.41,28765.2,29565.4,
20241207,6,10.44,28765.2,29562.4,
20241207,6,10.50,28781.0,29414.4,
20241207,6,10.58,28781.0,29394.3,
20241207,6,10.59,28781.0,29379.3,
20241207,6,10.68,28781.0,29349.3,
20241207,6,10.69,28801.0,29346.3,
20241207,6,10.71,28801.0,29346.3,
20241207,6,10.75,28801.0,29321.3,
20241207,6,10.79,28801.0,29320.8,
20241207,6,10.80,28801.0,29172.8,
20241207,6,10.85,28801.0,29024.8,
20241207,6,10.86,28801.0,28994.8,
20241207,6,10.88,28814.7,28984.8,
20241207,6,10.93,28814.7,28984.8,
20241207,6,10.96,28814.7,28882.8,
20241207,6,10.98,28814.7,28882.2,
20241207,6,11.00,28862.8,28857.2,
20241207,6,11.01,28867.3,28788.4,
20241207,6,11.04,28867.3,28788.0,
20241207,6,11.08,28867.3,28641.0,
20241207,6,11.10,28867.3,28537.0,
20241207,6,11.11,28867.5,28535.5,
20241207,6,11.20,28867.5,28535.5,
20241207,6,11.24,28874.7,28435.5,
20241207,6,11.26,28874.7,28435.5,
20241207,6,11.29,28874.7,28339.3,
20241207,6,11.30,28874.7,28239.3,
20241207,6,11.32,30146.1,28239.1,
20241207,6,11.34,30146.1,28239.1,
20241207,6,11.36,30146.1,27748.9,
20241207,6,11.37,30146.1,27748.2,
20241207,6,11.39,30147.5,27648.2,
20241207,6,11.40,30147.5,27648.2,
20241207,6,11.44,30151.5,27648.0,
20241207,6,11.46,30151.5,27648.0,
20241207,6,11.47,30153.0,27548.0,
20241207,6,11.50,30213.1,27548.0,
20241207,6,11.54,30214.6,27274.3,
20241207,6,11.57,30266.6,27151.3,
20241207,6,11.59,30276.0,27151.3,
20241207,6,11.60,30276.0,27140.7,
20241207,6,11.62,30277.3,27140.2,
20241207,6,11.65,30277.3,27139.8,
20241207,6,11.69,30277.3,27003.8,
20241207,6,11.70,30278.9,26938.8,
20241207,6,11.74,30278.9,26908.8,
20241207,6,11.75,30299.0,26898.9,
20241207,6,11.76,30329.0,26898.3,
20241207,6,11.80,30329.7,26898.3,
20241207,6,11.83,30329.7,26898.3,
20241207,6,11.84,30359.7,26668.3,
20241207,6,11.87,30359.7,26668.3,
20241207,6,11.97,30359.8,26545.3,
20241207,6,11.98,30359.8,26520.3,
20241207,6,12.00,30442.3,26520.1,
20241207,6,12.02,30442.3,26505.8,
20241207,6,12.03,30542.3,26465.8,
20241207,6,12.07,30614.3,26465.8,
20241207,6,12.13,30614.3,26465.8,
20241207,6,12.15,30644.3,26446.4,
20241207,6,12.17,30647.3,26444.7,
20241207,6,12.19,30651.3,26444.7,
20241207,6,12.25,30651.3,26444.7,
20241207,6,12.28,30651.3,26441.6,
20241207,6,12.34,30681.3,26441.5,
20241207,6,12.35,30681.3,26441.5,
20241207,6,12.38,30682.5,26439.7,
20241207,6,12.40,30682.5,26439.7,
20241207,6,12.42,30711.4,26439.3,
20241207,6,12.43,30711.4,26439.3,
20241207,6,12.50,30711.9,26047.3,
20241207,6,12.54,30711.9,25996.2,
20241207,6,12.55,30711.9,25974.6,
20241207,6,12.65,30711.9,25934.6,
20241207,6,12.66,30717.9,25934.4,
20241207,6,12.70,30747.9,25934.4,
20241207,6,12.71,30767.9,25934.4,
20241207,6,12.80,30767.9,25934.4,
20241207,6,12.87,30767.9,25934.3,
20241207,6,12.93,30787.9,25933.9,
20241207,6,13.00,30818.1,25933.9,
20241207,6,13.01,30820.0,25926.0,
20241207,6,13.12,30820.0,25917.3,
20241207,6,13.13,30830.0,25722.3,
20241207,6,13.17,30830.0,25722.3,
20241207,6,13.18,30830.0,25714.3,
20241207,6,13.19,30830.0,25614.3,
20241207,6,13.20,30830.0,25514.3,
20241207,6,13.21,30830.0,25414.3,
20241207,6,13.23,30865.0,25314.3,
20241207,6,13.33,30865.0,25314.3,
20241207,6,13.34,30865.0,25314.1,
20241207,6,13.36,30865.0,25234.1,
20241207,6,13.38,30885.0,25230.3,
20241207,6,13.43,30885.0,25230.3,
20241207,6,13.50,30915.0,25180.3,
20241207,6,13.52,30935.0,25114.3,
20241207,6,13.69,30935.0,25114.3,
20241207,6,13.70,30935.0,25113.9,
20241207,6,13.71,30955.0,25100.1,
20241207,6,13.75,30955.0,25100.1,
20241207,6,13.85,30955.0,25099.9,
20241207,6,13.86,30990.0,24899.9,
20241207,6,13.92,30990.0,24899.9,
20241207,6,14.00,31045.0,24699.9,
20241207,6,14.01,31059.6,24626.6,
20241207,6,14.03,31059.6,24622.4,
20241207,6,14.13,31059.6,24618.6,
20241207,6,14.26,31069.6,24418.6,
20241207,6,14.27,31069.6,24418.6,
20241207,6,14.30,31069.6,24218.6,
20241207,6,14.31,31069.6,24122.4,
20241207,6,14.37,31069.6,23922.4,
20241207,6,14.40,31203.6,23914.7,
20241207,6,14.42,31212.8,23714.7,
20241207,6,14.44,31212.8,23714.7,
20241207,6,14.45,31212.8,23710.7,
20241207,6,14.49,31237.8,23697.1,
20241207,6,14.63,31263.8,23497.1,
20241207,6,14.66,31291.8,23497.1,
20241207,6,14.69,31291.8,23497.1,
20241207,6,14.72,31322.8,23496.3,
20241207,6,14.75,31324.5,23296.3,
20241207,6,14.76,31324.5,23296.3,
20241207,6,14.88,31370.5,23287.5,
20241207,6,14.90,31383.5,23287.5,
20241207,6,14.93,31437.5,23287.5,
20241207,6,14.94,31437.5,23287.5,
20241207,6,14.98,31487.5,23087.5,
20241207,6,15.00,31497.5,23087.5,
20241207,6,15.01,31498.5,23052.7,
20241207,6,15.03,31551.5,23052.7,
20241207,6,15.12,31551.5,23052.7,
20241207,6,15.13,31576.5,23048.3,
20241207,6,15.16,31576.5,23048.3,
20241207,6,15.17,32000.5,23047.5,
20241207,6,15.19,32000.5,23047.5,
20241207,6,15.23,32046.5,23044.4,
20241207,6,15.36,32046.5,23044.4,
20241207,6,15.39,32466.5,22844.4,
20241207,6,15.50,32543.5,22844.4,
20241207,6,15.70,32543.5,22842.4,
20241207,6,15.90,32543.5,22842.3,
20241207,6,15.93,32646.5,22842.1,
20241207,6,15.94,32646.5,22842.1,
20241207,6,15.99,32646.5,22840.1,
20241207,6,16.00,32666.5,22794.8,
20241207,6,16.05,32666.5,22738.8,
20241207,6,16.06,32766.5,22731.2,
20241207,6,16.31,32766.5,22731.2,
20241207,6,16.32,32766.5,22729.4,
20241207,6,16.33,32766.5,22729.3,
20241207,6,16.40,32766.5,22729.1,
20241207,6,16.49,32816.5,22729.0,
20241207,6,16.50,32886.5,22729.0,
20241207,6,16.59,32886.5,22728.9,
20241207,6,16.61,32936.5,22726.4,
20241207,6,16.69,32936.5,22726.4,
20241207,6,16.70,32936.5,22724.8,
20241207,6,17.00,32991.4,22715.8,
20241207,6,17.01,32994.3,22689.9,
20241207,6,17.17,33094.3,22684.5,
20241207,6,17.20,33094.3,22684.5,
20241207,6,17.43,33094.3,22641.8,
20241207,6,17.44,33094.3,22641.6,
20241207,6,17.50,33124.3,22640.6,
20241207,6,17.59,33140.5,22640.6,
20241207,6,17.73,33140.5,22640.6,
20241207,6,17.85,33140.5,22618.6,
20241207,6,17.92,33140.5,22616.8,
20241207,6,17.99,33140.5,22615.9,
20241207,6,18.00,33140.5,22588.9,
20241207,6,18.01,33140.8,22582.9,
20241207,6,18.13,33240.8,22582.9,
20241207,6,18.19,33240.8,22582.9,
20241207,6,18.27,33241.0,22581.9,
20241207,6,18.43,33315.0,22581.9,
20241207,6,18.78,33315.0,22581.9,
20241207,6,18.79,33326.7,22581.4,
20241207,6,18.85,33326.7,22581.4,
20241207,6,18.94,33326.7,22573.7,
20241207,6,18.95,33326.7,22572.7,
20241207,6,19.42,33566.7,22572.0,
20241207,6,19.46,33566.7,22572.0,
20241207,6,19.63,33708.7,22490.0,
20241207,6,19.66,33849.7,22490.0,
20241207,6,19.69,33849.7,22490.0,
20241207,6,19.73,33991.7,22489.0,
20241207,6,19.77,34132.7,22489.0,
20241207,6,19.80,34274.7,22489.0,
20241207,6,19.87,34274.7,22489.0,
20241207,6,20.00,34274.7,22488.9,
20241207,6,20.12,34274.7,22431.9,
20241207,6,20.44,34274.7,22427.5,
20241207,6,20.68,34274.7,22333.5,
20241207,6,21.02,34274.7,22332.7,
20241207,6,21.10,34285.5,21532.7,
20241207,6,21.19,34285.5,21532.7,
20241207,6,21.31,34285.5,21531.7,
20241207,6,21.32,34285.5,21515.0,
20241207,6,21.33,34285.5,21514.7,
20241207,6,21.50,34285.5,21512.1,
20241207,6,21.66,34285.5,21511.9,
20241207,6,21.73,34285.5,21504.3,
20241207,6,21.94,34285.5,21495.8,
20241207,6,22.52,34285.5,21493.7,
20241207,6,22.58,34293.2,21492.8,
20241207,6,22.85,34293.2,21492.8,
20241207,6,23.00,34293.2,21476.1,
20241207,6,23.20,34308.6,21422.3,
20241207,6,23.29,34308.6,21422.3,
20241207,6,23.44,34308.6,21421.5,
20241207,6,23.53,34308.6,21420.2,
20241207,6,23.97,34449.6,21412.5,
20241207,6,24.00,34449.6,21412.5,
20241207,6,24.04,34449.6,21394.4,
20241207,6,24.31,34449.6,21390.7,
20241207,6,24.46,34449.6,21383.1,
20241207,6,25.00,34449.6,21357.0,
20241207,6,25.90,34449.6,21351.0,
20241207,6,26.00,34449.6,21323.7,
20241207,6,26.87,34449.6,21323.1,
20241207,6,27.01,34449.6,21323.0,
20241207,6,27.17,34591.6,21228.6,
20241207,6,27.50,34591.6,21228.6,
20241207,6,28.87,34601.2,21225.9,
20241207,6,29.38,34601.2,21225.9,
20241207,6,29.90,34601.2,21224.0,
20241207,6,30.00,34601.2,21222.9,
20241207,6,30.40,34742.2,21156.4,
20241207,6,31.36,34742.2,21156.4,
20241207,6,31.79,34742.2,21142.4,
20241207,6,33.62,34832.1,21140.2,
20241207,6,33.87,34832.1,21140.2,
20241207,6,34.00,34832.1,21140.0,
20241207,6,34.94,34832.1,21130.5,
20241207,6,35.00,34832.1,21116.3,
20241207,6,36.00,34832.1,21106.9,
20241207,6,36.79,34832.1,21056.9,
20241207,6,37.50,34832.1,21045.8,
20241207,6,39.69,35212.1,21010.8,
20241207,6,40.00,35212.1,21010.8,
20241207,6,40.01,35212.1,20950.0,
20241207,6,43.46,35212.1,20867.1,
20241207,6,45.00,35212.1,20865.5,
20241207,6,45.01,35212.1,20176.8,
20241207,6,46.00,35212.1,20112.8,
20241207,6,48.32,35212.1,20073.0,
20241207,6,50.00,35213.8,20047.2,
20241207,6,50.01,35213.8,19754.8,
20241207,6,50.90,35213.8,19753.6,
20241207,6,55.00,35213.8,19753.5,
20241207,6,60.00,35213.8,19690.3,
20241207,6,61.33,35213.8,19603.0,
20241207,6,62.36,35213.8,19579.7,
20241207,6,70.00,35213.8,19567.5,
20241207,6,77.80,35213.8,19567.4,
20241207,6,79.90,35213.8,19492.0,
20241207,6,80.00,35213.8,19491.2,
20241207,6,80.01,35213.8,18671.3,
20241207,6,80.02,35213.8,18596.0,
20241207,6,80.10,35213.8,18520.0,
20241207,6,80.21,35363.7,18519.9,
20241207,6,81.00,35363.7,18519.9,
20241207,6,82.01,35363.7,18518.8,
20241207,6,85.00,35363.7,18405.6,
20241207,6,90.00,35363.7,18402.7,
20241207,6,95.64,35363.7,18398.6,
20241207,6,99.00,35363.7,18397.0,
20241207,6,99.90,35363.7,18396.8,
20241207,6,100.00,35552.3,18387.8,
20241207,6,100.01,35582.1,18091.8,
20241207,6,101.00,35582.1,18091.8,
20241207,6,108.56,35582.1,17927.3,
20241207,6,120.10,35582.1,17925.6,
20241207,6,121.48,35582.1,17899.4,
20241207,6,134.40,35582.1,17897.8,
20241207,6,138.00,35582.1,17896.1,
20241207,6,150.00,35582.1,17762.8,
20241207,6,151.00,35582.1,17661.9,
20241207,6,190.00,35582.1,17628.8,
20241207,6,200.00,35582.1,17628.3,
20241207,6,200.01,35582.1,15533.5,
20241207,6,200.10,35582.1,13381.3,
20241207,6,200.50,35582.1,13310.2,
20241207,6,200.98,35582.1,13310.0,
20241207,6,200.99,35582.1,13309.9,
20241207,6,201.00,35582.1,13309.8,
20241207,6,210.00,35582.1,13274.4,
20241207,6,250.00,35582.1,11681.5,
20241207,6,299.99,35582.6,11531.5,
20241207,6,300.00,35582.6,11531.5,
20241207,6,500.00,35582.6,11427.3,
20241207,6,550.02,35582.6,11417.3,
20241207,6,900.00,35582.6,11192.3,
20241207,6,999.00,35582.6,11186.3,
20241207,6,999.99,35582.6,0.0,
20241207,7,0.00,0.0,34494.3,
20241207,7,0.00,9980.3,34494.3,
20241207,7,0.01,27040.0,34494.3,
20241207,7,0.02,27247.7,34487.6,
20241207,7,0.03,27252.6,34477.2,
20241207,7,0.04,27277.8,34475.0,
20241207,7,0.10,27278.0,34475.0,
20241207,7,1.00,27721.5,34455.0,
20241207,7,1.01,27728.7,34361.6,
20241207,7,1.89,27729.3,34354.9,
20241207,7,2.00,27812.8,34354.9,
20241207,7,2.01,27812.8,34346.9,
20241207,7,2.29,27820.0,33746.9,
20241207,7,2.50,27822.3,33746.9,
20241207,7,3.00,27851.5,33746.9,
20241207,7,3.01,27851.7,33261.3,
20241207,7,3.77,27852.2,33061.3,
20241207,7,4.00,27871.8,33061.3,
20241207,7,4.27,27930.2,33060.2,
20241207,7,4.57,27937.4,33060.2,
20241207,7,4.99,27939.7,33060.2,
20241207,7,5.00,28118.8,33060.2,
20241207,7,5.01,28119.3,32733.5,
20241207,7,5.65,28119.8,32221.9,
20241207,7,5.90,28119.8,32221.9,
20241207,7,6.00,28196.2,32205.6,
20241207,7,6.01,28207.6,32195.6,
20241207,7,6.10,28222.6,32195.6,
20241207,7,6.19,28222.6,32195.6,
20241207,7,6.26,28222.6,31995.6,
20241207,7,6.50,28227.9,31989.6,
20241207,7,6.60,28228.5,31988.6,
20241207,7,6.84,28236.3,31988.6,
20241207,7,6.94,28237.3,31988.6,
20241207,7,7.00,28244.4,31988.6,
20241207,7,7.47,28255.5,31987.6,
20241207,7,7.50,28300.5,31985.7,
20241207,7,7.51,28300.5,31985.7,
20241207,7,7.53,28301.1,31685.7,
20241207,7,7.67,28301.1,31685.7,
20241207,7,7.69,28302.1,31685.6,
20241207,7,7.71,28730.0,31685.6,
20241207,7,7.80,28730.0,31685.6,
20241207,7,8.00,28746.3,31613.3,
20241207,7,8.01,28747.8,31466.4,
20241207,7,8.04,28747.8,31466.4,
20241207,7,8.10,28747.8,31366.4,
20241207,7,8.17,28748.1,31365.5,
20241207,7,8.37,28748.1,31365.5,
20241207,7,8.44,28749.4,31335.5,
20241207,7,8.46,28753.4,31335.5,
20241207,7,8.85,28753.4,31335.5,
20241207,7,8.89,28753.4,31178.5,
20241207,7,8.90,28753.4,31119.5,
20241207,7,8.91,28753.4,31089.5,
20241207,7,8.94,28753.4,31074.5,
20241207,7,8.95,28754.1,31044.5,
20241207,7,8.97,28754.1,31044.5,
20241207,7,9.00,28754.1,31014.5,
20241207,7,9.01,28757.5,30953.2,
20241207,7,9.05,28757.5,30946.3,
20241207,7,9.08,28760.5,30916.3,
20241207,7,9.11,28760.5,30886.3,
20241207,7,9.12,28769.4,30826.3,
20241207,7,9.16,28769.4,30826.3,
20241207,7,9.19,28772.5,30796.3,
20241207,7,9.21,28776.5,30766.3,
20241207,7,9.22,28776.5,30766.3,
20241207,7,9.27,28776.5,30708.3,
20241207,7,9.41,28777.0,30706.3,
20241207,7,9.42,28777.0,30706.3,
20241207,7,9.43,28777.0,30676.3,
20241207,7,9.44,28783.0,30661.3,
20241207,7,9.45,28783.0,30661.3,
20241207,7,9.50,28783.0,30661.1,
20241207,7,9.51,28783.1,30641.1,
20241207,7,9.60,28783.1,30641.1,
20241207,7,9.61,28783.2,30639.2,
20241207,7,9.69,28792.6,30639.2,
20241207,7,9.71,28792.7,30639.2,
20241207,7,9.73,28792.7,30639.2,
20241207,7,9.75,28792.7,30594.2,
20241207,7,9.77,28792.7,30569.2,
20241207,7,9.80,28792.7,30566.5,
20241207,7,9.81,28792.8,30566.4,
20241207,7,9.87,28792.8,30566.4,
20241207,7,9.91,28792.9,30551.4,
20241207,7,9.94,28792.9,30551.4,
20241207,7,9.96,28811.3,30521.4,
20241207,7,9.99,28811.3,30491.4,
20241207,7,10.00,28818.6,30461.4,
20241207,7,10.01,28821.2,30432.0,
20241207,7,10.14,28821.2,30428.7,
20241207,7,10.15,28821.2,30372.7,
20241207,7,10.25,28821.2,30272.7,
20241207,7,10.30,28869.6,29698.7,
20241207,7,10.44,28869.6,29698.7,
20241207,7,10.45,28869.6,29551.7,
20241207,7,10.48,28869.6,29536.7,
20241207,7,10.50,28869.6,29511.7,
20241207,7,10.68,28869.6,29461.6,
20241207,7,10.69,28869.6,29458.6,
20241207,7,10.70,28869.6,29458.1,
20241207,7,10.71,28873.6,29455.1,
20241207,7,10.79,28873.6,29455.1,
20241207,7,10.80,28873.6,29308.1,
20241207,7,10.91,28874.3,29161.1,
20241207,7,10.93,28874.3,29161.1,
20241207,7,11.00,28924.1,29059.1,
20241207,7,11.01,28928.5,29010.1,
20241207,7,11.04,28928.5,28954.7,
20241207,7,11.08,28928.5,28807.7,
20241207,7,11.10,28928.5,28703.7,
20241207,7,11.11,28928.8,28702.3,
20241207,7,11.13,28928.8,28702.3,
20241207,7,11.14,28942.2,28677.3,
20241207,7,11.19,28942.2,28677.3,
20241207,7,11.23,28942.2,28577.3,
20241207,7,11.26,28956.2,28567.4,
20241207,7,11.27,28956.2,28485.2,
20241207,7,11.32,30266.2,28385.2,
20241207,7,11.34,30266.2,28385.2,
20241207,7,11.36,30266.2,27920.0,
20241207,7,11.40,30275.1,27820.0,
20241207,7,11.42,30275.1,27819.2,
20241207,7,11.43,30295.2,27809.3,
20241207,7,11.44,30295.2,27809.3,
20241207,7,11.45,30295.2,27805.1,
20241207,7,11.46,30299.2,27705.1,
20241207,7,11.48,30300.6,27705.1,
20241207,7,11.50,30360.7,27705.1,
20241207,7,11.51,30361.2,27425.6,
20241207,7,11.52,30361.2,27425.6,
20241207,7,11.54,30361.2,27425.4,
20241207,7,11.56,30362.6,27302.4,
20241207,7,11.57,30414.6,27302.4,
20241207,7,11.59,30414.6,27302.4,
20241207,7,11.61,30445.0,27291.9,
20241207,7,11.62,30475.0,27291.9,
20241207,7,11.65,30476.5,27291.9,
20241207,7,11.70,30478.1,27168.9,
20241207,7,11.72,30478.5,27168.9,
20241207,7,11.73,30480.0,27168.9,
20241207,7,11.74,30480.0,27168.9,
20241207,7,11.75,30480.1,27168.2,
20241207,7,11.79,30480.1,27168.2,
20241207,7,11.81,30481.4,27143.2,
20241207,7,11.82,30481.8,27142.8,
20241207,7,11.84,30511.8,27142.8,
20241207,7,11.87,30511.8,27142.8,
20241207,7,11.90,30511.8,27019.8,
20241207,7,11.92,30511.8,27019.3,
20241207,7,11.93,30512.2,26800.3,
20241207,7,11.94,30512.2,26800.3,
20241207,7,11.95,30532.2,26799.9,
20241207,7,12.00,30631.0,26799.9,
20241207,7,12.02,30631.0,26755.5,
20241207,7,12.03,30759.9,26636.5,
20241207,7,12.04,30788.9,26635.5,
20241207,7,12.07,30788.9,26635.5,
20241207,7,12.08,30788.9,26634.9,
20241207,7,12.11,30798.3,26634.5,
20241207,7,12.13,30798.3,26634.5,
20241207,7,12.19,30828.3,26615.1,
20241207,7,12.21,30832.3,26612.4,
20241207,7,12.28,30832.3,26611.5,
20241207,7,12.38,30833.5,26611.2,
20241207,7,12.40,30833.5,26611.2,
20241207,7,12.41,30833.5,26610.8,
20241207,7,12.43,30833.5,26609.1,
20241207,7,12.44,30833.5,26128.1,
20241207,7,12.45,30847.9,26103.1,
20241207,7,12.50,30847.9,26103.1,
20241207,7,12.56,30877.9,26102.7,
20241207,7,12.58,30897.9,26102.7,
20241207,7,12.61,30900.9,26102.7,
20241207,7,12.72,30903.9,26102.7,
20241207,7,12.77,30926.8,26102.7,
20241207,7,12.80,30927.0,26102.7,
20241207,7,12.88,30927.0,26102.6,
20241207,7,12.94,30929.8,26081.3,
20241207,7,12.98,30935.8,26079.8,
20241207,7,13.00,30975.9,26079.8,
20241207,7,13.01,30977.8,26043.2,
20241207,7,13.04,30977.8,26030.6,
20241207,7,13.09,30977.8,26030.4,
20241207,7,13.10,30980.7,26000.4,
20241207,7,13.12,30980.7,26000.4,
20241207,7,13.13,31050.7,25835.4,
20241207,7,13.16,31050.7,25835.4,
20241207,7,13.17,31050.7,25738.8,
20241207,7,13.18,31050.7,25638.8,
20241207,7,13.19,31050.7,25538.1,
20241207,7,13.20,31080.7,25438.1,
20241207,7,13.21,31080.7,25334.3,
20241207,7,13.26,31083.5,25234.3,
20241207,7,13.28,31083.5,25234.3,
20241207,7,13.32,31083.5,25184.3,
20241207,7,13.36,31103.5,25134.3,
20241207,7,13.38,31103.5,25134.3,
20241207,7,13.47,31112.7,25130.5,
20241207,7,13.50,31142.7,25130.5,
20241207,7,13.57,31142.7,25046.2,
20241207,7,13.69,31142.7,25038.5,
20241207,7,13.71,31142.7,25038.3,
20241207,7,13.74,31142.7,25037.9,
20241207,7,13.75,31177.7,24837.9,
20241207,7,13.80,31177.7,24837.9,
20241207,7,13.91,31177.7,24837.7,
20241207,7,13.98,31227.6,24637.7,
20241207,7,14.00,31282.6,24637.7,
20241207,7,14.01,31297.1,24622.0,
20241207,7,14.06,31297.1,24618.0,
20241207,7,14.15,31297.1,24418.0,
20241207,7,14.18,31297.1,24404.5,
20241207,7,14.20,31297.1,24403.7,
20241207,7,14.26,31367.1,24203.7,
20241207,7,14.30,31367.1,24203.7,
20241207,7,14.31,31367.1,24003.7,
20241207,7,14.37,31367.1,23988.2,
20241207,7,14.41,31438.1,23788.2,
20241207,7,14.42,31438.1,23788.2,
20241207,7,14.46,31438.1,23588.2,
20241207,7,14.54,31438.1,23584.2,
20241207,7,14.56,31438.1,23384.2,
20241207,7,14.76,31438.1,23383.4,
20241207,7,14.88,31447.1,23174.6,
20241207,7,14.90,31460.1,23174.6,
20241207,7,14.93,31474.1,23174.6,
20241207,7,14.98,31490.1,23174.6,
20241207,7,15.00,31500.1,23174.6,
20241207,7,15.01,31501.1,23082.3,
20241207,7,15.03,31521.1,23082.3,
20241207,7,15.04,31521.1,23082.3,
20241207,7,15.06,31546.1,22882.3,
20241207,7,15.12,31546.1,22882.3,
20241207,7,15.21,31546.1,22878.1,
20241207,7,15.33,31970.1,22875.0,
20241207,7,15.39,32181.8,22875.0,
20241207,7,15.44,32181.8,22875.0,
20241207,7,15.46,32321.8,22867.4,
20241207,7,15.50,32398.8,22867.4,
20241207,7,15.70,32398.8,22867.4,
20241207,7,15.72,32423.8,22867.3,
20241207,7,15.90,32423.8,22867.3,
20241207,7,15.93,32526.8,22867.1,
20241207,7,15.96,32526.8,22867.1,
20241207,7,16.00,32546.8,22865.0,
20241207,7,16.06,32646.8,22807.0,
20241207,7,16.13,32646.8,22807.0,
20241207,7,16.40,32646.8,22762.4,
20241207,7,16.50,32716.8,22762.3,
20241207,7,16.54,32766.8,22762.3,
20241207,7,16.59,32766.8,22762.3,
20241207,7,16.70,32766.8,22760.0,
20241207,7,16.71,32766.8,22751.0,
20241207,7,16.76,32816.8,22749.4,
20241207,7,16.80,32816.8,22749.4,
20241207,7,16.81,32816.8,22747.6,
20241207,7,16.82,32816.8,22747.5,
20241207,7,17.00,32821.8,22747.3,
20241207,7,17.01,32824.6,22721.4,
20241207,7,17.17,32924.6,22716.0,
20241207,7,17.20,32924.6,22716.0,
20241207,7,17.43,32924.6,22715.5,
20241207,7,17.46,32924.6,22715.3,
20241207,7,17.50,32954.6,22713.4,
20241207,7,17.59,32970.8,22713.4,
20241207,7,17.73,32970.8,22713.4,
20241207,7,17.88,32970.8,22691.4,
20241207,7,18.00,32970.8,22689.6,
20241207,7,18.01,32971.1,22684.2,
20241207,7,18.13,33071.1,22684.2,
20241207,7,18.21,33071.1,22684.2,
20241207,7,18.29,33071.1,22683.2,
20241207,7,18.43,33145.1,22657.7,
20241207,7,18.50,33145.1,22657.7,
20241207,7,18.55,33145.1,22657.0,
20241207,7,18.78,33145.1,22649.3,
20241207,7,18.79,33156.7,22648.7,
20241207,7,18.96,33156.7,22648.7,
20241207,7,19.42,33396.7,22647.7,
20241207,7,19.59,33538.7,22565.7,
20241207,7,19.66,33679.7,22565.7,
20241207,7,19.70,33821.7,22565.7,
20241207,7,19.71,33821.7,22565.7,
20241207,7,19.73,33962.7,22564.7,
20241207,7,19.80,34104.7,22564.7,
20241207,7,20.00,34104.7,22564.7,
20241207,7,20.01,34104.7,22547.8,
20241207,7,20.05,34104.7,22547.7,
20241207,7,20.12,34104.7,22539.2,
20241207,7,20.24,34106.7,22534.8,
20241207,7,20.46,34106.7,22534.8,
20241207,7,20.49,34106.7,22533.8,
20241207,7,20.74,34106.7,22444.3,
20241207,7,20.75,34247.7,22443.5,
20241207,7,20.78,34247.9,22443.5,
20241207,7,21.02,34247.9,22443.5,
20241207,7,21.10,34259.4,21643.5,
20241207,7,21.21,34259.4,21643.5,
20241207,7,21.50,34259.4,21600.1,
20241207,7,21.66,34259.4,21599.9,
20241207,7,21.80,34259.4,21592.3,
20241207,7,21.81,34259.4,21575.5,
20241207,7,21.82,34259.4,21575.2,
20241207,7,21.96,34259.4,21572.7,
20241207,7,22.58,34267.1,21570.9,
20241207,7,22.88,34267.1,21570.9,
20241207,7,22.93,34267.1,21554.5,
20241207,7,23.20,34282.5,21553.6,
20241207,7,23.73,34282.5,21553.6,
20241207,7,23.84,34282.5,21545.9,
20241207,7,24.00,34282.5,21545.1,
20241207,7,24.02,34282.5,21505.1,
20241207,7,24.04,34282.5,21502.6,
20241207,7,24.60,34282.5,21499.1,
20241207,7,24.77,34282.5,21491.5,
20241207,7,25.00,34282.5,21465.5,
20241207,7,25.57,34424.5,21459.5,
20241207,7,25.99,34424.5,21459.5,
20241207,7,26.00,34424.5,21432.7,
20241207,7,27.00,34424.5,21432.1,
20241207,7,27.01,34424.5,21258.0,
20241207,7,27.50,34424.5,21257.9,
20241207,7,28.80,34565.5,21255.5,
20241207,7,28.87,34575.1,21255.5,
20241207,7,29.12,34575.1,21255.5,
20241207,7,29.90,34575.1,21253.6,
20241207,7,30.00,34575.1,21252.5,
20241207,7,31.79,34575.1,21209.1,
20241207,7,32.02,34717.1,21206.9,
20241207,7,33.62,34756.7,21206.9,
20241207,7,34.01,34756.7,21206.9,
20241207,7,34.94,34756.7,21206.7,
20241207,7,35.00,34756.7,21192.0,
20241207,7,36.00,34756.7,21160.2,
20241207,7,36.79,34756.7,21110.2,
20241207,7,37.50,34756.7,21099.1,
20241207,7,39.69,35151.7,21064.3,
20241207,7,40.00,35151.7,21064.3,
20241207,7,40.01,35151.7,21004.5,
20241207,7,43.68,35151.7,20927.0,
20241207,7,45.00,35151.7,20925.4,
20241207,7,45.01,35151.7,20236.5,
20241207,7,46.00,35151.7,20170.5,
20241207,7,48.32,35151.7,20134.3,
20241207,7,50.00,35152.7,20108.4,
20241207,7,50.01,35152.7,19815.3,
20241207,7,50.90,35152.7,19814.2,
20241207,7,55.00,35152.7,19814.1,
20241207,7,60.00,35152.7,19751.2,
20241207,7,61.88,35152.7,19664.2,
20241207,7,62.67,35152.7,19640.3,
20241207,7,77.80,35152.7,19627.9,
20241207,7,79.90,35152.7,19552.3,
20241207,7,80.00,35152.7,19551.5,
20241207,7,80.01,35152.7,18741.3,
20241207,7,80.02,35152.7,18666.6,
20241207,7,80.10,35152.7,18590.6,
20241207,7,80.21,35302.6,18590.5,
20241207,7,81.00,35302.6,18590.5,
20241207,7,82.01,35302.6,18589.4,
20241207,7,85.00,35302.6,18477.2,
20241207,7,90.00,35302.6,18474.1,
20241207,7,95.79,35302.6,18469.7,
20241207,7,99.00,35302.6,18468.1,
20241207,7,99.90,35302.6,18467.9,
20241207,7,100.00,35491.0,18458.5,
20241207,7,100.01,35520.8,18134.3,
20241207,7,101.00,35520.8,18134.3,
20241207,7,108.71,35520.8,17969.8,
20241207,7,120.10,35520.8,17968.1,
20241207,7,121.63,35520.8,17941.7,
20241207,7,134.55,35520.8,17940.1,
20241207,7,138.00,35520.8,17938.4,
20241207,7,150.00,35520.8,17804.8,
20241207,7,151.00,35520.8,17700.5,
20241207,7,190.00,35520.8,17667.3,
20241207,7,200.00,35520.8,17666.8,
20241207,7,200.01,35520.8,15564.7,
20241207,7,200.10,35520.8,13411.3,
20241207,7,200.50,35520.8,13340.2,
20241207,7,200.98,35520.8,13340.0,
20241207,7,200.99,35520.8,13339.9,
20241207,7,201.00,35520.8,13339.8,
20241207,7,210.00,35520.8,13305.2,
20241207,7,250.00,35520.8,11714.9,
20241207,7,299.99,35521.3,11567.2,
20241207,7,300.00,35521.3,11567.2,
20241207,7,500.00,35521.3,11463.0,
20241207,7,550.02,35521.3,11453.0,
20241207,7,900.00,35521.3,11200.3,
20241207,7,999.00,35521.3,11194.3,
20241207,7,999.99,35521.3,0.0,
20241207,8,0.00,0.0,34584.8,
20241207,8,0.00,9940.8,34584.8,
20241207,8,0.01,27092.3,34584.8,
20241207,8,0.02,27301.9,34578.1,
20241207,8,0.03,27306.5,34567.7,
20241207,8,0.04,27331.5,34565.5,
20241207,8,0.10,27331.9,34565.5,
20241207,8,1.00,27776.3,34545.5,
20241207,8,1.01,27783.5,34453.3,
20241207,8,2.00,27866.9,34446.6,
20241207,8,2.01,27866.9,34438.6,
20241207,8,2.09,27867.5,33838.6,
20241207,8,2.45,27874.7,33838.6,
20241207,8,2.49,27877.0,33838.6,
20241207,8,3.00,27906.3,33838.6,
20241207,8,3.01,27906.5,33353.6,
20241207,8,4.00,27926.8,33153.6,
20241207,8,4.18,27927.3,33152.5,
20241207,8,4.27,27985.7,33152.5,
20241207,8,4.89,27992.9,33152.5,
20241207,8,4.96,27995.2,33152.5,
20241207,8,5.00,28173.2,33152.5,
20241207,8,5.01,28173.7,32825.7,
20241207,8,5.90,28173.7,32314.4,
20241207,8,6.00,28250.2,32298.1,
20241207,8,6.01,28261.7,32288.1,
20241207,8,6.10,28275.4,32288.1,
20241207,8,6.19,28275.4,32288.1,
20241207,8,6.26,28275.9,32088.1,
20241207,8,6.50,28281.8,32082.1,
20241207,8,6.60,28282.4,32081.1,
20241207,8,6.85,28283.4,32081.1,
20241207,8,7.00,28290.5,32081.1,
20241207,8,7.34,28297.7,32080.2,
20241207,8,7.44,28309.6,32080.2,
20241207,8,7.50,28354.6,32080.2,
20241207,8,7.51,28354.6,32080.2,
20241207,8,7.60,28355.6,31780.2,
20241207,8,7.71,28355.6,31780.2,
20241207,8,7.72,28785.4,31780.1,
20241207,8,7.80,28785.4,31780.1,
20241207,8,8.00,28801.7,31707.9,
20241207,8,8.01,28803.2,31563.8,
20241207,8,8.03,28804.2,31563.8,
20241207,8,8.04,28804.2,31563.8,
20241207,8,8.17,28804.3,31463.8,
20241207,8,8.30,28804.3,31463.8,
20241207,8,8.35,28806.0,31461.8,
20241207,8,8.47,28810.0,31461.8,
20241207,8,8.85,28810.0,31461.8,
20241207,8,8.89,28810.0,31304.8,
20241207,8,8.94,28810.0,31245.8,
20241207,8,8.95,28810.6,31215.8,
20241207,8,8.97,28810.6,31215.8,
20241207,8,9.00,28810.6,31185.8,
20241207,8,9.01,28814.0,31124.6,
20241207,8,9.05,28817.0,31117.7,
20241207,8,9.07,28817.0,31087.7,
20241207,8,9.08,28817.0,31057.7,
20241207,8,9.10,28820.2,31027.7,
20241207,8,9.11,28820.2,31027.7,
20241207,8,9.16,28820.2,30967.7,
20241207,8,9.19,28820.2,30937.7,
20241207,8,9.22,28824.2,30907.7,
20241207,8,9.48,28824.2,30847.7,
20241207,8,9.50,28824.2,30846.0,
20241207,8,9.60,28824.2,30825.9,
20241207,8,9.64,28830.2,30825.8,
20241207,8,9.66,28839.6,30780.8,
20241207,8,9.73,28839.6,30780.8,
20241207,8,9.78,28846.9,30735.8,
20241207,8,9.80,28846.9,30735.8,
20241207,8,9.91,28861.3,30735.7,
20241207,8,9.97,28865.3,30733.0,
20241207,8,9.99,28865.3,30733.0,
20241207,8,10.00,28872.6,30703.0,
20241207,8,10.01,28875.0,30673.5,
20241207,8,10.10,28875.0,30670.2,
20241207,8,10.14,28875.0,30655.2,
20241207,8,10.15,28875.0,30599.2,
20241207,8,10.20,28875.0,30499.2,
20241207,8,10.25,28875.0,30454.2,
20241207,8,10.28,28875.0,29880.2,
20241207,8,10.30,28923.4,29840.2,
20241207,8,10.36,28923.4,29840.2,
20241207,8,10.43,28923.9,29839.1,
20241207,8,10.44,28923.9,29839.1,
20241207,8,10.50,28923.9,29692.1,
20241207,8,10.54,28923.9,29642.0,
20241207,8,10.60,28923.9,29617.0,
20241207,8,10.62,28924.0,29616.5,
20241207,8,10.67,28924.0,29616.5,
20241207,8,10.68,28924.0,29586.5,
20241207,8,10.70,28925.6,29583.5,
20241207,8,10.72,28929.6,29583.5,
20241207,8,10.73,28929.6,29583.5,
20241207,8,10.77,28929.6,29558.5,
20241207,8,10.79,28929.6,29528.5,
20241207,8,10.80,28929.6,29381.5,
20241207,8,10.82,28929.7,29234.5,
20241207,8,10.91,28929.7,29234.5,
20241207,8,10.93,28929.7,29231.6,
20241207,8,11.00,28980.4,29129.6,
20241207,8,11.01,28984.5,29080.8,
20241207,8,11.04,28984.5,29080.4,
20241207,8,11.08,28984.5,28933.4,
20241207,8,11.10,28984.5,28829.4,
20241207,8,11.11,28985.2,28828.0,
20241207,8,11.21,28986.1,28828.0,
20241207,8,11.25,28986.1,28828.0,
20241207,8,11.26,29025.9,28728.0,
20241207,8,11.27,29025.9,28671.6,
20241207,8,11.29,29025.9,28671.4,
20241207,8,11.32,30035.9,28661.5,
20241207,8,11.33,30049.0,28661.5,
20241207,8,11.34,30049.0,28561.5,
20241207,8,11.35,30049.0,28096.3,
20241207,8,11.40,30049.1,28092.1,
20241207,8,11.41,30049.1,28066.3,
20241207,8,11.47,30053.1,27966.3,
20241207,8,11.49,30053.1,27966.3,
20241207,8,11.50,30113.2,27866.3,
20241207,8,11.54,30113.2,27586.8,
20241207,8,11.57,30165.2,27463.8,
20241207,8,11.59,30165.2,27463.8,
20241207,8,11.65,30165.2,27453.4,
20241207,8,11.70,30166.9,27330.4,
20241207,8,11.76,30166.9,27330.4,
20241207,8,11.84,30196.9,27330.2,
20241207,8,11.87,30196.9,27330.2,
20241207,8,11.88,30196.9,27177.2,
20241207,8,11.89,30217.0,27167.3,
20241207,8,11.90,30247.0,27167.3,
20241207,8,11.99,30247.0,27167.3,
20241207,8,12.00,30345.8,27044.3,
20241207,8,12.02,30345.8,26999.9,
20241207,8,12.03,30445.8,26939.9,
20241207,8,12.07,30455.2,26939.9,
20241207,8,12.10,30455.2,26914.9,
20241207,8,12.13,30455.2,26912.2,
20241207,8,12.16,30455.2,26892.8,
20241207,8,12.20,30455.3,26892.1,
20241207,8,12.22,30466.5,26892.1,
20241207,8,12.24,30466.5,26892.1,
20241207,8,12.28,30466.5,26811.1,
20241207,8,12.30,30466.7,26811.0,
20241207,8,12.34,30495.6,26811.0,
20241207,8,12.36,30525.6,26810.8,
20241207,8,12.38,30528.2,26810.8,
20241207,8,12.39,30542.6,26810.8,
20241207,8,12.40,30542.6,26810.8,
20241207,8,12.43,30542.6,26810.4,
20241207,8,12.46,30542.6,26191.4,
20241207,8,12.47,30572.6,26132.4,
20241207,8,12.49,30575.6,26132.4,
20241207,8,12.50,30575.6,26132.4,
20241207,8,12.54,30577.0,26131.3,
20241207,8,12.59,30579.9,26131.3,
20241207,8,12.67,30582.9,26131.3,
20241207,8,12.69,30585.7,26106.3,
20241207,8,12.71,30587.2,26106.3,
20241207,8,12.79,30590.1,26106.3,
20241207,8,12.80,30590.1,26106.3,
20241207,8,12.85,30590.1,26106.2,
20241207,8,12.87,30591.6,26104.7,
20241207,8,12.88,30591.6,26104.7,
20241207,8,12.89,30594.4,26083.8,
20241207,8,12.92,30614.4,26083.8,
20241207,8,12.93,30614.4,26083.6,
20241207,8,13.00,30654.6,26083.0,
20241207,8,13.01,30656.4,26045.8,
20241207,8,13.03,30657.7,26037.0,
20241207,8,13.04,30686.7,26035.6,
20241207,8,13.07,30706.7,26035.6,
20241207,8,13.12,30706.7,26035.6,
20241207,8,13.13,30776.7,25870.6,
20241207,8,13.16,30776.7,25870.6,
20241207,8,13.17,30776.7,25853.5,
20241207,8,13.18,30776.7,25753.5,
20241207,8,13.19,30776.7,25653.5,
20241207,8,13.20,30776.7,25553.5,
20241207,8,13.21,30776.7,25453.5,
20241207,8,13.26,30782.7,25353.5,
20241207,8,13.34,30782.7,25353.5,
20241207,8,13.37,30782.7,25323.5,
20241207,8,13.43,30782.7,25319.7,
20241207,8,13.46,30782.7,25269.7,
20241207,8,13.50,30812.7,25219.7,
20241207,8,13.51,30842.7,25135.9,
20241207,8,13.56,30842.7,25135.9,
20241207,8,13.60,30892.7,25135.5,
20241207,8,13.66,30912.7,25135.4,
20241207,8,13.69,30912.7,25135.4,
20241207,8,13.71,30912.7,25133.7,
20241207,8,13.72,30912.7,24933.7,
20241207,8,13.84,30912.7,24933.3,
20241207,8,13.87,30912.7,24929.5,
20241207,8,13.99,30912.7,24729.5,
20241207,8,14.00,30967.7,24529.5,
20241207,8,14.01,30982.1,24515.8,
20241207,8,14.08,31017.1,24511.8,
20241207,8,14.09,31017.1,24511.0,
20241207,8,14.19,31017.1,24510.6,
20241207,8,14.26,31087.1,24310.6,
20241207,8,14.28,31087.1,24310.6,
20241207,8,14.31,31087.1,24110.6,
20241207,8,14.32,31087.1,24095.1,
20241207,8,14.33,31087.1,24091.3,
20241207,8,14.34,31096.3,23891.3,
20241207,8,14.39,31096.3,23891.3,
20241207,8,14.42,31096.3,23691.3,
20241207,8,14.47,31096.3,23491.3,
20241207,8,14.48,31096.3,23487.3,
20241207,8,14.49,31096.3,23486.6,
20241207,8,14.51,31146.2,23473.3,
20241207,8,14.52,31146.2,23473.3,
20241207,8,14.62,31146.2,23273.3,
20241207,8,14.63,31165.2,23272.4,
20241207,8,14.64,31165.2,23272.4,
20241207,8,14.66,31186.2,23265.0,
20241207,8,14.72,31211.2,23253.8,
20241207,8,14.75,31246.2,23053.8,
20241207,8,14.79,31246.2,23053.8,
20241207,8,14.85,31260.2,23046.1,
20241207,8,14.88,31299.2,23046.1,
20241207,8,14.90,31312.2,23046.1,
20241207,8,14.93,31359.2,23046.1,
20241207,8,14.97,31359.2,23046.1,
20241207,8,14.98,31403.2,23037.5,
20241207,8,15.00,31413.2,23037.5,
20241207,8,15.01,31414.2,22945.3,
20241207,8,15.03,31461.2,22945.3,
20241207,8,15.12,31461.2,22945.3,
20241207,8,15.22,31461.2,22941.1,
20241207,8,15.29,31462.9,22938.0,
20241207,8,15.39,31672.9,22938.0,
20241207,8,15.41,32096.9,22938.0,
20241207,8,15.42,32121.9,22938.0,
20241207,8,15.49,32213.9,22938.0,
20241207,8,15.50,32290.9,22938.0,
20241207,8,15.67,32324.9,22938.0,
20241207,8,15.69,32466.9,22938.0,
20241207,8,15.70,32466.9,22938.0,
20241207,8,15.90,32466.9,22937.9,
20241207,8,15.93,32569.9,22937.7,
20241207,8,15.94,32619.9,22937.7,
20241207,8,15.97,32619.9,22937.7,
20241207,8,16.00,32639.9,22935.6,
20241207,8,16.06,32739.9,22878.2,
20241207,8,16.09,32764.9,22878.2,
20241207,8,16.17,32764.9,22878.2,
20241207,8,16.20,32764.9,22877.4,
20241207,8,16.31,32764.9,22832.9,
20241207,8,16.40,32764.9,22825.3,
20241207,8,16.49,32814.9,22825.2,
20241207,8,16.50,32884.9,22825.2,
20241207,8,16.59,32884.9,22825.2,
20241207,8,16.64,32934.9,22823.0,
20241207,8,16.70,32934.9,22823.0,
20241207,8,16.72,32934.9,22814.0,
20241207,8,16.89,32934.9,22812.4,
20241207,8,16.90,32934.9,22810.6,
20241207,8,16.91,32934.9,22810.5,
20241207,8,17.00,32939.9,22810.3,
20241207,8,17.01,32942.8,22784.4,
20241207,8,17.17,33042.8,22779.0,
20241207,8,17.20,33042.8,22779.0,
20241207,8,17.43,33042.8,22778.5,
20241207,8,17.47,33042.8,22778.3,
20241207,8,17.50,33072.8,22777.3,
20241207,8,17.59,33089.0,22777.3,
20241207,8,17.73,33089.0,22777.3,
20241207,8,17.88,33089.0,22755.3,
20241207,8,18.00,33089.0,22753.6,
20241207,8,18.01,33089.3,22747.5,
20241207,8,18.13,33189.3,22747.5,
20241207,8,18.22,33189.3,22747.5,
20241207,8,18.41,33189.3,22746.5,
20241207,8,18.43,33263.3,22722.5,
20241207,8,18.50,33263.3,22722.5,
20241207,8,18.60,33263.5,22722.3,
20241207,8,18.75,33263.5,22722.3,
20241207,8,18.78,33263.5,22721.4,
20241207,8,18.79,33275.2,22720.9,
20241207,8,18.84,33275.2,22720.9,
20241207,8,18.97,33275.2,22713.2,
20241207,8,19.41,33275.2,22712.2,
20241207,8,19.42,33515.2,22630.2,
20241207,8,19.56,33656.2,22630.2,
20241207,8,19.59,33798.2,22630.2,
20241207,8,19.63,33939.2,22630.2,
20241207,8,19.70,34081.2,22630.2,
20241207,8,19.72,34081.2,22630.2,
20241207,8,19.73,34222.2,22629.2,
20241207,8,19.77,34364.2,22629.2,
20241207,8,19.86,34364.2,22629.2,
20241207,8,20.00,34364.2,22629.1,
20241207,8,20.05,34364.2,22612.9,
20241207,8,20.12,34364.2,22604.4,
20241207,8,20.23,34367.2,22600.0,
20241207,8,20.47,34367.2,22600.0,
20241207,8,20.49,34367.2,22599.0,
20241207,8,20.75,34508.2,22512.7,
20241207,8,21.02,34508.2,22512.7,
20241207,8,21.10,34519.9,21712.7,
20241207,8,21.21,34519.9,21712.7,
20241207,8,21.22,34519.9,21670.2,
20241207,8,21.33,34519.9,21669.2,
20241207,8,21.38,34519.9,21668.4,
20241207,8,21.89,34519.9,21660.8,
20241207,8,21.90,34519.9,21643.8,
20241207,8,21.91,34519.9,21643.5,
20241207,8,21.97,34519.9,21641.0,
20241207,8,22.58,34527.6,21639.4,
20241207,8,22.88,34527.6,21639.4,
20241207,8,23.05,34527.6,21623.3,
20241207,8,23.07,34527.6,21622.4,
20241207,8,23.20,34543.0,21614.7,
20241207,8,23.77,34543.0,21614.7,
20241207,8,23.91,34543.0,21606.3,
20241207,8,23.97,34685.0,21578.0,
20241207,8,24.00,34685.0,21578.0,
20241207,8,24.04,34685.0,21538.1,
20241207,8,25.00,34685.0,21534.5,
20241207,8,26.00,34685.0,21528.3,
20241207,8,26.65,34685.0,21481.3,
20241207,8,26.86,34685.0,21393.9,
20241207,8,27.00,34685.0,21393.8,
20241207,8,27.50,34685.0,21312.1,
20241207,8,28.16,34685.0,21309.7,
20241207,8,28.80,34826.0,21308.0,
20241207,8,28.87,34835.6,21308.0,
20241207,8,29.90,34835.6,21308.0,
20241207,8,30.00,34835.6,21307.0,
20241207,8,31.79,34835.6,21264.0,
20241207,8,32.02,34977.6,21261.7,
20241207,8,33.62,35030.4,21261.7,
20241207,8,33.86,35030.4,21261.7,
20241207,8,34.94,35030.4,21261.5,
20241207,8,35.00,35030.4,21246.6,
20241207,8,36.00,35030.4,21213.8,
20241207,8,36.79,35030.4,21163.8,
20241207,8,37.50,35030.4,21152.7,
20241207,8,39.69,35441.4,21118.2,
20241207,8,40.00,35441.4,21118.2,
20241207,8,40.01,35441.4,21059.1,
20241207,8,44.74,35441.4,20985.2,
20241207,8,45.00,35441.4,20983.6,
20241207,8,45.01,35441.4,20295.0,
20241207,8,46.00,35441.4,20227.9,
20241207,8,48.32,35441.4,20192.8,
20241207,8,50.00,35442.2,20166.8,
20241207,8,50.01,35442.2,19870.2,
20241207,8,50.90,35442.2,19869.1,
20241207,8,55.00,35442.2,19869.0,
20241207,8,60.00,35442.2,19806.2,
20241207,8,62.17,35442.2,19720.2,
20241207,8,62.68,35442.2,19695.6,
20241207,8,77.80,35442.2,19682.9,
20241207,8,79.90,35442.2,19608.0,
20241207,8,80.00,35442.2,19607.3,
20241207,8,80.01,35442.2,18804.7,
20241207,8,80.02,35442.2,18730.2,
20241207,8,80.10,35442.2,18654.2,
20241207,8,80.21,35592.1,18654.1,
20241207,8,81.00,35592.1,18654.1,
20241207,8,82.01,35592.1,18653.0,
20241207,8,85.00,35592.1,18542.1,
20241207,8,90.00,35592.1,18539.0,
20241207,8,96.49,35592.1,18534.7,
20241207,8,99.00,35592.1,18533.1,
20241207,8,99.90,35592.1,18532.9,
20241207,8,100.00,35780.3,18523.5,
20241207,8,100.01,35810.1,18190.5,
20241207,8,101.00,35810.1,18190.5,
20241207,8,109.41,35810.1,18026.0,
20241207,8,120.10,35810.1,18024.3,
20241207,8,122.33,35810.1,17998.5,
20241207,8,135.25,35810.1,17996.9,
20241207,8,138.00,35810.1,17995.2,
20241207,8,150.00,35810.1,17861.5,
20241207,8,151.00,35810.1,17756.0,
20241207,8,190.00,35810.1,17722.6,
20241207,8,200.00,35810.1,17722.1,
20241207,8,200.01,35810.1,15620.3,
20241207,8,200.10,35810.1,13465.3,
20241207,8,200.50,35810.1,13394.2,
20241207,8,200.98,35810.1,13394.0,
20241207,8,200.99,35810.1,13393.9,
20241207,8,201.00,35810.1,13393.8,
20241207,8,210.00,35810.1,13360.6,
20241207,8,250.00,35810.1,11754.2,
20241207,8,299.99,35810.6,11608.8,
20241207,8,300.00,35810.6,11608.8,
20241207,8,500.00,35810.6,11504.6,
20241207,8,550.02,35810.6,11494.6,
20241207,8,900.00,35810.6,11231.5,
20241207,8,999.00,35810.6,11225.5,
20241207,8,999.99,35810.6,0.0,
20241207,9,0.00,0.0,34660.2,
20241207,9,0.00,9943.5,34660.2,
20241207,9,0.01,27051.5,34660.2,
20241207,9,0.02,27267.8,34653.4,
20241207,9,0.03,27272.0,34643.0,
20241207,9,0.04,27296.8,34640.7,
20241207,9,0.10,27297.0,34640.7,
20241207,9,1.00,27737.2,34620.7,
20241207,9,1.01,27744.4,34530.1,
20241207,9,2.00,27827.6,34523.4,
20241207,9,2.01,27827.6,34515.4,
20241207,9,2.12,27828.2,33915.4,
20241207,9,2.50,27835.4,33915.4,
20241207,9,2.72,27837.7,33915.4,
20241207,9,3.00,27866.9,33915.4,
20241207,9,3.01,27867.0,33430.4,
20241207,9,4.00,27894.4,33230.4,
20241207,9,4.24,27894.9,33229.3,
20241207,9,4.27,27953.3,33229.3,
20241207,9,4.99,27960.5,33229.3,
20241207,9,5.00,28138.4,33229.3,
20241207,9,5.01,28138.9,32902.2,
20241207,9,5.43,28141.2,32387.7,
20241207,9,5.90,28141.2,32387.7,
20241207,9,6.00,28217.6,32371.4,
20241207,9,6.01,28229.1,32361.4,
20241207,9,6.10,28242.3,32361.4,
20241207,9,6.13,28242.4,32361.4,
20241207,9,6.19,28242.4,32361.4,
20241207,9,6.26,28242.4,32161.4,
20241207,9,6.35,28242.9,32155.4,
20241207,9,6.50,28248.0,32155.4,
20241207,9,6.60,28248.6,32154.4,
20241207,9,6.88,28249.6,32154.4,
20241207,9,7.00,28256.6,32154.4,
20241207,9,7.48,28263.8,32153.5,
20241207,9,7.50,28308.8,32153.5,
20241207,9,7.51,28308.8,32153.5,
20241207,9,7.63,28309.8,31853.5,
20241207,9,7.73,28733.0,31853.5,
20241207,9,7.80,28733.0,31853.5,
20241207,9,7.85,28733.0,31781.4,
20241207,9,8.00,28749.1,31781.3,
20241207,9,8.01,28750.6,31639.4,
20241207,9,8.04,28750.6,31639.4,
20241207,9,8.15,28761.6,31539.4,
20241207,9,8.38,28763.7,31539.4,
20241207,9,8.47,28764.3,31539.4,
20241207,9,8.48,28768.3,31539.4,
20241207,9,8.85,28768.3,31539.4,
20241207,9,8.89,28768.3,31382.4,
20241207,9,8.94,28768.3,31323.4,
20241207,9,8.95,28768.9,31293.4,
20241207,9,8.97,28768.9,31293.4,
20241207,9,9.00,28768.9,31263.4,
20241207,9,9.01,28772.4,31202.1,
20241207,9,9.05,28772.4,31195.2,
20241207,9,9.08,28772.4,31165.2,
20241207,9,9.11,28772.4,31135.2,
20241207,9,9.13,28775.8,31075.2,
20241207,9,9.16,28775.8,31075.2,
20241207,9,9.19,28775.8,31045.2,
20241207,9,9.22,28775.8,31015.2,
20241207,9,9.23,28782.8,30958.2,
20241207,9,9.27,28782.8,30958.2,
20241207,9,9.50,28782.8,30955.2,
20241207,9,9.55,28782.8,30935.1,
20241207,9,9.60,28782.8,30905.1,
20241207,9,9.73,28782.8,30905.0,
20241207,9,9.80,28782.8,30860.0,
20241207,9,9.83,28788.8,30859.9,
20241207,9,9.85,28798.2,30859.9,
20241207,9,9.97,28805.5,30859.9,
20241207,9,9.98,28809.5,30859.9,
20241207,9,9.99,28809.5,30859.9,
20241207,9,10.00,28816.5,30829.9,
20241207,9,10.01,28818.9,30800.3,
20241207,9,10.10,28818.9,30797.0,
20241207,9,10.14,28818.9,30794.3,
20241207,9,10.15,28818.9,30738.3,
20241207,9,10.25,28818.9,30593.3,
20241207,9,10.26,28818.9,30019.3,
20241207,9,10.30,28867.3,29964.3,
20241207,9,10.44,28867.3,29964.3,
20241207,9,10.49,28867.3,29816.3,
20241207,9,10.50,28867.3,29815.5,
20241207,9,10.54,28867.3,29765.4,
20241207,9,10.58,28867.8,29764.5,
20241207,9,10.62,28867.9,29764.5,
20241207,9,10.63,28867.9,29764.5,
20241207,9,10.66,28868.0,29764.0,
20241207,9,10.67,28868.0,29764.0,
20241207,9,10.68,28868.0,29694.0,
20241207,9,10.71,28868.1,29689.0,
20241207,9,10.73,28872.1,29689.0,
20241207,9,10.74,28872.1,29689.0,
20241207,9,10.75,28872.2,29659.0,
20241207,9,10.77,28872.2,29659.0,
20241207,9,10.79,28872.3,29657.9,
20241207,9,10.80,28872.3,29509.9,
20241207,9,10.86,28888.3,29362.9,
20241207,9,10.93,28888.3,29362.9,
20241207,9,11.00,28939.0,29260.9,
20241207,9,11.01,28943.0,29209.2,
20241207,9,11.04,28943.0,29208.8,
20241207,9,11.08,28943.0,29061.8,
20241207,9,11.13,28943.0,28957.8,
20241207,9,11.22,28943.0,28932.8,
20241207,9,11.26,28968.1,28832.8,
20241207,9,11.30,28968.1,28760.8,
20241207,9,11.32,29888.1,28660.8,
20241207,9,11.34,29888.1,28660.8,
20241207,9,11.38,29888.1,28165.6,
20241207,9,11.40,29888.1,28061.4,
20241207,9,11.47,29888.1,28051.2,
20241207,9,11.48,29892.1,27951.2,
20241207,9,11.50,29952.7,27951.2,
20241207,9,11.51,29953.4,27670.2,
20241207,9,11.54,29953.4,27659.4,
20241207,9,11.57,30005.4,27536.4,
20241207,9,11.61,30018.5,27536.4,
20241207,9,11.65,30018.5,27536.4,
20241207,9,11.70,30020.2,27413.4,
20241207,9,11.80,30020.2,27413.2,
20241207,9,11.83,30020.2,27412.6,
20241207,9,11.84,30050.2,27387.6,
20241207,9,11.87,30050.2,27387.6,
20241207,9,11.99,30050.2,27264.6,
20241207,9,12.00,30145.0,27141.6,
20241207,9,12.03,30245.0,27097.2,
20241207,9,12.07,30339.0,27097.2,
20241207,9,12.10,30339.2,27097.2,
20241207,9,12.13,30339.2,27097.2,
20241207,9,12.20,30339.4,27075.1,
20241207,9,12.23,30343.4,27075.1,
20241207,9,12.28,30343.4,27075.1,
20241207,9,12.31,30352.8,27075.0,
20241207,9,12.34,30352.8,27075.0,
20241207,9,12.38,30354.0,27074.8,
20241207,9,12.40,30354.0,27074.8,
20241207,9,12.46,30361.2,27074.4,
20241207,9,12.47,30361.2,27040.4,
20241207,9,12.48,30381.3,26386.5,
20241207,9,12.50,30381.3,26386.5,
20241207,9,12.52,30381.3,26386.3,
20241207,9,12.53,30381.3,26361.3,
20241207,9,12.54,30411.3,26301.3,
20241207,9,12.67,30412.7,26301.3,
20241207,9,12.80,30412.7,26276.3,
20241207,9,12.88,30414.1,26276.2,
20241207,9,12.93,30417.1,26253.5,
20241207,9,12.94,30446.0,26252.8,
20241207,9,12.98,30446.0,26252.8,
20241207,9,12.99,30446.0,26252.6,
20241207,9,13.00,30464.6,26200.6,
20241207,9,13.01,30496.4,26163.3,
20241207,9,13.08,30497.9,26154.5,
20241207,9,13.09,30527.9,26154.5,
20241207,9,13.12,30527.9,26154.5,
20241207,9,13.13,30597.9,26095.5,
20241207,9,13.15,30597.9,25930.5,
20241207,9,13.17,30597.9,25880.5,
20241207,9,13.18,30597.9,25836.7,
20241207,9,13.19,30597.9,25736.7,
20241207,9,13.20,30597.9,25636.7,
20241207,9,13.21,30597.9,25536.7,
20241207,9,13.29,30599.4,25386.7,
20241207,9,13.34,30599.4,25386.7,
20241207,9,13.50,30655.7,25356.7,
20241207,9,13.52,30661.7,25272.2,
20241207,9,13.57,30661.7,25272.2,
20241207,9,13.61,30681.7,25268.4,
20241207,9,13.63,30681.7,25268.2,
20241207,9,13.72,30701.7,25268.1,
20241207,9,13.73,30730.7,25267.1,
20241207,9,13.87,30730.7,25266.7,
20241207,9,13.95,30730.7,25066.7,
20241207,9,14.00,30785.7,24866.7,
20241207,9,14.01,30830.3,24853.1,
20241207,9,14.07,30830.3,24849.1,
20241207,9,14.19,30830.3,24848.5,
20241207,9,14.24,30880.2,24648.5,
20241207,9,14.25,30880.2,24648.5,
20241207,9,14.26,30950.2,24648.3,
20241207,9,14.28,30950.2,24648.3,
20241207,9,14.31,30950.2,24448.3,
20241207,9,14.33,31000.2,24432.8,
20241207,9,14.34,31020.2,24232.8,
20241207,9,14.35,31020.2,24232.8,
20241207,9,14.37,31020.2,24232.4,
20241207,9,14.40,31020.2,24032.4,
20241207,9,14.41,31020.2,24018.8,
20241207,9,14.45,31020.2,23815.0,
20241207,9,14.48,31020.2,23615.0,
20241207,9,14.58,31021.9,23611.0,
20241207,9,14.61,31056.9,23611.0,
20241207,9,14.63,31071.9,23611.0,
20241207,9,14.66,31088.9,23611.0,
20241207,9,14.69,31088.9,23611.0,
20241207,9,14.72,31109.9,23411.0,
20241207,9,14.75,31122.4,23411.0,
20241207,9,14.82,31122.4,23411.0,
20241207,9,14.85,31161.4,23211.0,
20241207,9,14.88,31197.4,23211.0,
20241207,9,14.90,31210.4,23210.2,
20241207,9,14.93,31253.4,23210.2,
20241207,9,14.94,31264.3,23210.2,
20241207,9,14.98,31305.3,23210.2,
20241207,9,15.00,31315.3,23210.2,
20241207,9,15.01,31316.3,23118.2,
20241207,9,15.03,31360.3,23118.2,
20241207,9,15.12,31360.3,23118.2,
20241207,9,15.20,31360.3,23113.9,
20241207,9,15.22,31360.3,23111.8,
20241207,9,15.23,31360.3,23103.2,
20241207,9,15.24,31360.3,23100.1,
20241207,9,15.30,31395.3,23096.3,
20241207,9,15.39,31605.3,23096.3,
20241207,9,15.41,32029.3,23096.3,
20241207,9,15.43,32048.3,23096.3,
20241207,9,15.45,32058.7,23096.3,
20241207,9,15.50,32135.7,23096.3,
20241207,9,15.63,32169.7,23093.3,
20241207,9,15.70,32169.7,23093.3,
20241207,9,15.90,32169.7,23093.2,
20241207,9,15.93,32272.7,23047.7,
20241207,9,15.98,32272.7,23047.7,
20241207,9,16.00,32317.7,23045.6,
20241207,9,16.05,32317.7,22986.9,
20241207,9,16.06,32417.7,22986.0,
20241207,9,16.08,32417.7,22986.0,
20241207,9,16.15,32428.1,22978.3,
20241207,9,16.25,32570.1,22978.3,
20241207,9,16.32,32693.1,22978.3,
20241207,9,16.40,32693.1,22978.3,
20241207,9,16.45,32743.1,22978.2,
20241207,9,16.50,32813.1,22978.2,
20241207,9,16.59,32813.1,22978.2,
20241207,9,16.60,32863.1,22976.0,
20241207,9,16.69,32863.2,22976.0,
20241207,9,16.70,32888.2,22976.0,
20241207,9,16.73,32888.2,22967.0,
20241207,9,16.85,32896.5,22965.4,
20241207,9,17.00,32901.5,22965.4,
20241207,9,17.01,32904.4,22938.9,
20241207,9,17.17,33004.4,22933.5,
20241207,9,17.18,33004.4,22933.5,
20241207,9,17.19,33004.4,22931.7,
20241207,9,17.20,33004.4,22931.6,
20241207,9,17.28,33004.4,22930.9,
20241207,9,17.30,33004.4,22930.1,
20241207,9,17.43,33004.4,22922.5,
20241207,9,17.48,33004.4,22922.3,
20241207,9,17.50,33034.4,22921.3,
20241207,9,17.59,33050.6,22921.3,
20241207,9,17.73,33050.6,22921.3,
20241207,9,18.00,33050.6,22899.3,
20241207,9,18.01,33050.9,22894.0,
20241207,9,18.07,33050.9,22894.0,
20241207,9,18.13,33150.9,22892.3,
20241207,9,18.23,33150.9,22892.3,
20241207,9,18.43,33224.9,22891.3,
20241207,9,18.68,33224.9,22891.3,
20241207,9,18.78,33224.9,22866.3,
20241207,9,18.79,33236.4,22865.6,
20241207,9,18.92,33236.4,22865.6,
20241207,9,18.98,33236.4,22864.9,
20241207,9,19.32,33236.4,22863.9,
20241207,9,19.34,33236.4,22863.0,
20241207,9,19.42,33476.4,22855.3,
20241207,9,19.46,33476.4,22855.3,
20241207,9,19.59,33617.4,22773.3,
20241207,9,19.63,33759.4,22773.3,
20241207,9,19.70,33900.4,22773.3,
20241207,9,19.73,34042.4,22773.3,
20241207,9,19.77,34183.4,22772.3,
20241207,9,20.00,34183.4,22772.3,
20241207,9,20.06,34183.4,22755.6,
20241207,9,20.12,34183.4,22746.7,
20241207,9,20.42,34183.4,22742.2,
20241207,9,20.48,34183.4,22742.1,
20241207,9,20.49,34183.4,22741.1,
20241207,9,20.75,34325.4,22639.0,
20241207,9,21.02,34325.4,22639.0,
20241207,9,21.10,34337.5,21839.0,
20241207,9,21.21,34337.5,21839.0,
20241207,9,21.23,34337.5,21796.3,
20241207,9,21.36,34337.5,21795.3,
20241207,9,21.38,34337.5,21794.5,
20241207,9,21.50,34337.5,21786.9,
20241207,9,21.70,34337.7,21786.7,
20241207,9,21.98,34337.7,21786.7,
20241207,9,22.18,34337.7,21785.1,
20241207,9,22.19,34337.7,21768.3,
20241207,9,22.20,34337.7,21767.9,
20241207,9,22.58,34345.4,21765.5,
20241207,9,22.72,34345.4,21765.5,
20241207,9,22.74,34345.4,21764.6,
20241207,9,23.07,34345.4,21756.9,
20241207,9,23.20,34360.8,21740.9,
20241207,9,23.29,34360.8,21740.9,
20241207,9,23.31,34360.8,21740.1,
20241207,9,23.40,34360.8,21732.5,
20241207,9,23.42,34360.8,21730.1,
20241207,9,23.97,34501.8,21703.7,
20241207,9,24.00,34501.8,21703.7,
20241207,9,24.04,34501.8,21663.6,
20241207,9,25.00,34501.8,21659.9,
20241207,9,26.00,34501.8,21653.8,
20241207,9,26.52,34501.8,21580.1,
20241207,9,27.00,34501.8,21524.5,
20241207,9,27.17,34643.8,21442.5,
20241207,9,27.42,34643.8,21442.5,
20241207,9,27.50,34643.8,21442.4,
20241207,9,28.36,34643.8,21439.6,
20241207,9,28.87,34653.4,21434.1,
20241207,9,29.76,34653.4,21434.1,
20241207,9,29.90,34653.4,21432.3,
20241207,9,30.00,34653.4,21431.4,
20241207,9,31.79,34653.4,21388.5,
20241207,9,32.02,34794.4,21386.2,
20241207,9,33.62,34864.6,21386.2,
20241207,9,34.42,34864.6,21386.2,
20241207,9,34.94,34864.6,21386.0,
20241207,9,35.00,34864.6,21370.7,
20241207,9,36.00,34864.6,21336.3,
20241207,9,36.50,34864.6,21286.3,
20241207,9,36.79,34864.6,21286.2,
20241207,9,37.50,34864.6,21275.1,
20241207,9,39.69,35280.6,21240.7,
20241207,9,40.00,35280.6,21240.7,
20241207,9,40.01,35280.6,21181.8,
20241207,9,45.00,35280.6,21107.5,
20241207,9,45.01,35280.6,20418.8,
20241207,9,46.00,35280.6,20351.2,
20241207,9,48.32,35280.6,20313.2,
20241207,9,50.00,35281.0,20287.2,
20241207,9,50.01,35281.0,19986.0,
20241207,9,50.90,35281.0,19984.8,
20241207,9,55.00,35281.0,19984.7,
20241207,9,58.92,35281.0,19921.4,
20241207,9,60.00,35281.0,19919.8,
20241207,9,62.46,35281.0,19833.6,
20241207,9,62.67,35281.0,19808.2,
20241207,9,71.84,35281.0,19795.3,
20241207,9,77.80,35281.0,19793.6,
20241207,9,79.90,35281.0,19717.3,
20241207,9,80.00,35281.0,19716.6,
20241207,9,80.01,35281.0,18907.4,
20241207,9,80.02,35281.0,18834.4,
20241207,9,80.10,35281.0,18758.4,
20241207,9,80.21,35430.9,18758.3,
20241207,9,81.00,35430.9,18758.3,
20241207,9,82.01,35430.9,18757.1,
20241207,9,84.76,35430.9,18645.6,
20241207,9,85.00,35430.9,18644.0,
20241207,9,90.00,35430.9,18640.7,
20241207,9,97.68,35430.9,18635.9,
20241207,9,99.00,35430.9,18634.2,
20241207,9,99.90,35430.9,18634.0,
20241207,9,100.00,35618.9,18624.2,
20241207,9,100.01,35648.7,18287.3,
20241207,9,101.00,35648.7,18287.3,
20241207,9,120.10,35648.7,18122.8,
20241207,9,138.00,35648.7,18095.5,
20241207,9,150.00,35648.7,17961.3,
20241207,9,151.00,35648.7,17854.1,
20241207,9,190.00,35648.7,17820.3,
20241207,9,200.00,35648.7,17819.8,
20241207,9,200.01,35648.7,15694.8,
20241207,9,200.10,35648.7,13537.3,
20241207,9,200.50,35648.7,13466.2,
20241207,9,200.98,35648.7,13466.0,
20241207,9,200.99,35648.7,13465.9,
20241207,9,201.00,35648.7,13465.8,
20241207,9,210.00,35648.7,13432.6,
20241207,9,250.00,35648.7,11825.1,
20241207,9,299.99,35649.2,11681.4,
20241207,9,300.00,35649.2,11681.4,
20241207,9,500.00,35649.2,11577.2,
20241207,9,550.02,35649.2,11567.2,
20241207,9,900.00,35649.2,11304.2,
20241207,9,999.00,35649.2,11298.2,
20241207,9,999.99,35649.2,0.0,
20241207,10,0.00,0.0,34749.5,
20241207,10,0.00,9902.0,34749.5,
20241207,10,0.01,26930.7,34749.5,
20241207,10,0.02,27145.5,34742.8,
20241207,10,0.03,27149.3,34732.4,
20241207,10,0.04,27173.6,34730.1,
20241207,10,0.10,27173.7,34730.1,
20241207,10,1.00,27605.4,34710.1,
20241207,10,1.01,27612.8,34619.5,
20241207,10,1.11,27613.4,34612.7,
20241207,10,2.00,27696.4,34612.7,
20241207,10,2.01,27696.4,34604.7,
20241207,10,2.21,27696.9,34004.7,
20241207,10,2.51,27704.1,34004.7,
20241207,10,2.71,27706.4,34004.7,
20241207,10,3.00,27735.8,34004.7,
20241207,10,3.01,27735.9,33519.2,
20241207,10,3.31,27736.4,33319.2,
20241207,10,4.00,27763.7,33319.2,
20241207,10,4.27,27822.1,33318.2,
20241207,10,4.41,27822.7,33318.2,
20241207,10,5.00,28000.8,33318.2,
20241207,10,5.01,28008.5,32990.7,
20241207,10,5.42,28010.8,32474.7,
20241207,10,5.51,28011.3,32474.7,
20241207,10,5.90,28011.3,32474.7,
20241207,10,6.00,28087.7,32458.4,
20241207,10,6.01,28099.2,32448.4,
20241207,10,6.06,28099.3,32448.4,
20241207,10,6.10,28112.4,32448.4,
20241207,10,6.19,28112.4,32448.4,
20241207,10,6.26,28112.4,32248.4,
20241207,10,6.50,28115.0,32242.4,
20241207,10,6.60,28115.6,32241.4,
20241207,10,6.61,28115.7,32241.4,
20241207,10,6.88,28116.7,32241.4,
20241207,10,7.00,28123.7,32241.4,
20241207,10,7.16,28123.8,32240.5,
20241207,10,7.50,28168.8,32240.5,
20241207,10,7.51,28168.8,32240.5,
20241207,10,7.52,28176.0,31940.5,
20241207,10,7.63,28177.0,31940.5,
20241207,10,7.71,28177.1,31940.5,
20241207,10,7.76,28590.2,31940.5,
20241207,10,7.80,28590.2,31940.5,
20241207,10,7.88,28590.2,31868.6,
20241207,10,8.00,28606.3,31868.5,
20241207,10,8.01,28607.8,31726.8,
20241207,10,8.04,28607.8,31726.8,
20241207,10,8.12,28615.6,31626.8,
20241207,10,8.22,28615.6,31626.8,
20241207,10,8.26,28615.7,31626.6,
20241207,10,8.38,28617.7,31626.6,
20241207,10,8.45,28617.7,31626.6,
20241207,10,8.51,28621.7,31624.8,
20241207,10,8.85,28621.7,31624.8,
20241207,10,8.89,28621.7,31467.8,
20241207,10,8.94,28621.7,31408.8,
20241207,10,8.95,28622.2,31378.8,
20241207,10,8.97,28622.2,31378.8,
20241207,10,9.00,28622.2,31348.8,
20241207,10,9.01,28625.8,31287.6,
20241207,10,9.05,28625.8,31280.7,
20241207,10,9.08,28625.8,31250.7,
20241207,10,9.09,28625.8,31220.7,
20241207,10,9.11,28625.8,31190.7,
20241207,10,9.13,28629.0,31130.7,
20241207,10,9.16,28629.0,31130.7,
20241207,10,9.19,28629.0,31099.6,
20241207,10,9.22,28629.0,31069.6,
20241207,10,9.23,28632.0,31016.6,
20241207,10,9.26,28636.0,31016.6,
20241207,10,9.27,28636.0,31016.6,
20241207,10,9.43,28636.0,31009.6,
20241207,10,9.50,28636.0,30994.6,
20241207,10,9.60,28636.0,30974.3,
20241207,10,9.66,28636.0,30974.2,
20241207,10,9.73,28636.0,30944.2,
20241207,10,9.80,28636.0,30899.2,
20241207,10,9.82,28642.0,30899.1,
20241207,10,9.84,28651.4,30899.1,
20241207,10,9.98,28651.4,30899.1,
20241207,10,9.99,28651.4,30884.1,
20241207,10,10.00,28659.5,30854.1,
20241207,10,10.01,28665.9,30824.5,
20241207,10,10.02,28673.2,30821.1,
20241207,10,10.10,28673.2,30821.1,
20241207,10,10.14,28673.2,30818.3,
20241207,10,10.15,28673.2,30762.3,
20241207,10,10.22,28673.2,30662.3,
20241207,10,10.23,28673.2,30647.3,
20241207,10,10.25,28673.2,30617.3,
20241207,10,10.30,28721.6,30043.3,
20241207,10,10.31,28721.6,30018.3,
20241207,10,10.44,28721.6,29993.3,
20241207,10,10.50,28721.6,29845.3,
20241207,10,10.51,28721.8,29795.2,
20241207,10,10.53,28721.8,29795.2,
20241207,10,10.63,28721.8,29765.2,
20241207,10,10.68,28721.8,29764.7,
20241207,10,10.76,28725.8,29761.7,
20241207,10,10.79,28725.8,29761.7,
20241207,10,10.80,28725.8,29613.7,
20241207,10,10.81,28725.8,29436.7,
20241207,10,10.83,28741.8,29396.7,
20241207,10,10.93,28741.8,29396.7,
20241207,10,10.95,28741.8,29294.7,
20241207,10,11.00,28790.4,29269.7,
20241207,10,11.01,28794.8,29217.7,
20241207,10,11.04,28794.8,29217.3,
20241207,10,11.08,28794.8,29070.3,
20241207,10,11.10,28794.8,28966.3,
20241207,10,11.11,28795.1,28965.0,
20241207,10,11.18,28795.1,28965.0,
20241207,10,11.22,28795.9,28865.0,
20241207,10,11.26,28795.9,28865.0,
20241207,10,11.27,28795.9,28768.7,
20241207,10,11.32,29805.9,28668.7,
20241207,10,11.34,29805.9,28668.7,
20241207,10,11.36,29805.9,28203.5,
20241207,10,11.38,29805.9,28103.5,
20241207,10,11.40,29806.4,28099.3,
20241207,10,11.44,29806.4,28099.1,
20241207,10,11.50,29866.5,27999.1,
20241207,10,11.51,29870.5,27719.6,
20241207,10,11.54,29870.5,27708.3,
20241207,10,11.56,29870.5,27585.3,
20241207,10,11.57,29922.5,27585.1,
20241207,10,11.59,29922.5,27585.1,
20241207,10,11.61,29935.8,27560.1,
20241207,10,11.62,29935.8,27560.1,
20241207,10,11.63,29935.8,27549.7,
20241207,10,11.65,29935.8,27519.7,
20241207,10,11.70,29937.7,27396.7,
20241207,10,11.80,29937.7,27396.7,
20241207,10,11.84,29967.7,27396.1,
20241207,10,11.87,29967.7,27396.1,
20241207,10,11.95,29967.9,27273.1,
20241207,10,11.99,29967.9,27273.1,
20241207,10,12.00,30062.7,27150.1,
20241207,10,12.01,30062.7,27105.7,
20241207,10,12.02,30082.8,27095.8,
20241207,10,12.03,30212.8,27035.8,
20241207,10,12.05,30212.8,27035.8,
20241207,10,12.07,30401.8,27035.6,
20241207,10,12.09,30431.8,27035.6,
20241207,10,12.13,30431.8,27035.6,
20241207,10,12.23,30431.8,27013.4,
20241207,10,12.25,30431.8,26988.4,
20241207,10,12.26,30435.8,26986.5,
20241207,10,12.28,30435.8,26986.5,
20241207,10,12.30,30445.2,26986.4,
20241207,10,12.36,30474.1,26986.4,
20241207,10,12.38,30475.3,26986.4,
20241207,10,12.40,30475.3,26986.4,
20241207,10,12.49,30475.3,26986.0,
20241207,10,12.50,30475.3,26927.0,
20241207,10,12.51,30475.3,26925.6,
20241207,10,12.52,30482.5,26324.6,
20241207,10,12.62,30512.5,26324.6,
20241207,10,12.64,30532.5,26324.6,
20241207,10,12.72,30533.9,26324.6,
20241207,10,12.80,30533.9,26324.6,
20241207,10,12.88,30533.9,26324.5,
20241207,10,12.91,30533.9,26301.3,
20241207,10,12.92,30538.3,26301.1,
20241207,10,12.96,30538.3,26301.1,
20241207,10,12.97,30538.3,26300.4,
20241207,10,12.98,30568.3,26250.4,
20241207,10,12.99,30568.3,26250.4,
20241207,10,13.00,30587.3,26101.4,
20241207,10,13.01,30589.2,26063.2,
20241207,10,13.06,30589.2,26054.4,
20241207,10,13.07,30618.2,26053.4,
20241207,10,13.13,30689.7,26053.4,
20241207,10,13.17,30689.7,25888.4,
20241207,10,13.18,30689.7,25861.4,
20241207,10,13.19,30689.7,25761.4,
20241207,10,13.20,30689.7,25661.4,
20241207,10,13.21,30689.7,25561.4,
20241207,10,13.22,30709.7,25461.4,
20241207,10,13.31,30729.7,25461.4,
20241207,10,13.33,30731.2,25461.4,
20241207,10,13.34,30731.2,25461.4,
20241207,10,13.50,30786.2,25431.4,
20241207,10,13.51,30792.2,25391.4,
20241207,10,13.52,30827.2,25391.4,
20241207,10,13.53,30828.5,25346.2,
20241207,10,13.63,30828.5,25342.0,
20241207,10,13.64,30858.5,25341.9,
20241207,10,13.76,30858.5,25341.9,
20241207,10,13.78,30858.5,25341.5,
20241207,10,13.83,30878.5,25341.3,
20241207,10,13.92,30878.5,25341.3,
20241207,10,14.00,30933.5,25141.3,
20241207,10,14.01,30948.3,25127.9,
20241207,10,14.06,30948.3,25123.8,
20241207,10,14.11,30948.3,24923.8,
20241207,10,14.17,30983.3,24923.2,
20241207,10,14.20,30983.3,24923.2,
20241207,10,14.26,31053.3,24723.2,
20241207,10,14.30,31053.3,24723.2,
20241207,10,14.31,31053.3,24523.2,
20241207,10,14.35,31053.3,24507.7,
20241207,10,14.36,31064.2,24307.7,
20241207,10,14.39,31064.2,24307.7,
20241207,10,14.40,31064.2,24107.7,
20241207,10,14.42,31064.2,24103.5,
20241207,10,14.51,31064.2,23903.5,
20241207,10,14.52,31064.2,23899.5,
20241207,10,14.63,31079.2,23699.5,
20241207,10,14.65,31079.2,23699.5,
20241207,10,14.66,31096.2,23699.3,
20241207,10,14.70,31097.9,23699.3,
20241207,10,14.72,31118.9,23699.3,
20241207,10,14.74,31118.9,23499.3,
20241207,10,14.81,31143.9,23485.4,
20241207,10,14.85,31182.9,23485.4,
20241207,10,14.88,31218.9,23485.4,
20241207,10,14.90,31231.9,23485.4,
20241207,10,14.93,31274.9,23485.4,
20241207,10,14.96,31274.9,23485.4,
20241207,10,14.98,31315.9,23285.4,
20241207,10,15.00,31325.9,23285.4,
20241207,10,15.01,31326.9,23193.6,
20241207,10,15.03,31370.9,23193.6,
20241207,10,15.12,31370.9,23193.6,
20241207,10,15.22,31370.9,23188.8,
20241207,10,15.26,31370.9,23180.0,
20241207,10,15.27,31370.9,23176.9,
20241207,10,15.39,31610.9,23171.0,
20241207,10,15.44,32004.9,23171.0,
20241207,10,15.45,32029.9,23171.0,
20241207,10,15.50,32106.9,23171.0,
20241207,10,15.52,32106.9,23171.0,
20241207,10,15.66,32140.9,23170.2,
20241207,10,15.70,32141.4,23170.2,
20241207,10,15.90,32141.4,23170.1,
20241207,10,15.93,32244.4,23169.9,
20241207,10,15.99,32294.3,23169.9,
20241207,10,16.00,32314.3,23123.1,
20241207,10,16.01,32314.3,23062.9,
20241207,10,16.06,32414.3,23060.8,
20241207,10,16.14,32414.3,23060.8,
20241207,10,16.40,32414.3,23052.2,
20241207,10,16.42,32464.3,23052.1,
20241207,10,16.50,32534.3,23052.1,
20241207,10,16.58,32546.8,23052.1,
20241207,10,16.59,32546.8,23052.1,
20241207,10,16.60,32596.8,23050.2,
20241207,10,16.62,32768.8,23050.2,
20241207,10,16.70,32768.8,23050.2,
20241207,10,16.76,32768.8,23041.2,
20241207,10,16.78,32768.9,23039.5,
20241207,10,17.00,32773.9,23039.5,
20241207,10,17.01,32776.7,23010.5,
20241207,10,17.17,32876.7,23005.0,
20241207,10,17.18,32876.7,23005.0,
20241207,10,17.19,32876.7,23003.2,
20241207,10,17.20,32876.7,23003.1,
20241207,10,17.37,32887.1,23002.4,
20241207,10,17.43,32887.1,23002.4,
20241207,10,17.48,32887.1,23002.2,
20241207,10,17.50,32917.1,22993.8,
20241207,10,17.51,32917.1,22993.8,
20241207,10,17.59,32933.3,22992.8,
20241207,10,17.73,32933.3,22992.8,
20241207,10,18.00,32933.3,22970.8,
20241207,10,18.01,32933.6,22965.4,
20241207,10,18.07,32933.6,22965.4,
20241207,10,18.13,33033.6,22963.7,
20241207,10,18.16,33044.0,22963.7,
20241207,10,18.26,33044.0,22963.7,
20241207,10,18.43,33118.0,22962.7,
20241207,10,18.67,33118.0,22962.7,
20241207,10,18.78,33118.0,22935.1,
20241207,10,18.79,33129.0,22933.9,
20241207,10,18.86,33129.2,22933.9,
20241207,10,18.95,33137.5,22933.9,
20241207,10,19.00,33137.5,22933.9,
20241207,10,19.01,33137.5,22933.3,
20241207,10,19.19,33137.5,22932.3,
20241207,10,19.42,33377.5,22931.2,
20241207,10,19.46,33377.5,22931.2,
20241207,10,19.50,33377.5,22849.2,
20241207,10,19.56,33519.5,22849.0,
20241207,10,19.63,33660.5,22849.0,
20241207,10,19.66,33802.5,22849.0,
20241207,10,19.70,33943.5,22849.0,
20241207,10,19.76,33943.5,22840.4,
20241207,10,19.77,34085.5,22839.4,
20241207,10,19.80,34226.5,22839.4,
20241207,10,20.00,34226.5,22839.4,
20241207,10,20.12,34226.5,22822.4,
20241207,10,20.49,34226.5,22817.8,
20241207,10,20.51,34226.5,22710.5,
20241207,10,20.89,34226.5,22709.5,
20241207,10,21.02,34226.5,22708.8,
20241207,10,21.10,34238.2,21908.8,
20241207,10,21.21,34238.2,21908.8,
20241207,10,21.26,34238.2,21865.7,
20241207,10,21.29,34238.2,21864.7,
20241207,10,21.93,34238.2,21864.6,
20241207,10,22.01,34238.2,21856.2,
20241207,10,22.18,34238.2,21854.4,
20241207,10,22.19,34238.2,21837.6,
20241207,10,22.20,34238.2,21837.2,
20241207,10,22.35,34380.2,21825.4,
20241207,10,22.58,34387.9,21825.4,
20241207,10,23.07,34387.9,21825.4,
20241207,10,23.20,34403.3,21809.7,
20241207,10,23.41,34403.3,21809.7,
20241207,10,24.00,34403.3,21801.1,
20241207,10,24.03,34403.3,21760.4,
20241207,10,24.04,34403.3,21752.0,
20241207,10,24.15,34403.3,21748.3,
20241207,10,25.00,34403.3,21719.2,
20241207,10,25.57,34544.3,21713.0,
20241207,10,26.00,34544.3,21713.0,
20241207,10,26.86,34544.3,21711.9,
20241207,10,27.00,34544.3,21648.4,
20241207,10,27.50,34544.3,21566.8,
20241207,10,27.62,34544.3,21564.5,
20241207,10,28.29,34544.3,21502.5,
20241207,10,28.80,34686.3,21502.4,
20241207,10,28.87,34695.9,21502.4,
20241207,10,29.90,34695.9,21502.4,
20241207,10,30.00,34695.9,21501.4,
20241207,10,31.04,34695.9,21458.2,
20241207,10,31.36,34695.9,21456.3,
20241207,10,31.79,34695.9,21448.7,
20241207,10,33.62,34836.6,21446.3,
20241207,10,34.94,34836.6,21446.3,
20241207,10,35.00,34836.6,21431.2,
20241207,10,35.29,34836.6,21398.7,
20241207,10,36.00,34836.6,21398.5,
20241207,10,36.79,34836.6,21348.5,
20241207,10,37.50,34836.6,21337.4,
20241207,10,38.50,34836.6,21303.0,
20241207,10,39.69,35261.6,21302.9,
20241207,10,40.00,35261.6,21302.9,
20241207,10,40.01,35261.6,21243.7,
20241207,10,45.00,35261.6,21168.7,
20241207,10,45.01,35261.6,20479.4,
20241207,10,46.00,35261.6,20411.7,
20241207,10,46.06,35261.6,20374.4,
20241207,10,48.32,35261.6,20372.8,
20241207,10,50.00,35262.4,20346.7,
20241207,10,50.01,35262.4,20039.9,
20241207,10,50.90,35262.4,20038.5,
20241207,10,55.00,35262.4,20038.4,
20241207,10,58.98,35262.4,19974.9,
20241207,10,60.00,35262.4,19973.3,
20241207,10,62.52,35262.4,19886.4,
20241207,10,62.73,35262.4,19860.5,
20241207,10,71.90,35262.4,19847.0,
20241207,10,77.80,35262.4,19845.3,
20241207,10,79.90,35262.4,19765.7,
20241207,10,80.00,35262.4,19765.0,
20241207,10,80.01,35262.4,18946.0,
20241207,10,80.02,35262.4,18871.5,
20241207,10,80.10,35262.4,18795.5,
20241207,10,80.21,35412.3,18795.4,
20241207,10,81.00,35412.3,18795.4,
20241207,10,82.01,35412.3,18794.3,
20241207,10,84.82,35412.3,18681.7,
20241207,10,85.00,35412.3,18680.1,
20241207,10,90.00,35412.3,18677.0,
20241207,10,97.74,35412.3,18672.4,
20241207,10,99.00,35412.3,18670.7,
20241207,10,99.90,35412.3,18670.5,
20241207,10,100.00,35600.3,18660.4,
20241207,10,100.01,35630.1,18318.9,
20241207,10,101.00,35630.1,18318.9,
20241207,10,120.10,35630.1,18154.4,
20241207,10,138.00,35630.1,18126.9,
20241207,10,150.00,35630.1,17992.2,
20241207,10,151.00,35630.1,17885.2,
20241207,10,190.00,35630.1,17851.2,
20241207,10,200.00,35630.1,17850.7,
20241207,10,200.01,35630.1,15712.5,
20241207,10,200.10,35630.1,13550.0,
20241207,10,200.50,35630.1,13478.9,
20241207,10,200.98,35630.1,13478.7,
20241207,10,200.99,35630.1,13478.6,
20241207,10,201.00,35630.1,13478.5,
20241207,10,210.00,35630.1,13443.4,
20241207,10,250.00,35630.1,11834.6,
20241207,10,299.99,35630.6,11691.8,
20241207,10,300.00,35630.6,11691.8,
20241207,10,500.00,35630.6,11587.7,
20241207,10,550.02,35630.6,11577.7,
20241207,10,900.00,35630.6,11314.7,
20241207,10,999.00,35630.6,11308.7,
20241207,10,999.99,35630.6,0.0,
20241207,11,0.00,0.0,34698.5,
20241207,11,0.00,9858.1,34698.5,
20241207,11,0.01,26746.2,34698.5,
20241207,11,0.02,26955.3,34691.5,
20241207,11,0.03,26958.7,34681.1,
20241207,11,0.04,26981.8,34678.8,
20241207,11,0.10,26981.8,34678.8,
20241207,11,0.45,27343.1,34653.3,
20241207,11,1.00,27772.8,34653.3,
20241207,11,1.01,27780.5,34562.3,
20241207,11,1.03,27781.1,34555.4,
20241207,11,1.35,27785.1,34555.4,
20241207,11,2.00,27867.4,34555.4,
20241207,11,2.01,27867.4,34547.4,
20241207,11,2.05,27867.9,33947.4,
20241207,11,2.25,27871.9,33947.4,
20241207,11,2.49,27879.1,33947.4,
20241207,11,2.67,27881.4,33947.4,
20241207,11,3.00,27909.7,33947.4,
20241207,11,3.01,27909.7,33461.2,
20241207,11,3.07,27910.2,33261.2,
20241207,11,3.15,27914.2,33261.2,
20241207,11,4.00,27934.8,33261.2,
20241207,11,4.05,27938.8,33260.2,
20241207,11,4.09,27939.4,33260.2,
20241207,11,4.27,27997.8,33260.2,
20241207,11,4.95,28001.8,33260.2,
20241207,11,4.97,28009.0,33260.2,
20241207,11,5.00,28188.1,33260.2,
20241207,11,5.01,28188.6,32931.8,
20241207,11,5.11,28189.1,32412.0,
20241207,11,5.32,28191.4,32412.0,
20241207,11,5.62,28191.5,32412.0,
20241207,11,5.85,28195.5,32412.0,
20241207,11,5.90,28195.5,32412.0,
20241207,11,6.00,28271.4,32395.7,
20241207,11,6.01,28282.8,32385.7,
20241207,11,6.10,28294.0,32385.7,
20241207,11,6.13,28294.1,32385.7,
20241207,11,6.19,28294.1,32385.7,
20241207,11,6.26,28294.1,32185.7,
20241207,11,6.50,28296.2,32179.7,
20241207,11,6.57,28297.2,32178.7,
20241207,11,6.60,28297.8,32178.7,
20241207,11,6.64,28297.9,32178.7,
20241207,11,6.75,28301.9,32178.7,
20241207,11,7.00,28308.8,32178.7,
20241207,11,7.15,28308.9,32177.8,
20241207,11,7.44,28316.1,32177.8,
20241207,11,7.47,28317.1,32177.8,
20241207,11,7.50,28362.1,32177.8,
20241207,11,7.51,28362.1,32177.8,
20241207,11,7.65,28366.1,31877.8,
20241207,11,7.66,28366.2,31877.8,
20241207,11,7.80,28366.2,31877.8,
20241207,11,7.89,28366.2,31805.7,
20241207,11,7.98,28368.5,31805.6,
20241207,11,8.00,28383.6,31805.6,
20241207,11,8.01,28385.1,31665.5,
20241207,11,8.04,28385.1,31665.5,
20241207,11,8.22,28385.1,31565.5,
20241207,11,8.37,28387.0,31565.3,
20241207,11,8.55,28391.0,31565.3,
20241207,11,8.70,28391.0,31565.3,
20241207,11,8.85,28391.0,31565.1,
20241207,11,8.89,28391.0,31408.1,
20241207,11,8.94,28391.0,31349.1,
20241207,11,8.95,28391.3,31319.1,
20241207,11,8.97,28391.3,31319.1,
20241207,11,9.00,28391.3,31289.1,
20241207,11,9.01,28395.1,31227.9,
20241207,11,9.05,28395.1,31220.8,
20241207,11,9.08,28395.1,31190.8,
20241207,11,9.11,28395.1,31160.8,
20241207,11,9.16,28395.1,31100.8,
20241207,11,9.19,28395.1,31070.8,
20241207,11,9.21,28398.1,31040.8,
20241207,11,9.22,28398.1,31040.8,
20241207,11,9.27,28401.4,30984.8,
20241207,11,9.33,28401.4,30980.8,
20241207,11,9.45,28405.4,30950.8,
20241207,11,9.50,28405.4,30950.8,
20241207,11,9.58,28405.4,30930.8,
20241207,11,9.60,28405.4,30929.8,
20241207,11,9.65,28405.4,30929.6,
20241207,11,9.73,28405.4,30914.6,
20241207,11,9.78,28411.4,30869.6,
20241207,11,9.80,28411.4,30869.6,
20241207,11,9.82,28420.8,30869.5,
20241207,11,9.91,28420.8,30869.5,
20241207,11,9.92,28428.1,30836.7,
20241207,11,9.99,28428.1,30836.7,
20241207,11,10.00,28436.6,30806.7,
20241207,11,10.01,28439.1,30777.1,
20241207,11,10.10,28439.1,30773.7,
20241207,11,10.14,28439.1,30773.2,
20241207,11,10.15,28439.1,30717.2,
20241207,11,10.22,28439.1,30617.2,
20241207,11,10.25,28439.1,30602.2,
20241207,11,10.30,28487.6,30028.2,
20241207,11,10.35,28491.6,30028.2,
20241207,11,10.44,28491.6,30028.2,
20241207,11,10.50,28491.6,29880.2,
20241207,11,10.53,28491.6,29800.1,
20241207,11,10.54,28491.6,29799.2,
20241207,11,10.56,28491.6,29798.1,
20241207,11,10.63,28505.0,29773.1,
20241207,11,10.67,28505.0,29773.1,
20241207,11,10.68,28505.0,29743.1,
20241207,11,10.77,28505.0,29740.2,
20241207,11,10.78,28505.0,29725.2,
20241207,11,10.79,28505.0,29721.9,
20241207,11,10.80,28505.0,29574.9,
20241207,11,10.93,28505.0,29426.9,
20241207,11,10.98,28505.0,29324.9,
20241207,11,11.00,28550.1,29284.9,
20241207,11,11.01,28554.3,29236.1,
20241207,11,11.04,28554.3,29235.7,
20241207,11,11.07,28554.3,29087.7,
20241207,11,11.08,28554.3,29087.2,
20241207,11,11.16,28554.3,28953.2,
20241207,11,11.18,28554.3,28928.2,
20241207,11,11.25,28558.3,28828.2,
20241207,11,11.26,28558.3,28828.2,
20241207,11,11.27,28558.3,28731.6,
20241207,11,11.30,28572.3,28631.6,
20241207,11,11.32,29462.3,28631.6,
20241207,11,11.34,29462.3,28631.6,
20241207,11,11.35,29462.3,28166.4,
20241207,11,11.40,29463.1,28066.4,
20241207,11,11.49,29463.1,28066.2,
20241207,11,11.50,29517.7,28066.0,
20241207,11,11.51,29518.4,27805.1,
20241207,11,11.54,29518.4,27805.1,
20241207,11,11.57,29570.4,27682.1,
20241207,11,11.58,29570.4,27682.1,
20241207,11,11.65,29570.4,27671.0,
20241207,11,11.70,29572.6,27548.0,
20241207,11,11.78,29572.6,27548.0,
20241207,11,11.80,29572.6,27547.4,
20241207,11,11.84,29602.6,27535.1,
20241207,11,11.86,29602.6,27534.9,
20241207,11,11.87,29602.6,27509.9,
20241207,11,11.89,29602.8,27386.9,
20241207,11,11.91,29602.8,27386.9,
20241207,11,11.97,29602.8,27356.9,
20241207,11,11.99,29602.8,27352.7,
20241207,11,12.00,29697.6,27229.7,
20241207,11,12.03,29797.6,27165.1,
20241207,11,12.07,30025.6,27165.1,
20241207,11,12.13,30025.6,27165.1,
20241207,11,12.15,30029.6,27145.7,
20241207,11,12.24,30029.6,27145.7,
20241207,11,12.28,30039.0,27085.7,
20241207,11,12.36,30039.0,27085.6,
20241207,11,12.37,30059.1,27075.7,
20241207,11,12.38,30060.3,27075.7,
20241207,11,12.40,30067.5,27075.7,
20241207,11,12.42,30067.5,27075.3,
20241207,11,12.43,30067.5,27075.1,
20241207,11,12.50,30067.5,27074.4,
20241207,11,12.52,30068.9,27073.0,
20241207,11,12.56,30068.9,27073.0,
20241207,11,12.64,30070.3,26513.0,
20241207,11,12.66,30099.2,26513.0,
20241207,11,12.67,30129.2,26513.0,
20241207,11,12.68,30159.2,26488.0,
20241207,11,12.77,30160.7,26488.0,
20241207,11,12.80,30160.7,26488.0,
20241207,11,12.82,30160.7,26487.9,
20241207,11,12.87,30160.7,26428.9,
20241207,11,12.88,30160.7,26426.1,
20241207,11,12.89,30165.2,26403.0,
20241207,11,12.90,30165.4,26403.0,
20241207,11,12.94,30185.4,26403.0,
20241207,11,12.97,30185.4,26403.0,
20241207,11,12.99,30185.4,26401.1,
20241207,11,13.00,30204.2,26235.8,
20241207,11,13.01,30207.4,26207.4,
20241207,11,13.02,30207.4,26198.0,
20241207,11,13.07,30207.4,26148.0,
20241207,11,13.13,30277.4,26147.4,
20241207,11,13.14,30277.4,25982.4,
20241207,11,13.20,30277.4,25932.4,
20241207,11,13.21,30277.4,25834.1,
20241207,11,13.29,30277.4,25734.1,
20241207,11,13.31,30307.4,25730.3,
20241207,11,13.34,30307.4,25730.3,
20241207,11,13.40,30307.4,25700.3,
20241207,11,13.41,30336.4,25699.3,
20241207,11,13.44,30342.4,25699.3,
20241207,11,13.50,30397.4,25699.3,
20241207,11,13.52,30397.4,25669.3,
20241207,11,13.55,30397.4,25619.9,
20241207,11,13.56,30397.4,25619.5,
20241207,11,13.62,30417.4,25619.3,
20241207,11,13.72,30417.4,25619.3,
20241207,11,13.77,30417.4,25617.6,
20241207,11,13.79,30417.4,25616.0,
20241207,11,13.94,30437.4,25612.2,
20241207,11,13.95,30437.4,25612.2,
20241207,11,13.99,30437.4,25611.8,
20241207,11,14.00,30522.4,25411.8,
20241207,11,14.01,30537.8,25406.9,
20241207,11,14.06,30567.8,25402.5,
20241207,11,14.10,30567.8,25402.5,
20241207,11,14.13,30567.8,25402.1,
20241207,11,14.19,30567.8,25401.3,
20241207,11,14.26,30637.8,25201.3,
20241207,11,14.28,30637.8,25201.3,
20241207,11,14.31,30637.8,24997.5,
20241207,11,14.33,30637.8,24982.0,
20241207,11,14.38,30637.8,24782.0,
20241207,11,14.40,30669.8,24582.0,
20241207,11,14.41,30669.8,24582.0,
20241207,11,14.47,30669.8,24382.0,
20241207,11,14.50,30669.8,24182.0,
20241207,11,14.57,30669.8,24181.0,
20241207,11,14.58,30689.8,24166.1,
20241207,11,14.63,30739.8,24166.1,
20241207,11,14.64,30739.8,24166.1,
20241207,11,14.65,30774.8,24165.2,
20241207,11,14.66,30839.5,24165.2,
20241207,11,14.67,30839.5,24165.2,
20241207,11,14.69,30839.5,24165.0,
20241207,11,14.72,30891.5,23965.0,
20241207,11,14.78,30891.5,23965.0,
20241207,11,14.82,30891.5,23957.3,
20241207,11,14.85,30967.5,23757.3,
20241207,11,14.88,31034.5,23753.3,
20241207,11,14.90,31047.5,23753.3,
20241207,11,14.93,31124.5,23753.3,
20241207,11,14.98,31193.5,23753.3,
20241207,11,14.99,31193.5,23753.3,
20241207,11,15.00,31208.5,23746.8,
20241207,11,15.01,31209.5,23687.1,
20241207,11,15.03,31281.5,23687.1,
20241207,11,15.08,31283.2,23687.1,
20241207,11,15.12,31283.2,23687.1,
20241207,11,15.15,31283.2,23681.7,
20241207,11,15.30,31283.7,23481.7,
20241207,11,15.35,31318.7,23481.7,
20241207,11,15.39,31558.7,23481.7,
20241207,11,15.50,31960.7,23481.7,
20241207,11,15.59,31960.7,23481.7,
20241207,11,15.70,31960.7,23472.6,
20241207,11,15.75,31960.7,23472.5,
20241207,11,15.76,31994.7,23469.4,
20241207,11,15.90,31994.7,23469.4,
20241207,11,15.93,32097.7,23469.2,
20241207,11,16.00,32097.7,23469.2,
20241207,11,16.05,32122.7,23344.5,
20241207,11,16.06,32222.7,23344.5,
20241207,11,16.17,32297.7,23344.5,
20241207,11,16.34,32297.7,23344.5,
20241207,11,16.40,32297.7,23343.7,
20241207,11,16.46,32297.7,23343.6,
20241207,11,16.47,32347.7,23336.0,
20241207,11,16.50,32417.7,23336.0,
20241207,11,16.59,32417.7,23332.9,
20241207,11,16.64,32467.7,23331.1,
20241207,11,16.65,32467.7,23331.1,
20241207,11,16.70,32467.7,23328.8,
20241207,11,16.75,32492.7,23319.8,
20241207,11,16.94,32513.6,23319.8,
20241207,11,17.00,32538.6,23319.8,
20241207,11,17.01,32541.6,23293.9,
20241207,11,17.03,32541.7,23288.4,
20241207,11,17.06,32782.7,23288.4,
20241207,11,17.08,32782.7,23288.4,
20241207,11,17.09,32782.7,23286.6,
20241207,11,17.10,32782.7,23286.5,
20241207,11,17.17,32882.7,23286.3,
20241207,11,17.20,32882.7,23236.1,
20241207,11,17.43,32882.7,23235.6,
20241207,11,17.55,32882.7,23235.4,
20241207,11,17.59,32898.9,23233.7,
20241207,11,17.69,32960.9,23233.7,
20241207,11,17.71,32981.8,23233.7,
20241207,11,17.73,32981.8,23233.7,
20241207,11,18.00,32981.8,23211.7,
20241207,11,18.01,32982.1,23205.3,
20241207,11,18.13,33082.1,23205.3,
20241207,11,18.43,33156.1,23205.3,
20241207,11,18.45,33156.1,23205.3,
20241207,11,18.48,33172.8,23204.3,
20241207,11,18.52,33172.8,23204.3,
20241207,11,18.78,33172.8,23202.6,
20241207,11,18.79,33182.4,23200.0,
20241207,11,18.84,33182.4,23200.0,
20241207,11,19.00,33212.4,23166.1,
20241207,11,19.16,33212.4,23166.1,
20241207,11,19.17,33212.4,23160.3,
20241207,11,19.25,33212.4,23159.4,
20241207,11,19.35,33212.4,23069.7,
20241207,11,19.42,33452.4,23068.7,
20241207,11,19.63,33594.4,23068.7,
20241207,11,19.66,33735.4,23068.7,
20241207,11,19.70,33877.4,23068.7,
20241207,11,19.77,34018.4,23068.7,
20241207,11,19.80,34160.4,23068.7,
20241207,11,20.00,34160.4,23068.7,
20241207,11,20.12,34160.4,23051.3,
20241207,11,20.15,34174.4,23046.4,
20241207,11,20.25,34174.4,23046.4,
20241207,11,20.49,34174.4,23045.4,
20241207,11,20.74,34174.6,22919.5,
20241207,11,21.02,34174.6,22919.5,
20241207,11,21.10,34186.0,22119.5,
20241207,11,21.15,34186.0,22119.5,
20241207,11,21.18,34186.0,22118.5,
20241207,11,21.46,34186.0,22074.5,
20241207,11,22.00,34186.0,22064.5,
20241207,11,22.04,34186.0,22063.7,
20241207,11,22.05,34186.0,22056.1,
20241207,11,22.08,34186.0,22055.1,
20241207,11,22.09,34186.0,22038.2,
20241207,11,22.10,34186.0,22037.7,
20241207,11,22.13,34186.0,22035.2,
20241207,11,22.32,34186.0,22034.4,
20241207,11,22.35,34327.0,22034.3,
20241207,11,22.58,34334.7,22034.3,
20241207,11,22.95,34334.7,22034.3,
20241207,11,23.20,34350.1,22033.3,
20241207,11,23.52,34350.1,22033.3,
20241207,11,23.85,34350.1,22018.0,
20241207,11,23.89,34350.1,22015.8,
20241207,11,23.90,34350.1,22014.9,
20241207,11,24.00,34350.1,22007.2,
20241207,11,24.04,34350.1,21965.0,
20241207,11,24.67,34350.1,21961.6,
20241207,11,24.68,34350.1,21960.8,
20241207,11,24.83,34350.1,21953.2,
20241207,11,25.00,34350.1,21918.7,
20241207,11,25.57,34492.1,21912.1,
20241207,11,27.00,34492.1,21912.1,
20241207,11,27.37,34492.1,21825.2,
20241207,11,27.46,34492.1,21764.9,
20241207,11,27.50,34492.1,21700.1,
20241207,11,28.26,34492.1,21697.6,
20241207,11,28.80,34633.1,21695.7,
20241207,11,28.87,34642.7,21695.7,
20241207,11,29.32,34642.7,21695.7,
20241207,11,29.90,34642.7,21695.6,
20241207,11,30.00,34642.7,21694.5,
20241207,11,31.36,34642.7,21650.2,
20241207,11,31.79,34642.7,21568.3,
20241207,11,33.62,34785.9,21565.9,
20241207,11,34.94,34785.9,21565.9,
20241207,11,35.00,34785.9,21551.0,
20241207,11,36.00,34785.9,21516.7,
20241207,11,36.32,34785.9,21466.7,
20241207,11,36.79,34785.9,21466.5,
20241207,11,37.50,34785.9,21455.4,
20241207,11,39.69,35199.9,21420.4,
20241207,11,40.00,35199.9,21420.4,
20241207,11,40.01,35199.9,21360.0,
20241207,11,41.36,35199.9,21281.5,
20241207,11,44.77,35199.9,21281.2,
20241207,11,45.00,35199.9,21279.6,
20241207,11,45.01,35199.9,20588.5,
20241207,11,46.00,35199.9,20521.2,
20241207,11,48.32,35199.9,20481.6,
20241207,11,50.00,35201.0,20455.5,
20241207,11,50.01,35201.0,20138.9,
20241207,11,50.90,35201.0,20137.0,
20241207,11,55.00,35201.0,20136.9,
20241207,11,60.00,35201.0,20072.9,
20241207,11,62.36,35201.0,19983.2,
20241207,11,62.92,35201.0,19955.7,
20241207,11,77.80,35201.0,19941.5,
20241207,11,79.90,35201.0,19853.4,
20241207,11,80.00,35201.0,19852.6,
20241207,11,80.01,35201.0,19015.6,
20241207,11,80.02,35201.0,18937.6,
20241207,11,80.10,35201.0,18861.6,
20241207,11,80.21,35350.9,18861.5,
20241207,11,81.00,35350.9,18861.5,
20241207,11,82.01,35350.9,18860.4,
20241207,11,85.00,35350.9,18744.2,
20241207,11,90.00,35350.9,18741.3,
20241207,11,96.51,35350.9,18736.2,
20241207,11,99.00,35350.9,18734.6,
20241207,11,99.90,35350.9,18734.4,
20241207,11,100.00,35538.9,18724.3,
20241207,11,100.01,35568.8,18373.3,
20241207,11,101.00,35568.8,18373.3,
20241207,11,109.43,35568.8,18208.8,
20241207,11,120.10,35568.8,18207.1,
20241207,11,122.35,35568.8,18178.6,
20241207,11,135.27,35568.8,18177.0,
20241207,11,138.00,35568.8,18175.3,
20241207,11,150.00,35568.8,18039.4,
20241207,11,151.00,35568.8,17933.0,
20241207,11,190.00,35568.8,17898.9,
20241207,11,200.00,35568.8,17898.5,
20241207,11,200.01,35568.8,15718.7,
20241207,11,200.10,35568.8,13548.3,
20241207,11,200.50,35568.8,13467.3,
20241207,11,200.98,35568.8,13467.1,
20241207,11,200.99,35568.8,13467.0,
20241207,11,201.00,35568.8,13466.9,
20241207,11,210.00,35568.8,13429.3,
20241207,11,250.00,35568.8,11819.9,
20241207,11,299.99,35569.3,11677.1,
20241207,11,300.00,35569.3,11677.1,
20241207,11,500.00,35569.3,11573.0,
20241207,11,550.02,35569.3,11563.0,
20241207,11,900.00,35569.3,11299.8,
20241207,11,999.00,35569.3,11296.8,
20241207,11,999.99,35569.3,0.0,
20241207,12,0.00,0.0,34957.2,
20241207,12,0.00,9788.0,34957.2,
20241207,12,0.01,26577.4,34957.2,
20241207,12,0.02,26778.9,34949.9,
20241207,12,0.03,26781.7,34939.5,
20241207,12,0.04,26803.1,34937.0,
20241207,12,0.10,26803.1,34937.0,
20241207,12,0.53,27138.4,34903.4,
20241207,12,0.95,27138.8,34903.4,
20241207,12,1.00,27558.9,34903.4,
20241207,12,1.01,27566.9,34809.4,
20241207,12,1.43,27570.9,34802.3,
20241207,12,1.90,27571.4,34802.3,
20241207,12,2.00,27652.5,34802.3,
20241207,12,2.01,27652.5,34786.3,
20241207,12,2.33,27656.5,34186.3,
20241207,12,2.40,27663.7,34186.3,
20241207,12,2.64,27666.0,34186.3,
20241207,12,2.84,27666.5,34186.3,
20241207,12,3.00,27694.4,34186.3,
20241207,12,3.01,27694.7,33698.6,
20241207,12,3.23,27698.7,33498.6,
20241207,12,3.79,27699.3,33498.6,
20241207,12,4.00,27710.6,33498.6,
20241207,12,4.13,27714.6,33497.6,
20241207,12,4.27,27773.0,33497.6,
20241207,12,4.73,27773.5,33497.6,
20241207,12,4.80,27780.7,33497.6,
20241207,12,5.00,27960.6,33497.6,
20241207,12,5.01,27961.1,33170.7,
20241207,12,5.03,27965.1,32647.5,
20241207,12,5.20,27965.2,32647.5,
20241207,12,5.26,27967.5,32647.5,
20241207,12,5.67,27967.6,32647.5,
20241207,12,5.90,27967.6,32647.5,
20241207,12,5.93,27971.6,32631.3,
20241207,12,6.00,28047.0,32631.3,
20241207,12,6.01,28058.4,32621.3,
20241207,12,6.10,28069.4,32621.3,
20241207,12,6.15,28069.5,32621.3,
20241207,12,6.19,28069.5,32621.3,
20241207,12,6.26,28069.5,32421.3,
20241207,12,6.50,28071.6,32415.3,
20241207,12,6.60,28072.2,32414.3,
20241207,12,6.62,28072.3,32414.3,
20241207,12,6.83,28076.3,32414.3,
20241207,12,6.91,28077.3,32414.3,
20241207,12,7.00,28083.9,32414.3,
20241207,12,7.09,28084.0,32413.4,
20241207,12,7.19,28091.2,32413.4,
20241207,12,7.50,28136.2,32413.4,
20241207,12,7.51,28136.2,32411.0,
20241207,12,7.73,28140.2,32111.0,
20241207,12,7.80,28140.2,32111.0,
20241207,12,7.81,28141.2,32039.4,
20241207,12,7.89,28143.5,32039.4,
20241207,12,7.92,28143.5,32039.4,
20241207,12,8.00,28158.0,32039.3,
20241207,12,8.01,28159.5,31898.2,
20241207,12,8.04,28159.5,31898.2,
20241207,12,8.40,28159.5,31798.2,
20241207,12,8.63,28163.5,31797.7,
20241207,12,8.70,28163.5,31797.7,
20241207,12,8.71,28165.1,31797.5,
20241207,12,8.85,28165.1,31797.5,
20241207,12,8.89,28165.1,31640.5,
20241207,12,8.94,28165.1,31581.5,
20241207,12,8.95,28165.2,31551.5,
20241207,12,8.97,28165.2,31551.5,
20241207,12,9.00,28165.2,31521.5,
20241207,12,9.01,28169.2,31460.3,
20241207,12,9.05,28169.2,31453.1,
20241207,12,9.08,28169.2,31423.1,
20241207,12,9.11,28169.2,31393.1,
20241207,12,9.16,28169.2,31333.1,
20241207,12,9.19,28169.2,31303.1,
20241207,12,9.22,28169.2,31273.1,
20241207,12,9.23,28172.2,31218.1,
20241207,12,9.27,28172.2,31218.1,
20241207,12,9.46,28172.2,31213.1,
20241207,12,9.48,28172.2,31212.9,
20241207,12,9.50,28172.2,31210.9,
20241207,12,9.53,28176.2,31190.9,
20241207,12,9.58,28176.2,31190.9,
20241207,12,9.59,28183.5,31160.9,
20241207,12,9.60,28183.5,31160.9,
20241207,12,9.61,28186.8,31160.7,
20241207,12,9.68,28192.8,31160.7,
20241207,12,9.72,28218.8,31160.7,
20241207,12,9.73,28218.8,31160.7,
20241207,12,9.80,28218.8,31115.7,
20241207,12,9.84,28218.8,31115.6,
20241207,12,9.85,28228.2,31112.7,
20241207,12,9.92,28228.2,31112.7,
20241207,12,9.99,28228.2,31097.7,
20241207,12,10.00,28237.4,31067.7,
20241207,12,10.01,28240.0,31038.2,
20241207,12,10.14,28240.0,31034.6,
20241207,12,10.15,28240.0,30978.6,
20241207,12,10.18,28240.0,30878.6,
20241207,12,10.25,28240.0,30848.6,
20241207,12,10.30,28288.5,30274.6,
20241207,12,10.43,28292.5,30274.6,
20241207,12,10.44,28292.5,30274.6,
20241207,12,10.50,28292.5,30126.6,
20241207,12,10.51,28295.8,30061.5,
20241207,12,10.60,28295.8,30061.5,
20241207,12,10.67,28295.8,30046.5,
20241207,12,10.68,28295.8,29991.5,
20241207,12,10.76,28295.8,29988.6,
20241207,12,10.78,28295.8,29985.1,
20241207,12,10.79,28295.8,29955.1,
20241207,12,10.80,28295.8,29807.1,
20241207,12,10.93,28295.8,29660.1,
20241207,12,11.00,28334.4,29558.1,
20241207,12,11.01,28337.5,29531.5,
20241207,12,11.04,28337.5,29491.0,
20241207,12,11.08,28337.5,29344.0,
20241207,12,11.17,28337.5,29240.0,
20241207,12,11.20,28337.5,29140.0,
20241207,12,11.26,28337.5,29139.3,
20241207,12,11.32,29727.5,28942.7,
20241207,12,11.33,29731.5,28941.6,
20241207,12,11.34,29731.5,28941.6,
20241207,12,11.35,29731.5,28476.4,
20241207,12,11.38,29732.3,28376.4,
20241207,12,11.40,29732.3,28346.4,
20241207,12,11.41,29732.3,28346.2,
20241207,12,11.50,29778.8,28345.7,
20241207,12,11.51,29779.1,28085.6,
20241207,12,11.54,29779.1,28085.6,
20241207,12,11.57,29831.1,27962.6,
20241207,12,11.60,29831.6,27962.6,
20241207,12,11.61,29832.5,27961.3,
20241207,12,11.65,29847.5,27961.3,
20241207,12,11.70,29849.2,27838.1,
20241207,12,11.73,29849.2,27837.8,
20241207,12,11.74,29849.2,27824.3,
20241207,12,11.84,29879.2,27812.2,
20241207,12,11.87,29879.2,27812.2,
20241207,12,11.90,29879.4,27688.2,
20241207,12,11.98,29886.6,27688.2,
20241207,12,11.99,29886.6,27687.6,
20241207,12,12.00,29981.4,27564.6,
20241207,12,12.01,29983.8,27458.0,
20241207,12,12.03,30083.8,27458.0,
20241207,12,12.04,30085.2,27458.0,
20241207,12,12.05,30085.2,27458.0,
20241207,12,12.06,30086.7,27433.0,
20241207,12,12.07,30312.7,27433.0,
20241207,12,12.09,30314.2,27433.0,
20241207,12,12.12,30315.5,27433.0,
20241207,12,12.13,30315.5,27432.6,
20241207,12,12.16,30315.5,27413.2,
20241207,12,12.17,30315.5,27411.1,
20241207,12,12.20,30315.7,27410.7,
20241207,12,12.21,30315.7,27410.7,
20241207,12,12.23,30319.7,27410.1,
20241207,12,12.24,30319.7,27410.1,
20241207,12,12.26,30319.7,27380.1,
20241207,12,12.27,30319.7,27379.2,
20241207,12,12.28,30319.7,27374.7,
20241207,12,12.31,30329.1,27374.6,
20241207,12,12.37,30329.1,27370.4,
20241207,12,12.38,30330.3,27366.6,
20241207,12,12.40,30330.3,27366.6,
20241207,12,12.46,30330.3,27366.2,
20241207,12,12.47,30350.4,27352.5,
20241207,12,12.48,30380.4,27352.5,
20241207,12,12.50,30380.4,27352.5,
20241207,12,12.55,30380.4,27352.0,
20241207,12,12.56,30380.4,27351.4,
20241207,12,12.57,30380.4,27343.7,
20241207,12,12.59,30380.4,27283.7,
20241207,12,12.67,30380.4,26790.7,
20241207,12,12.72,30410.4,26715.7,
20241207,12,12.74,30410.4,26715.7,
20241207,12,12.76,30410.4,26690.7,
20241207,12,12.80,30410.4,26690.5,
20241207,12,12.84,30410.4,26690.4,
20241207,12,12.93,30413.4,26688.7,
20241207,12,12.98,30442.3,26688.7,
20241207,12,12.99,30442.3,26688.7,
20241207,12,13.00,30490.9,26481.7,
20241207,12,13.01,30492.9,26473.3,
20241207,12,13.09,30522.9,26464.1,
20241207,12,13.13,30592.9,26464.1,
20241207,12,13.17,30592.9,26299.1,
20241207,12,13.21,30592.9,26240.1,
20241207,12,13.30,30612.9,26219.4,
20241207,12,13.31,30618.9,26219.4,
20241207,12,13.32,30618.9,26219.4,
20241207,12,13.34,30618.9,26169.2,
20241207,12,13.50,30643.9,26089.2,
20241207,12,13.52,30643.9,26059.2,
20241207,12,13.72,30663.9,26004.0,
20241207,12,13.77,30663.9,26004.0,
20241207,12,13.78,30692.9,26003.0,
20241207,12,13.88,30692.9,26003.0,
20241207,12,13.92,30692.9,26002.8,
20241207,12,14.00,30767.9,25802.8,
20241207,12,14.01,30782.6,25797.9,
20241207,12,14.03,30782.6,25793.3,
20241207,12,14.06,30782.6,25792.9,
20241207,12,14.08,30782.6,25592.9,
20241207,12,14.11,30782.6,25592.1,
20241207,12,14.26,30852.6,25590.5,
20241207,12,14.27,30852.6,25590.5,
20241207,12,14.29,30852.6,25390.5,
20241207,12,14.30,30852.6,25371.0,
20241207,12,14.34,30872.6,25071.0,
20241207,12,14.35,30872.6,25071.0,
20241207,12,14.37,30902.6,24871.0,
20241207,12,14.39,30902.6,24871.0,
20241207,12,14.40,30942.6,24671.0,
20241207,12,14.42,30942.6,24671.0,
20241207,12,14.43,30942.6,24471.0,
20241207,12,14.44,30942.6,24463.4,
20241207,12,14.49,30942.6,24462.5,
20241207,12,14.50,30942.6,24262.5,
20241207,12,14.63,30999.6,24261.5,
20241207,12,14.66,31057.6,24261.5,
20241207,12,14.70,31057.6,24261.5,
20241207,12,14.72,31115.6,24061.5,
20241207,12,14.78,31115.6,24061.5,
20241207,12,14.85,31198.6,24045.5,
20241207,12,14.88,31271.6,24045.5,
20241207,12,14.90,31284.6,24045.5,
20241207,12,14.93,31367.6,24045.5,
20241207,12,14.94,31367.6,24041.5,
20241207,12,14.98,31455.3,23841.5,
20241207,12,14.99,31455.3,23841.5,
20241207,12,15.00,31470.3,23835.0,
20241207,12,15.01,31472.3,23777.8,
20241207,12,15.03,31549.3,23777.4,
20241207,12,15.12,31549.3,23777.4,
20241207,12,15.16,31579.3,23770.8,
20241207,12,15.17,31580.9,23770.8,
20241207,12,15.39,31970.9,23770.8,
20241207,12,15.50,32047.9,23770.8,
20241207,12,15.54,32328.9,23770.8,
20241207,12,15.70,32328.9,23770.8,
20241207,12,15.82,32363.9,23770.7,
20241207,12,15.83,32397.9,23770.7,
20241207,12,15.88,32397.9,23767.6,
20241207,12,15.90,32397.9,23758.1,
20241207,12,15.93,32500.9,23757.9,
20241207,12,16.00,32500.9,23757.9,
20241207,12,16.06,32600.9,23641.8,
20241207,12,16.24,32742.9,23641.8,
20241207,12,16.40,32742.9,23641.8,
20241207,12,16.49,32792.9,23641.7,
20241207,12,16.50,32862.9,23641.7,
20241207,12,16.57,32897.9,23641.7,
20241207,12,16.59,32897.9,23641.7,
20241207,12,16.64,32947.9,23640.0,
20241207,12,16.70,32947.9,23640.0,
20241207,12,16.73,32947.9,23631.0,
20241207,12,16.76,32973.0,23628.6,
20241207,12,16.93,32973.0,23628.6,
20241207,12,17.00,32998.0,23573.9,
20241207,12,17.01,33051.5,23573.7,
20241207,12,17.07,33051.6,23568.0,
20241207,12,17.11,33051.6,23568.0,
20241207,12,17.12,33051.6,23565.3,
20241207,12,17.13,33051.6,23565.2,
20241207,12,17.17,33151.6,23565.0,
20241207,12,17.20,33151.6,23565.0,
20241207,12,17.32,33176.6,23564.4,
20241207,12,17.34,33461.6,23564.4,
20241207,12,17.43,33461.6,23564.4,
20241207,12,17.50,33461.6,23564.2,
20241207,12,17.54,33461.6,23542.2,
20241207,12,17.55,33482.5,23534.5,
20241207,12,17.58,33482.5,23534.5,
20241207,12,17.59,33495.8,23531.7,
20241207,12,17.63,33495.8,23531.7,
20241207,12,17.73,33495.8,23529.9,
20241207,12,17.75,33616.8,23507.9,
20241207,12,18.00,33616.8,23507.9,
20241207,12,18.01,33617.1,23480.3,
20241207,12,18.08,33642.1,23480.3,
20241207,12,18.13,33742.1,23480.3,
20241207,12,18.35,33763.0,23480.3,
20241207,12,18.43,33837.0,23480.3,
20241207,12,18.48,33837.2,23480.3,
20241207,12,18.50,33837.2,23480.3,
20241207,12,18.53,33837.2,23479.6,
20241207,12,18.55,33837.2,23478.6,
20241207,12,18.66,33837.2,23477.8,
20241207,12,18.78,33837.2,23476.2,
20241207,12,18.79,33844.7,23471.5,
20241207,12,18.84,33844.7,23471.5,
20241207,12,19.00,33874.7,23429.2,
20241207,12,19.11,33874.7,23424.1,
20241207,12,19.15,33891.4,23342.1,
20241207,12,19.16,33891.4,23342.1,
20241207,12,19.42,34131.4,23331.1,
20241207,12,19.43,34131.4,23331.1,
20241207,12,19.59,34272.4,23330.1,
20241207,12,19.63,34414.4,23330.1,
20241207,12,19.70,34555.4,23330.1,
20241207,12,19.73,34697.4,23330.1,
20241207,12,19.77,34838.4,23330.1,
20241207,12,19.83,34980.4,23330.1,
20241207,12,20.00,34980.4,23330.1,
20241207,12,20.07,35004.4,23311.8,
20241207,12,20.12,35004.4,23311.8,
20241207,12,20.14,35004.4,23306.4,
20241207,12,20.33,35004.4,23305.6,
20241207,12,20.49,35004.4,23304.6,
20241207,12,20.66,35004.4,23152.5,
20241207,12,21.02,35004.4,23144.9,
20241207,12,21.10,35015.2,22344.9,
20241207,12,21.18,35015.2,22344.9,
20241207,12,21.23,35015.2,22299.5,
20241207,12,22.11,35015.2,22298.5,
20241207,12,22.12,35015.2,22281.8,
20241207,12,22.13,35015.2,22281.3,
20241207,12,22.16,35015.2,22277.7,
20241207,12,22.23,35015.2,22276.8,
20241207,12,22.37,35015.2,22266.2,
20241207,12,22.58,35022.9,22266.1,
20241207,12,22.73,35022.9,22266.1,
20241207,12,23.00,35022.9,22258.4,
20241207,12,23.03,35022.9,22257.6,
20241207,12,23.17,35022.9,22256.6,
20241207,12,23.20,35038.3,22253.0,
20241207,12,23.60,35038.3,22253.0,
20241207,12,23.66,35038.3,22245.4,
20241207,12,23.77,35038.3,22230.3,
20241207,12,23.93,35038.3,22193.5,
20241207,12,23.97,35179.3,22190.6,
20241207,12,24.00,35179.3,22190.6,
20241207,12,24.04,35179.3,22145.9,
20241207,12,25.00,35179.3,22142.7,
20241207,12,27.00,35179.3,22135.9,
20241207,12,27.17,35321.3,22044.4,
20241207,12,27.50,35321.3,22044.4,
20241207,12,28.87,35330.9,22041.5,
20241207,12,28.88,35330.9,22041.5,
20241207,12,29.00,35330.9,22039.5,
20241207,12,29.37,35330.9,22038.1,
20241207,12,29.90,35330.9,22038.0,
20241207,12,30.00,35330.9,22036.6,
20241207,12,30.09,35330.9,21990.9,
20241207,12,30.40,35471.9,21858.2,
20241207,12,31.36,35471.9,21858.2,
20241207,12,31.50,35471.9,21669.2,
20241207,12,31.79,35471.9,21669.0,
20241207,12,33.62,35552.2,21666.5,
20241207,12,34.94,35552.2,21666.5,
20241207,12,35.00,35552.2,21651.6,
20241207,12,36.00,35552.2,21614.6,
20241207,12,36.37,35552.2,21564.6,
20241207,12,36.79,35552.2,21564.3,
20241207,12,37.50,35552.2,21553.2,
20241207,12,39.69,35967.2,21517.9,
20241207,12,40.00,35967.2,21517.9,
20241207,12,40.01,35967.2,21455.1,
20241207,12,41.36,35967.2,21362.5,
20241207,12,44.03,35967.2,21360.3,
20241207,12,45.00,35967.2,21358.7,
20241207,12,45.01,35967.2,20661.2,
20241207,12,46.00,35967.2,20563.5,
20241207,12,48.32,35967.2,20521.1,
20241207,12,50.00,35968.9,20495.3,
20241207,12,50.01,35968.9,20167.8,
20241207,12,50.90,35968.9,20165.6,
20241207,12,55.00,35968.9,20165.5,
20241207,12,60.00,35968.9,20101.1,
20241207,12,61.99,35968.9,20008.1,
20241207,12,62.96,35968.9,19979.1,
20241207,12,70.00,35968.9,19964.2,
20241207,12,77.80,35968.9,19964.1,
20241207,12,79.90,35968.9,19865.0,
20241207,12,80.00,35968.9,19864.1,
20241207,12,80.01,35968.9,18999.5,
20241207,12,80.02,35968.9,18917.7,
20241207,12,80.10,35968.9,18841.7,
20241207,12,80.21,36118.8,18841.6,
20241207,12,81.00,36118.8,18841.6,
20241207,12,82.01,36118.8,18840.4,
20241207,12,85.00,36118.8,18719.2,
20241207,12,90.00,36118.8,18716.1,
20241207,12,96.02,36118.8,18710.9,
20241207,12,99.00,36118.8,18709.3,
20241207,12,99.90,36118.8,18709.1,
20241207,12,100.00,36306.6,18699.2,
20241207,12,100.01,36336.5,18348.8,
20241207,12,101.00,36336.5,18348.8,
20241207,12,108.94,36336.5,18184.3,
20241207,12,120.10,36336.5,18182.6,
20241207,12,121.86,36336.5,18152.9,
20241207,12,134.78,36336.5,18151.3,
20241207,12,138.00,36336.5,18149.6,
20241207,12,150.00,36336.5,18012.4,
20241207,12,151.00,36336.5,17908.4,
20241207,12,190.00,36336.5,17874.2,
20241207,12,200.00,36336.5,17873.7,
20241207,12,200.01,36336.5,15658.7,
20241207,12,200.10,36336.5,13464.2,
20241207,12,200.50,36336.5,13383.2,
20241207,12,200.98,36336.5,13383.0,
20241207,12,200.99,36336.5,13382.9,
20241207,12,201.00,36336.5,13382.8,
20241207,12,210.00,36336.5,13342.7,
20241207,12,250.00,36336.5,11743.6,
20241207,12,299.99,36337.0,11598.8,
20241207,12,300.00,36337.0,11598.8,
20241207,12,500.00,36337.0,11494.7,
20241207,12,550.02,36337.0,11484.7,
20241207,12,900.00,36337.0,11232.1,
20241207,12,999.00,36337.0,11229.1,
20241207,12,999.99,36337.0,0.0,
20241207,13,0.00,0.0,35425.8,
20241207,13,0.00,9825.6,35425.8,
20241207,13,0.01,26636.6,35425.8,
20241207,13,0.02,26819.0,35418.2,
20241207,13,0.03,26821.3,35407.1,
20241207,13,0.04,26840.8,35404.6,
20241207,13,0.10,26878.1,35404.6,
20241207,13,0.61,27181.9,35344.4,
20241207,13,1.00,27631.7,35344.4,
20241207,13,1.01,27638.5,35252.6,
20241207,13,1.66,27642.5,35245.2,
20241207,13,2.00,27722.0,35245.2,
20241207,13,2.01,27722.0,35229.2,
20241207,13,2.52,27729.2,34629.2,
20241207,13,2.71,27733.2,34629.2,
20241207,13,3.00,27760.9,34629.2,
20241207,13,3.01,27761.2,33959.3,
20241207,13,3.76,27765.2,33759.3,
20241207,13,3.78,27765.8,33759.3,
20241207,13,4.00,27794.0,33759.3,
20241207,13,4.27,27852.4,33758.3,
20241207,13,4.72,27852.9,33758.3,
20241207,13,4.81,27856.9,33758.3,
20241207,13,5.00,28036.5,33758.3,
20241207,13,5.01,28037.0,33594.7,
20241207,13,5.03,28044.2,33066.5,
20241207,13,5.19,28044.3,33066.5,
20241207,13,5.29,28045.0,33066.5,
20241207,13,5.66,28045.1,33066.5,
20241207,13,5.86,28049.1,33066.5,
20241207,13,5.90,28049.1,33066.5,
20241207,13,6.00,28126.9,33050.2,
20241207,13,6.01,28138.3,33038.5,
20241207,13,6.10,28146.6,33038.5,
20241207,13,6.14,28146.7,33038.5,
20241207,13,6.19,28146.7,33038.5,
20241207,13,6.26,28146.7,32838.5,
20241207,13,6.50,28148.8,32832.5,
20241207,13,6.60,28149.4,32832.5,
20241207,13,6.61,28150.5,32832.5,
20241207,13,6.91,28154.5,32832.5,
20241207,13,7.00,28161.5,32832.5,
20241207,13,7.08,28161.6,32831.7,
20241207,13,7.50,28201.6,32831.7,
20241207,13,7.51,28201.6,32831.7,
20241207,13,7.53,28208.8,32531.7,
20241207,13,7.66,28209.8,32531.7,
20241207,13,7.80,28209.8,32531.7,
20241207,13,7.90,28209.8,32460.2,
20241207,13,7.94,28212.1,32460.1,
20241207,13,7.96,28216.1,32460.1,
20241207,13,8.00,28229.4,32460.1,
20241207,13,8.01,28230.9,32321.6,
20241207,13,8.04,28230.9,32321.6,
20241207,13,8.22,28230.9,32221.6,
20241207,13,8.28,28231.0,32221.4,
20241207,13,8.40,28231.0,32221.4,
20241207,13,8.50,28231.0,32220.9,
20241207,13,8.71,28232.1,32220.7,
20241207,13,8.85,28232.1,32220.7,
20241207,13,8.89,28232.1,32063.7,
20241207,13,8.91,28232.5,32004.7,
20241207,13,8.94,28232.5,32004.7,
20241207,13,8.97,28232.5,31974.7,
20241207,13,9.00,28232.5,31944.7,
20241207,13,9.01,28240.8,31883.5,
20241207,13,9.05,28240.8,31875.9,
20241207,13,9.08,28240.8,31845.9,
20241207,13,9.11,28240.8,31815.9,
20241207,13,9.16,28240.8,31755.9,
20241207,13,9.19,28240.8,31725.9,
20241207,13,9.22,28240.8,31695.9,
20241207,13,9.46,28240.8,31665.9,
20241207,13,9.48,28243.8,31635.9,
20241207,13,9.49,28249.8,31635.9,
20241207,13,9.50,28249.8,31635.9,
20241207,13,9.55,28250.2,31615.8,
20241207,13,9.56,28298.2,31615.8,
20241207,13,9.60,28298.7,31615.8,
20241207,13,9.73,28298.7,31615.6,
20241207,13,9.76,28301.9,31570.6,
20241207,13,9.80,28301.9,31570.6,
20241207,13,9.87,28301.9,31570.5,
20241207,13,9.89,28301.9,31568.4,
20241207,13,9.96,28301.9,31565.3,
20241207,13,9.99,28301.9,31550.3,
20241207,13,10.00,28311.2,31520.3,
20241207,13,10.01,28314.0,31470.9,
20241207,13,10.04,28321.3,31467.2,
20241207,13,10.05,28341.3,31467.2,
20241207,13,10.06,28345.3,31437.2,
20241207,13,10.11,28354.7,31437.2,
20241207,13,10.14,28354.7,31437.2,
20241207,13,10.15,28354.7,31381.2,
20241207,13,10.25,28354.7,31281.2,
20241207,13,10.28,28354.7,30707.2,
20241207,13,10.30,28424.4,30652.2,
20241207,13,10.44,28424.4,30652.2,
20241207,13,10.50,28424.4,30505.2,
20241207,13,10.55,28424.4,30475.1,
20241207,13,10.58,28426.7,30460.1,
20241207,13,10.61,28427.0,30460.1,
20241207,13,10.64,28427.0,30456.2,
20241207,13,10.67,28427.0,30426.2,
20241207,13,10.68,28427.0,30371.2,
20241207,13,10.79,28427.0,30368.3,
20241207,13,10.80,28427.0,30220.3,
20241207,13,10.93,28427.0,30073.3,
20241207,13,11.00,28456.1,29971.3,
20241207,13,11.01,28459.4,29944.5,
20241207,13,11.04,28459.4,29944.0,
20241207,13,11.08,28459.4,29797.0,
20241207,13,11.11,28463.4,29693.0,
20241207,13,11.22,28463.4,29693.0,
20241207,13,11.23,28463.4,29593.0,
20241207,13,11.26,28463.4,29563.0,
20241207,13,11.28,28463.4,29466.1,
20241207,13,11.30,28463.4,29452.5,
20241207,13,11.32,29753.4,29352.1,
20241207,13,11.34,29753.4,29352.1,
20241207,13,11.39,29753.4,28886.9,
20241207,13,11.40,29753.4,28786.9,
20241207,13,11.50,29773.3,28786.6,
20241207,13,11.52,29789.9,28546.1,
20241207,13,11.54,29789.9,28546.1,
20241207,13,11.57,29841.9,28423.1,
20241207,13,11.65,29841.9,28423.1,
20241207,13,11.67,29841.9,28300.1,
20241207,13,11.70,29843.6,28284.9,
20241207,13,11.79,29844.4,28284.9,
20241207,13,11.84,29874.4,28284.9,
20241207,13,11.86,29880.4,28284.9,
20241207,13,11.87,29880.4,28284.4,
20241207,13,11.99,29880.4,28161.1,
20241207,13,12.00,29988.2,28038.1,
20241207,13,12.01,29988.7,27940.6,
20241207,13,12.03,30088.7,27940.6,
20241207,13,12.06,30088.9,27940.6,
20241207,13,12.07,30315.9,27940.6,
20241207,13,12.10,30315.9,27940.6,
20241207,13,12.13,30315.9,27939.8,
20241207,13,12.16,30319.9,27920.4,
20241207,13,12.20,30319.9,27920.4,
20241207,13,12.28,30319.9,27919.2,
20241207,13,12.30,30319.9,27919.1,
20241207,13,12.38,30321.1,27889.1,
20241207,13,12.40,30321.1,27888.9,
20241207,13,12.50,30321.1,27828.6,
20241207,13,12.55,30328.3,27804.9,
20241207,13,12.59,30329.7,27804.9,
20241207,13,12.62,30331.1,27804.9,
20241207,13,12.63,30351.2,27795.0,
20241207,13,12.64,30390.6,27795.0,
20241207,13,12.66,30392.1,27795.0,
20241207,13,12.67,30392.1,27795.0,
20241207,13,12.69,30393.6,27695.0,
20241207,13,12.70,30393.7,27695.0,
20241207,13,12.73,30395.0,27695.0,
20241207,13,12.74,30395.0,27694.0,
20241207,13,12.75,30395.0,27666.2,
20241207,13,12.78,30425.0,27367.2,
20241207,13,12.80,30425.0,27367.2,
20241207,13,12.82,30453.9,27367.1,
20241207,13,12.85,30453.9,27367.1,
20241207,13,12.90,30453.9,27252.1,
20241207,13,12.91,30453.9,27251.9,
20241207,13,12.93,30453.9,27247.5,
20241207,13,12.99,30453.9,27245.4,
20241207,13,13.00,30502.4,27186.4,
20241207,13,13.01,30503.6,27165.4,
20241207,13,13.06,30503.6,27158.7,
20241207,13,13.07,30503.6,27158.0,
20241207,13,13.13,30593.6,26879.0,
20241207,13,13.21,30593.6,26879.0,
20241207,13,13.22,30595.9,26829.0,
20241207,13,13.27,30628.9,26829.0,
20241207,13,13.28,30628.9,26779.0,
20241207,13,13.32,30629.8,26778.6,
20241207,13,13.34,30629.8,26778.6,
20241207,13,13.36,30649.8,26748.6,
20241207,13,13.40,30649.8,26748.6,
20241207,13,13.41,30649.8,26748.0,
20241207,13,13.42,30652.7,26747.8,
20241207,13,13.50,30677.7,26747.8,
20241207,13,13.51,30680.5,26717.8,
20241207,13,13.55,30680.5,26717.8,
20241207,13,13.58,30680.5,26716.9,
20241207,13,13.59,30709.5,26715.9,
20241207,13,13.61,30712.4,26715.9,
20241207,13,13.70,30712.5,26715.9,
20241207,13,13.71,30715.3,26715.9,
20241207,13,13.73,30715.3,26712.1,
20241207,13,13.88,30715.3,26647.6,
20241207,13,13.90,30735.3,26643.8,
20241207,13,13.92,30735.3,26643.8,
20241207,13,13.96,30735.3,26643.6,
20241207,13,13.99,30735.3,26640.6,
20241207,13,14.00,30790.3,26440.6,
20241207,13,14.01,30795.4,26436.4,
20241207,13,14.05,30795.4,26435.5,
20241207,13,14.07,30815.4,26431.7,
20241207,13,14.09,30815.4,26431.7,
20241207,13,14.19,30845.4,26409.7,
20241207,13,14.20,30845.4,26409.7,
20241207,13,14.22,30845.4,26209.7,
20241207,13,14.26,30905.4,26202.0,
20241207,13,14.29,30905.4,26201.6,
20241207,13,14.30,30905.4,25991.7,
20241207,13,14.33,30905.4,25891.7,
20241207,13,14.38,30905.4,25691.7,
20241207,13,14.40,30965.4,25491.7,
20241207,13,14.42,30965.4,25491.7,
20241207,13,14.43,30965.4,25291.7,
20241207,13,14.45,30965.4,25290.7,
20241207,13,14.50,30965.4,25090.7,
20241207,13,14.53,30985.4,25089.7,
20241207,13,14.60,30985.4,25089.7,
20241207,13,14.63,31059.4,25089.6,
20241207,13,14.66,31133.4,25089.6,
20241207,13,14.69,31133.4,25089.6,
20241207,13,14.72,31206.4,24889.6,
20241207,13,14.79,31206.4,24889.6,
20241207,13,14.82,31220.8,24872.0,
20241207,13,14.85,31320.8,24672.0,
20241207,13,14.88,31408.8,24672.0,
20241207,13,14.90,31421.8,24672.0,
20241207,13,14.93,31521.8,24672.0,
20241207,13,14.98,31609.8,24672.0,
20241207,13,15.00,31624.8,24672.0,
20241207,13,15.01,31625.9,24613.9,
20241207,13,15.03,31716.9,24612.1,
20241207,13,15.11,31716.9,24612.1,
20241207,13,15.12,31716.9,24412.1,
20241207,13,15.21,31716.9,24403.8,
20241207,13,15.26,31716.9,24402.9,
20241207,13,15.30,31716.9,24399.5,
20241207,13,15.31,31716.9,24398.7,
20241207,13,15.39,31886.9,24394.7,
20241207,13,15.46,31888.5,24394.7,
20241207,13,15.50,31965.5,24394.7,
20241207,13,15.62,32159.5,24394.7,
20241207,13,15.70,32159.5,24394.7,
20241207,13,15.88,32159.5,24394.6,
20241207,13,15.90,32159.5,24384.3,
20241207,13,15.93,32262.5,24384.1,
20241207,13,15.98,32262.5,24384.1,
20241207,13,16.00,32262.5,24376.5,
20241207,13,16.01,32272.7,24277.2,
20241207,13,16.06,32372.7,24273.2,
20241207,13,16.12,32397.7,24272.6,
20241207,13,16.13,32422.7,24272.6,
20241207,13,16.18,32452.7,24272.6,
20241207,13,16.20,32453.2,24272.6,
20241207,13,16.30,32503.2,24272.6,
20241207,13,16.32,32603.2,24272.6,
20241207,13,16.36,32603.2,24272.6,
20241207,13,16.40,32603.2,24269.4,
20241207,13,16.50,32723.2,24269.3,
20241207,13,16.59,32723.2,24269.3,
20241207,13,16.64,32754.2,24267.7,
20241207,13,16.70,32754.2,24267.7,
20241207,13,16.89,32789.2,24258.7,
20241207,13,16.91,32789.2,24258.7,
20241207,13,17.00,32814.2,24209.1,
20241207,13,17.01,32818.1,24201.7,
20241207,13,17.07,32818.1,24197.3,
20241207,13,17.12,33077.1,24135.8,
20241207,13,17.16,33094.1,24135.8,
20241207,13,17.17,33194.1,24135.8,
20241207,13,17.20,33194.1,24135.8,
20241207,13,17.29,33194.1,24135.1,
20241207,13,17.30,33194.1,24135.0,
20241207,13,17.41,33194.1,24134.8,
20241207,13,17.43,33194.1,24132.2,
20241207,13,17.50,33194.1,24132.0,
20241207,13,17.56,33324.1,24108.8,
20241207,13,17.59,33340.4,24108.8,
20241207,13,17.60,33340.4,24108.8,
20241207,13,17.69,33375.4,24108.7,
20241207,13,17.73,33375.4,24108.7,
20241207,13,17.76,33541.4,24086.7,
20241207,13,18.00,33541.4,24086.7,
20241207,13,18.13,33641.4,24046.2,
20241207,13,18.21,33641.4,24046.2,
20241207,13,18.26,33679.1,24045.3,
20241207,13,18.43,33831.0,24045.3,
20241207,13,18.46,33831.0,24045.3,
20241207,13,18.50,33856.0,24043.3,
20241207,13,18.73,33856.0,24043.3,
20241207,13,18.78,33856.0,23988.3,
20241207,13,18.79,33865.1,23985.1,
20241207,13,18.92,33865.1,23985.1,
20241207,13,19.00,33895.1,23977.4,
20241207,13,19.03,33895.1,23977.4,
20241207,13,19.13,33926.5,23958.8,
20241207,13,19.22,33926.5,23958.8,
20241207,13,19.30,33951.5,23957.2,
20241207,13,19.39,33951.5,23957.2,
20241207,13,19.42,34191.5,23875.2,
20241207,13,19.50,34191.5,23875.2,
20241207,13,19.51,34191.5,23874.5,
20241207,13,19.59,34333.5,23873.5,
20241207,13,19.63,34474.5,23873.5,
20241207,13,19.70,34616.5,23873.5,
20241207,13,19.73,34857.5,23873.5,
20241207,13,19.74,34957.5,23873.5,
20241207,13,19.75,34972.5,23873.5,
20241207,13,19.77,35114.5,23873.5,
20241207,13,20.00,35145.9,23873.5,
20241207,13,20.01,35149.5,23848.6,
20241207,13,20.12,35149.5,23844.3,
20241207,13,20.31,35149.7,23837.6,
20241207,13,20.56,35149.7,23837.6,
20241207,13,20.75,35290.7,23836.6,
20241207,13,20.87,35315.8,23836.6,
20241207,13,20.94,35315.8,23836.6,
20241207,13,21.02,35315.8,23650.1,
20241207,13,21.10,35321.9,22850.1,
20241207,13,21.12,35321.9,22850.1,
20241207,13,21.61,35321.9,22849.3,
20241207,13,21.73,35321.9,22848.3,
20241207,13,21.86,35321.9,22844.7,
20241207,13,21.91,35321.9,22837.1,
20241207,13,22.29,35321.9,22820.3,
20241207,13,22.30,35321.9,22819.9,
20241207,13,22.66,35321.9,22817.2,
20241207,13,23.05,35321.9,22816.2,
20241207,13,23.71,35321.9,22815.3,
20241207,13,23.82,35321.9,22814.3,
20241207,13,23.86,35321.9,22806.6,
20241207,13,23.97,35463.9,22805.8,
20241207,13,24.00,35463.9,22805.8,
20241207,13,24.02,35463.9,22745.0,
20241207,13,24.04,35463.9,22739.6,
20241207,13,24.22,35463.9,22736.7,
20241207,13,24.64,35463.9,22721.5,
20241207,13,24.76,35463.9,22713.9,
20241207,13,24.80,35463.9,22712.9,
20241207,13,25.00,35463.9,22668.3,
20241207,13,25.02,35463.9,22661.3,
20241207,13,25.81,35463.9,22661.2,
20241207,13,27.00,35463.9,22656.9,
20241207,13,27.17,35604.9,22567.5,
20241207,13,27.50,35604.9,22567.5,
20241207,13,28.86,35604.9,22565.2,
20241207,13,28.87,35614.5,22563.1,
20241207,13,29.90,35614.5,22563.1,
20241207,13,30.00,35614.5,22561.3,
20241207,13,31.00,35614.5,22509.0,
20241207,13,31.36,35614.5,22477.8,
20241207,13,31.79,35614.5,22118.3,
20241207,13,32.00,35614.5,22115.6,
20241207,13,32.02,35756.5,22115.3,
20241207,13,33.62,35826.9,22115.2,
20241207,13,34.94,35826.9,22115.2,
20241207,13,35.00,35826.9,22099.5,
20241207,13,35.82,35826.9,22090.4,
20241207,13,36.00,35826.9,22025.0,
20241207,13,36.79,35826.9,21975.0,
20241207,13,37.50,35826.9,21963.9,
20241207,13,39.02,35826.9,21927.5,
20241207,13,39.69,36259.9,21927.1,
20241207,13,40.00,36259.9,21927.1,
20241207,13,40.01,36259.9,21860.0,
20241207,13,41.36,36259.9,21759.0,
20241207,13,42.59,36259.9,21755.4,
20241207,13,44.78,36259.9,21682.0,
20241207,13,45.00,36259.9,21680.4,
20241207,13,45.01,36259.9,20971.7,
20241207,13,46.00,36259.9,20901.2,
20241207,13,48.32,36259.9,20853.3,
20241207,13,50.00,36261.3,20827.7,
20241207,13,50.01,36261.3,20482.4,
20241207,13,50.90,36261.3,20479.4,
20241207,13,55.00,36261.3,20479.2,
20241207,13,60.00,36261.3,20412.9,
20241207,13,62.27,36261.3,20312.9,
20241207,13,63.40,36261.3,20281.7,
20241207,13,70.00,36261.3,20265.2,
20241207,13,72.00,36261.3,20265.1,
20241207,13,77.80,36261.3,20265.0,
20241207,13,79.90,36261.3,20150.9,
20241207,13,80.00,36261.3,20149.8,
20241207,13,80.01,36261.3,19250.3,
20241207,13,80.10,36261.3,19162.1,
20241207,13,80.21,36411.2,19162.0,
20241207,13,81.00,36411.2,19162.0,
20241207,13,82.01,36411.2,19160.8,
20241207,13,85.00,36411.2,19030.5,
20241207,13,90.00,36411.2,19026.5,
20241207,13,96.52,36411.2,19020.7,
20241207,13,99.00,36411.2,19019.1,
20241207,13,99.90,36411.2,19018.9,
20241207,13,100.00,36599.0,19009.5,
20241207,13,100.01,36628.8,18691.6,
20241207,13,101.00,36628.8,18691.6,
20241207,13,109.44,36628.8,18527.1,
20241207,13,120.10,36628.8,18525.4,
20241207,13,122.36,36628.8,18494.0,
20241207,13,135.28,36628.8,18492.4,
20241207,13,138.00,36628.8,18490.7,
20241207,13,150.00,36628.8,18367.8,
20241207,13,151.00,36628.8,18266.6,
20241207,13,190.00,36628.8,18231.3,
20241207,13,200.00,36628.8,18230.8,
20241207,13,200.01,36628.8,15791.7,
20241207,13,200.10,36628.8,13512.7,
20241207,13,200.50,36628.8,13431.6,
20241207,13,200.98,36628.8,13394.9,
20241207,13,200.99,36628.8,13394.8,
20241207,13,201.00,36628.8,13394.7,
20241207,13,210.00,36628.8,13348.5,
20241207,13,250.00,36628.8,11742.1,
20241207,13,299.99,36629.2,11595.6,
20241207,13,300.00,36629.2,11595.6,
20241207,13,500.00,36629.2,11491.4,
20241207,13,550.02,36629.2,11481.4,
20241207,13,900.00,36629.2,11319.0,
20241207,13,999.00,36629.2,11316.0,
20241207,13,999.99,36629.2,0.0,
20241207,14,0.00,0.0,36231.5,
20241207,14,0.00,9783.1,36231.5,
20241207,14,0.01,26652.8,36231.5,
20241207,14,0.02,26823.2,36223.3,
20241207,14,0.03,26825.0,36212.2,
20241207,14,0.04,26842.8,36209.4,
20241207,14,0.10,26878.6,36209.4,
20241207,14,1.00,27299.4,36137.8,
20241207,14,1.01,27306.3,36044.8,
20241207,14,1.20,27580.1,36036.7,
20241207,14,2.00,27658.9,36036.7,
20241207,14,2.01,27658.9,36020.7,
20241207,14,2.40,27662.9,35420.7,
20241207,14,2.66,27670.1,35420.7,
20241207,14,3.00,27696.8,35420.7,
20241207,14,3.01,27696.9,34747.5,
20241207,14,3.60,27700.9,34547.5,
20241207,14,4.00,27720.3,34547.5,
20241207,14,4.27,27778.7,34546.5,
20241207,14,4.80,27782.7,34546.5,
20241207,14,5.00,27961.3,34546.5,
20241207,14,5.01,27961.8,34383.1,
20241207,14,5.31,27969.0,33850.6,
20241207,14,5.90,27969.0,33850.6,
20241207,14,6.00,28050.8,33834.4,
20241207,14,6.01,28062.3,33822.7,
20241207,14,6.02,28063.2,33822.7,
20241207,14,6.10,28068.0,33822.7,
20241207,14,6.19,28068.0,33822.7,
20241207,14,6.26,28068.0,33622.7,
20241207,14,6.50,28070.1,33616.7,
20241207,14,6.60,28070.7,33616.7,
20241207,14,7.00,28071.8,33616.7,
20241207,14,7.20,28075.8,33615.9,
20241207,14,7.22,28076.8,33615.9,
20241207,14,7.50,28116.8,33615.9,
20241207,14,7.51,28116.8,33615.9,
20241207,14,7.80,28116.8,33315.9,
20241207,14,7.96,28124.0,33244.4,
20241207,14,8.00,28136.1,33244.4,
20241207,14,8.01,28137.6,33106.0,
20241207,14,8.02,28137.6,33106.0,
20241207,14,8.04,28137.6,33105.9,
20241207,14,8.40,28141.6,33005.9,
20241207,14,8.42,28142.7,33005.4,
20241207,14,8.85,28142.7,33005.4,
20241207,14,8.89,28142.7,32848.4,
20241207,14,8.94,28142.7,32789.4,
20241207,14,8.97,28142.7,32759.4,
20241207,14,9.00,28142.7,32729.4,
20241207,14,9.01,28144.0,32668.2,
20241207,14,9.02,28144.0,32660.3,
20241207,14,9.05,28144.0,32660.1,
20241207,14,9.08,28144.0,32630.1,
20241207,14,9.11,28144.0,32600.1,
20241207,14,9.16,28144.0,32540.1,
20241207,14,9.19,28144.0,32510.1,
20241207,14,9.22,28144.0,32480.1,
20241207,14,9.40,28144.0,32450.1,
20241207,14,9.48,28147.0,32448.8,
20241207,14,9.50,28153.0,32448.8,
20241207,14,9.59,28239.0,32428.6,
20241207,14,9.60,28243.5,32428.6,
20241207,14,9.62,28246.5,32428.5,
20241207,14,9.72,28246.6,32428.5,
20241207,14,9.73,28246.6,32398.5,
20241207,14,9.80,28246.6,32353.5,
20241207,14,9.89,28246.6,32353.4,
20241207,14,9.90,28246.7,32350.1,
20241207,14,9.99,28246.7,32350.1,
20241207,14,10.00,28254.9,32305.1,
20241207,14,10.01,28257.9,32253.4,
20241207,14,10.05,28277.9,32249.6,
20241207,14,10.09,28278.0,32249.6,
20241207,14,10.11,28287.4,32249.6,
20241207,14,10.14,28287.4,32249.6,
20241207,14,10.15,28287.4,32193.6,
20241207,14,10.25,28287.4,32093.6,
20241207,14,10.26,28287.4,31519.6,
20241207,14,10.27,28287.5,31464.6,
20241207,14,10.30,28357.2,31464.6,
20241207,14,10.32,28357.2,31464.6,
20241207,14,10.40,28357.2,31434.6,
20241207,14,10.44,28357.2,31430.3,
20241207,14,10.50,28357.2,31283.3,
20241207,14,10.57,28357.2,31253.2,
20241207,14,10.59,28357.2,31238.2,
20241207,14,10.61,28364.5,31237.0,
20241207,14,10.67,28364.5,31237.0,
20241207,14,10.68,28364.5,31182.0,
20241207,14,10.79,28364.5,31179.1,
20241207,14,10.80,28368.5,31032.1,
20241207,14,10.93,28368.5,30885.1,
20241207,14,11.00,28387.1,30753.1,
20241207,14,11.01,28390.7,30725.0,
20241207,14,11.04,28390.7,30724.5,
20241207,14,11.08,28390.7,30577.5,
20241207,14,11.10,28390.7,30473.5,
20241207,14,11.11,28391.0,30473.2,
20241207,14,11.15,28391.3,30473.2,
20241207,14,11.16,28391.3,30473.2,
20241207,14,11.25,28391.3,30358.1,
20241207,14,11.26,28391.3,30258.1,
20241207,14,11.32,29871.3,30161.2,
20241207,14,11.34,29871.3,30161.2,
20241207,14,11.40,29871.3,29596.0,
20241207,14,11.42,29882.9,29595.6,
20241207,14,11.45,29901.3,29595.6,
20241207,14,11.50,29909.8,29595.6,
20241207,14,11.54,29909.8,29355.5,
20241207,14,11.57,29961.8,29202.5,
20241207,14,11.64,29961.8,29202.5,
20241207,14,11.65,29961.8,29185.8,
20241207,14,11.69,29962.6,29062.8,
20241207,14,11.70,29964.7,29062.8,
20241207,14,11.84,29994.7,29062.8,
20241207,14,11.87,29994.7,29062.8,
20241207,14,11.88,30000.7,28914.8,
20241207,14,11.99,30000.7,28914.8,
20241207,14,12.00,30114.5,28791.8,
20241207,14,12.02,30114.5,28694.1,
20241207,14,12.03,30214.5,28693.6,
20241207,14,12.07,30398.5,28693.6,
20241207,14,12.13,30398.5,28693.6,
20241207,14,12.28,30398.5,28674.2,
20241207,14,12.30,30398.5,28674.1,
20241207,14,12.33,30398.5,28672.7,
20241207,14,12.38,30399.7,28642.7,
20241207,14,12.40,30399.7,28642.7,
20241207,14,12.41,30399.7,28642.4,
20241207,14,12.45,30399.7,28642.2,
20241207,14,12.46,30419.8,28632.3,
20241207,14,12.47,30449.8,28632.3,
20241207,14,12.50,30449.8,28632.3,
20241207,14,12.61,30449.8,28588.2,
20241207,14,12.63,30449.8,28563.2,
20241207,14,12.64,30459.2,28532.2,
20241207,14,12.67,30459.2,28532.2,
20241207,14,12.74,30459.2,28482.2,
20241207,14,12.75,30459.2,28422.2,
20241207,14,12.80,30459.2,28123.2,
20241207,14,12.81,30489.2,28123.1,
20241207,14,12.85,30489.2,28123.1,
20241207,14,13.00,30537.8,28008.1,
20241207,14,13.01,30539.1,27986.4,
20241207,14,13.07,30539.1,27979.4,
20241207,14,13.08,30569.1,27700.4,
20241207,14,13.13,30689.1,27700.4,
20241207,14,13.15,30718.0,27700.4,
20241207,14,13.21,30718.0,27700.4,
20241207,14,13.22,30718.0,27700.2,
20241207,14,13.26,30725.2,27695.8,
20241207,14,13.27,30728.2,27695.8,
20241207,14,13.34,30728.2,27695.8,
20241207,14,13.35,30729.0,27666.4,
20241207,14,13.37,30729.0,27607.4,
20241207,14,13.39,30749.0,27557.4,
20241207,14,13.40,30750.4,27557.4,
20241207,14,13.50,30775.4,27555.2,
20241207,14,13.53,30776.8,27475.2,
20241207,14,13.67,30778.3,27475.2,
20241207,14,13.70,30798.3,27475.2,
20241207,14,13.73,30798.3,27475.2,
20241207,14,13.80,30799.8,27405.2,
20241207,14,13.94,30803.4,27405.2,
20241207,14,13.96,30803.4,27404.8,
20241207,14,13.97,30832.4,27403.8,
20241207,14,14.00,30887.4,27403.8,
20241207,14,14.01,30892.9,27399.3,
20241207,14,14.05,30893.4,27398.4,
20241207,14,14.09,30893.4,27398.4,
20241207,14,14.10,30913.4,27376.4,
20241207,14,14.13,30913.4,27376.4,
20241207,14,14.16,30913.9,27176.4,
20241207,14,14.17,30913.9,27176.4,
20241207,14,14.26,30973.9,27176.0,
20241207,14,14.27,30973.9,27176.0,
20241207,14,14.28,30974.3,26976.0,
20241207,14,14.29,30974.3,26976.0,
20241207,14,14.30,30974.3,26965.5,
20241207,14,14.32,30994.3,26665.5,
20241207,14,14.35,30994.3,26665.5,
20241207,14,14.39,30994.8,26465.5,
20241207,14,14.40,31040.8,26465.1,
20241207,14,14.42,31040.8,26264.7,
20241207,14,14.50,31041.2,26061.7,
20241207,14,14.51,31041.2,26052.6,
20241207,14,14.57,31071.2,25852.6,
20241207,14,14.60,31071.7,25852.6,
20241207,14,14.62,31071.7,25852.5,
20241207,14,14.63,31133.7,25850.9,
20241207,14,14.66,31196.7,25850.9,
20241207,14,14.70,31196.7,25850.9,
20241207,14,14.72,31259.7,25650.9,
20241207,14,14.79,31259.7,25650.9,
20241207,14,14.80,31259.7,25631.5,
20241207,14,14.82,31259.7,25631.3,
20241207,14,14.85,31347.7,25431.3,
20241207,14,14.88,31424.7,25431.3,
20241207,14,14.90,31437.7,25431.3,
20241207,14,14.93,31525.7,25431.3,
20241207,14,14.94,31555.7,25431.3,
20241207,14,14.96,31555.7,25431.3,
20241207,14,14.98,31634.7,25430.7,
20241207,14,15.00,31649.7,25430.7,
20241207,14,15.01,31650.7,25391.8,
20241207,14,15.03,31731.7,25391.2,
20241207,14,15.04,31731.7,25391.2,
20241207,14,15.12,31731.7,25191.2,
20241207,14,15.15,31746.1,25180.9,
20241207,14,15.26,31746.1,25180.9,
20241207,14,15.29,31746.1,25177.3,
20241207,14,15.36,31783.5,25175.6,
20241207,14,15.37,31820.9,25175.6,
20241207,14,15.39,31970.9,25175.6,
20241207,14,15.42,31970.9,25175.6,
20241207,14,15.43,31970.9,25171.8,
20241207,14,15.44,31975.5,25168.1,
20241207,14,15.50,32052.5,25168.1,
20241207,14,15.58,32087.5,25168.1,
20241207,14,15.59,32087.5,25168.1,
20241207,14,15.60,32087.5,25167.9,
20241207,14,15.62,32237.5,25163.9,
20241207,14,15.70,32237.5,25161.9,
20241207,14,15.88,32237.5,25161.8,
20241207,14,15.90,32237.5,25150.6,
20241207,14,15.93,32340.5,25150.4,
20241207,14,16.00,32340.5,25150.4,
20241207,14,16.01,32351.4,25053.4,
20241207,14,16.03,32353.0,25049.1,
20241207,14,16.06,32453.0,25049.1,
20241207,14,16.08,32453.5,25049.1,
20241207,14,16.12,32499.9,25049.1,
20241207,14,16.13,32546.3,25049.1,
20241207,14,16.14,32592.7,25049.1,
20241207,14,16.17,32592.9,25049.1,
20241207,14,16.32,32727.9,25049.1,
20241207,14,16.33,32727.9,25049.1,
20241207,14,16.36,32727.9,25045.3,
20241207,14,16.38,32727.9,25045.0,
20241207,14,16.40,32727.9,25043.9,
20241207,14,16.47,32728.2,25043.8,
20241207,14,16.50,32798.2,25043.8,
20241207,14,16.54,32848.2,25043.8,
20241207,14,16.56,32848.4,25043.8,
20241207,14,16.59,32848.4,25043.8,
20241207,14,16.67,32848.4,25042.3,
20241207,14,16.69,32848.5,25041.5,
20241207,14,16.70,32848.5,25041.5,
20241207,14,16.71,32848.5,25032.5,
20241207,14,16.72,33148.5,25028.9,
20241207,14,16.80,33148.5,25028.9,
20241207,14,16.82,33148.5,25025.6,
20241207,14,16.86,33198.5,25024.6,
20241207,14,16.91,33198.5,25024.6,
20241207,14,16.93,33198.5,24973.3,
20241207,14,16.94,33377.0,24972.4,
20241207,14,17.00,33402.0,24972.4,
20241207,14,17.01,33406.1,24964.6,
20241207,14,17.06,33431.1,24960.1,
20241207,14,17.07,33431.1,24960.1,
20241207,14,17.17,33531.1,24892.0,
20241207,14,17.20,33531.1,24892.0,
20241207,14,17.25,33531.1,24891.2,
20241207,14,17.28,33790.1,24883.5,
20241207,14,17.29,33790.1,24883.5,
20241207,14,17.30,33790.1,24883.4,
20241207,14,17.32,33807.1,24883.1,
20241207,14,17.43,33807.1,24883.1,
20241207,14,17.50,33807.1,24882.9,
20241207,14,17.58,33807.1,24862.9,
20241207,14,17.59,33814.7,24854.4,
20241207,14,17.60,33814.7,24854.4,
20241207,14,17.73,33814.7,24854.3,
20241207,14,17.80,33839.7,24832.3,
20241207,14,17.81,34013.7,24832.3,
20241207,14,18.00,34013.7,24832.3,
20241207,14,18.13,34113.7,24786.1,
20241207,14,18.30,34113.7,24786.1,
20241207,14,18.43,34218.7,24716.7,
20241207,14,18.45,34218.8,24716.7,
20241207,14,18.50,34218.8,24716.7,
20241207,14,18.69,34219.1,24714.5,
20241207,14,18.70,34256.4,24714.5,
20241207,14,18.78,34256.4,24714.5,
20241207,14,18.79,34262.3,24708.2,
20241207,14,18.81,34262.3,24708.2,
20241207,14,19.00,34292.3,24682.6,
20241207,14,19.08,34292.3,24681.4,
20241207,14,19.10,34292.3,24599.4,
20241207,14,19.20,34292.3,24591.8,
20241207,14,19.30,34292.3,24589.8,
20241207,14,19.38,34342.2,24588.1,
20241207,14,19.42,34582.2,24588.1,
20241207,14,19.50,34582.2,24588.1,
20241207,14,19.59,34755.3,24587.9,
20241207,14,19.63,34896.3,24587.9,
20241207,14,19.66,35038.3,24587.9,
20241207,14,19.73,35227.3,24587.9,
20241207,14,19.77,35369.3,24587.9,
20241207,14,19.80,35510.3,24587.9,
20241207,14,20.00,35510.3,24587.9,
20241207,14,20.01,35513.9,24562.8,
20241207,14,20.03,35534.9,24557.9,
20241207,14,20.09,35534.9,24557.9,
20241207,14,20.12,35534.9,24557.0,
20241207,14,20.40,35534.9,24549.7,
20241207,14,20.48,35566.0,24548.5,
20241207,14,21.02,35566.0,24548.5,
20241207,14,21.10,35572.5,23439.8,
20241207,14,21.37,35597.4,23439.8,
20241207,14,21.50,35597.4,23439.8,
20241207,14,21.60,35597.4,23439.7,
20241207,14,21.91,35597.4,23438.7,
20241207,14,22.00,35597.4,23421.9,
20241207,14,22.18,35597.4,23421.0,
20241207,14,22.20,35597.4,23413.3,
20241207,14,22.29,35597.4,23408.7,
20241207,14,22.30,35597.4,23408.3,
20241207,14,22.80,35597.4,23405.5,
20241207,14,23.00,35597.4,23404.5,
20241207,14,23.51,35597.4,23404.0,
20241207,14,23.97,35739.4,23403.2,
20241207,14,24.00,35739.4,23403.2,
20241207,14,24.04,35739.4,23337.3,
20241207,14,24.30,35739.4,23334.9,
20241207,14,25.00,35739.4,23319.4,
20241207,14,25.20,35739.4,23311.0,
20241207,14,25.26,35739.4,23310.0,
20241207,14,25.78,35739.4,23302.4,
20241207,14,26.32,35739.4,23301.5,
20241207,14,26.40,35739.4,23301.4,
20241207,14,26.73,35739.4,23300.4,
20241207,14,26.92,35739.4,23299.6,
20241207,14,27.00,35739.4,23291.8,
20241207,14,27.17,35880.4,23197.9,
20241207,14,27.31,35880.4,23197.9,
20241207,14,27.50,35880.4,23190.2,
20241207,14,27.60,35880.4,23187.7,
20241207,14,28.17,35880.4,23181.9,
20241207,14,28.34,35880.4,23174.3,
20241207,14,28.87,35890.0,23122.2,
20241207,14,29.90,35890.0,23122.2,
20241207,14,30.00,35890.0,23120.2,
20241207,14,30.40,36032.0,23065.3,
20241207,14,31.00,36032.0,23065.3,
20241207,14,31.36,36032.0,23031.6,
20241207,14,31.79,36032.0,22445.3,
20241207,14,32.00,36032.0,22442.5,
20241207,14,32.76,36032.0,22439.8,
20241207,14,33.32,36032.0,22437.5,
20241207,14,33.62,36118.6,22437.4,
20241207,14,34.94,36118.6,22437.4,
20241207,14,35.00,36118.6,22421.3,
20241207,14,36.00,36118.6,22411.4,
20241207,14,36.79,36118.6,22361.4,
20241207,14,37.50,36118.6,22350.3,
20241207,14,39.69,36703.6,22312.5,
20241207,14,40.00,36703.6,22312.5,
20241207,14,40.01,36703.6,22240.4,
20241207,14,40.32,36703.6,22111.9,
20241207,14,41.36,36703.6,22111.5,
20241207,14,45.00,36703.6,22107.0,
20241207,14,45.01,36703.6,21389.6,
20241207,14,46.00,36703.6,21211.4,
20241207,14,46.08,36703.6,21161.4,
20241207,14,46.16,36703.6,21159.8,
20241207,14,48.32,36703.6,21009.1,
20241207,14,50.00,36704.6,20983.5,
20241207,14,50.01,36704.6,20623.8,
20241207,14,50.90,36704.6,20620.6,
20241207,14,55.00,36704.6,20620.4,
20241207,14,59.00,36704.6,20552.5,
20241207,14,60.00,36704.6,20550.9,
20241207,14,63.05,36704.6,20448.0,
20241207,14,64.36,36704.6,20414.5,
20241207,14,70.00,36704.6,20396.7,
20241207,14,71.92,36704.6,20396.6,
20241207,14,72.00,36704.6,20394.9,
20241207,14,77.80,36704.6,20394.8,
20241207,14,79.90,36704.6,20263.1,
20241207,14,80.00,36704.6,20261.9,
20241207,14,80.01,36704.6,19320.0,
20241207,14,80.10,36704.6,19223.0,
20241207,14,80.21,36854.5,19222.9,
20241207,14,81.00,36854.5,19222.9,
20241207,14,82.01,36854.5,19221.6,
20241207,14,84.84,36854.5,19079.9,
20241207,14,85.00,36854.5,19078.3,
20241207,14,90.00,36854.5,19073.8,
20241207,14,97.76,36854.5,19067.5,
20241207,14,99.00,36854.5,19065.8,
20241207,14,99.90,36854.5,19065.6,
20241207,14,100.00,37042.3,19056.5,
20241207,14,100.01,37073.1,18735.3,
20241207,14,101.00,37073.1,18735.3,
20241207,14,120.10,37073.1,18570.8,
20241207,14,138.00,37073.1,18537.0,
20241207,14,150.00,37073.1,18412.9,
20241207,14,151.00,37073.1,18307.7,
20241207,14,190.00,37073.1,18270.5,
20241207,14,200.00,37073.1,18269.9,
20241207,14,200.01,37073.1,15719.7,
20241207,14,200.10,37073.1,13423.6,
20241207,14,200.50,37073.1,13342.4,
20241207,14,200.98,37073.1,13300.7,
20241207,14,200.99,37073.1,13300.6,
20241207,14,201.00,37073.1,13300.5,
20241207,14,210.00,37073.1,13249.8,
20241207,14,250.00,37073.1,11793.5,
20241207,14,299.99,37073.4,11646.7,
20241207,14,300.00,37073.4,11646.7,
20241207,14,500.00,37073.4,11542.3,
20241207,14,550.02,37073.4,11532.3,
20241207,14,900.00,37073.4,11369.9,
20241207,14,999.00,37073.4,11366.9,
20241207,14,999.99,37073.4,0.0,
20241207,15,0.00,0.0,37743.1,
20241207,15,0.00,10283.0,37743.1,
20241207,15,0.01,27263.0,37743.1,
20241207,15,0.02,27421.6,37731.9,
20241207,15,0.03,27423.2,37720.7,
20241207,15,0.04,27440.7,37709.7,
20241207,15,0.10,27478.3,37709.7,
20241207,15,0.25,27478.8,37629.6,
20241207,15,0.26,27479.0,37629.6,
20241207,15,0.27,27479.1,37629.6,
20241207,15,0.37,27727.4,37629.6,
20241207,15,1.00,28121.0,37629.6,
20241207,15,1.01,28128.4,37465.2,
20241207,15,1.18,28135.1,37454.2,
20241207,15,1.72,28138.1,37454.2,
20241207,15,2.00,28215.0,37454.2,
20241207,15,2.01,28215.0,37438.2,
20241207,15,2.35,28222.2,36838.2,
20241207,15,3.00,28246.5,36838.2,
20241207,15,3.01,28247.7,36162.5,
20241207,15,3.07,28250.7,35962.5,
20241207,15,3.51,28257.9,35962.5,
20241207,15,4.00,28272.4,35962.5,
20241207,15,4.27,28330.8,35961.5,
20241207,15,4.42,28333.8,35961.5,
20241207,15,4.68,28341.1,35961.5,
20241207,15,5.00,28517.6,35961.5,
20241207,15,5.01,28518.1,35857.0,
20241207,15,5.22,28518.9,35319.4,
20241207,15,5.77,28521.9,35319.4,
20241207,15,5.85,28529.1,35319.4,
20241207,15,5.90,28529.1,35319.4,
20241207,15,6.00,28620.1,35303.4,
20241207,15,6.01,28621.3,35291.6,
20241207,15,6.19,28621.3,35291.6,
20241207,15,6.26,28621.3,35091.6,
20241207,15,6.43,28622.7,35085.6,
20241207,15,6.50,28624.8,35085.6,
20241207,15,6.57,28625.8,35085.6,
20241207,15,6.60,28626.4,35085.6,
20241207,15,7.00,28626.4,35085.6,
20241207,15,7.02,28627.8,35084.7,
20241207,15,7.12,28630.8,35084.7,
20241207,15,7.50,28670.8,35084.7,
20241207,15,7.51,28670.8,35084.7,
20241207,15,7.60,28672.3,34784.7,
20241207,15,7.80,28672.3,34784.7,
20241207,15,7.90,28672.3,34712.6,
20241207,15,7.92,28673.5,34712.5,
20241207,15,8.00,28684.3,34712.5,
20241207,15,8.01,28685.8,34637.0,
20241207,15,8.04,28685.8,34637.0,
20241207,15,8.12,28685.8,34537.0,
20241207,15,8.19,28687.3,34534.2,
20241207,15,8.30,28687.3,34534.2,
20241207,15,8.42,28687.3,34533.7,
20241207,15,8.47,28690.3,34533.5,
20241207,15,8.58,28690.3,34533.5,
20241207,15,8.77,28691.6,34533.2,
20241207,15,8.85,28691.6,34533.2,
20241207,15,8.89,28691.6,34376.2,
20241207,15,8.94,28691.6,34317.2,
20241207,15,8.97,28691.6,34287.2,
20241207,15,9.00,28691.6,34257.2,
20241207,15,9.01,28691.6,34196.0,
20241207,15,9.05,28691.6,34182.8,
20241207,15,9.08,28691.6,34152.8,
20241207,15,9.11,28691.6,34122.8,
20241207,15,9.16,28691.6,34062.8,
20241207,15,9.19,28691.6,34032.8,
20241207,15,9.22,28691.6,34002.8,
20241207,15,9.27,28694.5,33972.8,
20241207,15,9.36,28694.5,33972.8,
20241207,15,9.39,28697.5,33972.7,
20241207,15,9.50,28697.5,33972.7,
20241207,15,9.60,28697.5,33952.7,
20241207,15,9.65,28815.5,33952.6,
20241207,15,9.73,28815.5,33952.6,
20241207,15,9.74,28815.5,33907.6,
20241207,15,9.80,28815.5,33907.2,
20241207,15,9.82,28818.8,33907.1,
20241207,15,9.92,28818.8,33907.1,
20241207,15,9.99,28818.8,33903.5,
20241207,15,10.00,28828.1,33873.5,
20241207,15,10.01,28831.4,33816.1,
20241207,15,10.05,28851.4,33812.1,
20241207,15,10.14,28851.4,33812.1,
20241207,15,10.15,28851.4,33756.1,
20241207,15,10.23,28851.4,33656.1,
20241207,15,10.24,28851.4,33641.1,
20241207,15,10.25,28851.4,33611.1,
20241207,15,10.30,28924.1,33037.1,
20241207,15,10.39,28924.1,33037.1,
20241207,15,10.42,28924.1,33036.7,
20241207,15,10.44,28924.1,33032.1,
20241207,15,10.50,28924.1,32885.1,
20241207,15,10.56,28924.8,32854.8,
20241207,15,10.57,28933.8,32854.8,
20241207,15,10.62,28933.8,32854.8,
20241207,15,10.67,28933.8,32839.8,
20241207,15,10.68,28933.8,32769.8,
20241207,15,10.69,28933.8,32766.8,
20241207,15,10.72,28933.8,32766.1,
20241207,15,10.79,28933.8,32765.7,
20241207,15,10.80,28933.8,32618.7,
20241207,15,10.81,28933.8,32470.7,
20241207,15,10.88,28935.7,32430.7,
20241207,15,10.93,28935.7,32400.7,
20241207,15,10.97,28956.0,32298.7,
20241207,15,11.00,28961.3,32298.7,
20241207,15,11.01,28961.3,32270.6,
20241207,15,11.04,28961.3,32266.8,
20241207,15,11.08,28961.3,32118.8,
20241207,15,11.10,28961.3,31998.2,
20241207,15,11.13,28963.2,31898.2,
20241207,15,11.17,28967.2,31898.2,
20241207,15,11.20,28967.2,31898.2,
20241207,15,11.22,28968.0,31798.2,
20241207,15,11.26,28968.0,31798.2,
20241207,15,11.29,28968.0,31701.7,
20241207,15,11.30,28968.0,31601.7,
20241207,15,11.32,30398.0,31600.8,
20241207,15,11.33,30398.0,31600.8,
20241207,15,11.34,30398.0,31597.3,
20241207,15,11.36,30398.0,31132.1,
20241207,15,11.39,30398.0,31114.2,
20241207,15,11.40,30398.0,31014.2,
20241207,15,11.42,30409.6,31013.8,
20241207,15,11.50,30409.6,30988.8,
20241207,15,11.52,30409.6,30675.1,
20241207,15,11.54,30409.6,30645.1,
20241207,15,11.55,30409.9,30522.1,
20241207,15,11.57,30461.9,30522.1,
20241207,15,11.59,30473.6,30522.1,
20241207,15,11.65,30473.6,30517.1,
20241207,15,11.69,30473.6,30394.1,
20241207,15,11.70,30473.6,30393.2,
20241207,15,11.84,30503.6,30393.1,
20241207,15,11.87,30503.6,30393.1,
20241207,15,11.90,30503.6,30270.1,
20241207,15,11.97,30503.6,30268.1,
20241207,15,11.99,30503.6,30267.6,
20241207,15,12.00,30615.9,30144.6,
20241207,15,12.01,30615.9,30062.7,
20241207,15,12.02,30615.9,30032.7,
20241207,15,12.03,30715.9,30031.5,
20241207,15,12.07,30900.9,30031.5,
20241207,15,12.13,30900.9,30031.5,
20241207,15,12.26,30900.9,29987.1,
20241207,15,12.28,30900.9,29953.2,
20241207,15,12.33,30906.9,29953.0,
20241207,15,12.40,30906.9,29953.0,
20241207,15,12.42,30906.9,29952.7,
20241207,15,12.43,30906.9,29952.5,
20241207,15,12.48,30906.9,29952.2,
20241207,15,12.49,30906.9,29951.8,
20241207,15,12.50,30906.9,29921.8,
20241207,15,12.51,30928.4,29860.2,
20241207,15,12.53,30928.4,29860.2,
20241207,15,12.58,30928.4,29858.9,
20241207,15,12.63,30958.8,29858.0,
20241207,15,12.67,30958.8,29477.0,
20241207,15,12.68,30962.7,29430.9,
20241207,15,12.80,30962.7,29430.9,
20241207,15,12.85,30962.7,29430.8,
20241207,15,12.88,30988.8,29315.8,
20241207,15,12.91,30991.8,29315.8,
20241207,15,12.95,30991.8,29315.8,
20241207,15,12.99,30991.8,29314.0,
20241207,15,13.00,31045.3,29094.4,
20241207,15,13.01,31046.7,29046.7,
20241207,15,13.04,31046.7,29039.4,
20241207,15,13.09,31046.7,29035.6,
20241207,15,13.12,31106.7,29031.8,
20241207,15,13.13,31216.7,29031.8,
20241207,15,13.14,31216.7,29031.8,
20241207,15,13.16,31216.7,29028.0,
20241207,15,13.19,31216.7,29027.3,
20241207,15,13.21,31216.7,29019.6,
20241207,15,13.30,31216.8,29019.4,
20241207,15,13.31,31216.8,29019.4,
20241207,15,13.32,31216.8,29018.4,
20241207,15,13.34,31216.8,29013.3,
20241207,15,13.35,31227.4,28989.7,
20241207,15,13.42,31227.4,28989.7,
20241207,15,13.43,31227.4,28988.2,
20241207,15,13.48,31227.4,28928.2,
20241207,15,13.49,31227.4,28924.2,
20241207,15,13.50,31252.4,28922.5,
20241207,15,13.52,31266.8,28912.5,
20241207,15,13.53,31266.8,28902.5,
20241207,15,13.55,31266.8,28852.5,
20241207,15,13.57,31266.8,28776.9,
20241207,15,13.72,31286.8,28726.9,
20241207,15,13.75,31306.8,28726.9,
20241207,15,13.80,31335.7,28726.9,
20241207,15,13.87,31335.7,28726.9,
20241207,15,13.99,31335.7,28726.5,
20241207,15,14.00,31387.7,28726.2,
20241207,15,14.03,31388.2,28702.0,
20241207,15,14.06,31388.2,28702.0,
20241207,15,14.07,31388.2,28502.0,
20241207,15,14.08,31392.4,28447.2,
20241207,15,14.12,31393.7,28447.2,
20241207,15,14.17,31401.4,28447.2,
20241207,15,14.20,31401.9,28442.2,
20241207,15,14.25,31403.0,28242.2,
20241207,15,14.26,31463.0,28242.2,
20241207,15,14.29,31463.0,28242.2,
20241207,15,14.30,31463.0,28032.3,
20241207,15,14.32,31463.0,27932.3,
20241207,15,14.35,31463.0,27906.9,
20241207,15,14.36,31463.0,27706.9,
20241207,15,14.37,31483.0,27702.8,
20241207,15,14.38,31513.0,27702.8,
20241207,15,14.39,31513.0,27702.8,
20241207,15,14.40,31552.0,27502.8,
20241207,15,14.42,31552.0,27502.8,
20241207,15,14.44,31572.0,27302.8,
20241207,15,14.45,31572.0,27302.8,
20241207,15,14.50,31572.5,27102.8,
20241207,15,14.52,31572.5,27101.8,
20241207,15,14.54,31572.5,27101.0,
20241207,15,14.56,31572.5,26901.0,
20241207,15,14.59,31572.5,26900.8,
20241207,15,14.60,31572.5,26896.8,
20241207,15,14.63,31628.5,26896.7,
20241207,15,14.66,31686.5,26896.7,
20241207,15,14.67,31686.5,26896.7,
20241207,15,14.69,31688.3,26893.7,
20241207,15,14.72,31776.3,26893.7,
20241207,15,14.75,31776.3,26893.7,
20241207,15,14.84,31776.3,26693.7,
20241207,15,14.85,31858.3,26672.8,
20241207,15,14.88,31931.3,26672.8,
20241207,15,14.90,31944.4,26672.8,
20241207,15,14.93,32027.4,26672.8,
20241207,15,14.95,32027.5,26672.8,
20241207,15,14.96,32027.5,26672.8,
20241207,15,14.98,32101.5,26472.8,
20241207,15,14.99,32136.5,26472.8,
20241207,15,15.00,32151.5,26472.8,
20241207,15,15.01,32152.5,26434.2,
20241207,15,15.03,32229.5,26433.5,
20241207,15,15.08,32229.5,26433.5,
20241207,15,15.12,32229.5,26428.6,
20241207,15,15.13,32234.2,26428.4,
20241207,15,15.14,32234.2,26428.4,
20241207,15,15.22,32234.2,26421.8,
20241207,15,15.26,32234.2,26417.8,
20241207,15,15.36,32264.2,26414.0,
20241207,15,15.39,32424.2,26414.0,
20241207,15,15.50,32501.2,26414.0,
20241207,15,15.55,32724.2,26414.0,
20241207,15,15.57,32724.2,26414.0,
20241207,15,15.69,32724.2,26401.6,
20241207,15,15.70,32759.2,26397.5,
20241207,15,15.72,32760.9,26397.4,
20241207,15,15.80,32777.6,26397.4,
20241207,15,15.90,32777.6,26389.2,
20241207,15,15.93,32880.7,26389.0,
20241207,15,15.95,32880.8,26389.0,
20241207,15,15.97,32880.8,26389.0,
20241207,15,16.00,32891.0,26381.4,
20241207,15,16.01,32902.7,26275.3,
20241207,15,16.02,32902.7,26270.8,
20241207,15,16.06,33004.3,26268.6,
20241207,15,16.12,33028.5,26268.6,
20241207,15,16.13,33052.7,26268.6,
20241207,15,16.15,33054.1,26268.6,
20241207,15,16.24,33196.1,26268.6,
20241207,15,16.28,33196.1,26268.6,
20241207,15,16.32,33296.1,26268.4,
20241207,15,16.40,33296.1,26268.4,
20241207,15,16.42,33321.1,26268.3,
20241207,15,16.44,33371.1,26268.3,
20241207,15,16.50,33441.1,26268.3,
20241207,15,16.57,33491.1,26268.3,
20241207,15,16.59,33491.1,26265.0,
20241207,15,16.69,33491.1,26263.5,
20241207,15,16.70,33491.1,26188.8,
20241207,15,16.71,33491.1,26179.8,
20241207,15,16.72,33791.1,26176.2,
20241207,15,16.77,33791.1,26176.2,
20241207,15,16.80,33791.1,26174.2,
20241207,15,16.91,33841.1,26164.2,
20241207,15,16.92,33841.1,26164.2,
20241207,15,16.94,34019.6,26111.9,
20241207,15,16.99,34278.6,26111.9,
20241207,15,17.00,34298.6,26111.9,
20241207,15,17.01,34303.1,26103.8,
20241207,15,17.04,34320.1,26099.2,
20241207,15,17.07,34320.7,26099.2,
20241207,15,17.13,34345.7,26099.2,
20241207,15,17.16,34346.0,26099.2,
20241207,15,17.17,34446.0,26099.2,
20241207,15,17.20,34446.0,26099.2,
20241207,15,17.23,34484.2,26098.2,
20241207,15,17.37,34585.2,26098.2,
20241207,15,17.43,34585.2,26097.1,
20241207,15,17.44,34588.0,26096.9,
20241207,15,17.45,34588.0,26096.9,
20241207,15,17.50,34588.0,26095.8,
20241207,15,17.58,34588.0,26073.0,
20241207,15,17.60,34588.0,26056.8,
20241207,15,17.73,34588.0,26056.7,
20241207,15,17.81,34588.0,26034.7,
20241207,15,17.82,34588.0,26034.6,
20241207,15,17.92,34588.0,26034.3,
20241207,15,18.00,34588.0,26031.3,
20241207,15,18.01,34626.2,25985.5,
20241207,15,18.13,34726.2,25985.5,
20241207,15,18.32,34776.1,25985.5,
20241207,15,18.43,34881.1,25985.5,
20241207,15,18.60,34881.1,25985.5,
20241207,15,18.66,34881.1,25981.7,
20241207,15,18.72,34881.1,25950.6,
20241207,15,18.77,34881.1,25950.1,
20241207,15,18.78,34881.1,25867.9,
20241207,15,18.79,34915.0,25859.1,
20241207,15,18.82,34915.0,25859.1,
20241207,15,19.00,34945.0,25808.1,
20241207,15,19.24,34945.0,25806.7,
20241207,15,19.25,34945.0,25805.8,
20241207,15,19.27,34945.0,25805.1,
20241207,15,19.42,35185.0,25803.1,
20241207,15,19.49,35185.0,25803.1,
20241207,15,19.59,35326.0,25801.5,
20241207,15,19.63,35468.0,25801.5,
20241207,15,19.66,35609.0,25801.5,
20241207,15,19.73,35851.0,25801.5,
20241207,15,19.74,35951.0,25801.5,
20241207,15,19.75,35963.6,25801.5,
20241207,15,19.77,36104.6,25801.5,
20241207,15,19.78,36159.6,25801.5,
20241207,15,19.80,36301.6,25801.5,
20241207,15,20.00,36301.6,25801.5,
20241207,15,20.01,36305.5,25774.7,
20241207,15,20.12,36305.5,25768.6,
20241207,15,20.59,36305.5,25756.3,
20241207,15,20.62,36305.5,25748.6,
20241207,15,20.95,36305.5,25747.2,
20241207,15,21.00,36305.5,25503.7,
20241207,15,21.02,36305.5,25503.4,
20241207,15,21.10,36312.1,24265.4,
20241207,15,21.51,36312.1,24265.4,
20241207,15,21.77,36312.1,24260.6,
20241207,15,21.97,36312.1,24241.9,
20241207,15,22.20,36312.1,24240.9,
20241207,15,22.81,36312.1,24239.8,
20241207,15,22.82,36312.1,24239.5,
20241207,15,23.00,36312.1,24236.6,
20241207,15,23.32,36312.1,24236.1,
20241207,15,23.97,36453.1,24235.1,
20241207,15,24.00,36453.1,24234.3,
20241207,15,24.04,36453.1,24163.2,
20241207,15,24.49,36453.1,24161.7,
20241207,15,24.67,36453.1,24146.4,
20241207,15,25.00,36453.1,24145.4,
20241207,15,25.22,36453.1,24136.7,
20241207,15,26.02,36453.1,24129.1,
20241207,15,26.33,36453.1,24128.1,
20241207,15,27.00,36453.1,24128.0,
20241207,15,27.12,36453.1,24027.9,
20241207,15,27.17,36595.1,24027.0,
20241207,15,27.37,36595.1,24027.0,
20241207,15,27.50,36595.1,24026.0,
20241207,15,28.30,36595.1,24022.8,
20241207,15,28.43,36595.1,24015.1,
20241207,15,28.69,36595.1,24014.3,
20241207,15,28.72,36595.1,24005.2,
20241207,15,28.87,36604.7,23998.2,
20241207,15,29.58,36604.7,23998.2,
20241207,15,29.84,36604.7,23990.6,
20241207,15,29.90,36604.7,23930.5,
20241207,15,30.00,36604.7,23928.0,
20241207,15,30.01,36604.7,23866.6,
20241207,15,30.12,36604.7,23866.5,
20241207,15,30.40,36745.7,23858.2,
20241207,15,31.00,36745.7,23858.2,
20241207,15,31.36,36745.7,23819.8,
20241207,15,31.79,36745.7,23081.1,
20241207,15,32.00,36745.7,23078.2,
20241207,15,33.33,36745.7,23074.3,
20241207,15,33.62,36830.6,23074.2,
20241207,15,34.90,36830.6,23074.2,
20241207,15,34.94,36830.6,23071.8,
20241207,15,35.00,36830.6,23054.9,
20241207,15,36.00,36830.6,23041.7,
20241207,15,36.79,36830.6,22991.7,
20241207,15,37.50,36830.6,22980.6,
20241207,15,39.69,37410.6,22942.0,
20241207,15,40.00,37410.6,22942.0,
20241207,15,40.01,37410.6,22865.6,
20241207,15,40.33,37410.6,22713.9,
20241207,15,41.36,37410.6,22713.5,
20241207,15,44.58,37410.6,22708.9,
20241207,15,45.00,37410.6,22707.3,
20241207,15,45.01,37410.6,22060.6,
20241207,15,46.00,37410.6,21768.0,
20241207,15,47.00,37410.6,21718.0,
20241207,15,48.32,37410.6,21531.4,
20241207,15,50.00,37411.5,21505.9,
20241207,15,50.01,37411.5,21129.4,
20241207,15,50.90,37411.5,21125.6,
20241207,15,55.00,37411.5,21125.5,
20241207,15,60.00,37411.5,21058.3,
20241207,15,62.64,37411.5,20949.9,
20241207,15,63.08,37411.5,20913.9,
20241207,15,63.69,37411.5,20912.7,
20241207,15,70.00,37411.5,20895.3,
20241207,15,70.48,37411.9,20895.2,
20241207,15,72.00,37411.9,20895.2,
20241207,15,77.80,37411.9,20895.0,
20241207,15,79.90,37411.9,20740.3,
20241207,15,80.00,37411.9,20738.6,
20241207,15,80.01,37411.9,19734.3,
20241207,15,80.10,37411.9,19627.6,
20241207,15,80.21,37561.8,19627.5,
20241207,15,81.00,37561.8,19627.5,
20241207,15,82.01,37561.8,19601.8,
20241207,15,85.00,37561.8,19450.2,
20241207,15,90.00,37561.8,19444.9,
20241207,15,96.39,37561.8,19438.0,
20241207,15,99.00,37561.8,19436.4,
20241207,15,99.90,37561.8,19436.2,
20241207,15,100.00,37749.6,19427.5,
20241207,15,100.01,37785.3,19073.5,
20241207,15,101.00,37785.3,19073.5,
20241207,15,109.31,37785.3,18909.0,
20241207,15,120.10,37785.3,18907.3,
20241207,15,122.23,37785.3,18870.6,
20241207,15,135.15,37785.3,18869.0,
20241207,15,138.00,37785.3,18867.3,
20241207,15,150.00,37785.3,18739.0,
20241207,15,151.00,37785.3,18634.5,
20241207,15,190.00,37785.3,18596.1,
20241207,15,200.00,37785.3,18595.5,
20241207,15,200.01,37785.3,15923.2,
20241207,15,200.10,37785.3,13611.8,
20241207,15,200.50,37785.3,13531.0,
20241207,15,200.98,37785.3,13481.6,
20241207,15,200.99,37785.3,13481.5,
20241207,15,201.00,37785.3,13481.4,
20241207,15,210.00,37785.3,13427.5,
20241207,15,250.00,37785.3,11961.4,
20241207,15,299.99,37785.4,11814.7,
20241207,15,300.00,37785.4,11814.7,
20241207,15,500.00,37785.4,11710.3,
20241207,15,550.02,37785.4,11700.3,
20241207,15,900.00,37785.4,11508.9,
20241207,15,999.00,37785.4,11505.9,
20241207,15,999.99,37785.4,0.0,
20241207,16,0.00,0.0,37091.6,
20241207,16,0.00,12156.2,37091.6,
20241207,16,0.01,29214.4,37091.6,
20241207,16,0.02,29367.4,37076.8,
20241207,16,0.03,29368.9,37065.5,
20241207,16,0.04,29391.5,37054.3,
20241207,16,0.10,29440.3,37054.3,
20241207,16,0.25,29442.1,36974.2,
20241207,16,0.26,29443.5,36974.2,
20241207,16,0.27,29443.9,36974.2,
20241207,16,0.30,29444.0,36974.2,
20241207,16,0.56,29566.4,36974.2,
20241207,16,1.00,29952.3,36974.2,
20241207,16,1.01,29960.2,36800.0,
20241207,16,1.91,29963.2,36785.1,
20241207,16,2.00,30040.5,36785.1,
20241207,16,2.01,30040.5,36769.1,
20241207,16,2.31,30047.5,36169.1,
20241207,16,3.00,30068.3,36169.1,
20241207,16,3.01,30069.9,35491.4,
20241207,16,3.26,30072.9,35291.4,
20241207,16,4.00,30077.6,35291.4,
20241207,16,4.27,30136.0,35290.4,
20241207,16,4.61,30146.2,35290.4,
20241207,16,4.77,30146.3,35290.4,
20241207,16,4.86,30146.4,35290.4,
20241207,16,4.89,30146.9,35290.4,
20241207,16,5.00,30325.0,35290.4,
20241207,16,5.01,30325.6,35186.2,
20241207,16,5.90,30325.6,34639.8,
20241207,16,5.96,30328.6,34623.8,
20241207,16,6.00,30417.3,34623.8,
20241207,16,6.01,30418.2,34612.0,
20241207,16,6.19,30418.2,34612.0,
20241207,16,6.24,30419.2,34412.0,
20241207,16,6.26,30419.2,34412.0,
20241207,16,6.50,30421.3,34406.0,
20241207,16,6.60,30421.9,34406.0,
20241207,16,6.91,30429.1,34406.0,
20241207,16,6.95,30429.1,34406.0,
20241207,16,7.00,30429.1,34404.4,
20241207,16,7.10,30429.1,34403.6,
20241207,16,7.31,30432.1,34403.1,
20241207,16,7.50,30472.1,34403.1,
20241207,16,7.51,30472.1,34403.1,
20241207,16,7.59,30473.6,34103.1,
20241207,16,7.70,30473.6,34103.1,
20241207,16,7.80,30473.6,34103.0,
20241207,16,7.87,30473.6,34030.8,
20241207,16,8.00,30482.0,34015.8,
20241207,16,8.01,30483.5,33940.2,
20241207,16,8.04,30483.5,33940.2,
20241207,16,8.09,30483.5,33840.2,
20241207,16,8.15,30483.5,33838.5,
20241207,16,8.34,30483.5,33838.3,
20241207,16,8.35,30483.5,33823.3,
20241207,16,8.50,30483.5,33793.3,
20241207,16,8.60,30483.5,33793.0,
20241207,16,8.61,30483.5,33792.3,
20241207,16,8.63,30483.5,33767.3,
20241207,16,8.66,30486.5,33767.0,
20241207,16,8.80,30486.5,33767.0,
20241207,16,8.85,30486.5,33737.0,
20241207,16,8.87,30489.1,33580.0,
20241207,16,8.89,30489.1,33550.0,
20241207,16,8.94,30492.2,33491.0,
20241207,16,8.97,30492.2,33461.0,
20241207,16,9.00,30492.2,33431.0,
20241207,16,9.01,30492.2,33369.6,
20241207,16,9.05,30492.2,33360.9,
20241207,16,9.08,30492.2,33330.9,
20241207,16,9.11,30492.2,33300.9,
20241207,16,9.16,30492.2,33240.9,
20241207,16,9.17,30492.2,33210.9,
20241207,16,9.19,30492.2,33198.2,
20241207,16,9.21,30499.5,33168.2,
20241207,16,9.22,30499.5,33168.2,
20241207,16,9.39,30499.5,33138.2,
20241207,16,9.41,30499.5,33108.2,
20241207,16,9.44,30502.5,33107.8,
20241207,16,9.50,30502.5,33107.8,
20241207,16,9.60,30502.5,33087.0,
20241207,16,9.62,30502.5,33086.9,
20241207,16,9.65,30641.5,33071.9,
20241207,16,9.73,30641.5,33071.9,
20241207,16,9.80,30641.5,33026.9,
20241207,16,9.91,30641.5,33023.0,
20241207,16,9.93,30641.5,32993.0,
20241207,16,9.95,30641.5,32992.5,
20241207,16,9.99,30641.5,32892.5,
20241207,16,10.00,30650.5,32862.5,
20241207,16,10.01,30657.5,32786.8,
20241207,16,10.04,30657.5,32782.6,
20241207,16,10.05,30677.5,32682.6,
20241207,16,10.14,30677.5,32682.6,
20241207,16,10.15,30677.5,32526.6,
20241207,16,10.18,30677.5,32426.6,
20241207,16,10.20,30679.7,32411.6,
20241207,16,10.25,30679.7,32411.6,
20241207,16,10.29,30680.6,31837.6,
20241207,16,10.30,30753.7,31837.6,
20241207,16,10.41,30754.9,31837.6,
20241207,16,10.44,30754.9,31837.6,
20241207,16,10.50,30754.9,31690.6,
20241207,16,10.58,30854.9,31657.4,
20241207,16,10.61,30874.9,31657.4,
20241207,16,10.62,30884.0,31652.7,
20241207,16,10.68,30884.0,31652.7,
20241207,16,10.69,30884.0,31649.5,
20241207,16,10.70,30884.0,31646.7,
20241207,16,10.71,30906.3,31585.0,
20241207,16,10.76,30931.3,31585.0,
20241207,16,10.79,30931.3,31585.0,
20241207,16,10.80,30931.3,31438.0,
20241207,16,10.82,30931.3,31291.0,
20241207,16,10.83,31031.3,31273.7,
20241207,16,10.90,31031.3,31273.7,
20241207,16,10.93,31031.3,31273.2,
20241207,16,10.99,31031.3,31171.2,
20241207,16,11.00,31036.3,31146.2,
20241207,16,11.01,31036.3,31118.4,
20241207,16,11.04,31036.3,31113.2,
20241207,16,11.08,31036.3,30965.2,
20241207,16,11.12,31056.3,30861.2,
20241207,16,11.24,31056.3,30861.2,
20241207,16,11.26,31056.3,30860.6,
20241207,16,11.27,31056.3,30767.0,
20241207,16,11.29,31056.3,30766.4,
20241207,16,11.31,31086.3,30764.7,
20241207,16,11.32,32446.3,30764.7,
20241207,16,11.33,32446.3,30746.4,
20241207,16,11.34,32446.3,30733.6,
20241207,16,11.39,32446.3,30268.4,
20241207,16,11.40,32447.0,30168.4,
20241207,16,11.47,32447.0,30168.0,
20241207,16,11.50,32447.0,30132.9,
20241207,16,11.51,32454.2,29810.3,
20241207,16,11.53,32455.6,29810.3,
20241207,16,11.54,32455.6,29810.3,
20241207,16,11.55,32457.0,29686.3,
20241207,16,11.57,32509.0,29686.3,
20241207,16,11.58,32522.7,29686.3,
20241207,16,11.60,32524.2,29681.5,
20241207,16,11.62,32525.5,29681.3,
20241207,16,11.64,32525.5,29680.9,
20241207,16,11.65,32525.5,29680.4,
20241207,16,11.68,32525.6,29557.4,
20241207,16,11.70,32525.6,29532.4,
20241207,16,11.84,32555.6,29532.3,
20241207,16,11.87,32555.6,29532.3,
20241207,16,11.88,32585.6,29409.3,
20241207,16,11.92,32585.6,29409.3,
20241207,16,11.99,32585.6,29408.9,
20241207,16,12.00,32696.7,29285.9,
20241207,16,12.01,32696.7,29218.0,
20241207,16,12.02,32696.7,29213.8,
20241207,16,12.03,32873.0,29112.2,
20241207,16,12.05,32873.0,29112.2,
20241207,16,12.07,33102.0,28974.2,
20241207,16,12.13,33102.0,28974.2,
20241207,16,12.21,33102.0,28951.9,
20241207,16,12.28,33102.0,28951.5,
20241207,16,12.30,33102.0,28951.3,
20241207,16,12.37,33102.0,28941.4,
20241207,16,12.39,33108.1,28916.4,
20241207,16,12.40,33108.1,28916.4,
20241207,16,12.43,33108.1,28916.1,
20241207,16,12.45,33128.1,28454.1,
20241207,16,12.47,33299.1,28454.1,
20241207,16,12.50,33299.1,28454.1,
20241207,16,12.51,33299.1,28407.6,
20241207,16,12.52,33329.1,28406.7,
20241207,16,12.63,33329.1,28406.7,
20241207,16,12.67,33329.4,28402.9,
20241207,16,12.68,33343.7,28392.2,
20241207,16,12.69,33345.1,28392.2,
20241207,16,12.71,33345.1,28392.2,
20241207,16,12.78,33348.6,28391.8,
20241207,16,12.80,33348.6,28391.8,
20241207,16,12.85,33348.6,28391.7,
20241207,16,12.87,33375.7,28276.7,
20241207,16,12.88,33375.7,28226.7,
20241207,16,12.91,33375.7,28223.8,
20241207,16,12.92,33375.7,28173.8,
20241207,16,12.97,33375.7,28172.6,
20241207,16,12.98,33378.7,28168.8,
20241207,16,12.99,33378.7,28168.8,
20241207,16,13.00,33454.2,28164.3,
20241207,16,13.01,33475.7,28114.3,
20241207,16,13.04,33475.7,28106.6,
20241207,16,13.10,33476.2,28029.4,
20241207,16,13.12,33481.1,28029.4,
20241207,16,13.13,33591.1,28029.4,
20241207,16,13.21,33591.1,28029.4,
20241207,16,13.30,33591.1,28019.5,
20241207,16,13.32,33591.1,28011.8,
20241207,16,13.34,33591.1,28011.4,
20241207,16,13.35,33620.3,27999.0,
20241207,16,13.43,33636.3,27999.0,
20241207,16,13.50,33636.3,27999.0,
20241207,16,13.51,33650.7,27989.0,
20241207,16,13.70,33650.7,27979.4,
20241207,16,13.71,33652.4,27979.2,
20241207,16,13.73,33652.4,27979.2,
20241207,16,13.80,33652.4,27975.2,
20241207,16,13.84,33682.4,27971.5,
20241207,16,14.00,33734.4,27971.5,
20241207,16,14.01,33734.4,27946.3,
20241207,16,14.06,33734.4,27944.8,
20241207,16,14.16,33742.5,27940.8,
20241207,16,14.25,33746.7,27936.0,
20241207,16,14.26,33806.7,27936.0,
20241207,16,14.29,33806.7,27936.0,
20241207,16,14.30,33806.7,27926.1,
20241207,16,14.32,33806.7,27826.1,
20241207,16,14.34,33806.7,27800.7,
20241207,16,14.40,33862.7,27797.4,
20241207,16,14.42,33862.7,27797.2,
20241207,16,14.43,33897.7,27597.2,
20241207,16,14.49,33897.7,27597.2,
20241207,16,14.50,33897.8,27593.5,
20241207,16,14.51,33897.8,27592.4,
20241207,16,14.60,33897.8,27392.4,
20241207,16,14.63,33968.8,27392.2,
20241207,16,14.66,34040.8,27392.2,
20241207,16,14.69,34046.4,27392.2,
20241207,16,14.70,34046.4,27392.2,
20241207,16,14.72,34117.4,27370.9,
20241207,16,14.85,34214.4,27170.9,
20241207,16,14.88,34299.4,27170.9,
20241207,16,14.89,34299.4,27170.9,
20241207,16,14.90,34312.4,26970.9,
20241207,16,14.93,34409.4,26970.9,
20241207,16,14.98,34495.4,26970.9,
20241207,16,15.00,34510.4,26970.9,
20241207,16,15.01,34512.5,26899.4,
20241207,16,15.03,34600.5,26898.6,
20241207,16,15.04,34600.5,26898.6,
20241207,16,15.10,34600.5,26698.6,
20241207,16,15.11,34635.5,26697.5,
20241207,16,15.15,34635.5,26697.5,
20241207,16,15.18,34635.5,26693.4,
20241207,16,15.26,34635.5,26686.1,
20241207,16,15.30,34635.8,26681.4,
20241207,16,15.36,34635.8,26681.4,
20241207,16,15.39,34785.8,26680.5,
20241207,16,15.41,35196.8,26680.5,
20241207,16,15.50,35273.8,26677.1,
20241207,16,15.51,35273.8,26675.1,
20241207,16,15.55,35277.5,26661.6,
20241207,16,15.56,35466.5,26661.6,
20241207,16,15.60,35466.5,26661.6,
20241207,16,15.64,35469.1,26661.5,
20241207,16,15.68,35470.7,26661.5,
20241207,16,15.69,35470.7,26661.5,
20241207,16,15.70,35470.7,26659.2,
20241207,16,15.72,35470.7,26659.1,
20241207,16,15.80,35495.7,26658.4,
20241207,16,15.90,35495.7,26658.4,
20241207,16,15.91,35507.3,26658.2,
20241207,16,15.92,35545.3,26658.2,
20241207,16,15.93,35648.3,26658.2,
20241207,16,16.00,35659.7,26658.2,
20241207,16,16.01,35672.0,26540.4,
20241207,16,16.03,35722.0,26535.6,
20241207,16,16.05,35772.0,26535.6,
20241207,16,16.06,35872.0,26535.6,
20241207,16,16.11,35872.9,26535.6,
20241207,16,16.14,35903.9,26535.6,
20241207,16,16.17,35915.9,26535.6,
20241207,16,16.18,35922.9,26535.6,
20241207,16,16.20,35923.3,26535.6,
20241207,16,16.25,35939.3,26535.6,
20241207,16,16.27,35939.4,26535.6,
20241207,16,16.30,35939.7,26535.6,
20241207,16,16.38,35939.7,26535.6,
20241207,16,16.40,35939.7,26528.0,
20241207,16,16.49,35964.7,26527.9,
20241207,16,16.50,36034.7,26527.9,
20241207,16,16.58,36034.7,26527.9,
20241207,16,16.59,36034.7,26517.9,
20241207,16,16.67,36066.4,26516.6,
20241207,16,16.70,36066.4,26516.6,
20241207,16,16.71,36066.4,26507.6,
20241207,16,16.72,36366.4,26504.0,
20241207,16,16.76,36366.4,26504.0,
20241207,16,16.86,36366.4,26501.0,
20241207,16,16.88,36366.4,26445.7,
20241207,16,16.92,36491.6,26432.6,
20241207,16,17.00,36511.6,26432.6,
20241207,16,17.01,36516.5,26422.4,
20241207,16,17.04,36516.5,26417.6,
20241207,16,17.17,36616.5,26416.3,
20241207,16,17.20,36616.5,26416.3,
20241207,16,17.24,36616.5,26415.1,
20241207,16,17.39,36624.9,26337.0,
20241207,16,17.43,36656.6,26337.0,
20241207,16,17.58,36656.6,26336.8,
20241207,16,17.60,36656.6,26320.6,
20241207,16,17.73,36656.6,26320.5,
20241207,16,17.75,36656.6,26297.6,
20241207,16,17.76,36656.6,26297.5,
20241207,16,18.00,36656.6,26297.2,
20241207,16,18.01,36657.7,26273.1,
20241207,16,18.11,36657.7,26273.1,
20241207,16,18.13,36757.7,26271.0,
20241207,16,18.19,36783.0,26271.0,
20241207,16,18.27,36832.9,26271.0,
20241207,16,18.39,36832.9,26271.0,
20241207,16,18.43,36937.9,26270.2,
20241207,16,18.58,36937.9,26270.2,
20241207,16,18.77,36937.9,26237.4,
20241207,16,18.78,36937.9,26150.1,
20241207,16,18.79,36940.8,26140.8,
20241207,16,18.84,36940.8,26140.8,
20241207,16,19.00,36970.8,26130.7,
20241207,16,19.27,36970.8,26129.1,
20241207,16,19.42,37210.8,26047.1,
20241207,16,19.46,37210.8,26047.1,
20241207,16,19.59,37352.8,26045.5,
20241207,16,19.63,37493.8,26045.5,
20241207,16,19.70,37635.8,26045.5,
20241207,16,19.73,37776.8,26045.5,
20241207,16,19.77,37918.8,26045.5,
20241207,16,19.85,37918.8,26045.5,
20241207,16,20.00,37918.8,26044.6,
20241207,16,20.01,37923.2,26014.9,
20241207,16,20.12,37923.2,26003.0,
20241207,16,20.13,37931.2,25988.9,
20241207,16,20.75,38072.2,25988.9,
20241207,16,20.81,38072.2,25739.2,
20241207,16,21.00,38072.2,25738.2,
20241207,16,21.02,38072.2,25736.8,
20241207,16,21.10,38078.2,24936.8,
20241207,16,21.11,38078.2,24936.8,
20241207,16,21.51,38078.2,24933.1,
20241207,16,21.67,38078.2,24925.4,
20241207,16,21.88,38078.2,24924.6,
20241207,16,22.16,38078.2,24905.7,
20241207,16,22.60,38078.2,24904.7,
20241207,16,22.75,38078.2,24899.2,
20241207,16,22.76,38078.2,24898.9,
20241207,16,23.00,38078.2,24896.1,
20241207,16,23.51,38078.2,24895.5,
20241207,16,23.97,38220.2,24894.5,
20241207,16,24.00,38220.2,24894.5,
20241207,16,24.04,38220.2,24801.1,
20241207,16,24.44,38220.2,24799.9,
20241207,16,24.86,38220.2,24799.1,
20241207,16,25.00,38220.2,24798.1,
20241207,16,25.33,38220.2,24789.2,
20241207,16,25.62,38220.2,24789.1,
20241207,16,26.21,38220.2,24788.2,
20241207,16,26.64,38220.2,24787.2,
20241207,16,27.00,38220.2,24779.6,
20241207,16,27.49,38220.2,24672.5,
20241207,16,27.50,38220.2,24671.6,
20241207,16,27.56,38220.2,24668.9,
20241207,16,28.25,38220.2,24662.0,
20241207,16,28.77,38220.2,24661.1,
20241207,16,28.80,38361.2,24660.3,
20241207,16,28.87,38370.8,24660.3,
20241207,16,29.02,38370.8,24660.3,
20241207,16,29.34,38370.8,24649.7,
20241207,16,29.90,38370.8,24649.1,
20241207,16,30.00,38370.8,24646.0,
20241207,16,30.01,38370.8,24577.8,
20241207,16,30.05,38370.8,24577.6,
20241207,16,30.12,38370.8,24569.9,
20241207,16,30.20,38370.8,24559.7,
20241207,16,31.00,38370.8,24557.3,
20241207,16,31.36,38370.8,24509.5,
20241207,16,31.48,38370.8,23840.9,
20241207,16,31.76,38370.8,23833.3,
20241207,16,31.79,38370.8,23764.0,
20241207,16,32.00,38370.8,23761.1,
20241207,16,32.02,38512.8,23759.6,
20241207,16,32.33,38512.8,23759.6,
20241207,16,33.50,38512.8,23759.5,
20241207,16,33.62,38562.6,23759.3,
20241207,16,34.94,38562.6,23759.3,
20241207,16,35.00,38562.6,23742.2,
20241207,16,36.00,38562.6,23728.7,
20241207,16,36.79,38562.6,23678.7,
20241207,16,37.50,38562.6,23667.6,
20241207,16,39.33,38562.6,23626.5,
20241207,16,39.69,39104.6,23626.0,
20241207,16,40.00,39104.6,23626.0,
20241207,16,40.01,39104.6,23547.4,
20241207,16,41.36,39104.6,23381.5,
20241207,16,42.74,39104.6,23381.1,
20241207,16,45.00,39104.6,23379.5,
20241207,16,45.01,39104.6,23057.8,
20241207,16,46.00,39104.6,22723.0,
20241207,16,47.14,39104.6,22673.0,
20241207,16,48.32,39104.6,22476.8,
20241207,16,50.00,39106.1,22451.3,
20241207,16,50.01,39106.1,22059.3,
20241207,16,55.00,39106.1,22055.2,
20241207,16,60.00,39106.1,21991.6,
20241207,16,61.39,39106.1,21877.7,
20241207,16,61.46,39106.1,21840.7,
20241207,16,62.30,39106.1,21839.0,
20241207,16,70.00,39106.1,21821.5,
20241207,16,70.48,39106.5,21821.4,
20241207,16,72.00,39106.5,21821.4,
20241207,16,77.80,39106.5,21821.1,
20241207,16,79.90,39106.5,21650.2,
20241207,16,80.00,39106.5,21648.1,
20241207,16,80.01,39106.5,20588.0,
20241207,16,80.10,39106.5,20429.8,
20241207,16,80.21,39256.4,20429.7,
20241207,16,81.00,39256.4,20429.7,
20241207,16,82.01,39256.4,20388.4,
20241207,16,85.00,39256.4,20233.7,
20241207,16,90.00,39256.4,20226.6,
20241207,16,95.16,39256.4,20219.4,
20241207,16,99.00,39256.4,20217.8,
20241207,16,99.90,39256.4,20217.6,
20241207,16,100.00,39444.2,20209.0,
20241207,16,100.01,39494.2,19864.7,
20241207,16,101.00,39494.2,19864.7,
20241207,16,108.08,39494.2,19700.2,
20241207,16,120.10,39494.2,19698.5,
20241207,16,121.00,39494.2,19658.3,
20241207,16,133.92,39494.2,19656.7,
20241207,16,138.00,39494.2,19655.0,
20241207,16,150.00,39494.2,19524.6,
20241207,16,151.00,39494.2,19428.0,
20241207,16,190.00,39494.2,19388.9,
20241207,16,200.00,39494.2,19388.1,
20241207,16,200.01,39494.2,16615.7,
20241207,16,200.10,39494.2,14298.2,
20241207,16,200.50,39494.2,14216.8,
20241207,16,200.98,39494.2,14156.8,
20241207,16,200.99,39494.2,14156.7,
20241207,16,201.00,39494.2,14156.6,
20241207,16,210.00,39494.2,14099.9,
20241207,16,250.00,39494.2,12471.5,
20241207,16,300.00,39494.2,12325.6,
20241207,16,500.00,39494.2,12221.0,
20241207,16,550.02,39494.2,12211.0,
20241207,16,900.00,39494.2,12019.6,
20241207,16,999.00,39494.2,12016.6,
20241207,16,999.99,39494.2,0.0,
20241207,17,0.00,0.0,36695.5,
20241207,17,0.00,13710.9,36695.5,
20241207,17,0.01,30691.5,36695.5,
20241207,17,0.02,30846.1,36674.2,
20241207,17,0.03,30847.7,36662.9,
20241207,17,0.04,30876.3,36651.4,
20241207,17,0.10,30962.1,36651.4,
20241207,17,0.25,30965.8,36571.3,
20241207,17,0.26,30968.5,36571.3,
20241207,17,0.27,30969.2,36571.3,
20241207,17,0.30,30969.5,36571.3,
20241207,17,0.65,30974.4,36571.3,
20241207,17,0.95,31117.0,36571.3,
20241207,17,1.00,31471.3,36571.3,
20241207,17,1.01,31477.8,36361.9,
20241207,17,2.00,31547.9,36346.9,
20241207,17,2.01,31547.9,36330.9,
20241207,17,2.26,31555.1,35730.9,
20241207,17,2.30,31557.1,35730.9,
20241207,17,3.00,31557.1,35730.9,
20241207,17,3.01,31562.6,35053.1,
20241207,17,3.02,31562.6,34853.1,
20241207,17,3.35,31563.6,34848.7,
20241207,17,3.50,31563.6,34848.7,
20241207,17,3.51,31564.1,34845.2,
20241207,17,3.65,31566.1,34845.2,
20241207,17,4.00,31572.9,34845.2,
20241207,17,4.27,31631.3,34844.2,
20241207,17,4.50,31638.5,34844.2,
20241207,17,4.69,31638.7,34844.2,
20241207,17,4.70,31640.7,34844.2,
20241207,17,5.00,31822.1,34844.2,
20241207,17,5.01,31822.7,34743.3,
20241207,17,5.02,31822.7,34186.2,
20241207,17,5.18,31822.8,34171.2,
20241207,17,5.27,31823.1,34171.2,
20241207,17,5.48,31823.1,34171.2,
20241207,17,5.90,31823.1,33871.2,
20241207,17,5.91,31823.2,33856.4,
20241207,17,6.00,31938.0,33856.4,
20241207,17,6.04,31939.0,33844.5,
20241207,17,6.05,31941.0,33844.5,
20241207,17,6.26,31941.0,33844.5,
20241207,17,6.35,31943.0,33838.5,
20241207,17,6.37,31943.4,33838.5,
20241207,17,6.50,31950.5,33838.5,
20241207,17,6.60,31951.1,33838.5,
20241207,17,6.75,31958.3,33838.5,
20241207,17,6.82,31958.7,33838.5,
20241207,17,7.00,31958.7,33838.5,
20241207,17,7.01,31958.7,33837.7,
20241207,17,7.39,31959.9,33836.8,
20241207,17,7.40,31961.9,33836.8,
20241207,17,7.50,32001.9,33836.8,
20241207,17,7.57,32002.2,33836.8,
20241207,17,7.70,32004.2,33836.8,
20241207,17,7.80,32004.2,33836.8,
20241207,17,7.81,32004.2,33763.9,
20241207,17,7.90,32004.2,33759.7,
20241207,17,8.00,32011.0,33759.2,
20241207,17,8.01,32012.5,33668.6,
20241207,17,8.04,32012.5,33663.4,
20241207,17,8.12,32012.5,33563.4,
20241207,17,8.54,32012.5,33563.1,
20241207,17,8.66,32012.5,33548.1,
20241207,17,8.74,32015.6,33533.1,
20241207,17,8.75,32017.6,33533.1,
20241207,17,8.85,32017.6,33533.1,
20241207,17,8.89,32017.6,33376.1,
20241207,17,8.94,32017.6,33317.1,
20241207,17,8.97,32017.6,33287.1,
20241207,17,8.99,32024.9,33257.1,
20241207,17,9.00,32024.9,33257.1,
20241207,17,9.01,32024.9,33151.3,
20241207,17,9.04,32024.9,33142.2,
20241207,17,9.05,32026.9,33127.2,
20241207,17,9.08,32026.9,33097.2,
20241207,17,9.11,32026.9,33067.2,
20241207,17,9.16,32026.9,33007.2,
20241207,17,9.17,32026.9,32977.2,
20241207,17,9.18,32026.9,32962.2,
20241207,17,9.19,32026.9,32962.1,
20241207,17,9.22,32026.9,32932.1,
20241207,17,9.34,32026.9,32902.1,
20241207,17,9.50,32030.1,32877.1,
20241207,17,9.54,32030.1,32854.5,
20241207,17,9.59,32126.1,32824.5,
20241207,17,9.68,32126.1,32824.5,
20241207,17,9.70,32126.1,32799.5,
20241207,17,9.73,32126.1,32799.0,
20241207,17,9.85,32128.6,32754.0,
20241207,17,9.87,32128.6,32754.0,
20241207,17,9.94,32133.5,32753.7,
20241207,17,9.99,32133.5,32753.7,
20241207,17,10.00,32143.2,32723.7,
20241207,17,10.01,32147.3,32589.0,
20241207,17,10.02,32147.3,32584.4,
20241207,17,10.05,32155.4,32584.0,
20241207,17,10.07,32155.4,32584.0,
20241207,17,10.14,32155.4,32579.3,
20241207,17,10.15,32155.4,32523.3,
20241207,17,10.16,32155.4,32423.3,
20241207,17,10.18,32155.4,32423.0,
20241207,17,10.19,32155.4,32393.0,
20241207,17,10.20,32181.9,32389.5,
20241207,17,10.22,32181.9,32389.5,
20241207,17,10.25,32181.9,32374.5,
20241207,17,10.30,32251.3,31800.5,
20241207,17,10.31,32251.3,31800.5,
20241207,17,10.33,32451.3,31799.8,
20241207,17,10.44,32451.3,31799.8,
20241207,17,10.50,32451.3,31652.8,
20241207,17,10.56,32470.7,31652.7,
20241207,17,10.58,32670.7,31652.7,
20241207,17,10.68,32670.7,31652.7,
20241207,17,10.69,32686.4,31649.5,
20241207,17,10.70,32720.2,31649.5,
20241207,17,10.71,32750.2,31583.6,
20241207,17,10.79,32750.2,31583.6,
20241207,17,10.80,32750.2,31436.6,
20241207,17,10.83,32950.2,31289.6,
20241207,17,10.86,32953.9,31289.6,
20241207,17,10.88,32953.9,31274.6,
20241207,17,10.93,32953.9,31274.3,
20241207,17,10.95,32983.9,31172.3,
20241207,17,11.00,32993.0,31172.3,
20241207,17,11.04,32993.0,31162.9,
20241207,17,11.08,32993.0,31015.9,
20241207,17,11.11,32993.0,30911.9,
20241207,17,11.13,32993.0,30811.9,
20241207,17,11.18,33005.5,30793.7,
20241207,17,11.20,33025.5,30785.5,
20241207,17,11.23,33025.5,30760.5,
20241207,17,11.24,33025.5,30737.1,
20241207,17,11.26,33025.7,30732.9,
20241207,17,11.29,33028.0,30635.7,
20241207,17,11.32,34378.0,30635.7,
20241207,17,11.33,34378.0,30635.7,
20241207,17,11.34,34378.0,30611.1,
20241207,17,11.40,34378.1,29745.9,
20241207,17,11.44,34378.1,29680.5,
20241207,17,11.45,34398.1,29680.0,
20241207,17,11.49,34398.1,29644.9,
20241207,17,11.50,34403.6,29629.9,
20241207,17,11.53,34403.6,29506.9,
20241207,17,11.54,34403.6,29489.4,
20241207,17,11.55,34403.6,29366.4,
20241207,17,11.57,34455.6,29136.4,
20241207,17,11.65,34455.6,29132.2,
20241207,17,11.70,34455.6,29009.2,
20241207,17,11.71,34475.6,29009.1,
20241207,17,11.75,34475.6,29009.1,
20241207,17,11.84,34505.6,29008.9,
20241207,17,11.87,34505.6,29008.9,
20241207,17,11.90,34505.6,28885.9,
20241207,17,11.91,34505.6,28860.9,
20241207,17,11.95,34505.6,28856.7,
20241207,17,11.99,34505.6,28855.8,
20241207,17,12.00,34651.4,28732.8,
20241207,17,12.01,34653.0,28662.4,
20241207,17,12.02,34653.0,28647.4,
20241207,17,12.03,34753.0,28639.6,
20241207,17,12.06,34773.0,28639.6,
20241207,17,12.07,35003.0,28639.4,
20241207,17,12.10,35003.0,28639.4,
20241207,17,12.18,35003.0,28639.3,
20241207,17,12.24,35003.0,28633.8,
20241207,17,12.25,35003.5,28625.2,
20241207,17,12.32,35003.5,28625.2,
20241207,17,12.38,35003.5,28549.5,
20241207,17,12.40,35003.5,28344.5,
20241207,17,12.42,35031.4,28344.4,
20241207,17,12.43,35031.4,28344.4,
20241207,17,12.47,35037.7,28341.0,
20241207,17,12.50,35037.7,28341.0,
20241207,17,12.51,35042.9,28296.6,
20241207,17,12.52,35212.9,28296.6,
20241207,17,12.55,35212.9,28296.6,
20241207,17,12.56,35212.9,28246.6,
20241207,17,12.60,35212.9,28196.6,
20241207,17,12.61,35215.3,28174.0,
20241207,17,12.63,35215.3,28174.0,
20241207,17,12.68,35240.3,28169.9,
20241207,17,12.69,35240.3,28169.9,
20241207,17,12.74,35240.3,28169.4,
20241207,17,12.79,35240.3,28168.1,
20241207,17,12.80,35240.3,28163.6,
20241207,17,12.82,35240.3,28161.5,
20241207,17,12.85,35240.3,28156.9,
20241207,17,12.90,35242.7,28041.9,
20241207,17,12.99,35248.7,28041.9,
20241207,17,13.00,35344.6,28031.3,
20241207,17,13.01,35344.6,27976.9,
20241207,17,13.04,35359.0,27968.7,
20241207,17,13.05,35359.0,27959.6,
20241207,17,13.07,35362.7,27956.1,
20241207,17,13.10,35364.4,27956.1,
20241207,17,13.12,35364.4,27954.1,
20241207,17,13.13,35434.4,27950.1,
20241207,17,13.24,35434.4,27950.1,
20241207,17,13.27,35434.4,27949.9,
20241207,17,13.31,35434.4,27949.7,
20241207,17,13.34,35434.4,27948.2,
20241207,17,13.35,35481.3,27941.9,
20241207,17,13.40,35481.3,27941.9,
20241207,17,13.50,35481.3,27881.9,
20241207,17,13.66,35490.0,27871.5,
20241207,17,13.69,35490.0,27867.0,
20241207,17,13.77,35518.9,27866.9,
20241207,17,14.00,35520.9,27861.8,
20241207,17,14.01,35522.1,27827.8,
20241207,17,14.04,35522.1,27827.8,
20241207,17,14.05,35555.0,27801.7,
20241207,17,14.06,35555.0,27801.7,
20241207,17,14.10,35585.0,27797.6,
20241207,17,14.14,35585.0,27797.6,
20241207,17,14.15,35585.0,27794.6,
20241207,17,14.25,35593.2,27793.2,
20241207,17,14.26,35653.2,27793.2,
20241207,17,14.29,35653.2,27793.2,
20241207,17,14.30,35653.2,27783.3,
20241207,17,14.42,35653.2,27683.3,
20241207,17,14.43,35653.2,27683.1,
20241207,17,14.45,35653.2,27681.5,
20241207,17,14.50,35653.2,27679.5,
20241207,17,14.51,35653.4,27657.7,
20241207,17,14.53,35653.4,27657.7,
20241207,17,14.60,35653.4,27636.7,
20241207,17,14.64,35653.4,27636.4,
20241207,17,14.65,35653.4,27628.8,
20241207,17,14.67,35653.4,27621.2,
20241207,17,14.69,35694.0,27621.1,
20241207,17,14.70,35729.0,27621.1,
20241207,17,14.88,35729.0,27621.1,
20241207,17,14.90,35742.0,27620.3,
20241207,17,14.99,35742.0,27620.3,
20241207,17,15.00,35787.0,27612.7,
20241207,17,15.01,35788.0,27563.8,
20241207,17,15.03,35791.0,27563.1,
20241207,17,15.10,35791.1,27563.1,
20241207,17,15.33,35826.6,27563.1,
20241207,17,15.39,36056.6,27563.1,
20241207,17,15.40,36091.6,27563.1,
20241207,17,15.41,36465.6,27563.1,
20241207,17,15.42,36468.8,27563.1,
20241207,17,15.47,36468.8,27563.1,
20241207,17,15.49,36468.8,27548.0,
20241207,17,15.50,36545.8,27545.6,
20241207,17,15.56,36545.8,27544.6,
20241207,17,15.57,36738.8,27541.6,
20241207,17,15.60,36738.8,27541.6,
20241207,17,15.68,36740.8,27541.5,
20241207,17,15.70,36740.8,27541.5,
20241207,17,15.71,36773.8,27541.4,
20241207,17,15.73,36773.9,27541.4,
20241207,17,15.77,36789.7,27541.4,
20241207,17,15.80,36789.7,27541.4,
20241207,17,15.86,36839.7,27539.4,
20241207,17,15.89,36889.7,27539.4,
20241207,17,15.90,36889.7,27539.4,
20241207,17,15.92,36920.7,27539.2,
20241207,17,15.93,37035.7,27539.2,
20241207,17,16.00,37087.6,27539.2,
20241207,17,16.01,37115.4,27492.5,
20241207,17,16.02,37130.5,27487.4,
20241207,17,16.06,37230.5,27487.4,
20241207,17,16.07,37246.5,27487.4,
20241207,17,16.09,37259.5,27487.4,
20241207,17,16.10,37285.7,27487.2,
20241207,17,16.14,37298.7,27487.2,
20241207,17,16.15,37306.7,27487.2,
20241207,17,16.19,37307.2,27487.2,
20241207,17,16.25,37324.2,27487.2,
20241207,17,16.38,37324.2,27487.2,
20241207,17,16.40,37324.2,27408.4,
20241207,17,16.50,37394.2,27408.3,
20241207,17,16.59,37394.2,27405.6,
20241207,17,16.70,37394.2,27403.9,
20241207,17,16.80,37419.2,27394.9,
20241207,17,16.82,37437.9,27394.9,
20241207,17,16.83,37524.7,27394.9,
20241207,17,16.84,37524.7,27394.9,
20241207,17,16.85,37524.7,27393.6,
20241207,17,16.86,37524.7,27393.5,
20241207,17,16.90,37524.7,27332.8,
20241207,17,17.00,37524.7,27330.8,
20241207,17,17.01,37528.5,27330.5,
20241207,17,17.15,37528.5,27325.4,
20241207,17,17.17,37628.5,27323.4,
20241207,17,17.20,37628.5,27323.4,
20241207,17,17.22,37853.0,27321.9,
20241207,17,17.43,37853.0,27321.9,
20241207,17,17.44,37853.0,27321.7,
20241207,17,17.50,37853.0,27311.6,
20241207,17,17.53,37853.0,27311.5,
20241207,17,17.54,37853.0,27311.4,
20241207,17,17.58,37853.0,27311.1,
20241207,17,17.60,37853.0,27294.9,
20241207,17,17.63,37883.7,27294.8,
20241207,17,17.73,37883.7,27294.8,
20241207,17,17.91,37883.7,27272.8,
20241207,17,17.95,37883.7,27271.7,
20241207,17,18.00,37883.7,27270.6,
20241207,17,18.01,37884.9,27240.9,
20241207,17,18.08,37884.9,27240.9,
20241207,17,18.10,37884.9,27239.2,
20241207,17,18.13,37984.9,27237.4,
20241207,17,18.19,37984.9,27237.4,
20241207,17,18.41,37984.9,27236.4,
20241207,17,18.43,38120.6,27204.0,
20241207,17,18.49,38120.6,27204.0,
20241207,17,18.50,38120.6,27203.9,
20241207,17,18.69,38120.6,27202.3,
20241207,17,18.78,38120.6,27116.5,
20241207,17,18.79,38122.8,27111.0,
20241207,17,19.00,38152.8,27111.0,
20241207,17,19.01,38159.0,27110.9,
20241207,17,19.23,38183.6,27110.9,
20241207,17,19.28,38183.6,27110.9,
20241207,17,19.35,38183.6,27110.0,
20241207,17,19.42,38423.6,27028.0,
20241207,17,19.50,38423.6,27028.0,
20241207,17,19.58,38423.6,27026.7,
20241207,17,19.59,38565.6,27019.0,
20241207,17,19.63,38706.6,27019.0,
20241207,17,19.70,38848.6,27019.0,
20241207,17,19.73,38989.6,27019.0,
20241207,17,19.85,38989.6,27019.0,
20241207,17,19.87,38989.6,27018.0,
20241207,17,20.00,38989.6,26589.8,
20241207,17,20.01,38994.4,26565.7,
20241207,17,20.12,38994.4,26551.0,
20241207,17,20.16,38996.4,26534.3,
20241207,17,20.75,39138.4,26534.3,
20241207,17,21.02,39138.4,26534.3,
20241207,17,21.10,39144.3,25734.3,
20241207,17,21.20,39144.3,25734.3,
20241207,17,21.51,39144.3,25733.3,
20241207,17,21.90,39144.3,25723.2,
20241207,17,22.26,39144.3,25704.5,
20241207,17,22.53,39144.3,25701.1,
20241207,17,22.54,39144.3,25700.9,
20241207,17,22.55,39144.3,25698.2,
20241207,17,22.72,39144.3,25697.2,
20241207,17,23.08,39144.3,25697.1,
20241207,17,23.68,39144.3,25681.2,
20241207,17,23.90,39144.3,25680.4,
20241207,17,23.97,39285.3,25679.4,
20241207,17,24.00,39285.3,25679.4,
20241207,17,24.04,39285.3,25594.1,
20241207,17,24.17,39285.3,25591.9,
20241207,17,25.00,39285.3,25584.3,
20241207,17,25.10,39285.3,25574.6,
20241207,17,25.25,39285.3,25574.3,
20241207,17,25.59,39285.3,25573.3,
20241207,17,26.50,39285.3,25570.3,
20241207,17,26.60,39285.3,25570.2,
20241207,17,26.61,39285.3,25563.4,
20241207,17,27.00,39285.3,25562.5,
20241207,17,27.17,39427.3,25442.4,
20241207,17,27.22,39427.3,25442.4,
20241207,17,27.50,39427.3,25434.7,
20241207,17,27.83,39427.3,25431.6,
20241207,17,28.07,39427.3,25430.8,
20241207,17,28.50,39427.3,25418.5,
20241207,17,28.75,39427.3,25410.9,
20241207,17,28.87,39436.9,25329.3,
20241207,17,29.72,39436.9,25329.3,
20241207,17,29.90,39436.9,25329.2,
20241207,17,30.00,39436.9,25324.9,
20241207,17,30.01,39436.9,25241.1,
20241207,17,30.12,39436.9,25240.3,
20241207,17,30.40,39577.9,25227.3,
20241207,17,31.00,39577.9,25227.3,
20241207,17,31.36,39577.9,25132.9,
20241207,17,31.79,39577.9,24565.8,
20241207,17,32.00,39577.9,24562.8,
20241207,17,33.62,39650.2,24561.0,
20241207,17,34.94,39650.2,24561.0,
20241207,17,35.00,39650.2,24545.9,
20241207,17,35.90,39650.2,24524.4,
20241207,17,36.00,39650.2,24522.1,
20241207,17,36.72,39650.2,24472.1,
20241207,17,37.50,39650.2,24471.6,
20241207,17,39.69,40244.2,24428.7,
20241207,17,40.00,40244.2,24428.7,
20241207,17,40.01,40244.2,24346.7,
20241207,17,42.65,40244.2,24194.7,
20241207,17,45.00,40244.2,24193.1,
20241207,17,45.01,40244.2,23920.8,
20241207,17,46.00,40244.2,23595.0,
20241207,17,46.74,40244.2,23545.0,
20241207,17,48.32,40244.2,23334.8,
20241207,17,50.00,40245.8,23309.3,
20241207,17,50.01,40245.8,22894.0,
20241207,17,55.00,40245.8,22890.3,
20241207,17,60.00,40245.8,22828.0,
20241207,17,60.70,40245.8,22688.9,
20241207,17,61.28,40245.8,22686.1,
20241207,17,61.59,40245.8,22648.8,
20241207,17,70.00,40245.8,22631.3,
20241207,17,70.48,40246.2,22630.2,
20241207,17,72.00,40246.2,22630.2,
20241207,17,77.80,40246.2,22629.7,
20241207,17,79.90,40246.2,22450.1,
20241207,17,80.00,40246.2,22447.3,
20241207,17,80.01,40246.2,21311.8,
20241207,17,80.02,40246.2,21132.1,
20241207,17,80.21,40396.1,21056.1,
20241207,17,81.00,40396.1,21056.1,
20241207,17,82.01,40396.1,21016.1,
20241207,17,85.00,40396.1,20860.5,
20241207,17,90.00,40396.1,20849.0,
20241207,17,95.10,40396.1,20839.1,
20241207,17,99.90,40396.1,20837.5,
20241207,17,100.00,40546.1,20828.9,
20241207,17,100.01,40607.7,20419.5,
20241207,17,101.00,40607.7,20419.5,
20241207,17,108.02,40607.7,20255.0,
20241207,17,120.10,40607.7,20253.3,
20241207,17,120.94,40607.7,20207.7,
20241207,17,133.86,40607.7,20206.1,
20241207,17,138.00,40607.7,20204.4,
20241207,17,150.00,40607.7,20070.1,
20241207,17,151.00,40607.7,19974.2,
20241207,17,190.00,40607.7,19935.1,
20241207,17,200.00,40607.7,19934.2,
20241207,17,200.01,40607.7,17066.1,
20241207,17,200.10,40607.7,14770.4,
20241207,17,200.50,40607.7,14688.1,
20241207,17,201.00,40607.7,14687.9,
20241207,17,210.00,40607.7,14630.9,
20241207,17,250.00,40607.7,12976.3,
20241207,17,300.00,40607.7,12841.9,
20241207,17,500.00,40607.7,12736.8,
20241207,17,550.02,40607.7,12726.8,
20241207,17,900.00,40607.7,12498.4,
20241207,17,999.00,40607.7,12484.4,
20241207,17,999.99,40607.7,0.0,
20241207,18,0.00,0.0,37619.6,
20241207,18,0.00,15311.2,37619.6,
20241207,18,0.01,32460.2,37619.6,
20241207,18,0.02,32614.9,37596.7,
20241207,18,0.03,32616.5,37585.4,
20241207,18,0.04,32654.2,37573.5,
20241207,18,0.10,32760.1,37573.5,
20241207,18,0.21,32765.5,37493.4,
20241207,18,0.25,32771.2,37493.4,
20241207,18,0.26,32775.3,37493.4,
20241207,18,0.27,32776.4,37493.4,
20241207,18,0.30,32777.0,37493.4,
20241207,18,0.44,32949.3,37493.4,
20241207,18,1.00,33305.1,37493.4,
20241207,18,1.01,33311.9,37275.2,
20241207,18,1.56,33313.9,37259.2,
20241207,18,1.79,33315.9,37259.2,
20241207,18,2.00,33384.3,37259.2,
20241207,18,2.01,33384.3,37243.2,
20241207,18,2.27,33391.5,36643.2,
20241207,18,2.91,33393.5,36643.2,
20241207,18,3.00,33423.5,36643.2,
20241207,18,3.01,33433.3,35965.0,
20241207,18,3.02,33433.3,35765.0,
20241207,18,3.14,33435.3,35761.3,
20241207,18,3.50,33435.3,35761.3,
20241207,18,3.51,33435.9,35757.4,
20241207,18,4.00,33440.4,35757.4,
20241207,18,4.23,33440.5,35756.4,
20241207,18,4.26,33442.5,35756.4,
20241207,18,4.27,33500.9,35756.4,
20241207,18,4.32,33501.3,35756.4,
20241207,18,4.49,33503.3,35756.4,
20241207,18,4.53,33510.5,35756.4,
20241207,18,5.00,33690.5,35756.4,
20241207,18,5.01,33691.2,35646.8,
20241207,18,5.02,33691.2,35081.7,
20241207,18,5.48,33691.2,35066.7,
20241207,18,5.61,33693.2,34766.7,
20241207,18,5.73,33694.4,34766.7,
20241207,18,5.84,33696.4,34766.7,
20241207,18,5.90,33696.4,34766.7,
20241207,18,6.00,33808.7,34751.9,
20241207,18,6.26,33808.7,34739.9,
20241207,18,6.50,33809.1,34733.9,
20241207,18,6.79,33816.3,34733.9,
20241207,18,6.96,33818.3,34733.9,
20241207,18,7.00,33818.3,34733.8,
20241207,18,7.01,33818.3,34732.9,
20241207,18,7.08,33820.4,34731.9,
20241207,18,7.19,33822.4,34731.9,
20241207,18,7.50,33862.4,34731.9,
20241207,18,7.80,33862.4,34731.9,
20241207,18,8.00,33867.9,34660.1,
20241207,18,8.01,33868.8,34568.5,
20241207,18,8.04,33868.8,34562.8,
20241207,18,8.16,33868.8,34462.8,
20241207,18,8.20,33869.3,34461.0,
20241207,18,8.31,33871.3,34461.0,
20241207,18,8.40,33871.3,34461.0,
20241207,18,8.43,33874.8,34456.5,
20241207,18,8.50,33874.8,34456.5,
20241207,18,8.51,33874.8,34406.5,
20241207,18,8.54,33876.8,34391.5,
20241207,18,8.60,33876.8,34391.5,
20241207,18,8.70,33876.8,34390.3,
20241207,18,8.74,33880.0,34389.8,
20241207,18,8.85,33880.0,34389.8,
20241207,18,8.89,33880.0,34232.8,
20241207,18,8.90,33880.0,34173.8,
20241207,18,8.94,33880.0,34171.2,
20241207,18,8.95,33880.0,34140.2,
20241207,18,8.97,33880.0,34138.2,
20241207,18,8.98,33880.0,34108.2,
20241207,18,8.99,33884.0,34106.6,
20241207,18,9.00,33884.0,34106.6,
20241207,18,9.01,33884.0,33895.9,
20241207,18,9.05,33891.3,33871.1,
20241207,18,9.07,33891.3,33841.1,
20241207,18,9.08,33891.3,33826.1,
20241207,18,9.11,33891.3,33796.1,
20241207,18,9.16,33891.3,33736.1,
20241207,18,9.18,33891.3,33706.1,
20241207,18,9.19,33891.3,33706.0,
20241207,18,9.22,33891.3,33676.0,
20241207,18,9.26,33891.3,33646.0,
20241207,18,9.35,33893.1,33645.7,
20241207,18,9.44,33894.2,33645.7,
20241207,18,9.50,33894.2,33645.7,
20241207,18,9.51,33894.2,33625.7,
20241207,18,9.59,33960.2,33600.7,
20241207,18,9.60,33960.2,33600.7,
20241207,18,9.65,33960.2,33585.7,
20241207,18,9.73,33960.2,33585.4,
20241207,18,9.79,33960.2,33540.4,
20241207,18,9.83,33969.8,33537.4,
20241207,18,9.92,33969.8,33537.4,
20241207,18,9.99,33969.8,33512.4,
20241207,18,10.00,33981.9,33482.4,
20241207,18,10.01,33986.3,33364.3,
20241207,18,10.02,33987.3,33330.4,
20241207,18,10.05,33993.8,33330.4,
20241207,18,10.06,34059.1,33330.4,
20241207,18,10.07,34059.1,33330.4,
20241207,18,10.10,34059.1,33325.8,
20241207,18,10.11,34059.1,33325.1,
20241207,18,10.12,34071.9,33324.9,
20241207,18,10.15,34101.9,33320.5,
20241207,18,10.16,34103.8,33305.9,
20241207,18,10.18,34303.8,33305.9,
20241207,18,10.23,34303.8,33305.9,
20241207,18,10.25,34303.8,33290.9,
20241207,18,10.33,34503.8,32716.9,
20241207,18,10.44,34503.8,32716.9,
20241207,18,10.45,34524.2,32568.9,
20241207,18,10.50,34524.2,32568.9,
20241207,18,10.51,34554.2,32568.8,
20241207,18,10.55,34554.2,32567.7,
20241207,18,10.56,34554.2,32517.7,
20241207,18,10.58,34854.2,32467.7,
20241207,18,10.68,34854.2,32467.7,
20241207,18,10.70,34865.1,32464.3,
20241207,18,10.79,34865.1,32383.8,
20241207,18,10.80,34865.1,32236.8,
20241207,18,10.83,35165.4,32088.8,
20241207,18,10.85,35265.4,32088.8,
20241207,18,10.86,35306.7,32088.8,
20241207,18,10.87,35311.7,32088.8,
20241207,18,10.93,35311.7,32073.8,
20241207,18,10.96,35311.7,31971.8,
20241207,18,11.00,35345.7,31971.2,
20241207,18,11.01,35367.3,31958.9,
20241207,18,11.04,35367.3,31958.7,
20241207,18,11.05,35367.3,31810.7,
20241207,18,11.08,35367.3,31804.5,
20241207,18,11.11,35367.3,31700.5,
20241207,18,11.13,35367.3,31675.5,
20241207,18,11.15,35376.1,31674.6,
20241207,18,11.16,35376.2,31674.6,
20241207,18,11.17,35376.2,31674.6,
20241207,18,11.20,35382.7,31656.7,
20241207,18,11.21,35412.7,31656.7,
20241207,18,11.24,35440.9,31656.7,
20241207,18,11.25,35440.9,31656.5,
20241207,18,11.26,35440.9,31543.4,
20241207,18,11.31,35440.9,31446.2,
20241207,18,11.32,36950.9,31420.9,
20241207,18,11.33,36950.9,31420.9,
20241207,18,11.34,36950.9,31383.2,
20241207,18,11.40,36950.9,30518.0,
20241207,18,11.44,36950.9,30517.6,
20241207,18,11.47,36957.3,30517.4,
20241207,18,11.50,36959.3,30452.4,
20241207,18,11.51,36979.3,30328.4,
20241207,18,11.54,36979.3,30313.4,
20241207,18,11.57,37031.3,30190.4,
20241207,18,11.62,37031.3,30156.9,
20241207,18,11.63,37061.3,29926.9,
20241207,18,11.65,37061.3,29926.9,
20241207,18,11.70,37061.3,29803.9,
20241207,18,11.74,37063.0,29803.8,
20241207,18,11.80,37072.5,29797.6,
20241207,18,11.82,37073.3,29763.8,
20241207,18,11.84,37103.3,29691.1,
20241207,18,11.87,37103.3,29691.1,
20241207,18,11.90,37103.3,29567.1,
20241207,18,11.99,37103.3,29566.4,
20241207,18,12.00,37304.1,29443.4,
20241207,18,12.01,37315.1,29373.3,
20241207,18,12.02,37315.1,29358.3,
20241207,18,12.03,37415.1,29345.4,
20241207,18,12.07,37648.1,29345.4,
20241207,18,12.10,37648.1,29345.4,
20241207,18,12.17,37668.1,29345.3,
20241207,18,12.19,37668.1,29345.3,
20241207,18,12.31,37671.3,29341.1,
20241207,18,12.36,37680.0,29341.1,
20241207,18,12.38,37680.0,29334.7,
20241207,18,12.40,37685.7,29330.7,
20241207,18,12.42,37685.7,29330.6,
20241207,18,12.44,37698.2,29096.6,
20241207,18,12.48,37698.2,29096.6,
20241207,18,12.50,37698.2,29092.1,
20241207,18,12.51,37715.1,29037.8,
20241207,18,12.57,37882.1,29037.8,
20241207,18,12.59,37882.1,29037.8,
20241207,18,12.61,37882.1,29035.8,
20241207,18,12.63,37882.1,29035.5,
20241207,18,12.68,37907.1,29031.3,
20241207,18,12.80,37907.1,29031.3,
20241207,18,12.81,37927.1,29031.2,
20241207,18,12.84,37927.1,29030.9,
20241207,18,12.85,37927.1,29030.3,
20241207,18,13.00,37948.2,28815.3,
20241207,18,13.01,37949.5,28759.1,
20241207,18,13.03,37949.5,28750.3,
20241207,18,13.08,37949.5,28747.2,
20241207,18,13.13,38092.0,28743.0,
20241207,18,13.42,38092.0,28743.0,
20241207,18,13.44,38092.0,28683.0,
20241207,18,13.45,38092.0,28678.9,
20241207,18,13.50,38092.0,28678.6,
20241207,18,13.61,38092.8,28668.5,
20241207,18,13.66,38099.7,28668.5,
20241207,18,13.69,38099.7,28668.5,
20241207,18,13.71,38099.7,28668.4,
20241207,18,13.75,38103.6,28667.0,
20241207,18,13.78,38103.6,28667.0,
20241207,18,13.79,38132.5,28665.3,
20241207,18,13.83,38132.5,28665.3,
20241207,18,13.94,38132.5,28662.3,
20241207,18,13.96,38132.5,28660.3,
20241207,18,13.98,38162.5,28651.7,
20241207,18,14.00,38164.5,28651.7,
20241207,18,14.01,38165.2,28617.8,
20241207,18,14.05,38165.2,28617.8,
20241207,18,14.06,38220.3,28613.9,
20241207,18,14.09,38220.3,28613.9,
20241207,18,14.25,38232.8,28613.0,
20241207,18,14.26,38292.8,28613.0,
20241207,18,14.29,38292.8,28613.0,
20241207,18,14.40,38318.8,28606.8,
20241207,18,14.50,38343.9,28606.8,
20241207,18,14.51,38374.4,28582.2,
20241207,18,14.53,38374.4,28572.2,
20241207,18,14.58,38409.4,28551.7,
20241207,18,14.60,38409.4,28551.7,
20241207,18,14.63,38454.4,28551.4,
20241207,18,14.64,38504.3,28551.4,
20241207,18,14.66,38551.3,28551.4,
20241207,18,14.67,38551.3,28551.4,
20241207,18,14.69,38567.2,28551.1,
20241207,18,14.70,38597.2,28551.1,
20241207,18,14.72,38645.2,28551.1,
20241207,18,14.85,38716.2,28551.1,
20241207,18,14.88,38779.2,28551.1,
20241207,18,14.90,38792.3,28551.1,
20241207,18,14.93,38864.3,28551.1,
20241207,18,14.98,38929.3,28551.1,
20241207,18,15.00,38994.3,28551.1,
20241207,18,15.01,39103.4,28504.3,
20241207,18,15.02,39113.1,28503.6,
20241207,18,15.03,39181.1,28503.6,
20241207,18,15.06,39181.1,28503.6,
20241207,18,15.10,39181.1,28502.6,
20241207,18,15.18,39181.1,28502.5,
20241207,18,15.20,39206.2,28500.0,
20241207,18,15.22,39255.2,28500.0,
20241207,18,15.25,39255.2,28500.0,
20241207,18,15.27,39290.2,28483.4,
20241207,18,15.29,39290.2,28483.4,
20241207,18,15.34,39320.2,28481.4,
20241207,18,15.35,39342.8,28481.4,
20241207,18,15.39,39572.8,28481.4,
20241207,18,15.41,39893.8,28481.4,
20241207,18,15.50,39940.8,28481.4,
20241207,18,15.58,40133.8,28481.4,
20241207,18,15.60,40133.8,28481.4,
20241207,18,15.68,40136.4,28481.3,
20241207,18,15.70,40136.4,28481.3,
20241207,18,15.79,40151.0,28481.2,
20241207,18,15.87,40201.0,28481.2,
20241207,18,15.89,40226.1,28481.2,
20241207,18,15.90,40226.1,28481.2,
20241207,18,15.93,40380.6,28481.0,
20241207,18,15.96,40466.6,28481.0,
20241207,18,15.97,40491.6,28481.0,
20241207,18,16.00,40523.8,28481.0,
20241207,18,16.01,40537.4,28433.0,
20241207,18,16.02,40537.9,28427.7,
20241207,18,16.06,40637.9,28427.7,
20241207,18,16.09,40668.9,28427.7,
20241207,18,16.16,40668.9,28427.7,
20241207,18,16.36,40668.9,28426.9,
20241207,18,16.38,40668.9,28349.9,
20241207,18,16.39,40668.9,28347.9,
20241207,18,16.40,40668.9,28347.8,
20241207,18,16.41,40668.9,28347.4,
20241207,18,16.50,40738.9,28347.3,
20241207,18,16.53,40738.9,28347.0,
20241207,18,16.58,40759.0,28345.5,
20241207,18,16.59,40759.0,28345.5,
20241207,18,16.64,40759.0,28343.9,
20241207,18,16.66,40784.0,28341.9,
20241207,18,16.67,40784.0,28341.9,
20241207,18,16.70,40784.0,28333.5,
20241207,18,16.86,40784.0,28324.5,
20241207,18,16.96,40784.0,28258.1,
20241207,18,17.00,40784.0,28248.0,
20241207,18,17.01,40788.7,28247.6,
20241207,18,17.17,40888.7,28242.3,
20241207,18,17.20,40888.7,28242.3,
20241207,18,17.22,41113.2,28240.4,
20241207,18,17.43,41113.2,28240.4,
20241207,18,17.58,41113.2,28240.2,
20241207,18,17.60,41113.2,28224.0,
20241207,18,17.70,41113.2,28223.9,
20241207,18,17.73,41113.2,28222.3,
20241207,18,17.88,41113.2,28200.3,
20241207,18,17.99,41113.2,28199.3,
20241207,18,18.00,41113.2,28197.8,
20241207,18,18.01,41119.7,28163.1,
20241207,18,18.10,41119.7,28163.1,
20241207,18,18.13,41219.7,28161.1,
20241207,18,18.37,41219.7,28161.1,
20241207,18,18.39,41219.7,28082.0,
20241207,18,18.41,41219.7,28081.0,
20241207,18,18.42,41219.7,28050.0,
20241207,18,18.43,41324.7,28047.2,
20241207,18,18.49,41324.7,28047.2,
20241207,18,18.50,41324.7,28047.1,
20241207,18,18.78,41324.7,28046.7,
20241207,18,18.79,41327.5,28041.9,
20241207,18,19.00,41357.5,28041.9,
20241207,18,19.17,41357.5,28041.8,
20241207,18,19.23,41357.5,27959.8,
20241207,18,19.34,41357.5,27959.7,
20241207,18,19.42,41597.5,27958.7,
20241207,18,19.50,41597.5,27958.7,
20241207,18,19.59,41739.5,27957.9,
20241207,18,19.66,41880.5,27957.9,
20241207,18,19.70,42022.5,27957.9,
20241207,18,19.77,42163.5,27957.9,
20241207,18,19.90,42163.5,27957.9,
20241207,18,20.00,42163.5,27544.9,
20241207,18,20.01,42168.7,27517.9,
20241207,18,20.07,42183.7,27502.0,
20241207,18,20.12,42183.7,27502.0,
20241207,18,20.50,42183.7,27483.2,
20241207,18,20.69,42183.7,27483.1,
20241207,18,21.02,42183.7,27482.1,
20241207,18,21.04,42183.7,26682.1,
20241207,18,21.10,42189.6,26672.0,
20241207,18,21.18,42189.6,26672.0,
20241207,18,21.38,42189.6,26663.4,
20241207,18,21.39,42189.6,26644.6,
20241207,18,21.40,42189.6,26644.4,
20241207,18,22.04,42189.6,26641.7,
20241207,18,22.35,42331.6,26640.7,
20241207,18,22.70,42331.6,26640.7,
20241207,18,23.39,42331.6,26625.7,
20241207,18,24.00,42331.6,26624.7,
20241207,18,24.04,42331.6,26528.4,
20241207,18,24.74,42331.6,26525.8,
20241207,18,25.00,42331.6,26524.8,
20241207,18,25.10,42331.6,26514.8,
20241207,18,25.13,42331.6,26514.3,
20241207,18,25.41,42331.6,26504.2,
20241207,18,25.57,42472.6,26504.1,
20241207,18,25.69,42472.6,26504.1,
20241207,18,25.74,42472.6,26495.7,
20241207,18,26.09,42472.6,26492.7,
20241207,18,27.00,42472.6,26486.3,
20241207,18,27.50,42472.6,26351.8,
20241207,18,27.85,42472.6,26347.3,
20241207,18,28.70,42472.6,26341.6,
20241207,18,28.80,42614.6,26333.0,
20241207,18,28.87,42624.2,26333.0,
20241207,18,29.90,42624.2,26333.0,
20241207,18,29.95,42624.2,26327.0,
20241207,18,30.00,42624.2,26318.6,
20241207,18,30.01,42624.2,26229.1,
20241207,18,30.12,42624.2,26228.4,
20241207,18,30.20,42624.2,26212.5,
20241207,18,31.00,42624.2,26104.0,
20241207,18,31.36,42624.2,26004.6,
20241207,18,31.79,42624.2,25550.9,
20241207,18,32.00,42624.2,25548.0,
20241207,18,32.02,42765.2,25546.1,
20241207,18,32.41,42765.2,25546.1,
20241207,18,33.62,42788.9,25546.0,
20241207,18,34.94,42788.9,25546.0,
20241207,18,35.00,42788.9,25528.2,
20241207,18,36.00,42788.9,25503.6,
20241207,18,36.78,42788.9,25453.6,
20241207,18,36.79,42788.9,25451.2,
20241207,18,37.50,42788.9,25446.0,
20241207,18,39.41,42788.9,25401.5,
20241207,18,39.69,43374.9,25401.0,
20241207,18,40.00,43374.9,25401.0,
20241207,18,40.01,43374.9,25316.5,
20241207,18,44.82,43374.9,25162.3,
20241207,18,45.00,43374.9,25160.7,
20241207,18,45.01,43374.9,25081.1,
20241207,18,46.00,43374.9,24756.3,
20241207,18,46.72,43374.9,24706.3,
20241207,18,48.32,43374.9,24483.0,
20241207,18,50.00,43376.5,24457.5,
20241207,18,50.01,43376.5,24022.5,
20241207,18,55.00,43376.5,24018.7,
20241207,18,60.00,43376.5,23958.0,
20241207,18,60.54,43376.5,23805.0,
20241207,18,60.75,43376.5,23801.9,
20241207,18,61.43,43376.5,23764.6,
20241207,18,70.00,43376.5,23746.8,
20241207,18,70.48,43376.9,23745.7,
20241207,18,72.00,43376.9,23745.7,
20241207,18,77.80,43376.9,23745.1,
20241207,18,79.90,43376.9,23561.8,
20241207,18,80.00,43376.9,23557.9,
20241207,18,80.01,43376.9,22359.7,
20241207,18,80.02,43376.9,22160.1,
20241207,18,80.21,43526.8,22084.1,
20241207,18,81.00,43526.8,22084.1,
20241207,18,82.01,43526.8,22050.6,
20241207,18,85.00,43526.8,21896.0,
20241207,18,90.00,43526.8,21879.4,
20241207,18,96.55,43526.8,21868.2,
20241207,18,99.90,43526.8,21866.6,
20241207,18,100.00,43676.8,21858.5,
20241207,18,100.01,43749.5,21439.3,
20241207,18,101.00,43749.5,21439.3,
20241207,18,109.47,43749.5,21274.8,
20241207,18,120.10,43749.5,21273.1,
20241207,18,122.39,43749.5,21222.6,
20241207,18,135.31,43749.5,21221.0,
20241207,18,138.00,43749.5,21219.3,
20241207,18,150.00,43749.5,21080.8,
20241207,18,151.00,43749.5,20982.8,
20241207,18,190.00,43749.5,20943.8,
20241207,18,200.00,43749.5,20942.6,
20241207,18,200.01,43749.5,17902.5,
20241207,18,200.10,43749.5,15609.6,
20241207,18,200.50,43749.5,15526.8,
20241207,18,201.00,43749.5,15526.6,
20241207,18,210.00,43749.5,15463.4,
20241207,18,250.00,43749.5,13805.8,
20241207,18,300.00,43749.5,13656.7,
20241207,18,500.00,43749.5,13551.1,
20241207,18,550.02,43749.5,13541.1,
20241207,18,900.00,43749.5,13312.7,
20241207,18,999.00,43749.5,13298.7,
20241207,18,999.99,43749.5,0.0,
20241207,19,0.00,0.0,39576.8,
20241207,19,0.00,16925.5,39576.8,
20241207,19,0.01,33918.0,39576.8,
20241207,19,0.02,34078.0,39545.0,
20241207,19,0.03,34080.0,39533.8,
20241207,19,0.04,34126.1,39521.7,
20241207,19,0.10,34240.4,39521.7,
20241207,19,0.25,34247.8,39441.6,
20241207,19,0.26,34253.1,39441.6,
20241207,19,0.27,34254.6,39441.6,
20241207,19,0.30,34255.4,39441.6,
20241207,19,1.00,34645.3,39441.6,
20241207,19,1.01,34645.3,39213.2,
20241207,19,1.32,34852.9,39194.7,
20241207,19,2.00,34920.2,39194.7,
20241207,19,2.01,34920.2,39178.7,
20241207,19,2.26,34927.4,38578.7,
20241207,19,2.50,34927.5,38578.7,
20241207,19,2.67,34931.7,38578.7,
20241207,19,3.00,34981.7,38578.7,
20241207,19,3.01,34990.8,37900.9,
20241207,19,3.02,34990.8,37700.9,
20241207,19,3.45,34991.0,37697.1,
20241207,19,3.50,34991.0,37697.1,
20241207,19,3.51,34991.7,37693.1,
20241207,19,3.54,34992.1,37693.1,
20241207,19,4.00,34999.3,37693.1,
20241207,19,4.02,35004.3,37692.1,
20241207,19,4.27,35062.7,37692.1,
20241207,19,4.50,35069.9,37692.1,
20241207,19,5.00,35249.5,37692.1,
20241207,19,5.01,35250.2,37582.4,
20241207,19,5.02,35250.2,37007.7,
20241207,19,5.37,35255.9,36992.7,
20241207,19,5.48,35255.9,36992.7,
20241207,19,5.90,35255.9,36692.7,
20241207,19,6.00,35335.5,36678.2,
20241207,19,6.26,35335.5,36646.2,
20241207,19,6.50,35335.6,36640.2,
20241207,19,6.60,35335.6,36640.2,
20241207,19,6.72,35341.8,36639.1,
20241207,19,6.75,35349.0,36639.1,
20241207,19,6.92,35349.0,36639.1,
20241207,19,6.96,35349.0,36634.5,
20241207,19,7.00,35349.0,36634.4,
20241207,19,7.01,35349.0,36633.6,
20241207,19,7.50,35389.0,36626.5,
20241207,19,7.70,35389.1,36626.5,
20241207,19,7.75,35389.1,36626.5,
20241207,19,7.80,35389.1,36611.5,
20241207,19,7.86,35392.4,36596.5,
20241207,19,7.94,35393.6,36596.5,
20241207,19,8.00,35398.0,36596.5,
20241207,19,8.01,35398.8,36452.4,
20241207,19,8.03,35401.7,36452.4,
20241207,19,8.07,35410.2,36452.4,
20241207,19,8.21,35410.2,36452.4,
20241207,19,8.25,35410.2,36437.4,
20241207,19,8.26,35410.2,36437.1,
20241207,19,8.42,35410.2,36422.1,
20241207,19,8.48,35410.2,36421.0,
20241207,19,8.50,35410.2,36396.0,
20241207,19,8.51,35510.2,36341.8,
20241207,19,8.52,35518.0,36341.8,
20241207,19,8.54,35579.4,36341.8,
20241207,19,8.58,35583.6,36341.8,
20241207,19,8.66,35583.6,36341.8,
20241207,19,8.71,35583.6,36311.8,
20241207,19,8.76,35583.6,36286.8,
20241207,19,8.80,35583.6,36186.8,
20241207,19,8.85,35593.3,36184.3,
20241207,19,8.89,35593.3,36027.3,
20241207,19,8.94,35593.3,35868.3,
20241207,19,8.97,35593.3,35838.3,
20241207,19,8.98,35593.3,35808.3,
20241207,19,8.99,35600.6,35807.7,
20241207,19,9.00,35604.1,35807.7,
20241207,19,9.01,35604.1,35688.0,
20241207,19,9.05,35604.1,35677.7,
20241207,19,9.08,35604.1,35647.7,
20241207,19,9.11,35604.1,35617.7,
20241207,19,9.16,35604.1,35557.4,
20241207,19,9.17,35609.7,35503.0,
20241207,19,9.18,35639.7,35503.0,
20241207,19,9.19,35639.7,35502.9,
20241207,19,9.22,35639.7,35472.9,
20241207,19,9.44,35642.2,35442.9,
20241207,19,9.50,35663.5,35442.9,
20241207,19,9.54,35663.5,35442.9,
20241207,19,9.63,35693.5,35441.4,
20241207,19,9.65,35693.5,35441.1,
20241207,19,9.66,35706.4,35235.1,
20241207,19,9.69,35706.4,35235.1,
20241207,19,9.71,35706.4,35234.8,
20241207,19,9.79,35706.4,35189.8,
20241207,19,9.86,35706.4,35185.4,
20241207,19,9.94,35706.4,35185.0,
20241207,19,9.98,35706.4,35184.4,
20241207,19,10.00,35761.5,35154.4,
20241207,19,10.01,35767.6,35061.7,
20241207,19,10.04,35767.6,35056.6,
20241207,19,10.05,35767.6,35056.3,
20241207,19,10.09,35787.6,35041.3,
20241207,19,10.18,36017.6,35041.3,
20241207,19,10.21,36017.6,35041.3,
20241207,19,10.25,36017.6,35040.9,
20241207,19,10.31,36018.0,34466.9,
20241207,19,10.32,36024.5,34449.3,
20241207,19,10.33,36424.5,34449.3,
20241207,19,10.37,36424.5,34449.3,
20241207,19,10.38,36424.5,34399.3,
20241207,19,10.43,36428.6,34349.3,
20241207,19,10.44,36428.6,34349.3,
20241207,19,10.45,36428.6,34202.3,
20241207,19,10.47,36428.6,34200.8,
20241207,19,10.50,36428.6,34200.4,
20241207,19,10.55,36448.6,34200.3,
20241207,19,10.58,36848.6,34200.3,
20241207,19,10.68,36854.8,34200.3,
20241207,19,10.69,36870.3,34185.3,
20241207,19,10.70,36879.6,34185.3,
20241207,19,10.73,36904.3,34099.3,
20241207,19,10.74,36904.3,34099.3,
20241207,19,10.77,36904.3,34096.2,
20241207,19,10.79,36904.3,34095.3,
20241207,19,10.80,36904.3,33948.3,
20241207,19,10.83,37304.3,33801.3,
20241207,19,10.84,37304.3,33801.1,
20241207,19,10.85,37404.3,33799.4,
20241207,19,10.86,37460.3,33799.4,
20241207,19,10.90,37460.4,33774.4,
20241207,19,10.91,37616.4,33774.4,
20241207,19,10.93,37616.4,33564.4,
20241207,19,10.99,37620.1,33462.4,
20241207,19,11.00,37704.6,33462.4,
20241207,19,11.01,37718.6,33452.4,
20241207,19,11.04,37718.6,33446.9,
20241207,19,11.05,37718.6,33299.9,
20241207,19,11.07,37718.6,33244.1,
20241207,19,11.08,37723.8,33242.9,
20241207,19,11.22,37723.8,33138.9,
20241207,19,11.23,37723.8,33122.4,
20241207,19,11.24,37723.8,33114.8,
20241207,19,11.26,37723.8,33106.6,
20241207,19,11.27,37733.3,33009.5,
20241207,19,11.30,37734.3,33009.5,
20241207,19,11.31,37734.3,32944.5,
20241207,19,11.32,38816.0,32929.5,
20241207,19,11.33,38816.0,32929.5,
20241207,19,11.34,38816.0,32881.4,
20241207,19,11.35,38816.0,32016.2,
20241207,19,11.40,38816.0,32014.6,
20241207,19,11.44,38816.0,32014.2,
20241207,19,11.45,38816.0,32012.7,
20241207,19,11.50,38818.0,31782.7,
20241207,19,11.54,38818.0,31619.2,
20241207,19,11.55,38821.5,31597.7,
20241207,19,11.57,38873.5,31597.7,
20241207,19,11.65,38873.5,31597.7,
20241207,19,11.70,38873.5,31474.7,
20241207,19,11.82,38873.5,31474.1,
20241207,19,11.84,38903.5,31473.8,
20241207,19,11.93,38903.5,31473.8,
20241207,19,11.94,38903.5,31466.2,
20241207,19,11.99,38903.5,31451.2,
20241207,19,12.00,39008.6,31328.2,
20241207,19,12.01,39047.9,31231.4,
20241207,19,12.02,39047.9,31212.8,
20241207,19,12.03,39147.9,31212.6,
20241207,19,12.07,39224.9,31212.6,
20241207,19,12.10,39224.9,31212.6,
20241207,19,12.12,39224.9,31212.5,
20241207,19,12.16,39224.9,31204.0,
20241207,19,12.22,39249.9,31195.8,
20241207,19,12.26,39249.9,31195.8,
20241207,19,12.34,39249.9,31192.8,
20241207,19,12.40,39249.9,31028.8,
20241207,19,12.50,39249.9,31028.7,
20241207,19,12.57,39416.9,30948.7,
20241207,19,12.63,39416.9,30948.7,
20241207,19,12.64,39432.2,30944.4,
20241207,19,12.68,39457.2,30944.4,
20241207,19,12.80,39457.2,30944.4,
20241207,19,13.00,39498.4,30944.3,
20241207,19,13.01,39502.0,30892.2,
20241207,19,13.07,39502.0,30888.2,
20241207,19,13.12,39502.0,30879.9,
20241207,19,13.13,39652.0,30714.9,
20241207,19,13.18,39652.0,30714.9,
20241207,19,13.19,39652.7,30674.7,
20241207,19,13.21,39652.7,30674.7,
20241207,19,13.27,39652.7,30674.5,
20241207,19,13.34,39698.0,30657.3,
20241207,19,13.40,39705.5,30657.3,
20241207,19,13.47,39705.5,30657.3,
20241207,19,13.49,39709.7,30650.9,
20241207,19,13.56,39738.6,30650.9,
20241207,19,13.67,39768.6,30650.9,
20241207,19,13.76,39768.7,30650.9,
20241207,19,13.82,39808.7,30650.9,
20241207,19,13.96,39809.7,30650.9,
20241207,19,13.99,39809.7,30650.9,
20241207,19,14.00,39831.7,30632.3,
20241207,19,14.01,39833.9,30592.7,
20241207,19,14.25,39884.9,30592.7,
20241207,19,14.41,39884.9,30592.7,
20241207,19,14.45,39914.9,30592.5,
20241207,19,14.50,39934.9,30592.5,
20241207,19,14.51,39941.5,30572.5,
20241207,19,14.55,39941.5,30572.5,
20241207,19,14.60,39941.5,30498.2,
20241207,19,14.67,39941.5,30497.9,
20241207,19,14.69,39961.3,30497.8,
20241207,19,14.73,40022.6,30497.8,
20241207,19,14.82,40022.6,30497.8,
20241207,19,14.85,40025.6,30492.2,
20241207,19,14.88,40030.6,30492.2,
20241207,19,14.90,40043.6,30492.2,
20241207,19,14.93,40087.6,30492.2,
20241207,19,14.95,40087.6,30492.2,
20241207,19,14.96,40088.6,30485.6,
20241207,19,14.98,40100.6,30485.6,
20241207,19,15.00,40115.6,30485.6,
20241207,19,15.01,40216.6,30461.7,
20241207,19,15.02,40225.8,30457.8,
20241207,19,15.03,40241.8,30457.8,
20241207,19,15.08,40271.8,30457.8,
20241207,19,15.10,40271.8,30457.8,
20241207,19,15.12,40271.8,30457.7,
20241207,19,15.19,40321.7,30455.5,
20241207,19,15.22,40407.7,30455.5,
20241207,19,15.29,40409.4,30455.5,
20241207,19,15.34,40409.4,30455.5,
20241207,19,15.35,40439.2,30454.6,
20241207,19,15.38,40439.8,30454.6,
20241207,19,15.41,40821.8,30454.6,
20241207,19,15.43,40847.3,30454.6,
20241207,19,15.50,40894.3,30454.6,
20241207,19,15.56,41101.7,30454.6,
20241207,19,15.60,41101.7,30454.6,
20241207,19,15.61,41126.7,30453.4,
20241207,19,15.66,41176.7,30453.4,
20241207,19,15.68,41254.8,30453.4,
20241207,19,15.70,41254.8,30453.4,
20241207,19,15.79,41254.8,30453.3,
20241207,19,15.80,41254.8,30453.2,
20241207,19,15.90,41254.8,30453.1,
20241207,19,15.91,41254.8,30452.9,
20241207,19,15.93,41349.8,30444.9,
20241207,19,16.00,41362.2,30444.9,
20241207,19,16.01,41363.6,30386.1,
20241207,19,16.14,41389.1,30386.1,
20241207,19,16.17,41389.1,30386.1,
20241207,19,16.22,41389.1,30382.7,
20241207,19,16.29,41414.1,30381.5,
20241207,19,16.40,41414.1,30381.5,
20241207,19,16.44,41414.1,30381.4,
20241207,19,16.45,41414.1,30373.0,
20241207,19,16.50,41484.1,30362.9,
20241207,19,16.51,41484.4,30360.3,
20241207,19,16.59,41484.4,30360.3,
20241207,19,16.70,41484.4,30359.1,
20241207,19,16.84,41504.8,30351.1,
20241207,19,16.86,41504.8,30351.1,
20241207,19,17.00,41504.8,30281.4,
20241207,19,17.01,41511.4,30281.0,
20241207,19,17.20,41511.4,30279.5,
20241207,19,17.22,41735.9,30277.7,
20241207,19,17.26,41735.9,30277.7,
20241207,19,17.43,41735.9,30248.1,
20241207,19,17.50,41735.9,30247.9,
20241207,19,17.52,41735.9,30242.0,
20241207,19,17.58,41735.9,30239.6,
20241207,19,17.60,41735.9,30223.4,
20241207,19,17.73,41735.9,30223.3,
20241207,19,18.00,41735.9,30201.3,
20241207,19,18.10,41735.9,30141.2,
20241207,19,18.38,41735.9,30139.2,
20241207,19,18.43,41840.9,30068.4,
20241207,19,18.49,41840.9,30068.4,
20241207,19,18.78,41840.9,30068.3,
20241207,19,18.79,41840.9,30060.7,
20241207,19,18.87,41840.9,30013.7,
20241207,19,18.94,41840.9,30012.6,
20241207,19,19.00,41870.9,30011.8,
20241207,19,19.59,42012.9,30011.7,
20241207,19,19.60,42012.9,30011.7,
20241207,19,19.66,42153.9,30008.6,
20241207,19,19.70,42295.9,30008.6,
20241207,19,19.73,42436.9,30008.6,
20241207,19,19.75,42495.9,30008.6,
20241207,19,19.96,42495.9,30008.6,
20241207,19,20.00,42495.9,29613.2,
20241207,19,20.01,42501.4,29585.1,
20241207,19,20.12,42501.4,29568.3,
20241207,19,20.22,42501.4,29527.7,
20241207,19,20.52,42501.4,29526.7,
20241207,19,20.56,42501.4,29518.1,
20241207,19,20.75,42643.4,29508.0,
20241207,19,20.79,42643.4,29508.0,
20241207,19,20.80,42643.4,29507.9,
20241207,19,21.02,42643.4,29507.0,
20241207,19,21.10,42654.2,28707.0,
20241207,19,21.22,42654.2,28707.0,
20241207,19,21.57,42654.2,28696.2,
20241207,19,22.54,42654.2,28695.2,
20241207,19,22.92,42654.2,28695.1,
20241207,19,23.87,42663.8,28694.1,
20241207,19,23.97,42804.8,28694.1,
20241207,19,24.00,42804.8,28694.1,
20241207,19,24.04,42804.8,28584.5,
20241207,19,24.19,42804.8,28581.8,
20241207,19,24.27,42804.8,28580.1,
20241207,19,24.61,42804.8,28579.1,
20241207,19,24.67,42804.8,28570.7,
20241207,19,25.00,42804.8,28560.6,
20241207,19,25.10,42804.8,28550.3,
20241207,19,25.62,42804.8,28549.7,
20241207,19,25.74,42804.8,28543.9,
20241207,19,26.00,42804.8,28541.7,
20241207,19,27.17,42946.8,28524.9,
20241207,19,27.33,42946.8,28524.9,
20241207,19,27.40,42946.8,28516.3,
20241207,19,27.50,42946.8,28506.2,
20241207,19,28.46,42946.8,28501.9,
20241207,19,28.54,42946.8,28493.5,
20241207,19,28.69,42946.8,28490.5,
20241207,19,29.90,42946.8,28379.2,
20241207,19,30.00,42946.8,28372.3,
20241207,19,30.01,42946.8,28174.4,
20241207,19,30.12,42946.8,28174.2,
20241207,19,31.00,42946.8,28155.8,
20241207,19,31.20,42946.8,28114.6,
20241207,19,31.36,42946.8,28112.3,
20241207,19,31.79,42946.8,27739.7,
20241207,19,32.00,42946.8,27736.8,
20241207,19,32.02,43087.8,27734.9,
20241207,19,33.62,43148.7,27734.9,
20241207,19,34.00,43148.7,27734.9,
20241207,19,34.94,43148.7,27670.6,
20241207,19,35.00,43148.7,27664.0,
20241207,19,35.24,43148.7,27637.9,
20241207,19,35.50,43148.7,27637.4,
20241207,19,36.00,43148.7,27637.3,
20241207,19,37.00,43148.7,27587.3,
20241207,19,37.50,43148.7,27567.2,
20241207,19,39.69,43731.7,27527.5,
20241207,19,40.00,43731.7,27527.5,
20241207,19,40.01,43731.7,27440.6,
20241207,19,42.37,43731.7,27293.1,
20241207,19,42.50,43731.7,27291.5,
20241207,19,45.00,43731.7,27291.4,
20241207,19,45.01,43731.7,27207.9,
20241207,19,46.00,43731.7,26906.9,
20241207,19,46.40,43731.7,26856.9,
20241207,19,46.58,43731.7,26746.0,
20241207,19,48.32,43731.7,26627.5,
20241207,19,49.50,43731.7,26601.9,
20241207,19,50.00,43733.4,26601.4,
20241207,19,50.01,43733.4,26156.3,
20241207,19,55.00,43733.4,26152.4,
20241207,19,60.00,43733.4,26092.6,
20241207,19,60.70,43733.4,25933.2,
20241207,19,60.72,43733.4,25930.0,
20241207,19,61.58,43733.4,25892.8,
20241207,19,70.00,43733.4,25875.3,
20241207,19,70.48,43733.8,25874.2,
20241207,19,72.00,43733.8,25874.2,
20241207,19,77.80,43733.8,25873.5,
20241207,19,79.90,43733.8,25697.2,
20241207,19,80.00,43733.8,25692.6,
20241207,19,80.01,43733.8,24448.0,
20241207,19,80.02,43733.8,24240.1,
20241207,19,80.21,43883.7,24164.1,
20241207,19,81.00,43883.7,24164.1,
20241207,19,82.01,43883.7,24081.3,
20241207,19,85.00,43883.7,23928.9,
20241207,19,90.00,43883.7,23910.8,
20241207,19,94.91,43883.7,23899.7,
20241207,19,99.90,43883.7,23898.1,
20241207,19,100.00,44033.7,23890.3,
20241207,19,100.01,44117.2,23460.0,
20241207,19,101.00,44117.2,23460.0,
20241207,19,107.83,44117.2,23295.5,
20241207,19,120.10,44117.2,23293.8,
20241207,19,120.75,44117.2,23241.3,
20241207,19,133.67,44117.2,23239.7,
20241207,19,138.00,44117.2,23238.0,
20241207,19,150.00,44117.2,23074.9,
20241207,19,151.00,44117.2,22977.9,
20241207,19,190.00,44117.2,22940.3,
20241207,19,200.00,44117.2,22938.9,
20241207,19,200.01,44117.2,19742.2,
20241207,19,200.10,44117.2,17517.4,
20241207,19,200.50,44117.2,17434.5,
20241207,19,201.00,44117.2,17434.3,
20241207,19,210.00,44117.2,17364.6,
20241207,19,250.00,44117.2,16007.4,
20241207,19,300.00,44117.2,15859.7,
20241207,19,500.00,44117.2,15754.0,
20241207,19,550.02,44117.2,15744.0,
20241207,19,900.00,44117.2,15484.8,
20241207,19,999.00,44117.2,15471.2,
20241207,19,999.99,44117.2,0.0,
20241207,20,0.00,0.0,40748.7,
20241207,20,0.00,17953.4,40748.7,
20241207,20,0.01,34563.0,40748.7,
20241207,20,0.02,34726.7,40716.5,
20241207,20,0.03,34729.2,40704.1,
20241207,20,0.04,34782.6,40691.8,
20241207,20,0.10,34899.1,40691.8,
20241207,20,0.25,34907.7,40611.7,
20241207,20,0.26,34913.8,40611.7,
20241207,20,0.27,34915.6,40611.7,
20241207,20,0.30,34916.7,40611.7,
20241207,20,0.81,35149.5,40611.7,
20241207,20,1.00,35553.7,40611.7,
20241207,20,1.01,35553.7,40375.5,
20241207,20,2.00,35622.0,40356.8,
20241207,20,2.01,35622.0,40340.8,
20241207,20,2.13,35629.2,39740.8,
20241207,20,2.16,35634.2,39740.8,
20241207,20,2.50,35634.5,39740.8,
20241207,20,3.00,35684.5,39740.8,
20241207,20,3.01,35709.5,39063.9,
20241207,20,3.02,35709.5,38863.9,
20241207,20,3.50,35709.5,38856.7,
20241207,20,3.51,35715.2,38852.8,
20241207,20,4.00,35727.2,38852.8,
20241207,20,4.24,35734.4,38851.8,
20241207,20,4.27,35792.8,38851.8,
20241207,20,4.86,35798.4,38851.8,
20241207,20,5.00,35979.8,38851.8,
20241207,20,5.01,35980.5,38721.8,
20241207,20,5.02,35980.5,38142.9,
20241207,20,5.48,35980.5,38125.8,
20241207,20,5.90,35980.5,37825.8,
20241207,20,5.99,35980.7,37811.8,
20241207,20,6.00,36060.8,37811.8,
20241207,20,6.08,36061.2,37779.8,
20241207,20,6.21,36068.2,37779.8,
20241207,20,6.26,36068.2,37779.8,
20241207,20,6.36,36075.4,37773.8,
20241207,20,6.50,36075.5,37773.8,
20241207,20,6.75,36076.8,37773.8,
20241207,20,6.84,36080.4,37773.8,
20241207,20,6.94,36080.4,37773.8,
20241207,20,7.00,36080.4,37758.8,
20241207,20,7.01,36080.4,37757.0,
20241207,20,7.32,36080.4,37749.7,
20241207,20,7.35,36080.4,37734.7,
20241207,20,7.48,36080.4,37719.7,
20241207,20,7.50,36120.4,37714.9,
20241207,20,7.51,36120.4,37714.9,
20241207,20,7.54,36123.7,37699.9,
20241207,20,7.56,36132.2,37699.9,
20241207,20,7.60,36132.2,37699.9,
20241207,20,7.70,36132.7,37697.7,
20241207,20,7.75,36132.7,37697.7,
20241207,20,7.79,36132.7,37657.7,
20241207,20,7.80,36132.7,37650.7,
20241207,20,7.90,36132.7,37550.7,
20241207,20,7.98,36132.7,37550.2,
20241207,20,7.99,36140.0,37535.2,
20241207,20,8.00,36144.6,37535.2,
20241207,20,8.01,36145.5,37410.4,
20241207,20,8.15,36145.5,37385.4,
20241207,20,8.16,36145.5,37355.1,
20241207,20,8.17,36160.2,37335.5,
20241207,20,8.19,36190.2,37335.5,
20241207,20,8.26,36190.2,37335.5,
20241207,20,8.29,36190.2,37261.0,
20241207,20,8.45,36190.2,37260.8,
20241207,20,8.47,36197.5,37245.8,
20241207,20,8.49,36207.4,37245.8,
20241207,20,8.50,36207.4,37245.8,
20241207,20,8.53,36207.4,37191.6,
20241207,20,8.54,36268.9,37091.6,
20241207,20,8.57,36298.9,37091.6,
20241207,20,8.60,36299.0,37091.6,
20241207,20,8.64,36371.6,37091.6,
20241207,20,8.65,36371.6,37091.6,
20241207,20,8.79,36371.6,36991.6,
20241207,20,8.82,36371.6,36891.6,
20241207,20,8.85,36371.6,36887.3,
20241207,20,8.89,36371.6,36730.3,
20241207,20,8.90,36371.7,36671.3,
20241207,20,8.92,36371.7,36671.3,
20241207,20,8.94,36371.7,36656.3,
20241207,20,8.97,36371.7,36626.3,
20241207,20,8.98,36391.7,36596.3,
20241207,20,9.00,36400.2,36592.8,
20241207,20,9.01,36400.2,36448.6,
20241207,20,9.04,36400.2,36438.2,
20241207,20,9.05,36400.2,36429.4,
20241207,20,9.08,36400.2,36399.4,
20241207,20,9.11,36400.2,36369.4,
20241207,20,9.16,36403.4,36309.4,
20241207,20,9.18,36403.4,36279.4,
20241207,20,9.19,36414.4,36279.3,
20241207,20,9.21,36450.1,36249.3,
20241207,20,9.22,36450.1,36249.3,
20241207,20,9.24,36486.1,36219.3,
20241207,20,9.26,36486.1,36219.3,
20241207,20,9.34,36506.7,36219.0,
20241207,20,9.35,36507.1,36219.0,
20241207,20,9.39,36527.1,36219.0,
20241207,20,9.43,36527.1,36219.0,
20241207,20,9.60,36527.1,36218.7,
20241207,20,9.65,36527.1,36209.9,
20241207,20,9.71,36527.1,36003.9,
20241207,20,9.73,36527.1,35957.1,
20241207,20,9.85,36527.1,35932.1,
20241207,20,9.88,36527.1,35931.9,
20241207,20,9.98,36527.1,35786.9,
20241207,20,10.00,36580.4,35756.9,
20241207,20,10.01,36593.1,35693.9,
20241207,20,10.03,36593.1,35688.8,
20241207,20,10.14,36593.1,35406.8,
20241207,20,10.15,36597.7,35389.6,
20241207,20,10.16,36597.8,35389.6,
20241207,20,10.17,36597.8,35389.6,
20241207,20,10.18,36833.4,35377.5,
20241207,20,10.20,36839.1,35377.5,
20241207,20,10.21,36845.9,35377.5,
20241207,20,10.22,36845.9,35377.5,
20241207,20,10.25,36846.1,35373.7,
20241207,20,10.26,36846.1,34799.7,
20241207,20,10.33,37346.1,34798.8,
20241207,20,10.34,37347.2,34798.8,
20241207,20,10.37,37347.2,34773.8,
20241207,20,10.38,37347.2,34723.8,
20241207,20,10.44,37347.2,34673.8,
20241207,20,10.50,37355.7,34526.8,
20241207,20,10.53,37355.7,34526.7,
20241207,20,10.54,37355.7,34525.4,
20241207,20,10.55,37355.7,34524.8,
20241207,20,10.58,37855.7,34523.1,
20241207,20,10.59,37855.7,34523.1,
20241207,20,10.65,37855.7,34514.9,
20241207,20,10.66,37855.7,34449.9,
20241207,20,10.69,37876.0,34448.4,
20241207,20,10.70,37888.1,34448.4,
20241207,20,10.71,37891.9,34349.5,
20241207,20,10.72,37901.5,34349.5,
20241207,20,10.74,37949.2,34349.5,
20241207,20,10.75,37949.2,34349.5,
20241207,20,10.79,37950.9,34349.1,
20241207,20,10.80,37955.7,34202.1,
20241207,20,10.81,37955.7,34055.1,
20241207,20,10.83,38455.7,33947.1,
20241207,20,10.85,38555.7,33947.1,
20241207,20,10.86,38611.7,33947.1,
20241207,20,10.91,38843.7,33947.1,
20241207,20,10.93,38843.7,33947.1,
20241207,20,10.95,38843.7,33845.1,
20241207,20,11.00,38948.7,33820.1,
20241207,20,11.01,38964.3,33790.3,
20241207,20,11.04,38964.3,33784.7,
20241207,20,11.08,38964.3,33572.3,
20241207,20,11.26,38964.3,33468.3,
20241207,20,11.32,39744.3,33371.2,
20241207,20,11.33,39744.3,33355.3,
20241207,20,11.34,39781.5,33336.6,
20241207,20,11.40,39949.5,32121.4,
20241207,20,11.42,39949.5,32121.0,
20241207,20,11.48,39949.5,32120.8,
20241207,20,11.50,39949.5,32090.3,
20241207,20,11.57,40026.5,31958.9,
20241207,20,11.60,40026.5,31958.9,
20241207,20,11.61,40026.5,31957.3,
20241207,20,11.65,40026.5,31948.8,
20241207,20,11.70,40026.5,31825.8,
20241207,20,11.80,40026.5,31825.7,
20241207,20,11.84,40056.5,31825.4,
20241207,20,11.86,40092.0,31825.4,
20241207,20,11.90,40092.0,31825.4,
20241207,20,11.99,40092.0,31817.2,
20241207,20,12.00,40183.1,31694.2,
20241207,20,12.01,40240.6,31630.9,
20241207,20,12.02,40240.6,31606.1,
20241207,20,12.03,40497.1,31593.7,
20241207,20,12.10,40497.1,31593.7,
20241207,20,12.39,40510.5,31593.6,
20241207,20,12.40,40510.5,31593.6,
20241207,20,12.50,40510.5,31593.5,
20241207,20,12.55,40510.5,31547.6,
20241207,20,12.63,40510.6,31544.6,
20241207,20,12.69,40540.6,31544.6,
20241207,20,12.77,40575.6,31544.6,
20241207,20,12.79,40583.1,31544.6,
20241207,20,12.80,40583.1,31544.6,
20241207,20,12.82,40633.0,31544.5,
20241207,20,12.84,40633.0,31544.5,
20241207,20,12.88,40637.3,31543.6,
20241207,20,12.96,40637.3,31543.6,
20241207,20,12.99,40637.3,31537.2,
20241207,20,13.00,40673.6,31536.9,
20241207,20,13.01,40677.2,31449.6,
20241207,20,13.12,40677.2,31445.6,
20241207,20,13.13,40827.2,31280.6,
20241207,20,13.15,40827.2,31280.6,
20241207,20,13.20,40827.2,31261.5,
20241207,20,13.33,41044.2,31253.2,
20241207,20,13.36,41112.3,31253.2,
20241207,20,13.38,41147.3,31253.2,
20241207,20,13.56,41164.3,31253.2,
20241207,20,13.63,41164.3,31253.2,
20241207,20,13.99,41189.3,31235.5,
20241207,20,14.00,41214.3,31235.5,
20241207,20,14.01,41217.3,31195.9,
20241207,20,14.25,41235.9,31195.9,
20241207,20,14.31,41235.9,31195.9,
20241207,20,14.50,41255.9,31190.3,
20241207,20,14.51,41262.4,31170.3,
20241207,20,14.52,41262.4,31151.7,
20241207,20,14.56,41262.4,31149.5,
20241207,20,14.60,41287.4,31149.3,
20241207,20,14.66,41670.4,31149.1,
20241207,20,14.67,41670.4,31149.1,
20241207,20,14.69,41694.6,31149.0,
20241207,20,14.87,41694.6,31149.0,
20241207,20,14.90,41707.6,31148.1,
20241207,20,14.94,41707.6,31148.1,
20241207,20,15.00,41722.6,31145.0,
20241207,20,15.01,41825.1,31106.0,
20241207,20,15.02,41834.8,31105.2,
20241207,20,15.09,41836.0,31105.2,
20241207,20,15.10,41836.0,31105.2,
20241207,20,15.16,41836.0,31105.1,
20241207,20,15.22,41838.0,31033.5,
20241207,20,15.25,41838.0,31033.5,
20241207,20,15.26,41838.0,31033.4,
20241207,20,15.35,41874.3,31033.3,
20241207,20,15.50,41921.3,31033.3,
20241207,20,15.51,41921.6,31032.3,
20241207,20,15.59,41971.6,31032.3,
20241207,20,15.60,41971.6,31032.3,
20241207,20,15.66,41971.6,31032.2,
20241207,20,15.68,41975.2,31028.9,
20241207,20,15.69,42025.2,31028.9,
20241207,20,15.70,42025.2,31028.9,
20241207,20,15.90,42025.2,31028.8,
20241207,20,15.91,42025.2,31028.6,
20241207,20,15.93,42118.5,31018.9,
20241207,20,16.00,42131.0,31018.9,
20241207,20,16.09,42132.2,30952.4,
20241207,20,16.12,42132.2,30952.4,
20241207,20,16.15,42132.2,30951.6,
20241207,20,16.37,42132.2,30950.7,
20241207,20,16.40,42132.2,30946.3,
20241207,20,16.50,42232.2,30946.2,
20241207,20,16.57,42232.2,30945.0,
20241207,20,16.58,42232.2,30936.6,
20241207,20,16.59,42232.2,30926.5,
20241207,20,16.70,42232.2,30924.7,
20241207,20,16.86,42232.2,30915.7,
20241207,20,17.00,42232.2,30845.1,
20241207,20,17.01,42238.7,30844.7,
20241207,20,17.20,42238.7,30840.9,
20241207,20,17.22,42463.2,30839.0,
20241207,20,17.24,42465.0,30839.0,
20241207,20,17.26,42465.0,30839.0,
20241207,20,17.33,42465.6,30811.2,
20241207,20,17.43,42465.6,30811.2,
20241207,20,17.58,42465.6,30811.0,
20241207,20,17.60,42465.6,30794.8,
20241207,20,17.73,42465.6,30794.7,
20241207,20,18.00,42465.6,30772.7,
20241207,20,18.10,42465.6,30746.3,
20241207,20,18.25,42465.6,30744.4,
20241207,20,18.36,42465.6,30743.8,
20241207,20,18.43,42570.6,30742.8,
20241207,20,18.49,42570.6,30742.8,
20241207,20,18.78,42570.6,30742.7,
20241207,20,18.79,42571.5,30736.0,
20241207,20,18.92,42571.5,30736.0,
20241207,20,19.00,42571.5,30732.9,
20241207,20,19.22,42571.5,30732.8,
20241207,20,19.50,42571.5,30598.8,
20241207,20,19.52,42571.5,30534.4,
20241207,20,19.56,42713.5,30513.9,
20241207,20,19.63,42854.5,30135.6,
20241207,20,19.66,42996.5,30135.6,
20241207,20,19.70,43137.5,30135.6,
20241207,20,19.71,43137.5,30135.6,
20241207,20,19.77,43279.5,30134.6,
20241207,20,20.00,43279.5,30134.6,
20241207,20,20.01,43285.1,30097.1,
20241207,20,20.03,43285.1,30080.3,
20241207,20,20.12,43285.1,30070.2,
20241207,20,20.26,43285.1,30049.8,
20241207,20,21.02,43285.1,30049.6,
20241207,20,21.06,43285.1,28691.6,
20241207,20,21.10,43296.2,28690.6,
20241207,20,21.15,43296.2,28690.6,
20241207,20,22.35,43437.2,28682.3,
20241207,20,22.41,43437.2,28682.3,
20241207,20,22.90,43437.2,28681.3,
20241207,20,23.44,43437.2,28679.0,
20241207,20,23.48,43437.2,28670.6,
20241207,20,23.76,43437.2,28660.5,
20241207,20,23.87,43446.8,28659.5,
20241207,20,24.00,43446.8,28659.5,
20241207,20,24.04,43446.8,28545.1,
20241207,20,25.00,43446.8,28542.5,
20241207,20,25.10,43446.8,28532.4,
20241207,20,25.11,43446.8,28532.0,
20241207,20,25.57,43588.8,28526.9,
20241207,20,25.67,43588.8,28526.9,
20241207,20,25.73,43588.8,28525.5,
20241207,20,25.78,43588.8,28516.9,
20241207,20,26.00,43588.8,28506.8,
20241207,20,26.68,43588.8,28489.8,
20241207,20,26.74,43588.8,28481.4,
20241207,20,26.87,43588.8,28475.5,
20241207,20,27.50,43588.8,28366.4,
20241207,20,28.80,43729.8,28362.0,
20241207,20,29.90,43729.8,28362.0,
20241207,20,30.00,43729.8,28354.8,
20241207,20,30.12,43729.8,28153.1,
20241207,20,31.00,43729.8,28132.6,
20241207,20,31.36,43729.8,28094.1,
20241207,20,31.79,43729.8,27648.3,
20241207,20,32.00,43729.8,27645.6,
20241207,20,32.24,43729.8,27643.9,
20241207,20,33.62,43869.8,27641.9,
20241207,20,34.00,43869.8,27641.9,
20241207,20,34.94,43869.8,27575.4,
20241207,20,35.00,43869.8,27557.8,
20241207,20,35.24,43869.8,27528.0,
20241207,20,35.50,43869.8,27527.7,
20241207,20,36.00,43869.8,27527.6,
20241207,20,37.00,43869.8,27477.6,
20241207,20,37.50,43869.8,27456.8,
20241207,20,39.69,44422.8,27410.4,
20241207,20,40.00,44422.8,27410.4,
20241207,20,40.01,44422.8,27323.5,
20241207,20,42.13,44422.8,27175.9,
20241207,20,42.44,44422.8,27174.3,
20241207,20,42.50,44422.8,27060.6,
20241207,20,43.41,44422.8,27060.5,
20241207,20,45.00,44422.8,26940.8,
20241207,20,45.01,44422.8,26863.6,
20241207,20,46.00,44422.8,26604.5,
20241207,20,48.32,44422.8,26554.5,
20241207,20,49.50,44422.8,26528.8,
20241207,20,50.00,44424.2,26528.3,
20241207,20,50.01,44424.2,26079.4,
20241207,20,50.90,44424.2,26075.2,
20241207,20,55.00,44424.2,26074.6,
20241207,20,60.00,44424.2,26015.9,
20241207,20,60.62,44424.2,25856.7,
20241207,20,61.01,44424.2,25820.2,
20241207,20,61.46,44424.2,25817.1,
20241207,20,70.00,44424.2,25800.1,
20241207,20,70.48,44424.6,25799.0,
20241207,20,72.00,44424.6,25799.0,
20241207,20,77.80,44424.6,25798.4,
20241207,20,79.90,44424.6,25631.3,
20241207,20,80.00,44424.6,25626.5,
20241207,20,80.01,44424.6,24377.0,
20241207,20,80.02,44424.6,24160.3,
20241207,20,80.21,44574.5,24084.3,
20241207,20,81.00,44574.5,24084.3,
20241207,20,82.01,44574.5,24019.3,
20241207,20,85.00,44574.5,23871.4,
20241207,20,90.00,44574.5,23854.7,
20241207,20,94.75,44574.5,23844.3,
20241207,20,99.90,44574.5,23842.7,
20241207,20,100.00,44724.5,23835.1,
20241207,20,100.01,44816.5,23410.3,
20241207,20,101.00,44816.5,23410.3,
20241207,20,107.67,44816.5,23245.8,
20241207,20,120.10,44816.5,23244.1,
20241207,20,120.59,44816.5,23192.8,
20241207,20,133.51,44816.5,23191.2,
20241207,20,138.00,44816.5,23189.5,
20241207,20,150.00,44816.5,23023.2,
20241207,20,151.00,44816.5,22927.6,
20241207,20,190.00,44816.5,22891.5,
20241207,20,200.00,44816.5,22890.1,
20241207,20,200.01,44816.5,19629.3,
20241207,20,200.10,44816.5,17403.8,
20241207,20,200.50,44816.5,17319.1,
20241207,20,201.00,44816.5,17318.9,
20241207,20,210.00,44816.5,17244.0,
20241207,20,250.00,44816.5,16349.9,
20241207,20,300.00,44816.5,16195.0,
20241207,20,500.00,44816.5,16089.3,
20241207,20,550.02,44816.5,16079.3,
20241207,20,900.00,44816.5,15820.1,
20241207,20,999.00,44816.5,15806.5,
20241207,20,999.99,44816.5,0.0,
20241207,21,0.00,0.0,39735.6,
20241207,21,0.00,18671.9,39735.6,
20241207,21,0.01,34161.8,39735.6,
20241207,21,0.02,34330.9,39703.6,
20241207,21,0.03,34334.0,39691.3,
20241207,21,0.04,34392.1,39679.1,
20241207,21,0.10,34511.0,39679.1,
20241207,21,0.25,34520.5,39599.0,
20241207,21,0.26,34527.4,39599.0,
20241207,21,0.27,34529.4,39599.0,
20241207,21,0.30,34530.6,39599.0,
20241207,21,0.47,34781.5,39599.0,
20241207,21,1.00,35189.4,39599.0,
20241207,21,1.01,35207.9,39362.0,
20241207,21,1.67,35212.9,39331.8,
20241207,21,2.00,35283.2,39331.8,
20241207,21,2.01,35283.2,39315.8,
20241207,21,2.10,35290.4,38715.8,
20241207,21,2.50,35290.7,38715.8,
20241207,21,2.87,35295.7,38715.8,
20241207,21,3.00,35345.7,38715.8,
20241207,21,3.01,35374.9,38028.3,
20241207,21,3.02,35374.9,37828.3,
20241207,21,3.50,35374.9,37821.2,
20241207,21,3.51,35375.7,37817.2,
20241207,21,4.00,35391.6,37817.2,
20241207,21,4.07,35396.8,37816.2,
20241207,21,4.10,35396.8,37816.2,
20241207,21,4.19,35404.0,37815.3,
20241207,21,4.27,35462.4,37815.3,
20241207,21,4.83,35462.4,37815.3,
20241207,21,4.90,35462.4,37810.5,
20241207,21,5.00,35645.6,37810.4,
20241207,21,5.01,35646.3,37680.8,
20241207,21,5.02,35646.3,37098.6,
20241207,21,5.27,35653.0,37082.1,
20241207,21,5.48,35653.0,37082.1,
20241207,21,5.77,35653.2,36782.1,
20241207,21,5.86,35653.8,36767.1,
20241207,21,5.90,35653.8,36767.1,
20241207,21,6.00,35717.7,36751.2,
20241207,21,6.11,35717.7,36719.2,
20241207,21,6.26,35717.7,36704.2,
20241207,21,6.27,35724.9,36698.2,
20241207,21,6.32,35724.9,36698.2,
20241207,21,6.45,35724.9,36683.2,
20241207,21,6.47,35732.0,36658.2,
20241207,21,6.50,35732.1,36658.2,
20241207,21,6.56,35732.1,36658.2,
20241207,21,6.69,35735.8,36658.0,
20241207,21,6.78,35735.8,36643.0,
20241207,21,6.79,35735.8,36613.0,
20241207,21,6.84,35737.1,36583.0,
20241207,21,6.92,35757.0,36583.0,
20241207,21,6.93,35773.9,36571.1,
20241207,21,7.00,35773.9,36571.1,
20241207,21,7.01,35773.9,36570.4,
20241207,21,7.07,35803.9,36564.3,
20241207,21,7.12,35833.9,36564.3,
20241207,21,7.20,35833.9,36564.3,
20241207,21,7.30,35838.3,36549.3,
20241207,21,7.33,35838.3,36549.3,
20241207,21,7.46,35858.3,36545.1,
20241207,21,7.50,35898.3,36545.1,
20241207,21,7.54,35898.3,36545.1,
20241207,21,7.60,35898.3,36543.6,
20241207,21,7.65,35906.3,36543.0,
20241207,21,7.67,35914.8,36528.0,
20241207,21,7.68,35916.0,36528.0,
20241207,21,7.70,35916.5,36528.0,
20241207,21,7.71,35916.5,36527.5,
20241207,21,7.79,35920.4,36527.2,
20241207,21,7.80,35940.4,36527.2,
20241207,21,7.87,35940.4,36527.2,
20241207,21,7.90,35940.4,36527.0,
20241207,21,7.91,35940.4,36526.5,
20241207,21,8.00,35944.9,36444.3,
20241207,21,8.01,35959.4,36294.4,
20241207,21,8.10,35959.4,36294.4,
20241207,21,8.22,35970.6,36279.4,
20241207,21,8.29,35970.6,36279.4,
20241207,21,8.33,35970.6,36277.5,
20241207,21,8.36,35977.9,36260.7,
20241207,21,8.50,35977.9,36260.7,
20241207,21,8.51,35977.9,36210.7,
20241207,21,8.53,35977.9,36175.0,
20241207,21,8.54,36029.4,36174.8,
20241207,21,8.55,36029.4,36139.1,
20241207,21,8.72,36029.4,36124.1,
20241207,21,8.78,36034.4,36024.1,
20241207,21,8.80,36034.5,36024.1,
20241207,21,8.83,36034.5,36024.1,
20241207,21,8.85,36034.5,35924.1,
20241207,21,8.87,36034.5,35767.1,
20241207,21,8.89,36034.7,35763.7,
20241207,21,8.94,36034.7,35704.7,
20241207,21,8.97,36034.7,35574.7,
20241207,21,9.00,36043.2,35519.7,
20241207,21,9.01,36046.8,35365.5,
20241207,21,9.04,36046.8,35351.1,
20241207,21,9.05,36046.8,35347.2,
20241207,21,9.08,36046.8,35317.2,
20241207,21,9.11,36046.8,35287.2,
20241207,21,9.13,36051.6,35227.2,
20241207,21,9.14,36051.6,35227.2,
20241207,21,9.16,36051.6,35223.4,
20241207,21,9.18,36051.6,35178.1,
20241207,21,9.19,36051.6,35178.0,
20241207,21,9.22,36051.6,35148.0,
20241207,21,9.25,36051.6,35118.0,
20241207,21,9.33,36051.6,35088.7,
20241207,21,9.34,36051.6,35073.7,
20241207,21,9.53,36051.6,34861.7,
20241207,21,9.65,36051.6,34645.7,
20241207,21,9.71,36051.6,34257.7,
20241207,21,9.77,36051.6,34212.7,
20241207,21,9.90,36057.4,34203.1,
20241207,21,9.98,36057.4,34203.1,
20241207,21,10.00,36117.4,34173.1,
20241207,21,10.01,36135.5,34107.2,
20241207,21,10.05,36135.5,34107.2,
20241207,21,10.07,36135.5,34057.2,
20241207,21,10.08,36135.5,34056.3,
20241207,21,10.09,36140.6,34006.3,
20241207,21,10.15,36140.6,33981.3,
20241207,21,10.18,36370.6,33980.9,
20241207,21,10.25,36370.6,33980.9,
20241207,21,10.33,37090.6,33406.9,
20241207,21,10.38,37090.6,33406.9,
20241207,21,10.44,37090.6,33397.3,
20241207,21,10.45,37090.6,33249.3,
20241207,21,10.49,37092.4,33240.5,
20241207,21,10.50,37151.1,33240.3,
20241207,21,10.58,37931.1,33240.2,
20241207,21,10.65,37931.1,33240.2,
20241207,21,10.66,37938.3,33222.4,
20241207,21,10.69,37961.3,33222.4,
20241207,21,10.70,37975.1,33222.4,
20241207,21,10.79,37975.1,33126.9,
20241207,21,10.80,37975.1,32978.9,
20241207,21,10.83,38575.1,32831.9,
20241207,21,10.85,38587.9,32831.9,
20241207,21,10.91,38816.9,32831.9,
20241207,21,10.93,38816.9,32831.9,
20241207,21,10.99,38816.9,32729.9,
20241207,21,11.00,38881.2,32719.3,
20241207,21,11.01,38882.6,32669.4,
20241207,21,11.04,38882.6,32669.4,
20241207,21,11.08,38882.6,32521.4,
20241207,21,11.21,38882.6,32417.4,
20241207,21,11.22,38882.6,32415.2,
20241207,21,11.23,38882.6,32397.5,
20241207,21,11.25,38882.6,32396.8,
20241207,21,11.26,38882.6,32334.8,
20241207,21,11.27,38882.6,32237.8,
20241207,21,11.30,38882.7,32229.3,
20241207,21,11.32,39062.7,32229.3,
20241207,21,11.34,39133.5,32229.3,
20241207,21,11.36,39304.5,31014.1,
20241207,21,11.40,39304.5,31014.1,
20241207,21,11.43,39308.7,31013.7,
20241207,21,11.49,39308.7,31013.7,
20241207,21,11.50,39308.7,31012.9,
20241207,21,11.57,39360.7,30881.7,
20241207,21,11.61,39410.0,30881.7,
20241207,21,11.66,39410.0,30881.7,
20241207,21,11.70,39410.1,30877.7,
20241207,21,11.81,39410.1,30877.6,
20241207,21,11.84,39440.1,30873.4,
20241207,21,11.99,39440.1,30873.4,
20241207,21,12.00,39531.2,30870.3,
20241207,21,12.01,39592.0,30827.4,
20241207,21,12.03,39713.7,30799.4,
20241207,21,12.10,39713.7,30799.4,
20241207,21,12.22,39713.7,30799.3,
20241207,21,12.32,39713.7,30780.9,
20241207,21,12.40,39713.7,30711.8,
20241207,21,12.47,39713.7,30711.7,
20241207,21,12.50,39743.7,30705.3,
20241207,21,12.69,39843.7,30625.8,
20241207,21,12.76,39893.6,30625.8,
20241207,21,12.79,39893.6,30625.8,
20241207,21,12.80,39893.6,30624.1,
20241207,21,12.81,39932.2,30624.0,
20241207,21,12.88,39932.2,30624.0,
20241207,21,12.89,39957.2,30619.9,
20241207,21,12.99,40440.2,30619.9,
20241207,21,13.00,40456.5,30619.9,
20241207,21,13.01,40456.8,30512.4,
20241207,21,13.13,40596.8,30512.4,
20241207,21,13.17,40596.8,30347.4,
20241207,21,13.45,40621.8,30343.2,
20241207,21,13.46,40738.8,30343.2,
20241207,21,13.57,40740.1,30343.2,
20241207,21,13.67,40740.1,30343.2,
20241207,21,14.00,40785.1,30337.7,
20241207,21,14.01,40790.0,30298.0,
20241207,21,14.04,40827.2,30298.0,
20241207,21,14.09,40827.2,30298.0,
20241207,21,14.25,40848.7,30288.0,
20241207,21,14.40,40904.7,30288.0,
20241207,21,14.51,40911.0,30288.0,
20241207,21,14.53,40911.0,30288.0,
20241207,21,14.60,40911.0,30279.4,
20241207,21,14.63,40982.0,30279.2,
20241207,21,14.65,41011.7,30279.0,
20241207,21,14.66,41082.7,30279.0,
20241207,21,14.67,41082.7,30279.0,
20241207,21,14.69,41111.6,30278.9,
20241207,21,14.72,41181.6,30278.9,
20241207,21,14.78,41323.6,30278.9,
20241207,21,14.79,41323.6,30278.9,
20241207,21,14.87,41323.6,30275.4,
20241207,21,14.90,41336.6,30272.2,
20241207,21,14.93,41433.6,30272.2,
20241207,21,14.98,41519.6,30272.2,
20241207,21,15.00,41519.6,30272.2,
20241207,21,15.01,41622.0,30246.7,
20241207,21,15.02,41633.1,30245.9,
20241207,21,15.03,41721.1,30245.9,
20241207,21,15.10,41721.1,30245.9,
20241207,21,15.11,41721.7,30245.8,
20241207,21,15.16,41862.7,30245.8,
20241207,21,15.22,42013.7,30245.8,
20241207,21,15.35,42055.2,30245.8,
20241207,21,15.38,42197.2,30245.8,
20241207,21,15.39,42197.2,30245.8,
20241207,21,15.46,42247.2,30186.9,
20241207,21,15.50,42294.2,30186.9,
20241207,21,15.54,42344.2,30186.9,
20241207,21,15.58,42485.2,30186.9,
20241207,21,15.60,42516.2,30186.9,
20241207,21,15.66,42528.2,30186.8,
20241207,21,15.68,42532.1,30186.8,
20241207,21,15.70,42532.1,30186.8,
20241207,21,15.88,42532.1,30186.7,
20241207,21,15.90,42532.1,30186.1,
20241207,21,15.91,42532.1,30185.9,
20241207,21,15.93,42567.8,30118.6,
20241207,21,16.00,42580.4,30118.6,
20241207,21,16.07,42580.4,30053.2,
20241207,21,16.21,42580.4,30051.2,
20241207,21,16.24,42580.4,30030.8,
20241207,21,16.40,42580.4,30020.7,
20241207,21,16.50,42680.4,30020.6,
20241207,21,16.56,42680.4,30019.9,
20241207,21,16.59,42680.4,30011.5,
20241207,21,16.70,42680.4,30009.9,
20241207,21,16.75,42680.4,30000.9,
20241207,21,16.86,42680.4,30000.2,
20241207,21,16.90,42680.4,29930.0,
20241207,21,17.00,42680.4,29927.6,
20241207,21,17.01,42686.7,29927.2,
20241207,21,17.18,42686.7,29925.7,
20241207,21,17.20,42686.7,29899.9,
20241207,21,17.22,42911.2,29898.2,
20241207,21,17.27,42911.2,29898.2,
20241207,21,17.43,42911.2,29897.2,
20241207,21,17.58,42911.2,29897.0,
20241207,21,17.60,42911.2,29880.8,
20241207,21,17.73,42911.2,29880.7,
20241207,21,18.00,42911.2,29858.7,
20241207,21,18.10,42911.2,29858.4,
20241207,21,18.43,43016.2,29856.6,
20241207,21,18.47,43016.2,29856.6,
20241207,21,18.49,43016.2,29855.6,
20241207,21,18.50,43016.2,29855.5,
20241207,21,18.78,43016.2,29855.4,
20241207,21,18.79,43018.6,29850.2,
20241207,21,19.00,43018.6,29850.2,
20241207,21,19.22,43018.6,29850.1,
20241207,21,19.35,43018.6,29716.1,
20241207,21,19.56,43160.6,29354.0,
20241207,21,19.59,43301.6,29354.0,
20241207,21,19.66,43443.6,29354.0,
20241207,21,19.67,43443.6,29354.0,
20241207,21,19.70,43584.6,29353.0,
20241207,21,19.73,43726.6,29353.0,
20241207,21,19.81,43726.6,29353.0,
20241207,21,19.95,43726.6,29342.9,
20241207,21,20.00,43726.6,29334.3,
20241207,21,20.01,43732.0,29306.0,
20241207,21,20.12,43732.0,29289.4,
20241207,21,20.18,43733.0,29269.4,
20241207,21,20.75,43874.0,29269.4,
20241207,21,20.87,43874.0,29269.4,
20241207,21,20.88,43874.0,29268.4,
20241207,21,21.02,43874.0,29262.3,
20241207,21,21.10,43885.0,27430.3,
20241207,21,22.07,43885.0,27430.3,
20241207,21,23.27,43885.0,27429.3,
20241207,21,23.34,43885.0,27424.9,
20241207,21,23.39,43885.0,27416.5,
20241207,21,23.87,43894.6,27406.4,
20241207,21,23.97,44036.6,27406.4,
20241207,21,24.00,44036.6,27406.4,
20241207,21,24.04,44036.6,27292.0,
20241207,21,25.00,44036.6,27289.6,
20241207,21,25.10,44036.6,27280.2,
20241207,21,25.12,44036.6,27280.1,
20241207,21,25.60,44036.6,27259.2,
20241207,21,25.76,44036.6,27250.6,
20241207,21,25.77,44036.6,27249.8,
20241207,21,26.00,44036.6,27242.2,
20241207,21,26.54,44036.6,27225.2,
20241207,21,26.73,44036.6,27216.8,
20241207,21,27.50,44036.6,27112.7,
20241207,21,28.80,44177.6,27107.3,
20241207,21,29.90,44177.6,27107.3,
20241207,21,30.00,44177.6,27100.5,
20241207,21,31.00,44177.6,26898.1,
20241207,21,31.36,44177.6,26863.4,
20241207,21,31.79,44177.6,26497.5,
20241207,21,32.00,44177.6,26495.1,
20241207,21,32.02,44319.6,26493.6,
20241207,21,33.50,44319.6,26493.6,
20241207,21,33.62,44361.7,26491.8,
20241207,21,34.00,44361.7,26491.8,
20241207,21,34.94,44361.7,26425.9,
20241207,21,35.00,44361.7,26409.9,
20241207,21,35.24,44361.7,26379.3,
20241207,21,35.50,44361.7,26378.9,
20241207,21,36.00,44361.7,26378.8,
20241207,21,37.00,44361.7,26328.8,
20241207,21,37.50,44361.7,26307.8,
20241207,21,39.69,44885.7,26261.2,
20241207,21,40.00,44885.7,26261.2,
20241207,21,40.01,44885.7,26170.5,
20241207,21,41.97,44885.7,26029.5,
20241207,21,42.44,44885.7,25909.8,
20241207,21,42.50,44885.7,25794.3,
20241207,21,43.99,44885.7,25794.2,
20241207,21,45.00,44885.7,25792.6,
20241207,21,45.01,44885.7,25724.8,
20241207,21,46.00,44885.7,25497.4,
20241207,21,48.32,44885.7,25447.4,
20241207,21,49.50,44885.7,25444.8,
20241207,21,50.00,44887.2,25444.3,
20241207,21,50.01,44887.2,25004.5,
20241207,21,50.90,44887.2,25000.3,
20241207,21,55.00,44887.2,24999.1,
20241207,21,59.35,44887.2,24941.3,
20241207,21,60.00,44887.2,24938.3,
20241207,21,60.15,44887.2,24783.1,
20241207,21,61.03,44887.2,24747.8,
20241207,21,70.00,44887.2,24731.2,
20241207,21,70.48,44887.6,24730.1,
20241207,21,72.00,44887.6,24730.1,
20241207,21,77.80,44887.6,24729.4,
20241207,21,79.90,44887.6,24575.0,
20241207,21,80.00,44887.6,24570.3,
20241207,21,80.01,44887.6,23269.5,
20241207,21,80.02,44887.6,23053.3,
20241207,21,80.20,44887.6,22977.3,
20241207,21,80.21,45036.3,22976.1,
20241207,21,81.00,45036.3,22976.1,
20241207,21,82.01,45036.3,22916.1,
20241207,21,85.00,45036.3,22772.7,
20241207,21,90.00,45036.3,22756.8,
20241207,21,95.99,45036.3,22747.2,
20241207,21,99.90,45036.3,22745.6,
20241207,21,100.00,45186.3,22738.4,
20241207,21,100.01,45284.3,22149.8,
20241207,21,101.00,45284.3,22149.8,
20241207,21,108.91,45284.3,21985.3,
20241207,21,120.10,45284.3,21983.6,
20241207,21,121.83,45284.3,21933.5,
20241207,21,134.75,45284.3,21931.9,
20241207,21,138.00,45284.3,21930.2,
20241207,21,150.00,45284.3,21752.0,
20241207,21,151.00,45284.3,21657.0,
20241207,21,190.00,45284.3,21620.7,
20241207,21,200.00,45284.3,21619.1,
20241207,21,200.01,45284.3,18349.1,
20241207,21,200.10,45284.3,16139.2,
20241207,21,200.50,45284.3,16056.0,
20241207,21,201.00,45284.3,16055.8,
20241207,21,210.00,45284.3,15979.6,
20241207,21,250.00,45284.3,15494.0,
20241207,21,300.00,45284.3,15357.1,
20241207,21,500.00,45284.3,15251.6,
20241207,21,550.02,45284.3,15241.6,
20241207,21,900.00,45284.3,14975.5,
20241207,21,999.00,45284.3,14961.9,
20241207,21,999.99,45284.3,0.0,
20241207,22,0.00,0.0,40130.1,
20241207,22,0.00,19465.3,40130.1,
20241207,22,0.01,34960.9,40130.1,
20241207,22,0.02,35134.5,40098.1,
20241207,22,0.03,35138.0,40084.9,
20241207,22,0.04,35199.7,40072.7,
20241207,22,0.10,35324.6,40072.7,
20241207,22,0.11,35592.2,39992.6,
20241207,22,0.25,35602.1,39992.6,
20241207,22,0.26,35609.5,39992.6,
20241207,22,0.27,35611.6,39992.6,
20241207,22,0.30,35612.9,39992.6,
20241207,22,1.00,36028.2,39992.6,
20241207,22,1.01,36046.5,39754.6,
20241207,22,1.31,36051.5,39724.2,
20241207,22,2.00,36122.0,39724.2,
20241207,22,2.01,36122.0,39708.2,
20241207,22,2.03,36129.2,39108.2,
20241207,22,2.50,36129.5,39108.2,
20241207,22,2.51,36134.5,39108.2,
20241207,22,3.00,36184.5,39108.2,
20241207,22,3.01,36184.7,38422.1,
20241207,22,3.02,36184.7,38222.1,
20241207,22,3.50,36184.7,38215.1,
20241207,22,3.51,36185.5,38211.2,
20241207,22,3.71,36191.4,38211.2,
20241207,22,4.00,36207.9,38211.2,
20241207,22,4.04,36215.1,38210.2,
20241207,22,4.27,36273.5,38210.2,
20241207,22,4.83,36273.5,38210.2,
20241207,22,4.91,36280.2,38205.5,
20241207,22,5.00,36464.5,38205.5,
20241207,22,5.01,36465.2,38077.3,
20241207,22,5.02,36465.2,37495.2,
20241207,22,5.10,36465.2,37480.2,
20241207,22,5.27,36466.6,37480.0,
20241207,22,5.32,36466.6,37480.0,
20241207,22,5.36,36470.6,37465.0,
20241207,22,5.48,36470.6,37465.0,
20241207,22,5.50,36470.6,37165.0,
20241207,22,5.63,36470.6,37163.5,
20241207,22,5.90,36470.6,37148.5,
20241207,22,5.94,36470.6,37134.5,
20241207,22,6.00,36534.7,37109.5,
20241207,22,6.06,36541.9,37057.6,
20241207,22,6.08,36545.2,37057.6,
20241207,22,6.11,36552.3,37057.6,
20241207,22,6.25,36552.3,37057.6,
20241207,22,6.26,36552.3,37027.6,
20241207,22,6.40,36552.3,36991.6,
20241207,22,6.49,36552.6,36988.2,
20241207,22,6.50,36552.7,36988.2,
20241207,22,6.56,36552.7,36988.2,
20241207,22,6.58,36553.3,36958.2,
20241207,22,6.65,36572.5,36958.2,
20241207,22,6.87,36572.5,36958.2,
20241207,22,6.88,36584.0,36949.7,
20241207,22,6.95,36584.0,36949.7,
20241207,22,7.00,36584.0,36948.2,
20241207,22,7.01,36584.0,36947.5,
20241207,22,7.03,36584.4,36941.3,
20241207,22,7.06,36584.4,36941.3,
20241207,22,7.14,36589.1,36938.9,
20241207,22,7.16,36589.1,36938.9,
20241207,22,7.18,36593.5,36923.9,
20241207,22,7.19,36613.5,36923.9,
20241207,22,7.30,36613.5,36923.9,
20241207,22,7.31,36622.0,36923.4,
20241207,22,7.40,36622.0,36923.4,
20241207,22,7.50,36662.0,36922.9,
20241207,22,7.61,36670.4,36922.9,
20241207,22,7.63,36670.4,36907.9,
20241207,22,7.65,36670.4,36903.8,
20241207,22,7.67,36670.4,36901.9,
20241207,22,7.70,36686.1,36901.7,
20241207,22,7.87,36686.1,36901.7,
20241207,22,8.00,36691.6,36813.0,
20241207,22,8.01,36706.2,36655.4,
20241207,22,8.02,36707.5,36655.4,
20241207,22,8.06,36707.5,36655.4,
20241207,22,8.07,36726.2,36640.4,
20241207,22,8.13,36731.4,36640.4,
20241207,22,8.15,36746.4,36640.4,
20241207,22,8.33,36746.4,36640.4,
20241207,22,8.34,36746.4,36624.0,
20241207,22,8.42,36771.4,36620.1,
20241207,22,8.50,36771.4,36620.1,
20241207,22,8.54,36822.9,36555.1,
20241207,22,8.60,36852.9,36555.1,
20241207,22,8.71,36852.9,36555.1,
20241207,22,8.74,36853.1,36530.1,
20241207,22,8.83,36853.3,36430.1,
20241207,22,8.85,36853.3,36430.1,
20241207,22,8.89,36853.3,36173.1,
20241207,22,8.94,36853.3,36114.1,
20241207,22,8.96,36853.3,36084.1,
20241207,22,8.97,36858.2,35984.1,
20241207,22,8.98,36858.2,35954.1,
20241207,22,9.00,36866.7,35950.2,
20241207,22,9.01,36870.3,35824.1,
20241207,22,9.05,36870.3,35809.6,
20241207,22,9.08,36870.3,35779.6,
20241207,22,9.10,36870.3,35749.6,
20241207,22,9.11,36870.3,35521.2,
20241207,22,9.16,36870.3,35461.2,
20241207,22,9.18,36870.3,35431.2,
20241207,22,9.19,36870.3,35431.1,
20241207,22,9.22,36870.3,35189.1,
20241207,22,9.25,36870.3,35159.1,
20241207,22,9.39,36870.3,35134.1,
20241207,22,9.42,36870.3,35133.9,
20241207,22,9.47,36876.2,34970.9,
20241207,22,9.50,36879.9,34970.3,
20241207,22,9.54,36879.9,34970.2,
20241207,22,9.59,36885.9,34969.5,
20241207,22,9.61,36885.9,34959.5,
20241207,22,9.65,36885.9,34958.9,
20241207,22,9.68,36885.9,34752.9,
20241207,22,9.71,36885.9,34722.9,
20241207,22,9.75,36885.9,34677.0,
20241207,22,9.77,36885.9,34627.0,
20241207,22,9.79,36885.9,34577.0,
20241207,22,9.85,36885.9,34552.0,
20241207,22,9.98,36885.9,34537.0,
20241207,22,10.00,36942.8,34507.0,
20241207,22,10.01,36962.4,34442.4,
20241207,22,10.06,36965.2,34442.4,
20241207,22,10.09,36965.2,34442.4,
20241207,22,10.12,36965.2,34434.2,
20241207,22,10.18,37195.2,34366.7,
20241207,22,10.19,37195.2,34366.7,
20241207,22,10.25,37195.2,34356.7,
20241207,22,10.33,37915.2,33782.7,
20241207,22,10.34,37915.2,33782.7,
20241207,22,10.35,37922.9,33765.4,
20241207,22,10.44,37922.9,33765.4,
20241207,22,10.50,37981.7,33617.4,
20241207,22,10.58,38761.7,33617.3,
20241207,22,10.69,38788.0,33617.3,
20241207,22,10.70,38803.8,33617.3,
20241207,22,10.79,38803.8,33526.4,
20241207,22,10.80,38814.0,33368.6,
20241207,22,10.81,38814.0,33220.6,
20241207,22,10.83,39414.0,33220.0,
20241207,22,10.85,39514.0,33220.0,
20241207,22,10.86,39569.9,33220.0,
20241207,22,10.91,39797.9,33220.0,
20241207,22,10.93,39797.9,33211.6,
20241207,22,10.94,39802.1,33109.6,
20241207,22,11.00,39857.8,33109.6,
20241207,22,11.01,39859.2,33059.9,
20241207,22,11.03,39864.3,33057.7,
20241207,22,11.04,39864.3,33057.7,
20241207,22,11.08,39864.3,32909.7,
20241207,22,11.12,39864.3,32805.7,
20241207,22,11.16,39864.3,32805.5,
20241207,22,11.18,39864.3,32746.3,
20241207,22,11.22,39864.3,32743.5,
20241207,22,11.26,39864.3,32726.1,
20241207,22,11.32,40044.3,32629.1,
20241207,22,11.34,40113.1,32629.1,
20241207,22,11.36,40285.1,31313.9,
20241207,22,11.40,40335.1,31313.9,
20241207,22,11.45,40335.1,31312.5,
20241207,22,11.47,40335.1,31308.3,
20241207,22,11.50,40335.1,31304.3,
20241207,22,11.57,40387.1,31173.1,
20241207,22,11.63,40387.2,31173.1,
20241207,22,11.70,40387.2,31173.1,
20241207,22,11.84,40417.2,31173.0,
20241207,22,11.93,40467.2,31173.0,
20241207,22,12.00,40558.3,31173.0,
20241207,22,12.01,40620.7,31130.3,
20241207,22,12.02,40628.8,31108.9,
20241207,22,12.03,40750.0,31108.9,
20241207,22,12.10,40750.0,31108.9,
20241207,22,12.11,40750.0,31108.8,
20241207,22,12.22,40750.0,31102.5,
20241207,22,12.40,40750.0,31084.6,
20241207,22,12.50,40780.0,31084.5,
20241207,22,12.59,40820.0,31008.4,
20241207,22,12.69,40945.0,31008.4,
20241207,22,12.80,40945.0,31008.4,
20241207,22,12.82,40945.0,31008.3,
20241207,22,12.85,40945.0,31004.1,
20241207,22,12.86,40945.0,31003.9,
20241207,22,12.89,41495.0,30999.8,
20241207,22,13.00,41511.3,30999.8,
20241207,22,13.06,41536.3,30892.2,
20241207,22,13.13,41676.3,30892.2,
20241207,22,13.31,41676.3,30727.2,
20241207,22,13.41,41726.2,30721.7,
20241207,22,13.50,41726.2,30721.7,
20241207,22,13.51,41726.5,30720.9,
20241207,22,13.75,41727.8,30720.9,
20241207,22,13.79,41762.5,30720.9,
20241207,22,14.00,41807.5,30720.9,
20241207,22,14.01,41812.4,30681.0,
20241207,22,14.15,41954.4,30681.0,
20241207,22,14.18,41954.4,30681.0,
20241207,22,14.24,41954.4,30672.4,
20241207,22,14.25,41977.3,30662.4,
20241207,22,14.32,42118.3,30662.4,
20241207,22,14.39,42146.0,30662.4,
20241207,22,14.40,42191.0,30662.4,
20241207,22,14.51,42197.4,30662.4,
20241207,22,14.54,42339.4,30659.2,
20241207,22,14.58,42339.4,30659.2,
20241207,22,14.60,42339.4,30659.0,
20241207,22,14.63,42400.4,30658.8,
20241207,22,14.66,42462.4,30658.8,
20241207,22,14.67,42462.4,30658.8,
20241207,22,14.69,42491.5,30658.7,
20241207,22,14.71,42632.5,30658.7,
20241207,22,14.72,42694.5,30657.3,
20241207,22,14.75,42695.8,30657.3,
20241207,22,14.90,42708.8,30657.3,
20241207,22,14.93,42796.8,30657.3,
20241207,22,14.96,42938.8,30657.3,
20241207,22,14.98,43016.8,30656.9,
20241207,22,15.00,43016.8,30656.9,
20241207,22,15.01,43119.2,30627.8,
20241207,22,15.02,43128.3,30627.0,
20241207,22,15.03,43209.3,30627.0,
20241207,22,15.10,43209.3,30627.0,
20241207,22,15.17,43350.3,30626.9,
20241207,22,15.22,43501.3,30626.9,
20241207,22,15.35,43545.0,30626.9,
20241207,22,15.39,43595.0,30626.9,
20241207,22,15.48,43645.0,30626.9,
20241207,22,15.49,43787.0,30626.9,
20241207,22,15.50,43834.0,30626.9,
20241207,22,15.52,43865.0,30625.6,
20241207,22,15.58,43866.9,30625.6,
20241207,22,15.60,43866.9,30625.6,
20241207,22,15.67,43867.4,30625.5,
20241207,22,15.68,43871.5,30625.5,
20241207,22,15.70,43871.5,30625.5,
20241207,22,15.71,43871.5,30625.4,
20241207,22,15.84,43871.5,30623.6,
20241207,22,15.90,43871.5,30622.8,
20241207,22,15.91,43871.5,30622.6,
20241207,22,15.93,43905.3,30553.4,
20241207,22,16.00,43917.9,30553.4,
20241207,22,16.01,43917.9,30486.5,
20241207,22,16.02,43917.9,30466.2,
20241207,22,16.17,43917.9,30458.6,
20241207,22,16.22,44058.9,30404.6,
20241207,22,16.31,44058.9,30404.6,
20241207,22,16.34,44058.9,30404.0,
20241207,22,16.40,44058.9,30393.9,
20241207,22,16.50,44158.9,30393.8,
20241207,22,16.59,44158.9,30393.5,
20241207,22,16.70,44158.9,30392.5,
20241207,22,16.86,44158.9,30383.5,
20241207,22,16.91,44158.9,30313.1,
20241207,22,17.00,44158.9,30312.1,
20241207,22,17.01,44165.3,30311.6,
20241207,22,17.20,44165.3,30310.1,
20241207,22,17.22,44389.8,30308.3,
20241207,22,17.43,44389.8,30284.4,
20241207,22,17.58,44389.8,30284.2,
20241207,22,17.60,44389.8,30268.0,
20241207,22,17.73,44389.8,30267.9,
20241207,22,18.00,44389.8,30245.9,
20241207,22,18.10,44389.8,30245.6,
20241207,22,18.11,44389.8,30243.8,
20241207,22,18.43,44494.8,30242.8,
20241207,22,18.49,44494.8,30242.8,
20241207,22,18.61,44494.8,30242.7,
20241207,22,18.78,44494.8,30241.8,
20241207,22,18.79,44498.3,30237.7,
20241207,22,19.00,44498.3,30237.7,
20241207,22,19.06,44498.3,30237.6,
20241207,22,19.09,44498.3,30103.6,
20241207,22,19.31,44498.3,30095.9,
20241207,22,19.52,44498.3,30094.9,
20241207,22,19.59,44640.3,29745.7,
20241207,22,19.63,44781.3,29745.7,
20241207,22,19.66,44923.3,29745.7,
20241207,22,19.73,45064.3,29745.7,
20241207,22,19.77,45206.3,29745.7,
20241207,22,19.83,45206.3,29745.7,
20241207,22,19.96,45206.3,29742.2,
20241207,22,20.00,45206.3,29738.0,
20241207,22,20.01,45211.7,29709.1,
20241207,22,20.02,45234.7,29692.4,
20241207,22,20.12,45234.7,29692.4,
20241207,22,20.51,45234.7,29673.0,
20241207,22,21.02,45234.7,29672.0,
20241207,22,21.10,45245.5,27872.0,
20241207,22,21.39,45245.5,27872.0,
20241207,22,21.71,45245.5,27871.2,
20241207,22,22.16,45245.5,27870.2,
20241207,22,22.35,45386.5,27862.6,
20241207,22,22.91,45386.5,27862.6,
20241207,22,23.24,45386.5,27858.8,
20241207,22,23.87,45396.1,27857.9,
20241207,22,24.00,45396.1,27857.9,
20241207,22,24.01,45396.1,27744.8,
20241207,22,24.04,45396.1,27744.0,
20241207,22,24.16,45396.1,27741.3,
20241207,22,24.20,45396.1,27728.4,
20241207,22,25.00,45396.1,27720.7,
20241207,22,25.05,45396.1,27711.4,
20241207,22,25.12,45396.1,27703.8,
20241207,22,25.22,45396.1,27683.5,
20241207,22,25.57,45538.1,27596.9,
20241207,22,25.76,45538.1,27596.9,
20241207,22,26.00,45538.1,27596.3,
20241207,22,27.50,45538.1,27579.3,
20241207,22,29.90,45538.1,27574.0,
20241207,22,30.00,45538.1,27567.4,
20241207,22,30.40,45679.1,27360.4,
20241207,22,31.00,45679.1,27360.4,
20241207,22,31.36,45679.1,27331.4,
20241207,22,31.79,45679.1,27040.9,
20241207,22,32.00,45679.1,27038.5,
20241207,22,32.62,45679.1,27037.2,
20241207,22,33.62,45800.8,27035.7,
20241207,22,34.00,45800.8,27035.7,
20241207,22,34.94,45800.8,26970.5,
20241207,22,35.00,45800.8,26956.6,
20241207,22,35.50,45800.8,26926.2,
20241207,22,36.00,45800.8,26926.1,
20241207,22,37.00,45800.8,26876.1,
20241207,22,37.50,45800.8,26854.8,
20241207,22,39.69,46298.8,26808.6,
20241207,22,40.00,46298.8,26808.6,
20241207,22,40.01,46298.8,26719.9,
20241207,22,41.40,46298.8,26588.5,
20241207,22,41.97,46298.8,26586.9,
20241207,22,42.44,46298.8,26467.2,
20241207,22,42.50,46298.8,26351.8,
20241207,22,45.00,46298.8,26351.7,
20241207,22,45.01,46298.8,26270.6,
20241207,22,46.00,46298.8,26085.8,
20241207,22,48.32,46298.8,26035.8,
20241207,22,49.50,46298.8,26033.2,
20241207,22,50.00,46300.5,26032.7,
20241207,22,50.01,46300.5,25593.5,
20241207,22,50.90,46300.5,25589.3,
20241207,22,55.00,46300.5,25588.3,
20241207,22,59.02,46300.5,25531.4,
20241207,22,59.93,46300.5,25528.4,
20241207,22,60.00,46300.5,25492.2,
20241207,22,60.79,46300.5,25339.8,
20241207,22,70.00,46300.5,25323.6,
20241207,22,70.48,46300.8,25322.5,
20241207,22,72.00,46300.8,25322.5,
20241207,22,77.80,46300.8,25321.9,
20241207,22,79.90,46300.8,25173.5,
20241207,22,80.00,46300.8,25168.9,
20241207,22,80.01,46300.8,23890.3,
20241207,22,80.02,46300.8,23677.2,
20241207,22,80.21,46450.7,23601.2,
20241207,22,81.00,46450.7,23601.2,
20241207,22,82.01,46450.7,23553.7,
20241207,22,85.00,46450.7,23414.4,
20241207,22,90.00,46450.7,23400.1,
20241207,22,94.27,46450.7,23390.9,
20241207,22,99.90,46450.7,23389.3,
20241207,22,100.00,46600.7,23382.0,
20241207,22,100.01,46704.3,22800.3,
20241207,22,101.00,46704.3,22800.3,
20241207,22,107.19,46704.3,22635.8,
20241207,22,120.10,46704.3,22634.1,
20241207,22,120.11,46704.3,22585.1,
20241207,22,133.03,46704.3,22583.5,
20241207,22,138.00,46704.3,22581.8,
20241207,22,150.00,46704.3,22405.2,
20241207,22,151.00,46704.3,22313.0,
20241207,22,190.00,46704.3,22278.2,
20241207,22,200.00,46704.3,22276.6,
20241207,22,200.01,46704.3,18982.3,
20241207,22,200.10,46704.3,16685.6,
20241207,22,200.50,46704.3,16602.4,
20241207,22,201.00,46704.3,16602.2,
20241207,22,210.00,46704.3,16527.1,
20241207,22,250.00,46704.3,16054.6,
20241207,22,300.00,46704.3,15913.8,
20241207,22,500.00,46704.3,15808.1,
20241207,22,550.02,46704.3,15798.1,
20241207,22,900.00,46704.3,15532.0,
20241207,22,999.00,46704.3,15518.4,
20241207,22,999.99,46704.3,0.0,
20241207,23,0.00,0.0,40388.7,
20241207,23,0.00,19968.7,40388.7,
20241207,23,0.01,35328.7,40388.7,
20241207,23,0.02,35505.0,40357.0,
20241207,23,0.03,35508.9,40343.8,
20241207,23,0.04,35572.0,40331.5,
20241207,23,0.10,35701.9,40331.5,
20241207,23,0.25,35712.1,40251.4,
20241207,23,0.26,35719.7,40251.4,
20241207,23,0.27,35721.9,40251.4,
20241207,23,0.30,35723.3,40251.4,
20241207,23,1.00,36140.4,40251.4,
20241207,23,1.01,36158.4,40011.8,
20241207,23,1.12,36440.5,39981.7,
20241207,23,2.00,36511.8,39981.7,
20241207,23,2.01,36511.8,39965.7,
20241207,23,2.03,36519.0,39365.7,
20241207,23,2.32,36524.1,39365.7,
20241207,23,2.50,36524.5,39365.7,
20241207,23,3.00,36574.5,39365.7,
20241207,23,3.01,36600.9,38681.5,
20241207,23,3.02,36600.9,38481.5,
20241207,23,3.50,36600.9,38474.5,
20241207,23,3.51,36601.7,38470.6,
20241207,23,3.52,36607.7,38470.6,
20241207,23,4.00,36625.8,38470.6,
20241207,23,4.04,36633.0,38469.6,
20241207,23,4.08,36633.0,38469.6,
20241207,23,4.27,36691.4,38464.9,
20241207,23,4.45,36691.4,38464.9,
20241207,23,4.48,36692.8,38449.9,
20241207,23,4.57,36696.8,38449.9,
20241207,23,4.72,36703.6,38449.9,
20241207,23,4.98,36703.6,38434.9,
20241207,23,5.00,36889.0,38409.9,
20241207,23,5.01,36889.7,38281.2,
20241207,23,5.02,36889.7,37701.4,
20241207,23,5.23,36889.7,37684.9,
20241207,23,5.24,36889.7,37654.9,
20241207,23,5.48,36889.7,37624.9,
20241207,23,5.49,36889.7,37324.9,
20241207,23,5.53,36889.7,37294.9,
20241207,23,5.75,36890.0,37290.9,
20241207,23,5.76,36903.7,37284.6,
20241207,23,5.84,36904.3,37284.6,
20241207,23,5.90,36904.3,37284.6,
20241207,23,5.92,36911.4,37270.6,
20241207,23,6.00,36976.2,37270.6,
20241207,23,6.01,36979.5,37218.8,
20241207,23,6.03,36999.5,37218.8,
20241207,23,6.06,37006.7,37218.8,
20241207,23,6.25,37025.5,37218.8,
20241207,23,6.26,37025.5,37218.8,
20241207,23,6.40,37025.5,37212.8,
20241207,23,6.47,37040.5,37209.5,
20241207,23,6.50,37040.6,37209.5,
20241207,23,6.52,37041.0,37209.5,
20241207,23,6.63,37045.5,37209.5,
20241207,23,6.64,37045.5,37209.5,
20241207,23,6.75,37050.5,37194.5,
20241207,23,6.85,37065.5,37194.5,
20241207,23,7.00,37065.5,37194.5,
20241207,23,7.01,37065.5,37193.8,
20241207,23,7.05,37074.2,37187.7,
20241207,23,7.06,37074.2,37172.7,
20241207,23,7.08,37099.2,37171.8,
20241207,23,7.12,37107.6,37171.8,
20241207,23,7.23,37137.6,37171.8,
20241207,23,7.30,37137.6,37171.8,
20241207,23,7.46,37144.5,37076.9,
20241207,23,7.47,37144.5,37076.9,
20241207,23,7.50,37184.5,37061.9,
20241207,23,7.51,37185.8,37061.9,
20241207,23,7.70,37186.8,37061.9,
20241207,23,7.74,37192.1,37061.9,
20241207,23,7.88,37192.1,37061.9,
20241207,23,8.00,37198.1,37046.9,
20241207,23,8.01,37216.6,36888.7,
20241207,23,8.07,37223.9,36888.5,
20241207,23,8.09,37223.9,36888.5,
20241207,23,8.10,37223.9,36857.4,
20241207,23,8.20,37223.9,36857.2,
20241207,23,8.26,37224.0,36856.7,
20241207,23,8.29,37229.0,36856.7,
20241207,23,8.30,37229.0,36856.7,
20241207,23,8.35,37229.2,36852.8,
20241207,23,8.39,37235.2,36852.8,
20241207,23,8.54,37286.7,36852.8,
20241207,23,8.66,37286.7,36852.8,
20241207,23,8.76,37286.7,36752.8,
20241207,23,8.77,37286.7,36725.2,
20241207,23,8.84,37286.7,36600.2,
20241207,23,8.85,37286.7,36500.4,
20241207,23,8.89,37286.7,36343.4,
20241207,23,8.94,37286.7,36184.4,
20241207,23,8.97,37286.7,36154.4,
20241207,23,8.98,37289.8,36124.4,
20241207,23,9.00,37298.3,36124.4,
20241207,23,9.01,37301.8,35998.2,
20241207,23,9.05,37301.8,35751.9,
20241207,23,9.06,37305.5,35721.9,
20241207,23,9.08,37305.5,35509.9,
20241207,23,9.11,37305.5,35479.9,
20241207,23,9.13,37305.5,35419.9,
20241207,23,9.15,37312.3,35402.4,
20241207,23,9.16,37312.3,35402.4,
20241207,23,9.18,37312.3,35371.8,
20241207,23,9.19,37312.3,35371.7,
20241207,23,9.22,37312.3,35341.7,
20241207,23,9.25,37312.3,35311.7,
20241207,23,9.26,37312.3,35275.7,
20241207,23,9.32,37312.3,35275.0,
20241207,23,9.37,37312.3,35250.0,
20241207,23,9.41,37312.3,35199.4,
20241207,23,9.42,37312.3,35199.0,
20241207,23,9.47,37312.3,35177.0,
20241207,23,9.50,37312.3,35175.3,
20241207,23,9.52,37312.3,35105.3,
20241207,23,9.56,37312.3,35104.4,
20241207,23,9.59,37312.3,35037.3,
20241207,23,9.71,37312.3,34893.3,
20241207,23,9.75,37312.3,34848.3,
20241207,23,9.77,37312.3,34838.2,
20241207,23,9.82,37312.3,34836.7,
20241207,23,9.86,37312.3,34836.5,
20241207,23,9.97,37312.3,34811.5,
20241207,23,9.98,37312.3,34811.2,
20241207,23,10.00,37369.6,34781.2,
20241207,23,10.01,37390.0,34667.3,
20241207,23,10.09,37390.0,34667.3,
20241207,23,10.18,37620.0,34659.1,
20241207,23,10.25,37620.0,34659.1,
20241207,23,10.33,38340.0,34085.1,
20241207,23,10.36,38340.0,34085.1,
20241207,23,10.41,38340.0,34075.0,
20241207,23,10.42,38348.0,34058.0,
20241207,23,10.44,38348.0,34058.0,
20241207,23,10.50,38407.0,33911.0,
20241207,23,10.54,38407.0,33910.9,
20241207,23,10.58,39187.0,33910.0,
20241207,23,10.68,39187.0,33910.0,
20241207,23,10.69,39215.5,33906.6,
20241207,23,10.70,39232.6,33905.0,
20241207,23,10.72,39232.6,33817.5,
20241207,23,10.79,39232.6,33809.1,
20241207,23,10.80,39232.6,33661.1,
20241207,23,10.83,39832.6,33514.1,
20241207,23,10.85,39932.6,33514.1,
20241207,23,10.86,39988.5,33514.1,
20241207,23,10.87,39992.6,33514.1,
20241207,23,10.91,40217.6,33514.1,
20241207,23,10.93,40217.6,33514.1,
20241207,23,10.96,40224.9,33412.1,
20241207,23,10.97,40224.9,33412.1,
20241207,23,10.98,40235.5,33402.5,
20241207,23,11.00,40291.5,33402.5,
20241207,23,11.01,40292.9,33372.7,
20241207,23,11.04,40292.9,33372.7,
20241207,23,11.05,40292.9,33224.7,
20241207,23,11.08,40292.9,33222.5,
20241207,23,11.16,40292.9,33118.5,
20241207,23,11.26,40292.9,33034.0,
20241207,23,11.32,40472.9,32937.4,
20241207,23,11.34,40544.7,32937.4,
20241207,23,11.36,40594.6,31622.2,
20241207,23,11.37,40769.6,31622.2,
20241207,23,11.38,40769.7,31622.2,
20241207,23,11.40,40769.7,31622.2,
20241207,23,11.50,40769.7,31619.9,
20241207,23,11.54,40769.7,31488.8,
20241207,23,11.57,40821.7,31480.6,
20241207,23,11.59,40871.9,31480.6,
20241207,23,11.62,40871.9,31480.6,
20241207,23,11.63,40871.9,31477.6,
20241207,23,11.70,40871.9,31477.4,
20241207,23,11.81,40871.9,31477.3,
20241207,23,11.84,40901.9,31459.7,
20241207,23,11.92,41061.9,31459.7,
20241207,23,12.00,41153.0,31453.4,
20241207,23,12.01,41216.3,31408.8,
20241207,23,12.02,41233.4,31394.3,
20241207,23,12.03,41354.3,31394.3,
20241207,23,12.10,41354.3,31394.3,
20241207,23,12.40,41354.3,31394.2,
20241207,23,12.50,41384.3,31394.1,
20241207,23,12.68,41384.3,31318.6,
20241207,23,12.69,41949.3,31318.3,
20241207,23,12.79,41989.8,31318.3,
20241207,23,12.80,41989.8,31318.3,
20241207,23,12.99,41989.8,31318.2,
20241207,23,13.00,42006.1,31309.9,
20241207,23,13.01,42006.4,31206.1,
20241207,23,13.12,42006.4,31206.1,
20241207,23,13.13,42146.4,31200.8,
20241207,23,13.15,42171.4,31035.8,
20241207,23,13.44,42171.4,31035.8,
20241207,23,13.66,42313.4,31035.6,
20241207,23,13.69,42313.4,31035.6,
20241207,23,13.73,42454.4,31035.5,
20241207,23,13.85,42454.4,31035.5,
20241207,23,13.91,42455.7,31034.8,
20241207,23,13.92,42597.7,31034.8,
20241207,23,14.00,42642.7,31034.8,
20241207,23,14.01,42681.5,30994.7,
20241207,23,14.08,42822.5,30994.7,
20241207,23,14.14,42822.5,30994.7,
20241207,23,14.25,42846.4,30994.3,
20241207,23,14.32,42988.4,30994.3,
20241207,23,14.40,43019.4,30991.2,
20241207,23,14.44,43019.4,30991.2,
20241207,23,14.47,43160.4,30978.7,
20241207,23,14.51,43166.7,30978.7,
20241207,23,14.60,43166.7,30978.7,
20241207,23,14.62,43193.8,30978.5,
20241207,23,14.63,43385.8,30978.5,
20241207,23,14.66,43436.8,30978.5,
20241207,23,14.67,43436.8,30978.5,
20241207,23,14.69,43466.2,30978.4,
20241207,23,14.70,43468.2,30978.4,
20241207,23,14.72,43520.2,30978.4,
20241207,23,14.78,43661.2,30978.4,
20241207,23,14.79,43661.7,30978.4,
20241207,23,14.90,43674.7,30978.4,
20241207,23,14.91,43676.0,30978.4,
20241207,23,14.93,43753.0,30978.4,
20241207,23,14.98,43822.0,30978.4,
20241207,23,15.00,43822.0,30978.4,
20241207,23,15.01,43923.7,30947.9,
20241207,23,15.02,43932.8,30947.1,
20241207,23,15.03,44004.8,30947.1,
20241207,23,15.06,44054.8,30947.1,
20241207,23,15.10,44054.8,30947.1,
20241207,23,15.11,44104.8,30947.0,
20241207,23,15.16,44135.8,30945.9,
20241207,23,15.17,44277.8,30945.9,
20241207,23,15.21,44289.8,30945.9,
20241207,23,15.22,44446.8,30945.9,
20241207,23,15.25,44446.8,30945.9,
20241207,23,15.28,44462.8,30945.7,
20241207,23,15.29,44475.8,30945.7,
20241207,23,15.35,44519.4,30945.7,
20241207,23,15.41,44532.4,30945.7,
20241207,23,15.42,44540.4,30945.7,
20241207,23,15.44,44557.4,30945.7,
20241207,23,15.46,44698.4,30894.7,
20241207,23,15.50,44745.4,30894.7,
20241207,23,15.52,44745.4,30894.7,
20241207,23,15.60,44745.4,30893.1,
20241207,23,15.66,44887.4,30893.0,
20241207,23,15.68,44891.6,30893.0,
20241207,23,15.70,44891.6,30893.0,
20241207,23,15.90,44891.6,30892.9,
20241207,23,15.91,44891.6,30892.7,
20241207,23,15.93,44926.4,30824.5,
20241207,23,16.00,44939.0,30824.5,
20241207,23,16.05,44939.0,30758.7,
20241207,23,16.12,44939.0,30738.5,
20241207,23,16.20,44939.0,30737.7,
20241207,23,16.40,44939.0,30730.1,
20241207,23,16.50,45039.0,30730.0,
20241207,23,16.59,45039.0,30729.1,
20241207,23,16.61,45039.0,30727.8,
20241207,23,16.70,45039.0,30657.7,
20241207,23,16.72,45039.0,30648.7,
20241207,23,17.00,45039.0,30647.7,
20241207,23,17.01,45045.3,30647.3,
20241207,23,17.05,45045.3,30645.8,
20241207,23,17.20,45045.3,30645.2,
20241207,23,17.22,45269.8,30643.5,
20241207,23,17.26,45269.8,30643.5,
20241207,23,17.43,45269.8,30620.4,
20241207,23,17.58,45269.8,30620.2,
20241207,23,17.60,45269.8,30604.0,
20241207,23,17.73,45269.8,30603.9,
20241207,23,17.92,45269.8,30581.9,
20241207,23,18.00,45269.8,30580.9,
20241207,23,18.10,45269.8,30580.4,
20241207,23,18.43,45374.8,30578.7,
20241207,23,18.49,45374.8,30578.7,
20241207,23,18.78,45374.8,30578.6,
20241207,23,18.79,45378.7,30574.9,
20241207,23,18.92,45378.7,30574.9,
20241207,23,19.00,45378.7,30574.0,
20241207,23,19.12,45378.7,30573.9,
20241207,23,19.13,45378.7,30572.9,
20241207,23,19.14,45378.7,30565.2,
20241207,23,19.22,45378.7,30561.6,
20241207,23,19.43,45378.7,30427.6,
20241207,23,19.56,45519.7,29964.8,
20241207,23,19.63,45661.7,29964.8,
20241207,23,19.66,45802.7,29964.8,
20241207,23,19.70,45944.7,29964.8,
20241207,23,19.77,46085.7,29964.8,
20241207,23,20.00,46085.7,29964.8,
20241207,23,20.01,46091.1,29936.4,
20241207,23,20.12,46091.1,29919.8,
20241207,23,20.32,46091.1,29900.8,
20241207,23,21.03,46091.1,29899.8,
20241207,23,21.10,46102.3,28099.8,
20241207,23,21.52,46102.3,28099.8,
20241207,23,21.73,46102.3,28098.8,
20241207,23,22.06,46102.3,28098.0,
20241207,23,22.35,46244.3,28090.4,
20241207,23,22.72,46244.3,28090.4,
20241207,23,23.60,46244.3,28087.0,
20241207,23,23.87,46253.9,28086.1,
20241207,23,24.00,46253.9,28086.1,
20241207,23,24.01,46253.9,27976.0,
20241207,23,24.04,46253.9,27968.3,
20241207,23,24.38,46253.9,27965.6,
20241207,23,24.53,46253.9,27964.8,
20241207,23,24.82,46253.9,27951.9,
20241207,23,24.98,46253.9,27944.3,
20241207,23,25.00,46253.9,27861.4,
20241207,23,25.10,46253.9,27852.1,
20241207,23,25.12,46253.9,27850.4,
20241207,23,25.57,46394.9,27830.6,
20241207,23,26.00,46394.9,27830.6,
20241207,23,27.50,46394.9,27813.7,
20241207,23,28.80,46536.9,27808.4,
20241207,23,29.00,46536.9,27808.4,
20241207,23,29.90,46536.9,27802.6,
20241207,23,30.00,46536.9,27796.2,
20241207,23,31.00,46536.9,27597.7,
20241207,23,31.36,46536.9,27572.2,
20241207,23,31.79,46536.9,27327.0,
20241207,23,32.00,46536.9,27324.6,
20241207,23,33.62,46676.7,27308.1,
20241207,23,34.00,46676.7,27308.1,
20241207,23,34.10,46676.7,27243.3,
20241207,23,34.16,46676.7,27242.0,
20241207,23,34.94,46676.7,27135.4,
20241207,23,35.00,46676.7,27123.5,
20241207,23,35.50,46676.7,27093.3,
20241207,23,36.00,46676.7,27093.2,
20241207,23,37.00,46676.7,27043.2,
20241207,23,37.50,46676.7,27022.3,
20241207,23,39.69,47177.7,26976.5,
20241207,23,40.00,47177.7,26976.5,
20241207,23,40.01,47177.7,26887.8,
20241207,23,41.23,47177.7,26762.0,
20241207,23,42.44,47177.7,26760.4,
20241207,23,42.50,47177.7,26645.1,
20241207,23,45.00,47177.7,26645.0,
20241207,23,45.01,47177.7,26563.1,
20241207,23,46.00,47177.7,26389.3,
20241207,23,48.32,47177.7,26339.3,
20241207,23,49.50,47177.7,26336.8,
20241207,23,50.00,47179.0,26336.4,
20241207,23,50.01,47179.0,25906.0,
20241207,23,50.90,47179.0,25901.9,
20241207,23,55.00,47179.0,25901.0,
20241207,23,58.67,47179.0,25845.1,
20241207,23,59.42,47179.0,25842.1,
20241207,23,60.00,47179.0,25806.4,
20241207,23,60.14,47179.0,25656.0,
20241207,23,70.00,47179.0,25640.0,
20241207,23,70.48,47179.3,25638.9,
20241207,23,72.00,47179.3,25638.9,
20241207,23,77.80,47179.3,25638.3,
20241207,23,79.90,47179.3,25498.4,
20241207,23,80.00,47179.3,25494.0,
20241207,23,80.01,47179.3,24236.6,
20241207,23,80.02,47179.3,24026.1,
20241207,23,80.21,47329.2,23950.1,
20241207,23,81.00,47329.2,23950.1,
20241207,23,82.01,47329.2,23914.7,
20241207,23,85.00,47329.2,23777.9,
20241207,23,90.00,47329.2,23765.0,
20241207,23,94.15,47329.2,23756.0,
20241207,23,99.90,47329.2,23754.4,
20241207,23,100.00,47479.2,23746.8,
20241207,23,100.01,47586.5,23174.1,
20241207,23,101.00,47586.5,23174.1,
20241207,23,107.07,47586.5,23009.6,
20241207,23,119.99,47586.5,23007.9,
20241207,23,120.10,47586.5,23006.3,
20241207,23,132.91,47586.5,22958.5,
20241207,23,138.00,47586.5,22956.8,
20241207,23,150.00,47586.5,22781.8,
20241207,23,151.00,47586.5,22691.7,
20241207,23,190.00,47586.5,22658.2,
20241207,23,200.00,47586.5,22656.6,
20241207,23,200.01,47586.5,19365.6,
20241207,23,200.10,47586.5,17029.6,
20241207,23,200.50,47586.5,16946.3,
20241207,23,201.00,47586.5,16946.1,
20241207,23,210.00,47586.5,16872.5,
20241207,23,250.00,47586.5,16400.0,
20241207,23,300.00,47586.5,16255.9,
20241207,23,500.00,47586.5,16150.3,
20241207,23,550.02,47586.5,16140.3,
20241207,23,900.00,47586.5,15874.2,
20241207,23,999.00,47586.5,15860.6,
20241207,23,999.99,47586.5,0.0,
20241207,24,0.00,0.0,40066.9,
20241207,24,0.00,20101.3,40066.9,
20241207,24,0.01,35573.7,40066.9,
20241207,24,0.02,35751.5,40035.8,
20241207,24,0.03,35755.6,40022.7,
20241207,24,0.04,35820.2,40010.6,
20241207,24,0.10,35950.4,40010.6,
20241207,24,0.25,35960.6,39930.5,
20241207,24,0.26,35968.2,39930.5,
20241207,24,0.27,35970.4,39930.5,
20241207,24,0.30,35971.8,39930.5,
20241207,24,1.00,36392.2,39930.5,
20241207,24,1.01,36409.8,39693.1,
20241207,24,1.10,36694.0,39663.5,
20241207,24,1.83,36694.0,39663.5,
20241207,24,1.93,36701.2,39658.8,
20241207,24,2.00,36773.6,39658.8,
20241207,24,2.01,36773.6,39642.8,
20241207,24,2.16,36773.6,39042.8,
20241207,24,2.30,36778.8,39038.8,
20241207,24,2.50,36779.3,39038.8,
20241207,24,3.00,36829.3,39038.8,
20241207,24,3.01,36855.8,38357.2,
20241207,24,3.02,36855.8,38157.2,
20241207,24,3.50,36862.1,38150.7,
20241207,24,3.51,36862.9,38146.8,
20241207,24,3.57,36864.3,38146.8,
20241207,24,3.66,36868.4,38146.8,
20241207,24,3.85,36875.6,38146.8,
20241207,24,4.00,36893.1,38146.8,
20241207,24,4.27,36951.5,38145.8,
20241207,24,4.40,36951.5,38145.8,
20241207,24,4.66,36951.5,38130.8,
20241207,24,4.70,36958.5,38115.8,
20241207,24,4.78,36958.5,38114.4,
20241207,24,4.82,36958.5,38099.4,
20241207,24,4.92,36958.5,38074.4,
20241207,24,5.00,37152.4,38044.4,
20241207,24,5.01,37153.1,37918.3,
20241207,24,5.02,37153.1,37340.4,
20241207,24,5.06,37153.1,37325.4,
20241207,24,5.34,37153.1,37310.4,
20241207,24,5.37,37153.5,37285.4,
20241207,24,5.46,37154.1,37285.4,
20241207,24,5.58,37154.1,37285.4,
20241207,24,5.61,37154.1,37270.4,
20241207,24,5.62,37172.9,37259.2,
20241207,24,5.63,37202.9,37259.2,
20241207,24,5.76,37210.1,37259.2,
20241207,24,5.90,37247.3,37259.2,
20241207,24,5.93,37247.3,37245.2,
20241207,24,5.94,37256.2,37230.2,
20241207,24,6.00,37321.6,37230.2,
20241207,24,6.01,37325.0,37178.4,
20241207,24,6.12,37325.0,37178.4,
20241207,24,6.14,37325.0,37178.2,
20241207,24,6.18,37345.0,37087.3,
20241207,24,6.20,37345.0,37087.3,
20241207,24,6.26,37345.0,37084.2,
20241207,24,6.28,37345.0,37078.2,
20241207,24,6.29,37363.7,37063.2,
20241207,24,6.39,37364.1,37063.2,
20241207,24,6.46,37388.7,37063.2,
20241207,24,6.50,37388.8,37063.2,
20241207,24,6.55,37393.7,37063.2,
20241207,24,6.63,37393.7,37063.2,
20241207,24,6.90,37393.7,37048.2,
20241207,24,6.98,37393.7,37048.0,
20241207,24,7.00,37393.7,37046.5,
20241207,24,7.01,37393.7,37045.8,
20241207,24,7.10,37402.2,37039.8,
20241207,24,7.11,37402.2,37039.8,
20241207,24,7.27,37409.2,37037.6,
20241207,24,7.38,37410.5,37037.6,
20241207,24,7.40,37410.5,37037.6,
20241207,24,7.45,37410.5,37037.1,
20241207,24,7.50,37450.5,37012.1,
20241207,24,7.54,37455.8,37012.1,
20241207,24,7.67,37455.8,37012.1,
20241207,24,7.68,37463.1,37010.5,
20241207,24,7.70,37463.9,37010.5,
20241207,24,7.80,37464.0,36994.3,
20241207,24,7.89,37464.2,36994.3,
20241207,24,7.91,37464.2,36994.3,
20241207,24,8.00,37469.8,36969.3,
20241207,24,8.01,37488.4,36811.1,
20241207,24,8.03,37492.1,36796.1,
20241207,24,8.08,37497.0,36796.1,
20241207,24,8.09,37497.0,36796.1,
20241207,24,8.12,37504.3,36792.1,
20241207,24,8.37,37504.3,36792.1,
20241207,24,8.38,37504.3,36790.3,
20241207,24,8.49,37510.3,36765.3,
20241207,24,8.50,37512.3,36765.1,
20241207,24,8.54,37563.8,36765.1,
20241207,24,8.56,37563.8,36765.1,
20241207,24,8.68,37563.8,36665.1,
20241207,24,8.75,37563.8,36565.1,
20241207,24,8.76,37563.8,36427.1,
20241207,24,8.80,37563.8,36399.7,
20241207,24,8.84,37563.8,36299.7,
20241207,24,8.85,37572.0,36282.9,
20241207,24,8.89,37572.0,36125.9,
20241207,24,8.92,37572.0,36066.9,
20241207,24,8.94,37572.0,35966.9,
20241207,24,8.97,37572.0,35936.9,
20241207,24,8.98,37572.0,35906.9,
20241207,24,9.00,37600.5,35674.9,
20241207,24,9.01,37604.0,35528.8,
20241207,24,9.05,37604.0,35302.6,
20241207,24,9.08,37606.7,35272.6,
20241207,24,9.11,37606.7,35224.6,
20241207,24,9.14,37606.9,35164.6,
20241207,24,9.15,37607.0,35164.6,
20241207,24,9.16,37607.0,35164.6,
20241207,24,9.17,37607.1,35134.6,
20241207,24,9.18,37607.2,35134.6,
20241207,24,9.19,37607.2,35134.5,
20241207,24,9.20,37607.3,35104.5,
20241207,24,9.21,37607.4,35104.5,
20241207,24,9.22,37607.4,35104.5,
20241207,24,9.32,37607.4,35074.5,
20241207,24,9.36,37607.4,35072.9,
20241207,24,9.37,37607.4,35055.7,
20241207,24,9.41,37607.4,35055.1,
20241207,24,9.45,37607.4,35051.8,
20241207,24,9.50,37607.4,35051.1,
20241207,24,9.52,37607.4,35050.2,
20241207,24,9.56,37607.4,35049.6,
20241207,24,9.59,37607.4,34982.2,
20241207,24,9.60,37614.6,34819.2,
20241207,24,9.63,37614.6,34817.5,
20241207,24,9.64,37614.6,34767.5,
20241207,24,9.69,37616.0,34717.5,
20241207,24,9.71,37616.0,34717.5,
20241207,24,9.78,37617.4,34672.5,
20241207,24,9.88,37618.9,34672.5,
20241207,24,9.97,37620.4,34672.5,
20241207,24,9.98,37620.4,34672.5,
20241207,24,10.00,37676.4,34642.5,
20241207,24,10.01,37696.8,34528.6,
20241207,24,10.06,37698.1,34528.6,
20241207,24,10.13,37698.1,34524.4,
20241207,24,10.18,37928.1,34514.3,
20241207,24,10.25,37928.1,34514.3,
20241207,24,10.33,38648.1,33940.3,
20241207,24,10.44,38648.1,33940.3,
20241207,24,10.50,38707.3,33793.3,
20241207,24,10.58,39487.3,33793.2,
20241207,24,10.69,39516.0,33793.2,
20241207,24,10.70,39533.2,33793.2,
20241207,24,10.76,39533.2,33701.4,
20241207,24,10.79,39533.2,33691.3,
20241207,24,10.80,39533.2,33543.3,
20241207,24,10.81,39533.2,33395.3,
20241207,24,10.83,40133.2,33393.1,
20241207,24,10.84,40137.4,33393.1,
20241207,24,10.85,40237.4,33393.1,
20241207,24,10.86,40293.3,33393.1,
20241207,24,10.87,40293.3,33393.1,
20241207,24,10.91,40514.3,33392.9,
20241207,24,10.93,40523.3,33392.9,
20241207,24,11.00,40559.6,33290.9,
20241207,24,11.01,40560.9,33261.1,
20241207,24,11.04,40560.9,33261.1,
20241207,24,11.08,40560.9,33113.1,
20241207,24,11.16,40560.9,33009.1,
20241207,24,11.26,40560.9,32898.3,
20241207,24,11.32,40740.9,32801.7,
20241207,24,11.34,40813.9,32801.7,
20241207,24,11.40,40992.9,31486.5,
20241207,24,11.41,41003.5,31474.6,
20241207,24,11.49,41003.5,31474.6,
20241207,24,11.50,41033.5,31457.1,
20241207,24,11.52,41033.5,31325.8,
20241207,24,11.57,41085.5,31321.6,
20241207,24,11.69,41085.6,31321.6,
20241207,24,11.70,41085.6,31321.6,
20241207,24,11.84,41115.6,31321.5,
20241207,24,11.90,41115.6,31321.5,
20241207,24,11.92,41318.6,31315.2,
20241207,24,12.00,41409.7,31315.2,
20241207,24,12.01,41473.0,31272.4,
20241207,24,12.02,41484.4,31253.5,
20241207,24,12.03,41605.3,31253.5,
20241207,24,12.04,41655.5,31253.5,
20241207,24,12.07,41705.4,31253.5,
20241207,24,12.10,41705.4,31253.5,
20241207,24,12.40,41705.4,31253.4,
20241207,24,12.50,41705.4,31253.3,
20241207,24,12.62,42102.4,31177.7,
20241207,24,12.69,42252.4,31177.7,
20241207,24,12.80,42252.4,31177.7,
20241207,24,12.98,42253.6,31177.6,
20241207,24,13.00,42269.9,31173.4,
20241207,24,13.10,42270.0,31075.5,
20241207,24,13.13,42350.0,31070.2,
20241207,24,13.25,42350.0,30905.2,
20241207,24,13.29,42390.5,30905.0,
20241207,24,13.50,42390.5,30905.0,
20241207,24,13.51,42390.8,30904.1,
20241207,24,13.66,42532.8,30904.1,
20241207,24,13.69,42532.8,30904.1,
20241207,24,13.73,42673.8,30904.0,
20241207,24,13.92,42815.8,30904.0,
20241207,24,14.00,42860.8,30904.0,
20241207,24,14.01,42865.7,30866.8,
20241207,24,14.08,43006.7,30866.8,
20241207,24,14.10,43006.8,30866.8,
20241207,24,14.25,43031.1,30866.8,
20241207,24,14.30,43031.1,30866.8,
20241207,24,14.32,43173.1,30863.7,
20241207,24,14.40,43224.1,30863.7,
20241207,24,14.44,43224.1,30863.7,
20241207,24,14.47,43365.1,30855.1,
20241207,24,14.51,43371.2,30855.1,
20241207,24,14.56,43405.1,30855.1,
20241207,24,14.60,43405.1,30855.1,
20241207,24,14.63,43613.1,30854.9,
20241207,24,14.66,43680.1,30854.9,
20241207,24,14.67,43680.1,30854.9,
20241207,24,14.69,43710.8,30854.8,
20241207,24,14.72,43777.8,30854.8,
20241207,24,14.78,43918.8,30854.8,
20241207,24,14.90,43931.8,30854.5,
20241207,24,14.93,44024.8,30854.5,
20241207,24,14.95,44074.8,30854.5,
20241207,24,14.96,44124.8,30854.5,
20241207,24,14.98,44206.8,30854.5,
20241207,24,15.00,44207.3,30854.5,
20241207,24,15.01,44309.1,30825.7,
20241207,24,15.02,44318.2,30824.9,
20241207,24,15.03,44403.2,30824.9,
20241207,24,15.10,44403.2,30824.9,
20241207,24,15.17,44545.2,30824.8,
20241207,24,15.20,44572.3,30824.8,
20241207,24,15.22,44723.3,30824.8,
20241207,24,15.35,44766.6,30824.8,
20241207,24,15.44,44766.6,30824.8,
20241207,24,15.46,44907.6,30775.1,
20241207,24,15.50,44954.6,30775.1,
20241207,24,15.60,44954.6,30773.5,
20241207,24,15.62,44954.6,30773.4,
20241207,24,15.66,45096.6,30773.2,
20241207,24,15.68,45100.8,30773.2,
20241207,24,15.70,45100.8,30773.2,
20241207,24,15.81,45100.8,30773.1,
20241207,24,15.90,45100.8,30752.9,
20241207,24,15.91,45100.8,30752.7,
20241207,24,15.93,45140.8,30689.7,
20241207,24,15.99,45140.8,30689.7,
20241207,24,16.00,45153.3,30688.9,
20241207,24,16.04,45155.2,30627.3,
20241207,24,16.08,45155.2,30627.3,
20241207,24,16.13,45156.2,30619.7,
20241207,24,16.40,45156.2,30619.7,
20241207,24,16.50,45256.2,30619.6,
20241207,24,16.59,45256.2,30619.6,
20241207,24,16.61,45256.2,30618.3,
20241207,24,16.70,45256.2,30549.5,
20241207,24,17.00,45256.2,30540.5,
20241207,24,17.01,45262.3,30540.1,
20241207,24,17.14,45262.3,30538.6,
20241207,24,17.20,45262.3,30515.5,
20241207,24,17.22,45486.8,30513.8,
20241207,24,17.43,45486.8,30513.8,
20241207,24,17.50,45486.8,30513.6,
20241207,24,17.58,45486.8,30513.2,
20241207,24,17.60,45486.8,30497.0,
20241207,24,17.73,45486.8,30496.9,
20241207,24,17.90,45486.8,30474.9,
20241207,24,18.00,45486.8,30473.9,
20241207,24,18.10,45486.8,30472.9,
20241207,24,18.43,45591.8,30471.3,
20241207,24,18.49,45591.8,30471.3,
20241207,24,18.57,45591.8,30471.2,
20241207,24,18.78,45591.8,30470.3,
20241207,24,18.79,45595.5,30466.4,
20241207,24,18.82,45595.5,30466.4,
20241207,24,19.00,45595.5,30458.7,
20241207,24,19.10,45595.5,30458.6,
20241207,24,19.22,45595.5,30457.6,
20241207,24,19.43,45595.5,30323.6,
20241207,24,19.56,45736.5,29742.2,
20241207,24,19.63,45878.5,29742.2,
20241207,24,19.66,46019.5,29742.2,
20241207,24,19.70,46161.5,29742.2,
20241207,24,19.77,46302.5,29742.2,
20241207,24,19.78,46302.5,29742.2,
20241207,24,20.00,46302.5,29739.1,
20241207,24,20.01,46307.7,29710.7,
20241207,24,20.12,46307.7,29694.4,
20241207,24,20.18,46308.7,29675.8,
20241207,24,20.30,46308.7,29675.8,
20241207,24,21.03,46308.7,29674.8,
20241207,24,21.10,46319.9,27874.8,
20241207,24,21.16,46319.9,27874.8,
20241207,24,21.50,46319.9,27874.0,
20241207,24,21.56,46319.9,27873.0,
20241207,24,22.00,46319.9,27865.4,
20241207,24,22.10,46319.9,27864.4,
20241207,24,22.35,46461.9,27862.8,
20241207,24,22.70,46461.9,27862.8,
20241207,24,22.88,46461.9,27859.6,
20241207,24,23.38,46461.9,27858.7,
20241207,24,23.60,46461.9,27851.0,
20241207,24,23.74,46461.9,27850.2,
20241207,24,23.87,46471.5,27837.1,
20241207,24,24.00,46471.5,27837.1,
20241207,24,24.04,46471.5,27732.7,
20241207,24,24.14,46471.5,27730.1,
20241207,24,24.29,46471.5,27722.5,
20241207,24,25.00,46471.5,27643.9,
20241207,24,25.12,46471.5,27634.8,
20241207,24,25.57,46612.5,27616.2,
20241207,24,25.99,46612.5,27616.2,
20241207,24,26.00,46612.5,27615.7,
20241207,24,27.50,46612.5,27598.9,
20241207,24,28.80,46754.5,27593.7,
20241207,24,29.00,46754.5,27593.7,
20241207,24,29.90,46754.5,27588.3,
20241207,24,30.00,46754.5,27582.2,
20241207,24,31.00,46754.5,27373.3,
20241207,24,31.36,46754.5,27349.3,
20241207,24,31.79,46754.5,27129.9,
20241207,24,32.00,46754.5,27127.6,
20241207,24,33.62,46891.4,27124.4,
20241207,24,34.00,46891.4,27124.4,
20241207,24,34.16,46891.4,27060.6,
20241207,24,34.94,46891.4,26956.2,
20241207,24,35.00,46891.4,26945.3,
20241207,24,35.50,46891.4,26917.4,
20241207,24,36.00,46891.4,26917.3,
20241207,24,37.00,46891.4,26865.8,
20241207,24,37.50,46891.4,26845.7,
20241207,24,39.69,47384.4,26800.3,
20241207,24,40.00,47384.4,26800.3,
20241207,24,40.01,47384.4,26714.5,
20241207,24,41.33,47384.4,26599.2,
20241207,24,42.44,47384.4,26597.6,
20241207,24,42.50,47384.4,26482.9,
20241207,24,45.00,47384.4,26482.8,
20241207,24,45.01,47384.4,26398.1,
20241207,24,46.00,47384.4,26224.7,
20241207,24,48.32,47384.4,26174.7,
20241207,24,49.50,47384.4,26149.1,
20241207,24,50.00,47385.7,26148.7,
20241207,24,50.01,47385.7,25728.5,
20241207,24,50.90,47385.7,25724.4,
20241207,24,55.00,47385.7,25723.5,
20241207,24,58.83,47385.7,25668.6,
20241207,24,59.24,47385.7,25665.8,
20241207,24,60.00,47385.7,25630.2,
20241207,24,60.07,47385.7,25482.2,
20241207,24,70.00,47385.7,25466.0,
20241207,24,70.48,47386.0,25464.9,
20241207,24,72.00,47386.0,25464.9,
20241207,24,77.80,47386.0,25464.3,
20241207,24,79.90,47386.0,25331.8,
20241207,24,80.00,47386.0,25327.9,
20241207,24,80.01,47386.0,24097.2,
20241207,24,80.02,47386.0,23891.0,
20241207,24,80.21,47535.9,23815.0,
20241207,24,81.00,47535.9,23815.0,
20241207,24,82.01,47535.9,23778.8,
20241207,24,85.00,47535.9,23643.4,
20241207,24,90.00,47535.9,23631.9,
20241207,24,94.22,47535.9,23623.7,
20241207,24,99.90,47535.9,23622.1,
20241207,24,100.00,47685.9,23614.3,
20241207,24,100.01,47793.4,23048.9,
20241207,24,101.00,47793.4,23048.9,
20241207,24,107.14,47793.4,22884.4,
20241207,24,120.06,47793.4,22882.7,
20241207,24,120.10,47793.4,22881.1,
20241207,24,132.98,47793.4,22835.1,
20241207,24,138.00,47793.4,22833.4,
20241207,24,150.00,47793.4,22664.7,
20241207,24,151.00,47793.4,22576.9,
20241207,24,190.00,47793.4,22544.4,
20241207,24,200.00,47793.4,22543.0,
20241207,24,200.01,47793.4,19272.9,
20241207,24,200.10,47793.4,16943.4,
20241207,24,200.50,47793.4,16858.8,
20241207,24,201.00,47793.4,16858.6,
20241207,24,210.00,47793.4,16786.4,
20241207,24,250.00,47793.4,16314.4,
20241207,24,300.00,47793.4,16145.4,
20241207,24,500.00,47793.4,16039.7,
20241207,24,550.02,47793.4,16029.7,
20241207,24,900.00,47793.4,15768.5,
20241207,24,999.00,47793.4,15754.9,
20241207,24,999.99,47793.4,0.0,
20241207,25,0.00,0.0,39505.0,
20241207,25,0.00,19885.7,39505.0,
20241207,25,0.01,35574.4,39505.0,
20241207,25,0.02,35751.0,39475.2,
20241207,25,0.03,35755.4,39464.8,
20241207,25,0.04,35819.0,39452.8,
20241207,25,0.10,35947.5,39452.8,
20241207,25,0.25,35957.6,39372.7,
20241207,25,0.26,35965.0,39372.7,
20241207,25,0.27,35967.1,39372.7,
20241207,25,0.30,35968.5,39372.7,
20241207,25,1.00,36406.3,39372.7,
20241207,25,1.01,36423.4,39138.9,
20241207,25,1.22,36704.9,39110.7,
20241207,25,1.86,36712.1,39110.7,
20241207,25,2.00,36785.3,39110.7,
20241207,25,2.01,36785.3,39094.7,
20241207,25,2.20,36785.3,38494.7,
20241207,25,2.42,36790.3,38493.3,
20241207,25,2.47,36790.3,38493.3,
20241207,25,2.50,36790.8,38478.3,
20241207,25,2.61,36790.8,38478.3,
20241207,25,2.70,36790.8,38463.3,
20241207,25,2.76,36790.8,38438.3,
20241207,25,3.00,36840.8,38408.3,
20241207,25,3.01,36866.3,37730.4,
20241207,25,3.02,36866.3,37530.4,
20241207,25,3.13,36866.3,37523.9,
20241207,25,3.31,36866.3,37508.9,
20241207,25,3.39,36866.3,37493.9,
20241207,25,3.50,36866.3,37489.4,
20241207,25,3.51,36867.0,37460.6,
20241207,25,3.56,36867.0,37460.6,
20241207,25,3.62,36873.5,37460.4,
20241207,25,3.67,36873.5,37460.4,
20241207,25,3.68,36892.0,37448.9,
20241207,25,3.71,36899.2,37448.9,
20241207,25,3.81,36900.9,37448.9,
20241207,25,3.90,36904.9,37448.9,
20241207,25,4.00,36956.9,37448.9,
20241207,25,4.01,36986.9,37447.9,
20241207,25,4.05,37006.9,37447.9,
20241207,25,4.23,37026.9,37447.9,
20241207,25,4.27,37085.3,37447.9,
20241207,25,4.60,37085.3,37447.9,
20241207,25,4.78,37085.3,37444.8,
20241207,25,4.82,37092.3,37429.8,
20241207,25,4.95,37092.4,37429.8,
20241207,25,5.00,37280.1,37429.8,
20241207,25,5.01,37280.7,37314.1,
20241207,25,5.02,37280.7,36738.8,
20241207,25,5.08,37289.5,36721.7,
20241207,25,5.25,37289.5,36706.7,
20241207,25,5.37,37289.9,36618.1,
20241207,25,5.38,37289.9,36618.1,
20241207,25,5.53,37289.9,36603.1,
20241207,25,5.57,37297.1,36599.1,
20241207,25,5.61,37297.1,36599.1,
20241207,25,5.68,37297.1,36598.9,
20241207,25,5.78,37297.5,36583.9,
20241207,25,5.90,37297.5,36583.9,
20241207,25,6.00,37364.5,36569.9,
20241207,25,6.01,37372.4,36519.9,
20241207,25,6.02,37379.6,36519.9,
20241207,25,6.06,37380.0,36519.9,
20241207,25,6.19,37387.3,36519.9,
20241207,25,6.26,37387.3,36519.9,
20241207,25,6.29,37406.0,36513.9,
20241207,25,6.50,37406.1,36513.9,
20241207,25,6.70,37406.6,36513.9,
20241207,25,6.78,37406.7,36513.9,
20241207,25,6.79,37407.3,36513.9,
20241207,25,6.87,37407.8,36513.9,
20241207,25,6.89,37407.8,36512.4,
20241207,25,7.00,37407.8,36508.4,
20241207,25,7.01,37407.8,36507.7,
20241207,25,7.05,37413.6,36502.3,
20241207,25,7.22,37422.0,36502.3,
20241207,25,7.30,37422.0,36502.3,
20241207,25,7.31,37422.0,36499.9,
20241207,25,7.42,37438.2,36490.0,
20241207,25,7.50,37478.2,36490.0,
20241207,25,7.56,37478.2,36489.5,
20241207,25,7.64,37478.2,36488.9,
20241207,25,7.66,37478.2,36463.9,
20241207,25,7.70,37479.1,36463.7,
20241207,25,7.77,37479.1,36463.7,
20241207,25,7.95,37482.8,36453.8,
20241207,25,8.00,37489.3,36453.8,
20241207,25,8.01,37513.1,36298.0,
20241207,25,8.02,37513.1,36298.0,
20241207,25,8.04,37525.7,36283.1,
20241207,25,8.12,37525.7,36283.1,
20241207,25,8.23,37525.7,36258.1,
20241207,25,8.24,37535.5,36248.1,
20241207,25,8.33,37535.5,36248.1,
20241207,25,8.34,37541.5,36231.8,
20241207,25,8.40,37541.5,36231.8,
20241207,25,8.50,37543.5,36231.3,
20241207,25,8.54,37595.0,36231.3,
20241207,25,8.59,37595.0,36231.3,
20241207,25,8.69,37644.8,36206.3,
20241207,25,8.71,37644.8,36206.3,
20241207,25,8.76,37644.8,36106.3,
20241207,25,8.82,37644.8,36079.0,
20241207,25,8.85,37644.8,35979.0,
20241207,25,8.89,37644.8,35819.8,
20241207,25,8.91,37644.8,35760.8,
20241207,25,8.93,37646.4,35760.2,
20241207,25,8.94,37646.4,35660.2,
20241207,25,8.97,37646.4,35630.2,
20241207,25,9.00,37674.9,35600.2,
20241207,25,9.01,37678.2,35454.4,
20241207,25,9.02,37678.3,35440.7,
20241207,25,9.03,37678.3,35440.7,
20241207,25,9.04,37678.3,35414.0,
20241207,25,9.05,37678.3,35314.0,
20241207,25,9.06,37678.3,35284.0,
20241207,25,9.07,37678.3,35267.5,
20241207,25,9.08,37686.4,35250.6,
20241207,25,9.10,37686.5,34988.6,
20241207,25,9.11,37686.5,34988.6,
20241207,25,9.15,37686.5,34928.6,
20241207,25,9.16,37686.5,34928.0,
20241207,25,9.17,37686.6,34686.0,
20241207,25,9.18,37686.6,34686.0,
20241207,25,9.19,37686.6,34685.9,
20241207,25,9.22,37686.6,34655.9,
20241207,25,9.25,37686.7,34625.9,
20241207,25,9.27,37706.0,34625.9,
20241207,25,9.32,37707.2,34624.2,
20241207,25,9.33,37707.3,34624.2,
20241207,25,9.41,37711.2,34624.2,
20241207,25,9.42,37711.2,34624.2,
20241207,25,9.50,37711.2,34494.2,
20241207,25,9.56,37715.0,34492.3,
20241207,25,9.59,37715.0,34425.3,
20241207,25,9.62,37715.0,34322.3,
20241207,25,9.64,37715.0,34321.4,
20241207,25,9.67,37715.0,34271.4,
20241207,25,9.70,37718.9,34221.4,
20241207,25,9.71,37718.9,34221.4,
20241207,25,9.73,37718.9,34221.2,
20241207,25,9.85,37722.8,34176.2,
20241207,25,9.98,37722.8,34176.2,
20241207,25,9.99,37726.5,34146.2,
20241207,25,10.00,37784.6,34142.0,
20241207,25,10.01,37805.3,34028.5,
20241207,25,10.15,37855.2,34028.5,
20241207,25,10.18,38085.2,34028.5,
20241207,25,10.25,38085.2,34028.5,
20241207,25,10.33,38805.2,33454.5,
20241207,25,10.44,38805.2,33454.5,
20241207,25,10.50,38864.3,33307.5,
20241207,25,10.56,38864.3,33307.4,
20241207,25,10.58,39644.3,33304.1,
20241207,25,10.69,39712.3,33304.1,
20241207,25,10.70,39729.3,33304.1,
20241207,25,10.79,39729.3,33230.0,
20241207,25,10.80,39729.3,33083.0,
20241207,25,10.82,39729.3,32935.0,
20241207,25,10.83,40329.3,32926.6,
20241207,25,10.85,40429.3,32926.6,
20241207,25,10.86,40485.2,32926.6,
20241207,25,10.91,40701.2,32926.6,
20241207,25,10.93,40701.2,32926.6,
20241207,25,11.00,40738.1,32824.6,
20241207,25,11.01,40739.3,32795.1,
20241207,25,11.04,40739.3,32795.1,
20241207,25,11.05,40743.5,32647.1,
20241207,25,11.08,40743.5,32647.1,
20241207,25,11.14,40754.0,32543.1,
20241207,25,11.16,40754.0,32543.1,
20241207,25,11.26,40754.0,32432.5,
20241207,25,11.32,40934.0,32336.2,
20241207,25,11.34,41006.2,32336.2,
20241207,25,11.36,41190.2,31021.0,
20241207,25,11.39,41190.2,31021.0,
20241207,25,11.40,41190.2,31016.8,
20241207,25,11.50,41220.2,31014.5,
20241207,25,11.57,41272.2,30883.1,
20241207,25,11.59,41272.3,30883.1,
20241207,25,11.70,41272.3,30883.1,
20241207,25,11.76,41272.3,30883.0,
20241207,25,11.81,41272.3,30882.8,
20241207,25,11.84,41302.3,30865.0,
20241207,25,11.92,41387.3,30865.0,
20241207,25,12.00,41478.5,30865.0,
20241207,25,12.01,41540.9,30819.5,
20241207,25,12.02,41548.9,30798.0,
20241207,25,12.03,41669.8,30791.7,
20241207,25,12.10,41669.8,30791.7,
20241207,25,12.40,41669.8,30791.6,
20241207,25,12.50,41669.8,30791.5,
20241207,25,12.69,41819.8,30716.6,
20241207,25,12.79,41819.8,30716.6,
20241207,25,12.80,41819.8,30712.4,
20241207,25,12.83,42334.8,30712.3,
20241207,25,13.00,42351.0,30712.3,
20241207,25,13.01,42351.3,30622.5,
20241207,25,13.13,42541.3,30622.5,
20241207,25,13.22,42541.3,30457.5,
20241207,25,13.36,42604.8,30452.2,
20241207,25,13.54,42746.8,30452.2,
20241207,25,13.67,42887.8,30452.2,
20241207,25,13.69,42887.8,30452.2,
20241207,25,13.81,42887.8,30452.1,
20241207,25,13.85,42887.8,30451.5,
20241207,25,13.89,43029.8,30431.3,
20241207,25,14.00,43074.8,30431.3,
20241207,25,14.01,43220.4,30396.8,
20241207,25,14.05,43222.3,30396.8,
20241207,25,14.14,43222.8,30396.8,
20241207,25,14.19,43222.8,30396.8,
20241207,25,14.25,43246.8,30388.2,
20241207,25,14.32,43388.8,30388.2,
20241207,25,14.40,43467.8,30388.2,
20241207,25,14.42,43467.8,30388.2,
20241207,25,14.44,43608.8,30385.1,
20241207,25,14.50,43608.8,30385.1,
20241207,25,14.51,43614.6,30384.8,
20241207,25,14.60,43614.6,30384.8,
20241207,25,14.63,43846.6,30384.6,
20241207,25,14.66,43937.6,30384.6,
20241207,25,14.67,43937.6,30384.6,
20241207,25,14.69,43967.0,30384.5,
20241207,25,14.70,44017.0,30384.5,
20241207,25,14.72,44105.0,30384.5,
20241207,25,14.74,44105.0,30384.5,
20241207,25,14.78,44246.0,30334.9,
20241207,25,14.79,44296.0,30334.9,
20241207,25,14.81,44327.0,30334.9,
20241207,25,14.82,44339.0,30334.9,
20241207,25,14.83,44346.0,30334.9,
20241207,25,14.88,44362.0,30334.9,
20241207,25,14.89,44375.0,30334.9,
20241207,25,14.90,44401.0,30334.9,
20241207,25,14.93,44525.0,30334.9,
20241207,25,14.94,44542.0,30334.9,
20241207,25,14.95,44554.0,30334.9,
20241207,25,14.96,44575.0,30334.9,
20241207,25,14.97,44586.0,30334.9,
20241207,25,14.98,44688.0,30334.9,
20241207,25,15.00,44688.0,30334.9,
20241207,25,15.01,44790.2,30309.9,
20241207,25,15.02,44799.3,30309.2,
20241207,25,15.03,44903.3,30309.2,
20241207,25,15.10,44903.3,30308.8,
20241207,25,15.17,45045.3,30308.7,
20241207,25,15.22,45196.3,30308.7,
20241207,25,15.35,45238.7,30308.7,
20241207,25,15.46,45379.7,30308.7,
20241207,25,15.50,45426.7,30308.7,
20241207,25,15.60,45426.7,30307.8,
20241207,25,15.62,45426.7,30307.7,
20241207,25,15.65,45426.7,30306.2,
20241207,25,15.66,45568.7,30297.8,
20241207,25,15.68,45572.9,30297.8,
20241207,25,15.70,45572.9,30297.8,
20241207,25,15.90,45572.9,30297.7,
20241207,25,15.91,45572.9,30297.5,
20241207,25,15.93,45629.6,30251.2,
20241207,25,16.00,45642.1,30251.2,
20241207,25,16.40,45642.3,30198.2,
20241207,25,16.50,45742.3,30198.1,
20241207,25,16.59,45742.3,30198.1,
20241207,25,16.70,45742.3,30196.8,
20241207,25,16.82,45742.3,30188.8,
20241207,25,16.86,45742.3,30187.8,
20241207,25,17.00,45742.3,30122.0,
20241207,25,17.01,45748.1,30121.7,
20241207,25,17.20,45748.1,30120.2,
20241207,25,17.22,45972.6,30118.7,
20241207,25,17.27,45972.6,30118.7,
20241207,25,17.43,45972.6,30095.2,
20241207,25,17.58,45972.6,30095.0,
20241207,25,17.60,45972.6,30078.8,
20241207,25,17.73,45972.6,30078.7,
20241207,25,18.00,45972.6,30056.7,
20241207,25,18.02,45972.6,30056.3,
20241207,25,18.09,45972.6,30055.3,
20241207,25,18.10,45972.6,30046.7,
20241207,25,18.43,46077.6,30045.1,
20241207,25,18.49,46077.6,30045.1,
20241207,25,18.78,46077.6,30045.0,
20241207,25,18.79,46081.9,30041.7,
20241207,25,18.95,46081.9,30041.7,
20241207,25,19.00,46081.9,29919.7,
20241207,25,19.22,46081.9,29919.6,
20241207,25,19.43,46081.9,29918.6,
20241207,25,19.56,46222.9,29324.0,
20241207,25,19.63,46364.9,29324.0,
20241207,25,19.66,46505.9,29324.0,
20241207,25,19.70,46647.9,29324.0,
20241207,25,19.77,46788.9,29324.0,
20241207,25,19.92,46824.9,29324.0,
20241207,25,20.00,46824.9,29324.0,
20241207,25,20.01,46830.0,29296.4,
20241207,25,20.03,46830.0,29281.0,
20241207,25,20.12,46830.0,29277.4,
20241207,25,20.42,46830.0,29259.9,
20241207,25,20.53,46830.0,29258.9,
20241207,25,21.03,46830.0,29250.5,
20241207,25,21.10,46840.8,27450.5,
20241207,25,21.62,46840.8,27450.5,
20241207,25,22.10,46840.8,27449.5,
20241207,25,22.15,46840.8,27448.1,
20241207,25,22.35,46982.8,27439.5,
20241207,25,22.82,46982.8,27439.5,
20241207,25,22.83,46982.8,27436.4,
20241207,25,22.96,46982.8,27428.0,
20241207,25,23.87,46992.4,27341.2,
20241207,25,24.04,46992.4,27341.2,
20241207,25,25.00,46992.4,27339.9,
20241207,25,25.12,46992.4,27331.6,
20241207,25,25.57,47133.4,27314.1,
20241207,25,26.22,47133.4,27314.1,
20241207,25,27.00,47133.4,27301.1,
20241207,25,27.50,47133.4,27182.0,
20241207,25,27.62,47133.4,27176.9,
20241207,25,28.80,47275.4,27175.8,
20241207,25,29.00,47275.4,27175.8,
20241207,25,29.90,47275.4,27110.2,
20241207,25,30.00,47275.4,27104.7,
20241207,25,31.00,47275.4,26982.8,
20241207,25,31.06,47275.4,26957.9,
20241207,25,31.36,47275.4,26858.6,
20241207,25,31.79,47275.4,26643.1,
20241207,25,32.00,47275.4,26640.8,
20241207,25,33.62,47410.4,26637.6,
20241207,25,34.94,47410.4,26637.6,
20241207,25,35.00,47410.4,26629.0,
20241207,25,35.50,47410.4,26603.9,
20241207,25,36.00,47410.4,26603.8,
20241207,25,37.50,47410.4,26494.4,
20241207,25,39.69,47831.4,26449.5,
20241207,25,40.00,47831.4,26449.5,
20241207,25,40.01,47831.4,26367.2,
20241207,25,41.06,47831.4,26265.0,
20241207,25,42.44,47831.4,26263.4,
20241207,25,42.50,47831.4,26149.5,
20241207,25,45.00,47831.4,26149.4,
20241207,25,45.01,47831.4,26067.9,
20241207,25,46.00,47831.4,25890.9,
20241207,25,48.32,47831.4,25840.9,
20241207,25,49.50,47831.4,25838.4,
20241207,25,50.00,47833.1,25838.0,
20241207,25,50.01,47833.1,25434.4,
20241207,25,50.90,47833.1,25430.3,
20241207,25,53.00,47833.1,25429.4,
20241207,25,55.00,47833.1,25409.9,
20241207,25,58.55,47833.1,25356.0,
20241207,25,58.94,47833.1,25353.3,
20241207,25,59.77,47833.1,25318.6,
20241207,25,60.00,47833.1,25302.4,
20241207,25,70.00,47833.1,25156.9,
20241207,25,70.48,47833.4,25155.8,
20241207,25,72.00,47833.4,25155.8,
20241207,25,77.80,47833.4,25155.2,
20241207,25,79.90,47833.4,25037.0,
20241207,25,80.00,47833.4,25033.3,
20241207,25,80.01,47833.4,23842.3,
20241207,25,80.02,47833.4,23643.1,
20241207,25,80.21,47983.3,23567.1,
20241207,25,81.00,47983.3,23567.1,
20241207,25,82.01,47983.3,23535.3,
20241207,25,85.00,47983.3,23401.2,
20241207,25,90.00,47983.3,23391.2,
20241207,25,94.04,47983.3,23384.5,
20241207,25,99.90,47983.3,23382.9,
20241207,25,100.00,48133.3,23375.0,
20241207,25,100.01,48237.1,22856.9,
20241207,25,101.00,48237.1,22856.9,
20241207,25,106.96,48237.1,22692.4,
20241207,25,119.88,48237.1,22690.7,
20241207,25,120.10,48237.1,22689.1,
20241207,25,132.80,48237.1,22645.1,
20241207,25,138.00,48237.1,22643.4,
20241207,25,150.00,48237.1,22470.3,
20241207,25,151.00,48237.1,22384.4,
20241207,25,190.00,48237.1,22352.6,
20241207,25,200.00,48237.1,22351.2,
20241207,25,200.01,48237.1,19185.6,
20241207,25,200.10,48237.1,16868.5,
20241207,25,200.50,48237.1,16783.9,
20241207,25,201.00,48237.1,16783.7,
20241207,25,210.00,48237.1,16710.6,
20241207,25,250.00,48237.1,16242.1,
20241207,25,300.00,48237.1,16093.5,
20241207,25,500.00,48237.1,15988.3,
20241207,25,550.02,48237.1,15978.3,
20241207,25,900.00,48237.1,15710.2,
20241207,25,999.00,48237.1,15699.4,
20241207,25,999.99,48237.1,0.0,
20241207,26,0.00,0.0,39218.7,
20241207,26,0.00,19378.6,39218.7,
20241207,26,0.01,35153.5,39218.7,
20241207,26,0.02,35332.4,39189.0,
20241207,26,0.03,35336.9,39178.6,
20241207,26,0.04,35399.6,39166.8,
20241207,26,0.10,35524.9,39166.8,
20241207,26,0.16,35806.2,39086.7,
20241207,26,0.25,35816.0,39086.7,
20241207,26,0.26,35822.9,39086.7,
20241207,26,0.27,35825.0,39086.7,
20241207,26,0.30,35826.4,39086.7,
20241207,26,1.00,36262.8,39086.7,
20241207,26,1.01,36279.6,38854.1,
20241207,26,1.36,36284.6,38826.3,
20241207,26,2.00,36357.1,38826.3,
20241207,26,2.01,36364.3,38810.3,
20241207,26,2.40,36364.3,38210.3,
20241207,26,2.50,36364.7,38209.0,
20241207,26,2.56,36369.7,38209.0,
20241207,26,3.00,36419.7,38209.0,
20241207,26,3.01,36444.1,37531.7,
20241207,26,3.02,36444.1,37331.7,
20241207,26,3.23,36444.1,37325.3,
20241207,26,3.39,36444.1,37310.3,
20241207,26,3.42,36444.1,37305.9,
20241207,26,3.43,36444.1,37290.9,
20241207,26,3.50,36444.1,37290.7,
20241207,26,3.51,36444.8,37286.7,
20241207,26,3.54,36444.8,37286.7,
20241207,26,3.61,36444.8,37261.7,
20241207,26,3.76,36451.2,37231.7,
20241207,26,3.87,36453.5,37231.7,
20241207,26,3.96,36457.3,37231.7,
20241207,26,4.00,36482.5,37231.7,
20241207,26,4.01,36489.7,37230.7,
20241207,26,4.04,36489.7,37230.7,
20241207,26,4.27,36548.1,37215.7,
20241207,26,4.51,36548.1,37200.7,
20241207,26,4.70,36548.1,37175.7,
20241207,26,4.74,36548.1,37172.7,
20241207,26,4.75,36566.4,37161.0,
20241207,26,4.76,36596.4,37161.0,
20241207,26,4.96,36603.4,37161.0,
20241207,26,4.99,36633.4,37161.0,
20241207,26,5.00,36823.4,37161.0,
20241207,26,5.01,36824.0,37046.1,
20241207,26,5.02,36824.0,36470.9,
20241207,26,5.22,36844.0,36453.8,
20241207,26,5.29,36844.0,36453.8,
20241207,26,5.36,36844.0,36438.8,
20241207,26,5.46,36864.0,36438.6,
20241207,26,5.63,36872.6,36438.6,
20241207,26,5.82,36872.6,36423.6,
20241207,26,5.90,36872.6,36338.6,
20241207,26,5.96,36872.6,36324.6,
20241207,26,6.00,36939.6,36309.6,
20241207,26,6.01,36955.0,36259.6,
20241207,26,6.07,36955.4,36259.6,
20241207,26,6.10,36959.8,36259.6,
20241207,26,6.13,36959.8,36259.6,
20241207,26,6.16,36967.0,36255.6,
20241207,26,6.26,36985.4,36255.6,
20241207,26,6.29,36985.4,36249.6,
20241207,26,6.50,36985.5,36234.6,
20241207,26,6.70,36989.1,36234.6,
20241207,26,6.71,36989.2,36234.6,
20241207,26,6.80,36989.4,36234.6,
20241207,26,6.86,36996.3,36234.6,
20241207,26,6.95,36996.9,36234.6,
20241207,26,7.00,36996.9,36234.6,
20241207,26,7.01,36996.9,36233.9,
20241207,26,7.04,36997.5,36228.5,
20241207,26,7.06,36998.7,36228.5,
20241207,26,7.29,36998.7,36228.5,
20241207,26,7.36,37007.2,36228.3,
20241207,26,7.50,37047.2,36228.3,
20241207,26,7.58,37047.2,36228.3,
20241207,26,7.63,37047.2,36227.2,
20241207,26,7.69,37052.2,36223.1,
20241207,26,7.70,37052.6,36223.1,
20241207,26,7.90,37052.6,36213.7,
20241207,26,8.00,37060.1,36213.2,
20241207,26,8.01,37102.8,36057.1,
20241207,26,8.05,37103.0,36057.1,
20241207,26,8.10,37103.4,36057.1,
20241207,26,8.11,37107.2,36057.1,
20241207,26,8.14,37107.6,36057.1,
20241207,26,8.18,37107.6,36057.1,
20241207,26,8.19,37108.0,36047.7,
20241207,26,8.20,37115.5,36047.7,
20241207,26,8.24,37115.9,36047.7,
20241207,26,8.33,37121.9,36046.2,
20241207,26,8.40,37121.9,36046.2,
20241207,26,8.47,37121.9,36030.3,
20241207,26,8.50,37123.9,36015.7,
20241207,26,8.53,37124.3,36015.7,
20241207,26,8.54,37175.8,36015.7,
20241207,26,8.66,37175.8,36015.7,
20241207,26,8.67,37183.6,36004.7,
20241207,26,8.68,37183.7,36004.7,
20241207,26,8.73,37183.7,36004.7,
20241207,26,8.81,37183.7,35904.7,
20241207,26,8.84,37183.8,35902.5,
20241207,26,8.85,37183.8,35802.5,
20241207,26,8.89,37183.8,35645.5,
20241207,26,8.92,37185.4,35586.5,
20241207,26,8.94,37185.4,35586.5,
20241207,26,8.95,37185.4,35556.5,
20241207,26,8.97,37185.4,35456.5,
20241207,26,8.99,37185.5,35400.0,
20241207,26,9.00,37214.0,35400.0,
20241207,26,9.01,37217.3,35274.1,
20241207,26,9.04,37217.3,35260.4,
20241207,26,9.05,37217.3,35235.4,
20241207,26,9.06,37217.3,35205.4,
20241207,26,9.08,37217.3,35089.3,
20241207,26,9.11,37217.3,35059.3,
20241207,26,9.15,37266.2,34794.3,
20241207,26,9.16,37266.2,34794.3,
20241207,26,9.19,37266.2,34764.3,
20241207,26,9.20,37266.2,34734.3,
20241207,26,9.22,37266.2,34522.3,
20241207,26,9.27,37266.2,34491.6,
20241207,26,9.30,37266.3,34488.3,
20241207,26,9.42,37266.3,34488.3,
20241207,26,9.44,37266.3,34305.3,
20241207,26,9.45,37266.3,34305.1,
20241207,26,9.50,37266.3,34304.5,
20241207,26,9.56,37266.3,34302.6,
20241207,26,9.61,37266.3,34209.6,
20241207,26,9.64,37266.3,34184.6,
20241207,26,9.70,37266.3,34183.9,
20241207,26,9.73,37266.3,34133.9,
20241207,26,9.76,37266.3,34038.9,
20241207,26,9.82,37266.3,34038.0,
20241207,26,9.90,37266.3,34037.4,
20241207,26,9.98,37266.3,33971.5,
20241207,26,10.00,37324.4,33941.5,
20241207,26,10.01,37344.7,33807.9,
20241207,26,10.17,37344.7,33802.0,
20241207,26,10.18,37574.7,33777.0,
20241207,26,10.25,37574.7,33777.0,
20241207,26,10.33,38294.7,33203.0,
20241207,26,10.44,38294.7,33203.0,
20241207,26,10.50,38353.4,33056.0,
20241207,26,10.58,39133.4,33055.8,
20241207,26,10.69,39199.2,33055.8,
20241207,26,10.70,39216.0,33055.8,
20241207,26,10.74,39216.0,32985.2,
20241207,26,10.75,39223.7,32967.9,
20241207,26,10.77,39223.7,32967.9,
20241207,26,10.79,39223.7,32858.5,
20241207,26,10.80,39223.7,32711.5,
20241207,26,10.83,39823.7,32564.5,
20241207,26,10.85,39923.7,32564.5,
20241207,26,10.86,39979.6,32564.5,
20241207,26,10.91,40194.6,32564.5,
20241207,26,10.93,40194.6,32564.5,
20241207,26,10.96,40194.6,32462.5,
20241207,26,11.00,40231.5,32454.1,
20241207,26,11.01,40232.7,32424.6,
20241207,26,11.04,40232.7,32424.6,
20241207,26,11.08,40232.7,32277.6,
20241207,26,11.22,40233.8,32173.6,
20241207,26,11.26,40233.8,32173.6,
20241207,26,11.32,40413.8,32081.3,
20241207,26,11.34,40482.3,32081.3,
20241207,26,11.36,40667.3,30761.9,
20241207,26,11.40,40667.3,30761.9,
20241207,26,11.50,40697.3,30759.6,
20241207,26,11.57,40749.3,30627.9,
20241207,26,11.60,40749.3,30627.9,
20241207,26,11.65,40799.2,30627.7,
20241207,26,11.70,40799.2,30627.7,
20241207,26,11.79,40799.2,30627.6,
20241207,26,11.84,40829.2,30610.1,
20241207,26,11.88,40833.5,30610.1,
20241207,26,11.94,40867.5,30610.1,
20241207,26,11.97,40879.5,30610.1,
20241207,26,12.00,40970.5,30610.1,
20241207,26,12.01,41030.6,30566.8,
20241207,26,12.02,41033.4,30541.3,
20241207,26,12.03,41154.4,30541.3,
20241207,26,12.10,41154.4,30541.3,
20241207,26,12.16,41154.4,30541.2,
20241207,26,12.21,41154.5,30534.9,
20241207,26,12.40,41154.5,30534.9,
20241207,26,12.50,41154.5,30534.8,
20241207,26,12.66,41154.5,30457.3,
20241207,26,12.69,41254.5,30453.1,
20241207,26,12.80,41254.5,30453.1,
20241207,26,12.91,41820.5,30453.0,
20241207,26,13.00,41861.7,30453.0,
20241207,26,13.01,41862.0,30364.6,
20241207,26,13.13,42052.0,30364.6,
20241207,26,13.36,42121.8,30199.6,
20241207,26,13.54,42263.8,30194.3,
20241207,26,13.56,42288.8,30194.3,
20241207,26,13.69,42288.8,30194.3,
20241207,26,13.70,42289.0,30194.2,
20241207,26,13.73,42430.0,30194.2,
20241207,26,13.76,42430.0,30194.2,
20241207,26,13.81,42430.0,30193.6,
20241207,26,13.89,42572.0,30173.2,
20241207,26,13.99,42572.0,30173.2,
20241207,26,14.00,42617.0,30164.6,
20241207,26,14.01,42621.4,30130.0,
20241207,26,14.08,42762.4,30130.0,
20241207,26,14.25,42785.2,30130.0,
20241207,26,14.32,42927.2,30130.0,
20241207,26,14.40,43008.2,30130.0,
20241207,26,14.44,43149.2,30130.0,
20241207,26,14.51,43154.7,30130.0,
20241207,26,14.56,43154.7,30130.0,
20241207,26,14.60,43154.7,30127.1,
20241207,26,14.63,43388.7,30126.9,
20241207,26,14.66,43480.7,30126.9,
20241207,26,14.67,43480.7,30126.9,
20241207,26,14.69,43508.1,30126.8,
20241207,26,14.72,43597.1,30126.8,
20241207,26,14.78,43738.1,30126.8,
20241207,26,14.90,43751.1,30126.8,
20241207,26,14.93,43918.1,30126.8,
20241207,26,14.94,43968.1,30126.8,
20241207,26,14.95,43999.1,30126.8,
20241207,26,14.98,44102.1,30126.8,
20241207,26,15.00,44102.1,30126.8,
20241207,26,15.01,44204.3,30103.6,
20241207,26,15.02,44213.4,30102.9,
20241207,26,15.03,44318.4,30102.9,
20241207,26,15.10,44320.3,30102.9,
20241207,26,15.17,44462.3,30102.9,
20241207,26,15.19,44462.9,30102.9,
20241207,26,15.22,44613.9,30102.9,
20241207,26,15.26,44613.9,30102.9,
20241207,26,15.35,44653.3,30102.5,
20241207,26,15.36,44653.3,30094.1,
20241207,26,15.46,44794.3,30048.0,
20241207,26,15.50,44841.3,30048.0,
20241207,26,15.60,44841.3,30047.1,
20241207,26,15.66,44983.3,30047.0,
20241207,26,15.68,44987.5,30047.0,
20241207,26,15.70,44987.5,30047.0,
20241207,26,15.76,44987.5,30046.9,
20241207,26,15.90,44987.5,30045.5,
20241207,26,15.91,44987.5,30045.3,
20241207,26,15.93,45046.7,30001.5,
20241207,26,16.00,45059.0,30001.5,
20241207,26,16.40,45059.0,29950.1,
20241207,26,16.50,45159.0,29950.0,
20241207,26,16.59,45159.0,29950.0,
20241207,26,16.70,45159.0,29948.8,
20241207,26,16.86,45159.0,29940.8,
20241207,26,16.96,45159.0,29875.6,
20241207,26,17.00,45159.0,29874.6,
20241207,26,17.01,45164.5,29874.2,
20241207,26,17.20,45164.5,29872.7,
20241207,26,17.22,45389.0,29871.2,
20241207,26,17.43,45389.0,29871.2,
20241207,26,17.46,45389.0,29871.0,
20241207,26,17.58,45389.0,29849.2,
20241207,26,17.60,45389.0,29833.0,
20241207,26,17.61,45389.0,29832.9,
20241207,26,17.62,45389.0,29832.0,
20241207,26,17.73,45389.0,29824.3,
20241207,26,18.00,45389.0,29802.3,
20241207,26,18.10,45389.0,29801.9,
20241207,26,18.16,45389.0,29800.3,
20241207,26,18.43,45494.0,29799.3,
20241207,26,18.49,45494.0,29799.3,
20241207,26,18.50,45494.0,29799.2,
20241207,26,18.78,45494.0,29798.9,
20241207,26,18.79,45499.2,29796.5,
20241207,26,19.00,45499.2,29697.5,
20241207,26,19.36,45499.2,29697.4,
20241207,26,19.50,45510.2,29696.4,
20241207,26,19.52,45510.2,29696.4,
20241207,26,19.56,45651.2,29107.2,
20241207,26,19.63,45793.2,29107.2,
20241207,26,19.66,45934.2,29107.2,
20241207,26,19.70,46076.2,29107.2,
20241207,26,19.75,46135.2,29107.2,
20241207,26,19.77,46276.2,29107.2,
20241207,26,19.88,46276.2,29107.2,
20241207,26,19.89,46276.2,29106.4,
20241207,26,20.00,46276.2,29098.8,
20241207,26,20.01,46281.1,29071.5,
20241207,26,20.12,46281.1,29056.4,
20241207,26,20.26,46281.1,29039.5,
20241207,26,20.56,46281.1,29035.4,
20241207,26,21.03,46281.1,29034.4,
20241207,26,21.10,46292.0,27234.4,
20241207,26,21.39,46292.0,27234.4,
20241207,26,21.40,46292.0,27233.5,
20241207,26,21.76,46292.0,27225.8,
20241207,26,22.02,46292.0,27224.8,
20241207,26,22.03,46292.0,27224.0,
20241207,26,22.10,46292.0,27216.4,
20241207,26,22.14,46292.0,27215.0,
20241207,26,22.16,46292.0,27202.5,
20241207,26,22.35,46434.0,27131.2,
20241207,26,22.96,46434.0,27131.2,
20241207,26,23.87,46443.6,27128.5,
20241207,26,24.04,46443.6,27128.5,
20241207,26,25.00,46443.6,27127.0,
20241207,26,25.12,46443.6,27118.8,
20241207,26,25.57,46584.6,27102.2,
20241207,26,25.76,46584.6,27102.2,
20241207,26,27.00,46584.6,27089.5,
20241207,26,27.50,46584.6,26971.2,
20241207,26,27.52,46584.6,26966.2,
20241207,26,29.00,46584.6,26965.2,
20241207,26,29.90,46584.6,26899.9,
20241207,26,30.00,46584.6,26894.4,
20241207,26,30.40,46726.6,26772.7,
20241207,26,31.00,46726.6,26772.7,
20241207,26,31.06,46726.6,26748.7,
20241207,26,31.36,46726.6,26651.2,
20241207,26,31.79,46726.6,26492.0,
20241207,26,32.00,46726.6,26489.8,
20241207,26,33.62,46855.9,26486.7,
20241207,26,34.94,46855.9,26486.7,
20241207,26,35.00,46855.9,26478.3,
20241207,26,35.50,46855.9,26453.8,
20241207,26,36.00,46855.9,26453.7,
20241207,26,37.50,46855.9,26344.8,
20241207,26,39.69,47260.9,26300.5,
20241207,26,40.00,47260.9,26300.5,
20241207,26,40.01,47260.9,26219.5,
20241207,26,41.68,47260.9,26123.9,
20241207,26,42.44,47260.9,26122.3,
20241207,26,42.50,47260.9,26010.3,
20241207,26,45.00,47260.9,26010.2,
20241207,26,45.01,47260.9,25930.3,
20241207,26,46.00,47260.9,25758.6,
20241207,26,48.32,47260.9,25708.6,
20241207,26,49.50,47260.9,25683.1,
20241207,26,50.00,47262.5,25682.7,
20241207,26,50.01,47262.5,25284.6,
20241207,26,50.90,47262.5,25280.7,
20241207,26,53.00,47262.5,25279.8,
20241207,26,55.00,47262.5,25260.2,
20241207,26,58.04,47262.5,25205.9,
20241207,26,58.63,47262.5,25203.6,
20241207,26,60.00,47262.5,25169.3,
20241207,26,60.04,47262.5,25025.1,
20241207,26,70.00,47262.5,25009.4,
20241207,26,70.48,47262.8,25008.3,
20241207,26,72.00,47262.8,25008.3,
20241207,26,77.80,47262.8,25007.7,
20241207,26,79.90,47262.8,24889.1,
20241207,26,80.00,47262.8,24885.5,
20241207,26,80.01,47262.8,23709.1,
20241207,26,80.02,47262.8,23510.3,
20241207,26,80.21,47412.7,23434.3,
20241207,26,81.00,47412.7,23434.3,
20241207,26,82.01,47412.7,23409.7,
20241207,26,85.00,47412.7,23278.3,
20241207,26,90.00,47412.7,23268.9,
20241207,26,94.45,47412.7,23262.8,
20241207,26,99.90,47412.7,23261.2,
20241207,26,100.00,47562.7,23253.5,
20241207,26,100.01,47661.7,22733.5,
20241207,26,101.00,47661.7,22733.5,
20241207,26,107.37,47661.7,22569.0,
20241207,26,120.10,47661.7,22567.3,
20241207,26,120.29,47661.7,22524.7,
20241207,26,133.21,47661.7,22523.1,
20241207,26,138.00,47661.7,22521.4,
20241207,26,150.00,47661.7,22354.4,
20241207,26,151.00,47661.7,22270.8,
20241207,26,190.00,47661.7,22239.9,
20241207,26,200.00,47661.7,22238.5,
20241207,26,200.01,47661.7,19090.6,
20241207,26,200.10,47661.7,16775.2,
20241207,26,200.50,47661.7,16690.7,
20241207,26,201.00,47661.7,16690.5,
20241207,26,210.00,47661.7,16616.3,
20241207,26,250.00,47661.7,16148.7,
20241207,26,300.00,47661.7,15977.3,
20241207,26,500.00,47661.7,15871.9,
20241207,26,550.02,47661.7,15861.9,
20241207,26,900.00,47661.7,15600.1,
20241207,26,999.00,47661.7,15589.3,
20241207,26,999.99,47661.7,0.0,
20241207,27,0.00,0.0,39034.7,
20241207,27,0.00,18543.6,39034.7,
20241207,27,0.01,34034.1,39034.7,
20241207,27,0.02,34214.4,39004.5,
20241207,27,0.03,34219.1,38991.5,
20241207,27,0.04,34279.3,38979.6,
20241207,27,0.10,34399.1,38979.6,
20241207,27,0.25,34408.3,38899.5,
20241207,27,0.26,34414.4,38899.5,
20241207,27,0.27,34416.3,38899.5,
20241207,27,0.30,34417.7,38899.5,
20241207,27,0.62,34703.1,38899.5,
20241207,27,1.00,35126.5,38899.5,
20241207,27,1.01,35143.6,38669.1,
20241207,27,1.97,35148.8,38640.5,
20241207,27,2.00,35219.0,38640.5,
20241207,27,2.01,35219.0,38624.5,
20241207,27,2.16,35226.2,38024.5,
20241207,27,2.40,35226.2,38024.5,
20241207,27,2.50,35226.5,38023.2,
20241207,27,3.00,35276.5,38023.2,
20241207,27,3.01,35299.0,37344.0,
20241207,27,3.02,35299.0,37144.0,
20241207,27,3.32,35305.0,37137.6,
20241207,27,3.50,35305.0,37137.6,
20241207,27,3.51,35305.7,37133.7,
20241207,27,4.00,35329.2,37133.7,
20241207,27,4.07,35329.2,37132.7,
20241207,27,4.25,35329.2,37128.2,
20241207,27,4.27,35387.6,37113.2,
20241207,27,4.31,35394.8,37113.2,
20241207,27,4.49,35397.4,37113.2,
20241207,27,4.50,35397.4,37113.2,
20241207,27,4.58,35401.0,37098.0,
20241207,27,4.65,35401.0,37098.0,
20241207,27,4.67,35407.9,37073.0,
20241207,27,4.75,35407.9,37073.0,
20241207,27,4.85,35407.9,37043.0,
20241207,27,5.00,35606.9,37028.0,
20241207,27,5.01,35607.5,36904.5,
20241207,27,5.02,35607.5,36327.0,
20241207,27,5.14,35607.5,36312.0,
20241207,27,5.20,35607.5,36297.0,
20241207,27,5.42,35607.5,36294.2,
20241207,27,5.70,35607.5,36269.2,
20241207,27,5.71,35625.0,36256.7,
20241207,27,5.72,35655.0,36256.7,
20241207,27,5.90,35655.0,36256.7,
20241207,27,5.99,35685.0,36242.5,
20241207,27,6.00,35750.6,36242.5,
20241207,27,6.01,35753.9,36210.8,
20241207,27,6.02,35761.0,36210.8,
20241207,27,6.21,35761.5,36210.8,
20241207,27,6.26,35761.5,36206.9,
20241207,27,6.28,35781.5,36200.9,
20241207,27,6.30,35782.1,36200.9,
20241207,27,6.37,35782.3,36200.9,
20241207,27,6.47,35789.5,36200.9,
20241207,27,6.50,35789.6,36200.9,
20241207,27,6.56,35809.6,36200.9,
20241207,27,6.70,35813.7,36200.9,
20241207,27,6.76,35816.4,36200.9,
20241207,27,6.82,35816.8,36200.9,
20241207,27,6.94,35816.8,36200.7,
20241207,27,6.96,35835.0,36185.7,
20241207,27,7.00,35835.0,36185.6,
20241207,27,7.01,35835.0,36184.9,
20241207,27,7.31,35840.8,36179.2,
20241207,27,7.37,35849.2,36179.2,
20241207,27,7.38,35857.5,36164.2,
20241207,27,7.50,35897.5,36164.2,
20241207,27,7.53,35904.7,36164.2,
20241207,27,7.57,35905.0,36164.2,
20241207,27,7.63,35905.0,36164.2,
20241207,27,7.70,35905.2,36091.1,
20241207,27,7.73,35905.2,36091.1,
20241207,27,7.75,35909.9,36089.8,
20241207,27,7.80,35909.9,36089.8,
20241207,27,7.81,35909.9,36074.8,
20241207,27,7.84,35910.3,36073.3,
20241207,27,7.99,35910.3,36073.3,
20241207,27,8.00,35917.2,36072.8,
20241207,27,8.01,35935.1,35923.0,
20241207,27,8.05,35935.1,35923.0,
20241207,27,8.10,35935.1,35922.7,
20241207,27,8.24,35935.1,35922.2,
20241207,27,8.37,35939.9,35907.2,
20241207,27,8.38,35939.9,35907.2,
20241207,27,8.44,35943.7,35902.9,
20241207,27,8.50,35943.7,35902.9,
20241207,27,8.53,35951.1,35852.4,
20241207,27,8.54,36002.6,35852.4,
20241207,27,8.59,36002.6,35852.4,
20241207,27,8.62,36009.9,35851.1,
20241207,27,8.63,36009.9,35851.1,
20241207,27,8.83,36011.1,35836.5,
20241207,27,8.84,36011.1,35811.5,
20241207,27,8.85,36011.1,35711.5,
20241207,27,8.89,36011.1,35554.5,
20241207,27,8.94,36011.1,35495.5,
20241207,27,8.97,36011.1,35365.5,
20241207,27,9.00,36016.1,35335.5,
20241207,27,9.01,36019.4,35181.3,
20241207,27,9.05,36019.4,35167.5,
20241207,27,9.08,36019.4,35037.5,
20241207,27,9.09,36019.5,35007.5,
20241207,27,9.10,36019.5,35007.5,
20241207,27,9.11,36019.5,35004.3,
20241207,27,9.14,36019.5,34944.3,
20241207,27,9.15,36019.5,34944.1,
20241207,27,9.16,36019.5,34844.1,
20241207,27,9.18,36019.7,34814.1,
20241207,27,9.19,36019.7,34814.1,
20241207,27,9.22,36019.7,34767.9,
20241207,27,9.28,36019.7,34630.9,
20241207,27,9.38,36019.7,34418.9,
20241207,27,9.40,36025.7,34393.9,
20241207,27,9.50,36029.2,34393.9,
20241207,27,9.55,36029.2,34202.9,
20241207,27,9.56,36029.2,34202.3,
20241207,27,9.61,36029.2,34109.3,
20241207,27,9.65,36029.2,34108.6,
20241207,27,9.67,36029.2,34018.6,
20241207,27,9.73,36029.2,34018.0,
20241207,27,9.75,36041.3,33971.3,
20241207,27,9.82,36041.3,33945.2,
20241207,27,9.85,36041.3,33895.2,
20241207,27,9.93,36041.3,33845.2,
20241207,27,9.98,36041.3,33820.2,
20241207,27,9.99,36042.9,33790.2,
20241207,27,10.00,36098.6,33774.4,
20241207,27,10.01,36117.2,33708.9,
20241207,27,10.04,36117.2,33708.9,
20241207,27,10.07,36117.2,33643.1,
20241207,27,10.18,36347.2,33642.2,
20241207,27,10.25,36347.2,33642.2,
20241207,27,10.33,37067.2,33068.2,
20241207,27,10.44,37067.2,33068.2,
20241207,27,10.47,37067.2,32920.2,
20241207,27,10.48,37067.2,32918.0,
20241207,27,10.49,37074.3,32900.1,
20241207,27,10.50,37084.6,32900.1,
20241207,27,10.58,37864.6,32900.0,
20241207,27,10.69,37891.9,32900.0,
20241207,27,10.70,37908.3,32900.0,
20241207,27,10.71,38008.3,32810.1,
20241207,27,10.77,38008.3,32810.1,
20241207,27,10.79,38008.3,32805.9,
20241207,27,10.80,38008.3,32657.9,
20241207,27,10.83,38608.3,32510.9,
20241207,27,10.85,38708.3,32510.9,
20241207,27,10.86,38764.2,32510.9,
20241207,27,10.90,38764.2,32510.9,
20241207,27,10.91,38978.2,32509.9,
20241207,27,10.93,38978.2,32509.9,
20241207,27,11.00,39063.7,32407.9,
20241207,27,11.01,39065.0,32358.2,
20241207,27,11.04,39065.0,32358.2,
20241207,27,11.08,39065.0,32211.2,
20241207,27,11.26,39065.0,32107.2,
20241207,27,11.29,39065.0,32014.9,
20241207,27,11.32,39245.0,31906.7,
20241207,27,11.33,39431.0,31906.7,
20241207,27,11.34,39494.2,31906.7,
20241207,27,11.37,39494.2,30691.5,
20241207,27,11.40,39494.2,30683.0,
20241207,27,11.42,39494.2,30680.7,
20241207,27,11.46,39494.2,30672.3,
20241207,27,11.50,39514.2,30672.1,
20241207,27,11.57,39566.2,30540.6,
20241207,27,11.70,39566.2,30540.6,
20241207,27,11.84,39596.2,30540.5,
20241207,27,11.98,39596.2,30540.5,
20241207,27,12.00,39687.2,30536.3,
20241207,27,12.01,39730.9,30480.2,
20241207,27,12.02,39730.9,30455.9,
20241207,27,12.03,39997.8,30441.5,
20241207,27,12.05,40014.9,30441.5,
20241207,27,12.10,40014.9,30441.5,
20241207,27,12.21,40015.0,30441.4,
20241207,27,12.23,40015.0,30441.4,
20241207,27,12.24,40019.2,30424.1,
20241207,27,12.33,40031.6,30424.1,
20241207,27,12.40,40031.6,30424.1,
20241207,27,12.50,40061.6,30424.0,
20241207,27,12.69,40186.6,30349.6,
20241207,27,12.72,40233.7,30349.6,
20241207,27,12.77,40233.7,30349.6,
20241207,27,12.80,40233.7,30343.3,
20241207,27,12.97,40813.7,30343.2,
20241207,27,13.00,40829.7,30343.2,
20241207,27,13.05,40849.7,30251.7,
20241207,27,13.12,40849.7,30251.7,
20241207,27,13.13,41039.7,30086.7,
20241207,27,13.19,41039.7,30086.7,
20241207,27,13.24,41064.7,30082.5,
20241207,27,13.50,41064.7,30082.5,
20241207,27,13.54,41206.7,30082.1,
20241207,27,13.66,41347.7,30082.1,
20241207,27,13.78,41347.7,30082.1,
20241207,27,13.89,41489.7,30081.9,
20241207,27,14.00,41534.7,30081.9,
20241207,27,14.01,41539.3,30047.0,
20241207,27,14.04,41573.6,30047.0,
20241207,27,14.08,41714.6,30047.0,
20241207,27,14.10,41715.5,30047.0,
20241207,27,14.12,41715.5,30047.0,
20241207,27,14.25,41736.5,30041.8,
20241207,27,14.30,41737.0,30041.8,
20241207,27,14.32,41879.0,30041.8,
20241207,27,14.40,41919.0,30041.8,
20241207,27,14.50,41919.0,30033.2,
20241207,27,14.51,41925.2,30029.3,
20241207,27,14.54,42066.2,30029.3,
20241207,27,14.60,42066.2,30029.3,
20241207,27,14.63,42123.2,30029.1,
20241207,27,14.66,42181.2,30029.1,
20241207,27,14.67,42181.2,30029.1,
20241207,27,14.69,42204.7,30029.0,
20241207,27,14.72,42262.7,30029.0,
20241207,27,14.74,42404.7,30029.0,
20241207,27,14.82,42454.6,30029.0,
20241207,27,14.90,42467.6,30029.0,
20241207,27,14.93,42551.6,30029.0,
20241207,27,14.97,42601.6,30029.0,
20241207,27,14.98,42676.6,30029.0,
20241207,27,15.00,42676.8,30029.0,
20241207,27,15.01,42778.7,30005.5,
20241207,27,15.02,42837.8,30005.5,
20241207,27,15.03,42914.8,30005.5,
20241207,27,15.06,43055.8,30005.5,
20241207,27,15.10,43056.7,30005.5,
20241207,27,15.22,43207.7,30005.5,
20241207,27,15.34,43207.7,30005.5,
20241207,27,15.35,43242.9,30004.9,
20241207,27,15.36,43242.9,30004.9,
20241207,27,15.38,43429.6,29960.5,
20241207,27,15.47,43429.6,29960.5,
20241207,27,15.50,43476.6,29937.5,
20241207,27,15.58,43617.6,29937.5,
20241207,27,15.60,43617.6,29937.5,
20241207,27,15.68,43621.6,29937.4,
20241207,27,15.70,43621.6,29937.4,
20241207,27,15.72,43621.6,29937.3,
20241207,27,15.84,43621.6,29936.5,
20241207,27,15.90,43621.6,29928.9,
20241207,27,15.91,43621.6,29928.7,
20241207,27,15.93,43665.2,29869.3,
20241207,27,16.00,43677.3,29869.3,
20241207,27,16.05,43713.0,29812.5,
20241207,27,16.10,43713.0,29812.5,
20241207,27,16.40,43713.0,29811.9,
20241207,27,16.50,43813.0,29811.8,
20241207,27,16.59,43813.0,29811.5,
20241207,27,16.61,43813.0,29809.9,
20241207,27,16.70,43813.0,29743.3,
20241207,27,16.79,43814.8,29735.3,
20241207,27,16.82,43814.8,29735.3,
20241207,27,16.88,43815.4,29733.9,
20241207,27,17.00,43815.4,29733.9,
20241207,27,17.01,43821.3,29733.5,
20241207,27,17.20,43821.3,29732.0,
20241207,27,17.22,44045.8,29730.5,
20241207,27,17.43,44045.8,29730.5,
20241207,27,17.58,44045.8,29730.3,
20241207,27,17.60,44045.8,29714.1,
20241207,27,17.73,44045.8,29714.0,
20241207,27,17.92,44045.8,29692.0,
20241207,27,18.00,44045.8,29691.1,
20241207,27,18.10,44045.8,29690.8,
20241207,27,18.17,44045.8,29689.0,
20241207,27,18.23,44045.8,29688.0,
20241207,27,18.36,44045.8,29680.3,
20241207,27,18.43,44150.8,29658.8,
20241207,27,18.49,44150.8,29658.8,
20241207,27,18.78,44150.8,29658.7,
20241207,27,18.79,44155.9,29656.2,
20241207,27,18.94,44155.9,29656.2,
20241207,27,19.00,44155.9,29537.2,
20241207,27,19.25,44155.9,29537.1,
20241207,27,19.52,44155.9,28952.3,
20241207,27,19.56,44297.9,28951.3,
20241207,27,19.59,44438.9,28951.3,
20241207,27,19.66,44580.9,28951.3,
20241207,27,19.70,44721.9,28951.3,
20241207,27,19.73,44863.9,28951.3,
20241207,27,19.90,44902.9,28951.3,
20241207,27,20.00,44902.9,28951.3,
20241207,27,20.01,44907.9,28924.1,
20241207,27,20.12,44907.9,28907.6,
20241207,27,20.34,44907.9,28889.7,
20241207,27,20.63,44907.9,28884.0,
20241207,27,20.75,45048.9,28876.4,
20241207,27,20.87,45048.9,28876.4,
20241207,27,21.03,45048.9,28875.4,
20241207,27,21.10,45059.8,27075.4,
20241207,27,21.58,45059.8,27075.4,
20241207,27,22.10,45059.8,27074.5,
20241207,27,22.19,45059.8,27073.2,
20241207,27,22.22,45059.8,27072.4,
20241207,27,22.31,45059.8,27063.7,
20241207,27,22.89,45059.8,27052.1,
20241207,27,23.02,45059.8,27044.5,
20241207,27,23.57,45059.8,26970.6,
20241207,27,23.87,45069.4,26969.6,
20241207,27,23.97,45211.4,26969.6,
20241207,27,24.04,45211.4,26969.6,
20241207,27,24.92,45211.4,26967.0,
20241207,27,25.00,45211.4,26964.6,
20241207,27,25.12,45211.4,26955.7,
20241207,27,27.00,45211.4,26938.5,
20241207,27,27.21,45211.4,26820.5,
20241207,27,27.50,45211.4,26807.7,
20241207,27,28.00,45211.4,26802.8,
20241207,27,28.80,45352.4,26799.4,
20241207,27,29.00,45352.4,26799.4,
20241207,27,29.90,45352.4,26732.0,
20241207,27,30.00,45352.4,26726.4,
20241207,27,31.00,45352.4,26602.1,
20241207,27,31.36,45352.4,26579.1,
20241207,27,31.79,45352.4,26432.8,
20241207,27,32.02,45494.4,26430.5,
20241207,27,32.20,45494.4,26430.5,
20241207,27,33.55,45494.4,26429.4,
20241207,27,33.62,45540.6,26329.6,
20241207,27,34.94,45540.6,26329.6,
20241207,27,35.00,45540.6,26318.7,
20241207,27,35.50,45540.6,26289.2,
20241207,27,36.00,45540.6,26289.1,
20241207,27,37.50,45540.6,26177.8,
20241207,27,39.69,45919.6,26133.7,
20241207,27,40.00,45919.6,26133.7,
20241207,27,40.01,45919.6,26050.5,
20241207,27,41.44,45919.6,25948.1,
20241207,27,42.44,45919.6,25946.5,
20241207,27,42.50,45919.6,25835.0,
20241207,27,45.00,45919.6,25834.9,
20241207,27,45.01,45919.6,25754.5,
20241207,27,46.00,45919.6,25587.8,
20241207,27,48.32,45919.6,25537.8,
20241207,27,49.50,45919.6,25512.4,
20241207,27,50.00,45921.2,25512.0,
20241207,27,50.01,45921.2,25109.6,
20241207,27,50.90,45921.2,25105.8,
20241207,27,52.00,45921.2,25104.8,
20241207,27,53.00,45921.2,25102.7,
20241207,27,55.00,45921.2,25082.8,
20241207,27,59.08,45921.2,25026.2,
20241207,27,59.77,45921.2,25023.7,
20241207,27,60.00,45921.2,24989.1,
20241207,27,60.85,45921.2,24840.6,
20241207,27,70.00,45921.2,24825.0,
20241207,27,70.48,45921.6,24823.9,
20241207,27,72.00,45921.6,24823.9,
20241207,27,77.80,45921.6,24823.4,
20241207,27,79.90,45921.6,24690.5,
20241207,27,80.00,45921.6,24686.7,
20241207,27,80.01,45921.6,23488.5,
20241207,27,80.02,45921.6,23286.3,
20241207,27,80.21,46071.5,23210.3,
20241207,27,81.00,46071.5,23210.3,
20241207,27,82.01,46071.5,23187.2,
20241207,27,85.00,46071.5,23057.6,
20241207,27,90.00,46071.5,23046.8,
20241207,27,94.29,46071.5,23040.0,
20241207,27,99.90,46071.5,23038.4,
20241207,27,100.00,46221.5,23030.9,
20241207,27,100.01,46314.4,22459.7,
20241207,27,101.00,46314.4,22459.7,
20241207,27,107.21,46314.4,22295.2,
20241207,27,120.10,46314.4,22293.5,
20241207,27,120.13,46314.4,22250.1,
20241207,27,133.05,46314.4,22248.5,
20241207,27,138.00,46314.4,22246.8,
20241207,27,150.00,46314.4,22077.5,
20241207,27,151.00,46314.4,21995.7,
20241207,27,190.00,46314.4,21965.6,
20241207,27,200.00,46314.4,21964.1,
20241207,27,200.01,46314.4,18773.5,
20241207,27,200.10,46314.4,16453.9,
20241207,27,200.50,46314.4,16371.2,
20241207,27,201.00,46314.4,16371.0,
20241207,27,210.00,46314.4,16292.3,
20241207,27,250.00,46314.4,15824.2,
20241207,27,300.00,46314.4,15655.5,
20241207,27,500.00,46314.4,15549.9,
20241207,27,550.02,46314.4,15539.9,
20241207,27,900.00,46314.4,15277.9,
20241207,27,999.00,46314.4,15264.3,
20241207,27,999.99,46314.4,0.0,
20241207,28,0.00,0.0,37613.7,
20241207,28,0.00,17395.4,37613.7,
20241207,28,0.01,32603.9,37613.7,
20241207,28,0.02,32785.7,37583.5,
20241207,28,0.03,32790.5,37570.5,
20241207,28,0.04,32846.4,37558.6,
20241207,28,0.10,32963.3,37558.6,
20241207,28,0.25,32971.5,37478.5,
20241207,28,0.26,32976.6,37478.5,
20241207,28,0.27,32978.2,37478.5,
20241207,28,0.30,32979.4,37478.5,
20241207,28,0.89,33262.6,37478.5,
20241207,28,1.00,33677.8,37478.5,
20241207,28,1.01,33694.8,37251.1,
20241207,28,2.00,33763.4,37222.5,
20241207,28,2.01,33763.4,37206.5,
20241207,28,2.24,33769.2,36606.5,
20241207,28,2.33,33776.4,36606.5,
20241207,28,2.50,33776.5,36606.5,
20241207,28,3.00,33826.5,36606.5,
20241207,28,3.01,33828.2,35927.6,
20241207,28,3.02,33828.2,35727.6,
20241207,28,3.50,33828.2,35721.0,
20241207,28,3.51,33829.0,35717.2,
20241207,28,3.59,33835.0,35717.2,
20241207,28,4.00,33859.9,35717.2,
20241207,28,4.27,33918.3,35716.2,
20241207,28,4.43,33918.3,35716.2,
20241207,28,4.52,33918.3,35711.8,
20241207,28,4.65,33925.5,35696.8,
20241207,28,4.79,33925.5,35696.8,
20241207,28,4.94,33931.7,35681.8,
20241207,28,4.98,33931.7,35681.8,
20241207,28,5.00,34128.6,35656.8,
20241207,28,5.01,34129.3,35533.3,
20241207,28,5.02,34129.3,34954.4,
20241207,28,5.31,34129.3,34939.4,
20241207,28,5.32,34129.3,34909.4,
20241207,28,5.44,34132.0,34879.4,
20241207,28,5.53,34135.4,34879.4,
20241207,28,5.58,34135.4,34879.4,
20241207,28,5.60,34135.4,34849.4,
20241207,28,5.66,34135.5,34848.9,
20241207,28,5.84,34135.5,34848.9,
20241207,28,5.85,34145.9,34839.3,
20241207,28,5.90,34145.9,34839.3,
20241207,28,6.00,34211.6,34825.1,
20241207,28,6.01,34214.9,34793.4,
20241207,28,6.12,34234.9,34793.4,
20241207,28,6.26,34234.9,34793.4,
20241207,28,6.29,34242.0,34787.4,
20241207,28,6.32,34242.1,34787.4,
20241207,28,6.50,34242.2,34787.4,
20241207,28,6.60,34242.2,34787.4,
20241207,28,6.66,34242.7,34786.1,
20241207,28,6.75,34243.2,34786.1,
20241207,28,6.80,34243.6,34786.1,
20241207,28,6.82,34246.3,34786.1,
20241207,28,6.98,34253.5,34786.1,
20241207,28,7.00,34253.5,34786.1,
20241207,28,7.01,34253.5,34785.4,
20241207,28,7.13,34257.4,34779.7,
20241207,28,7.23,34272.4,34779.7,
20241207,28,7.26,34290.3,34779.7,
20241207,28,7.29,34290.7,34779.7,
20241207,28,7.31,34297.4,34779.7,
20241207,28,7.50,34337.4,34779.7,
20241207,28,7.54,34338.0,34779.7,
20241207,28,7.58,34338.0,34779.7,
20241207,28,7.64,34346.4,34775.8,
20241207,28,7.65,34361.4,34775.8,
20241207,28,7.81,34365.8,34775.8,
20241207,28,7.90,34390.8,34775.8,
20241207,28,8.00,34397.6,34775.8,
20241207,28,8.01,34411.3,34646.1,
20241207,28,8.02,34422.1,34646.1,
20241207,28,8.07,34452.1,34646.1,
20241207,28,8.10,34452.4,34646.1,
20241207,28,8.30,34452.4,34646.1,
20241207,28,8.50,34452.4,34645.6,
20241207,28,8.54,34503.9,34581.2,
20241207,28,8.56,34503.9,34581.2,
20241207,28,8.57,34504.3,34566.2,
20241207,28,8.85,34504.3,34566.2,
20241207,28,8.89,34504.3,34409.2,
20241207,28,8.91,34509.2,34350.2,
20241207,28,8.92,34509.2,34350.2,
20241207,28,8.93,34509.2,34345.8,
20241207,28,8.94,34509.2,34345.5,
20241207,28,8.97,34509.2,34315.5,
20241207,28,9.00,34514.2,34285.5,
20241207,28,9.01,34517.5,34181.1,
20241207,28,9.04,34517.5,34067.3,
20241207,28,9.05,34517.5,34064.1,
20241207,28,9.08,34517.5,34034.1,
20241207,28,9.09,34517.5,34003.4,
20241207,28,9.10,34525.3,33988.4,
20241207,28,9.11,34525.3,33888.4,
20241207,28,9.16,34525.3,33828.4,
20241207,28,9.19,34525.3,33798.4,
20241207,28,9.20,34525.3,33768.4,
20241207,28,9.22,34525.3,33642.7,
20241207,28,9.29,34525.4,33612.7,
20241207,28,9.30,34532.7,33512.7,
20241207,28,9.31,34532.7,33512.7,
20241207,28,9.32,34532.7,33482.7,
20241207,28,9.33,34532.7,33466.7,
20241207,28,9.38,34532.9,33254.7,
20241207,28,9.41,34532.9,33254.7,
20241207,28,9.50,34536.9,33194.8,
20241207,28,9.53,34536.9,33194.8,
20241207,28,9.56,34538.0,33003.8,
20241207,28,9.59,34538.0,33003.8,
20241207,28,9.62,34538.0,32899.8,
20241207,28,9.65,34538.0,32884.8,
20241207,28,9.73,34538.0,32717.8,
20241207,28,9.75,34550.1,32672.8,
20241207,28,9.85,34550.1,32672.8,
20241207,28,9.86,34556.0,32672.2,
20241207,28,9.90,34556.0,32670.7,
20241207,28,9.94,34556.0,32670.0,
20241207,28,9.98,34556.0,32669.4,
20241207,28,9.99,34556.0,32639.4,
20241207,28,10.00,34610.8,32637.7,
20241207,28,10.01,34628.4,32551.4,
20241207,28,10.05,34628.4,32551.4,
20241207,28,10.08,34628.4,32501.4,
20241207,28,10.10,34632.1,32451.4,
20241207,28,10.16,34632.1,32435.8,
20241207,28,10.18,34862.1,32420.8,
20241207,28,10.19,34869.3,32420.8,
20241207,28,10.25,34869.3,32420.8,
20241207,28,10.30,34869.3,31846.8,
20241207,28,10.33,35589.3,31846.3,
20241207,28,10.34,35589.3,31846.3,
20241207,28,10.44,35589.3,31845.4,
20241207,28,10.45,35591.0,31698.4,
20241207,28,10.50,35600.9,31698.4,
20241207,28,10.58,36380.9,31678.2,
20241207,28,10.60,36380.9,31678.2,
20241207,28,10.69,36406.1,31676.7,
20241207,28,10.70,36421.2,31676.7,
20241207,28,10.71,36521.2,31592.7,
20241207,28,10.79,36521.2,31592.7,
20241207,28,10.80,36521.2,31445.7,
20241207,28,10.83,37121.2,31298.7,
20241207,28,10.84,37121.2,31298.7,
20241207,28,10.85,37221.2,31296.5,
20241207,28,10.86,37277.1,31296.5,
20241207,28,10.90,37277.1,31296.5,
20241207,28,10.91,37491.1,31296.3,
20241207,28,10.93,37491.1,31296.3,
20241207,28,11.00,37576.0,31194.3,
20241207,28,11.01,37577.3,31144.7,
20241207,28,11.02,37577.3,31144.7,
20241207,28,11.04,37577.3,31119.7,
20241207,28,11.07,37577.3,30971.7,
20241207,28,11.08,37577.3,30964.4,
20241207,28,11.26,37577.3,30860.4,
20241207,28,11.30,37763.3,30768.1,
20241207,28,11.32,37943.3,30768.1,
20241207,28,11.33,37943.3,30768.1,
20241207,28,11.34,37943.3,30710.2,
20241207,28,11.38,37943.3,29495.0,
20241207,28,11.40,37943.3,29387.7,
20241207,28,11.50,37963.3,29387.3,
20241207,28,11.55,37963.3,29255.6,
20241207,28,11.57,38015.3,29255.4,
20241207,28,11.62,38015.3,29255.4,
20241207,28,11.69,38015.3,29251.2,
20241207,28,11.70,38015.3,29242.8,
20241207,28,11.71,38015.3,29242.7,
20241207,28,11.72,38027.9,29230.3,
20241207,28,11.73,38027.9,29230.3,
20241207,28,11.77,38027.9,29229.3,
20241207,28,11.84,38057.9,29222.0,
20241207,28,11.89,38057.9,29222.0,
20241207,28,12.00,38148.8,29220.6,
20241207,28,12.01,38185.2,29161.7,
20241207,28,12.02,38185.2,29141.8,
20241207,28,12.03,38360.6,29108.3,
20241207,28,12.07,38360.6,29108.3,
20241207,28,12.10,38360.6,29107.0,
20241207,28,12.22,38360.6,29106.9,
20241207,28,12.30,38390.6,29090.0,
20241207,28,12.40,38390.6,29090.0,
20241207,28,12.41,38415.6,29089.9,
20241207,28,12.47,38430.3,29089.9,
20241207,28,12.50,38430.3,29089.9,
20241207,28,12.51,38430.3,29035.6,
20241207,28,12.58,38430.3,28971.0,
20241207,28,12.68,38455.3,28966.8,
20241207,28,12.80,38455.3,28966.8,
20241207,28,12.83,38485.3,28966.7,
20241207,28,12.85,38489.2,28966.7,
20241207,28,12.94,38500.2,28966.7,
20241207,28,12.97,38984.2,28966.7,
20241207,28,13.00,39000.0,28966.7,
20241207,28,13.04,39000.0,28872.3,
20241207,28,13.12,39000.0,28866.0,
20241207,28,13.13,39190.0,28701.0,
20241207,28,13.16,39234.7,28701.0,
20241207,28,13.24,39234.8,28701.0,
20241207,28,13.45,39350.8,28701.0,
20241207,28,13.54,39350.8,28701.0,
20241207,28,13.69,39363.8,28696.8,
20241207,28,13.88,39393.8,28696.8,
20241207,28,14.00,39448.8,28696.8,
20241207,28,14.01,39452.8,28680.4,
20241207,28,14.02,39452.8,28680.4,
20241207,28,14.25,39471.5,28680.2,
20241207,28,14.39,39471.5,28680.2,
20241207,28,14.40,39487.5,28675.2,
20241207,28,14.46,39522.5,28675.2,
20241207,28,14.50,39522.5,28675.2,
20241207,28,14.51,39528.4,28666.6,
20241207,28,14.53,39557.9,28666.6,
20241207,28,14.60,39557.9,28666.6,
20241207,28,14.61,39607.8,28666.4,
20241207,28,14.63,39644.8,28666.4,
20241207,28,14.66,39683.8,28666.4,
20241207,28,14.67,39683.8,28666.4,
20241207,28,14.69,39703.9,28666.3,
20241207,28,14.72,39744.9,28666.3,
20241207,28,14.90,39757.9,28666.3,
20241207,28,14.92,39758.7,28666.3,
20241207,28,14.93,39822.7,28666.3,
20241207,28,14.98,39881.7,28666.3,
20241207,28,15.00,39881.7,28666.3,
20241207,28,15.01,39983.8,28621.4,
20241207,28,15.02,39992.9,28621.4,
20241207,28,15.03,40053.9,28621.4,
20241207,28,15.15,40088.9,28621.4,
20241207,28,15.22,40289.9,28621.4,
20241207,28,15.34,40339.9,28621.4,
20241207,28,15.35,40370.1,28621.4,
20241207,28,15.36,40370.1,28621.4,
20241207,28,15.42,40401.1,28578.4,
20241207,28,15.46,40413.1,28578.4,
20241207,28,15.50,40467.1,28578.4,
20241207,28,15.58,40483.1,28578.4,
20241207,28,15.59,40496.1,28578.4,
20241207,28,15.60,40496.1,28578.4,
20241207,28,15.66,40638.1,28578.3,
20241207,28,15.68,40641.8,28578.3,
20241207,28,15.70,40641.8,28578.3,
20241207,28,15.74,40641.8,28578.2,
20241207,28,15.84,40666.8,28575.3,
20241207,28,15.87,40666.8,28555.1,
20241207,28,15.90,40666.8,28554.3,
20241207,28,15.91,40666.8,28554.1,
20241207,28,15.92,40720.7,28491.3,
20241207,28,15.93,40760.9,28491.3,
20241207,28,15.96,40760.9,28491.3,
20241207,28,16.00,40792.5,28490.6,
20241207,28,16.03,40792.5,28434.4,
20241207,28,16.40,40792.5,28426.8,
20241207,28,16.49,40792.5,28426.7,
20241207,28,16.50,40892.5,28426.5,
20241207,28,16.53,40917.5,28426.5,
20241207,28,16.59,40917.5,28426.5,
20241207,28,16.61,40959.9,28425.1,
20241207,28,16.70,40959.9,28358.7,
20241207,28,17.00,40959.9,28350.7,
20241207,28,17.01,40965.8,28350.4,
20241207,28,17.09,40965.8,28348.9,
20241207,28,17.10,40966.0,28347.6,
20241207,28,17.20,40966.0,28347.6,
20241207,28,17.22,41190.5,28346.0,
20241207,28,17.29,41192.2,28346.0,
20241207,28,17.38,41192.8,28346.0,
20241207,28,17.43,41192.8,28346.0,
20241207,28,17.50,41193.3,28345.8,
20241207,28,17.58,41193.3,28345.8,
20241207,28,17.60,41193.3,28329.6,
20241207,28,17.73,41193.3,28329.5,
20241207,28,18.00,41193.3,28307.5,
20241207,28,18.16,41193.3,28282.2,
20241207,28,18.43,41298.3,28281.3,
20241207,28,18.44,41298.3,28281.3,
20241207,28,18.49,41298.3,28280.3,
20241207,28,18.50,41298.3,28280.2,
20241207,28,18.57,41298.3,28278.9,
20241207,28,18.66,41298.3,28271.2,
20241207,28,18.78,41298.3,28250.6,
20241207,28,18.79,41303.7,28248.4,
20241207,28,18.97,41303.7,28248.4,
20241207,28,19.00,41303.7,28247.8,
20241207,28,19.02,41303.7,28247.7,
20241207,28,19.56,41444.7,28115.7,
20241207,28,19.63,41586.7,28115.7,
20241207,28,19.66,41727.7,28115.7,
20241207,28,19.70,41869.7,28115.7,
20241207,28,19.77,42010.7,28115.7,
20241207,28,19.79,42010.7,28115.7,
20241207,28,19.99,42036.7,28114.7,
20241207,28,20.00,42036.7,28114.7,
20241207,28,20.01,42041.6,28085.8,
20241207,28,20.12,42041.6,28069.3,
20241207,28,20.45,42041.6,28052.5,
20241207,28,20.96,42041.6,28051.7,
20241207,28,21.03,42041.6,28044.7,
20241207,28,21.10,42052.5,27244.7,
20241207,28,21.12,42052.5,27244.7,
20241207,28,21.14,42052.5,27237.1,
20241207,28,21.98,42052.5,27236.1,
20241207,28,22.10,42052.5,27235.2,
20241207,28,22.30,42052.5,27233.8,
20241207,28,22.35,42194.5,26652.4,
20241207,28,22.49,42194.5,26652.4,
20241207,28,22.61,42194.5,26651.4,
20241207,28,22.74,42194.5,26650.6,
20241207,28,22.81,42194.5,26639.2,
20241207,28,23.52,42194.5,26631.5,
20241207,28,23.66,42194.5,26623.9,
20241207,28,23.84,42194.5,26549.9,
20241207,28,23.87,42204.1,26548.9,
20241207,28,24.04,42204.1,26548.9,
20241207,28,25.00,42204.1,26546.3,
20241207,28,25.12,42204.1,26536.9,
20241207,28,25.19,42204.1,26519.6,
20241207,28,25.57,42345.1,26517.4,
20241207,28,27.00,42345.1,26517.4,
20241207,28,27.50,42345.1,26399.3,
20241207,28,28.00,42345.1,26394.5,
20241207,28,28.80,42487.1,26390.8,
20241207,28,29.00,42487.1,26390.8,
20241207,28,29.90,42487.1,26322.9,
20241207,28,30.00,42487.1,26317.2,
20241207,28,31.00,42487.1,26197.6,
20241207,28,31.36,42487.1,26192.9,
20241207,28,31.79,42487.1,26085.7,
20241207,28,32.14,42487.1,26083.4,
20241207,28,33.62,42621.9,25983.4,
20241207,28,34.94,42621.9,25983.4,
20241207,28,35.00,42621.9,25970.1,
20241207,28,35.50,42621.9,25940.0,
20241207,28,36.00,42621.9,25939.9,
20241207,28,37.50,42621.9,25803.8,
20241207,28,37.94,42621.9,25759.8,
20241207,28,39.69,43016.9,25758.5,
20241207,28,40.00,43016.9,25758.5,
20241207,28,40.01,43016.9,25675.2,
20241207,28,41.66,43016.9,25580.2,
20241207,28,42.44,43016.9,25578.6,
20241207,28,42.50,43016.9,25468.2,
20241207,28,45.00,43016.9,25468.1,
20241207,28,45.01,43016.9,25402.1,
20241207,28,46.00,43016.9,25238.3,
20241207,28,48.32,43016.9,25188.3,
20241207,28,49.50,43016.9,25162.9,
20241207,28,50.00,43018.5,25162.4,
20241207,28,50.01,43018.5,24757.6,
20241207,28,50.90,43018.5,24753.8,
20241207,28,52.00,43018.5,24752.7,
20241207,28,53.00,43018.5,24750.6,
20241207,28,55.00,43018.5,24730.8,
20241207,28,59.92,43018.5,24671.4,
20241207,28,60.00,43018.5,24638.4,
20241207,28,60.65,43018.5,24487.5,
20241207,28,61.02,43018.5,24485.2,
20241207,28,70.00,43018.5,24469.9,
20241207,28,70.48,43018.9,24468.8,
20241207,28,72.00,43018.9,24468.8,
20241207,28,77.80,43018.9,24468.3,
20241207,28,79.90,43018.9,24332.3,
20241207,28,80.00,43018.9,24328.5,
20241207,28,80.01,43018.9,23161.8,
20241207,28,80.02,43018.9,22957.1,
20241207,28,80.21,43168.8,22881.1,
20241207,28,81.00,43168.8,22881.1,
20241207,28,82.01,43168.8,22860.8,
20241207,28,85.00,43168.8,22732.9,
20241207,28,90.00,43168.8,22720.2,
20241207,28,94.44,43168.8,22713.1,
20241207,28,99.90,43168.8,22711.5,
20241207,28,100.00,43318.8,22704.2,
20241207,28,100.01,43403.3,22121.9,
20241207,28,101.00,43403.3,22121.9,
20241207,28,107.36,43403.3,21957.4,
20241207,28,120.10,43403.3,21955.7,
20241207,28,120.28,43403.3,21912.0,
20241207,28,133.20,43403.3,21910.4,
20241207,28,138.00,43403.3,21908.7,
20241207,28,150.00,43403.3,21738.6,
20241207,28,151.00,43403.3,21658.4,
20241207,28,190.00,43403.3,21629.0,
20241207,28,200.00,43403.3,21627.7,
20241207,28,200.01,43403.3,18436.5,
20241207,28,200.10,43403.3,16175.1,
20241207,28,200.50,43403.3,16087.0,
20241207,28,201.00,43403.3,16086.8,
20241207,28,210.00,43403.3,16005.3,
20241207,28,250.00,43403.3,15537.4,
20241207,28,300.00,43403.3,15372.7,
20241207,28,500.00,43403.3,15267.0,
20241207,28,550.02,43403.3,15257.0,
20241207,28,900.00,43403.3,14994.4,
20241207,28,999.00,43403.3,14980.8,
20241207,28,999.99,43403.3,0.0,
20241207,29,0.00,0.0,36459.2,
20241207,29,0.00,15993.4,36459.2,
20241207,29,0.01,31258.2,36459.2,
20241207,29,0.02,31441.3,36429.0,
20241207,29,0.03,31445.9,36416.0,
20241207,29,0.04,31497.7,36404.1,
20241207,29,0.10,31617.2,36404.1,
20241207,29,0.25,31624.0,36324.0,
20241207,29,0.26,31627.9,36324.0,
20241207,29,0.27,31629.2,36324.0,
20241207,29,0.30,31630.2,36324.0,
20241207,29,1.00,32036.0,36324.0,
20241207,29,1.01,32053.1,36109.8,
20241207,29,1.33,32129.9,36081.5,
20241207,29,1.34,32329.9,36081.5,
20241207,29,2.00,32397.0,36081.5,
20241207,29,2.01,32397.0,36065.5,
20241207,29,2.51,32404.2,35465.5,
20241207,29,2.68,32406.9,35465.5,
20241207,29,2.69,32409.9,35465.5,
20241207,29,3.00,32459.9,35465.5,
20241207,29,3.01,32460.7,34787.2,
20241207,29,3.02,32460.7,34587.2,
20241207,29,3.50,32460.7,34582.3,
20241207,29,3.51,32461.4,34578.5,
20241207,29,4.00,32487.4,34578.5,
20241207,29,4.03,32490.4,34577.5,
20241207,29,4.04,32493.4,34577.5,
20241207,29,4.27,32551.8,34577.5,
20241207,29,5.00,32743.6,34577.5,
20241207,29,5.01,32744.2,34453.7,
20241207,29,5.02,32751.4,33874.9,
20241207,29,5.34,32751.4,33859.9,
20241207,29,5.38,32754.4,33804.9,
20241207,29,5.39,32757.4,33804.9,
20241207,29,5.66,32757.6,33804.9,
20241207,29,5.90,32757.6,33804.9,
20241207,29,6.00,32822.6,33789.6,
20241207,29,6.01,32825.9,33757.9,
20241207,29,6.26,32825.9,33757.9,
20241207,29,6.35,32825.9,33751.9,
20241207,29,6.36,32825.9,33721.9,
20241207,29,6.39,32825.9,33691.9,
20241207,29,6.50,32826.0,33688.4,
20241207,29,6.60,32826.0,33687.9,
20241207,29,6.66,32826.0,33686.9,
20241207,29,6.73,32829.3,33656.9,
20241207,29,6.74,32832.3,33656.9,
20241207,29,6.95,32832.3,33656.9,
20241207,29,6.98,32832.3,33652.6,
20241207,29,6.99,32839.7,33640.0,
20241207,29,7.00,32839.7,33640.0,
20241207,29,7.01,32842.4,33639.2,
20241207,29,7.10,32845.6,33633.5,
20241207,29,7.31,32865.6,33633.5,
20241207,29,7.42,32884.4,33633.5,
20241207,29,7.50,32924.4,33633.5,
20241207,29,7.52,32937.3,33633.5,
20241207,29,7.54,32937.9,33633.5,
20241207,29,7.86,32952.9,33633.5,
20241207,29,7.93,32953.3,33633.5,
20241207,29,8.00,32959.1,33633.5,
20241207,29,8.01,32972.6,33505.3,
20241207,29,8.02,32973.1,33505.3,
20241207,29,8.08,32978.4,33505.3,
20241207,29,8.09,32981.4,33505.3,
20241207,29,8.10,32981.4,33505.3,
20241207,29,8.12,33006.4,33505.1,
20241207,29,8.22,33006.4,33501.3,
20241207,29,8.29,33036.4,33501.0,
20241207,29,8.34,33047.0,33501.0,
20241207,29,8.37,33049.3,33501.0,
20241207,29,8.50,33049.3,33501.0,
20241207,29,8.54,33100.8,33451.0,
20241207,29,8.77,33101.2,33451.0,
20241207,29,8.85,33101.2,33451.0,
20241207,29,8.89,33101.2,33294.0,
20241207,29,8.94,33101.2,33135.0,
20241207,29,8.97,33101.2,33105.0,
20241207,29,8.99,33101.2,33075.0,
20241207,29,9.00,33106.2,32975.0,
20241207,29,9.01,33109.4,32870.7,
20241207,29,9.05,33109.4,32856.9,
20241207,29,9.08,33109.4,32826.9,
20241207,29,9.09,33109.4,32796.9,
20241207,29,9.10,33109.4,32793.7,
20241207,29,9.11,33109.4,32693.7,
20241207,29,9.16,33109.4,32633.7,
20241207,29,9.18,33109.4,32588.7,
20241207,29,9.19,33109.4,32588.6,
20241207,29,9.20,33109.4,32558.6,
20241207,29,9.22,33109.4,32458.6,
20241207,29,9.27,33114.2,32428.6,
20241207,29,9.28,33114.2,32428.6,
20241207,29,9.32,33114.2,32368.1,
20241207,29,9.36,33118.0,32156.1,
20241207,29,9.50,33121.5,32156.1,
20241207,29,9.52,33121.5,32156.1,
20241207,29,9.59,33121.5,31965.1,
20241207,29,9.65,33121.6,31823.1,
20241207,29,9.73,33128.7,31682.1,
20241207,29,9.74,33128.8,31622.1,
20241207,29,9.76,33129.8,31622.1,
20241207,29,9.78,33129.8,31622.1,
20241207,29,9.98,33129.8,31607.9,
20241207,29,10.00,33158.5,31577.9,
20241207,29,10.01,33175.9,31491.5,
20241207,29,10.03,33195.3,31491.5,
20241207,29,10.07,33195.3,31491.5,
20241207,29,10.12,33195.3,31437.7,
20241207,29,10.18,33425.3,31437.1,
20241207,29,10.19,33425.3,31387.1,
20241207,29,10.25,33425.3,31336.4,
20241207,29,10.30,33425.3,30761.8,
20241207,29,10.32,33425.3,30746.8,
20241207,29,10.33,34145.3,30745.1,
20241207,29,10.41,34163.0,30745.1,
20241207,29,10.44,34163.0,30744.9,
20241207,29,10.50,34172.6,30597.9,
20241207,29,10.58,34952.6,30577.8,
20241207,29,10.68,34952.6,30577.8,
20241207,29,10.69,34974.8,30562.2,
20241207,29,10.70,34988.1,30562.2,
20241207,29,10.71,35088.1,30475.3,
20241207,29,10.78,35088.1,30475.3,
20241207,29,10.79,35088.1,30474.7,
20241207,29,10.80,35088.1,30327.4,
20241207,29,10.83,35693.9,30179.9,
20241207,29,10.85,35793.9,30179.9,
20241207,29,10.86,35849.8,30179.9,
20241207,29,10.87,35849.8,30179.9,
20241207,29,10.88,35849.8,30164.9,
20241207,29,10.91,36063.8,30163.4,
20241207,29,10.93,36063.8,30163.4,
20241207,29,11.00,36123.3,30061.4,
20241207,29,11.01,36124.6,30031.9,
20241207,29,11.04,36124.6,30006.4,
20241207,29,11.08,36124.6,29859.4,
20241207,29,11.14,36128.0,29755.4,
20241207,29,11.23,36135.0,29755.4,
20241207,29,11.26,36179.1,29755.4,
20241207,29,11.32,36545.1,29707.1,
20241207,29,11.33,36545.1,29707.1,
20241207,29,11.34,36545.1,29659.1,
20241207,29,11.35,36545.1,28793.9,
20241207,29,11.40,36545.1,28791.7,
20241207,29,11.42,36546.8,28791.3,
20241207,29,11.50,36566.8,28791.3,
20241207,29,11.57,36618.8,28659.4,
20241207,29,11.70,36618.8,28659.4,
20241207,29,11.82,36618.8,28659.3,
20241207,29,11.84,36648.8,28658.3,
20241207,29,12.00,36789.6,28658.3,
20241207,29,12.01,36811.1,28570.2,
20241207,29,12.02,36811.1,28552.3,
20241207,29,12.03,36911.1,28512.3,
20241207,29,12.10,36911.1,28512.3,
20241207,29,12.13,36911.1,28512.2,
20241207,29,12.14,36911.1,28491.1,
20241207,29,12.40,36911.1,28488.1,
20241207,29,12.45,36940.0,28488.0,
20241207,29,12.48,36940.0,28488.0,
20241207,29,12.50,36940.0,28408.3,
20241207,29,12.53,36940.0,28354.3,
20241207,29,12.58,36940.0,28350.1,
20241207,29,12.59,36977.7,28347.8,
20241207,29,12.67,36977.7,28347.8,
20241207,29,12.68,37031.1,28301.2,
20241207,29,12.72,37031.1,28301.2,
20241207,29,12.80,37031.1,28301.0,
20241207,29,12.88,37031.1,28300.9,
20241207,29,12.97,37533.1,28295.1,
20241207,29,13.00,37538.7,28295.1,
20241207,29,13.12,37538.7,28237.9,
20241207,29,13.13,37778.7,28072.9,
20241207,29,13.16,37808.7,28072.9,
20241207,29,13.34,37808.7,28056.2,
20241207,29,13.35,37852.5,28055.8,
20241207,29,13.37,37950.5,28055.8,
20241207,29,13.48,37950.5,28055.8,
20241207,29,13.49,37950.5,28051.8,
20241207,29,13.50,37950.5,28049.5,
20241207,29,13.51,37950.8,28048.7,
20241207,29,13.58,37954.2,28048.7,
20241207,29,13.67,37963.3,28048.7,
20241207,29,13.69,37963.3,28048.7,
20241207,29,13.73,37993.3,28048.6,
20241207,29,13.84,37993.4,28048.6,
20241207,29,13.89,37993.4,28048.6,
20241207,29,14.00,38018.4,28044.4,
20241207,29,14.01,38020.7,28006.2,
20241207,29,14.22,38020.7,28006.2,
20241207,29,14.25,38036.7,27942.5,
20241207,29,14.40,38042.7,27942.5,
20241207,29,14.45,38056.3,27942.5,
20241207,29,14.49,38056.3,27942.5,
20241207,29,14.60,38056.3,27942.4,
20241207,29,14.63,38084.3,27942.2,
20241207,29,14.66,38114.3,27942.2,
20241207,29,14.67,38114.3,27942.2,
20241207,29,14.69,38130.2,27942.1,
20241207,29,14.72,38163.2,27942.1,
20241207,29,14.83,38163.2,27942.1,
20241207,29,14.84,38163.2,27938.8,
20241207,29,14.90,38176.2,27937.1,
20241207,29,14.93,38232.2,27937.1,
20241207,29,14.94,38232.2,27937.1,
20241207,29,14.98,38283.2,27871.0,
20241207,29,15.00,38313.2,27871.0,
20241207,29,15.01,38420.9,27831.5,
20241207,29,15.02,38430.0,27831.5,
20241207,29,15.03,38484.0,27831.5,
20241207,29,15.22,38635.0,27831.3,
20241207,29,15.25,38635.0,27831.3,
20241207,29,15.50,38686.0,27827.1,
20241207,29,15.51,38736.0,27825.1,
20241207,29,15.60,38736.0,27825.1,
20241207,29,15.66,38786.0,27825.0,
20241207,29,15.68,38789.4,27825.0,
20241207,29,15.70,38789.4,27825.0,
20241207,29,15.79,38820.4,27824.9,
20241207,29,15.80,38832.4,27824.9,
20241207,29,15.81,38839.4,27824.9,
20241207,29,15.82,38855.4,27824.9,
20241207,29,15.83,38868.4,27824.9,
20241207,29,15.90,38868.4,27824.9,
20241207,29,15.91,38868.4,27824.7,
20241207,29,15.93,38922.0,27762.3,
20241207,29,15.98,38922.0,27762.3,
20241207,29,16.00,38963.2,27760.8,
20241207,29,16.03,39001.2,27703.4,
20241207,29,16.06,39001.8,27703.4,
20241207,29,16.18,39018.8,27703.4,
20241207,29,16.19,39030.8,27701.5,
20241207,29,16.30,39054.7,27700.5,
20241207,29,16.35,39054.7,27700.5,
20241207,29,16.40,39054.7,27680.3,
20241207,29,16.50,39124.7,27680.2,
20241207,29,16.59,39124.7,27680.2,
20241207,29,16.61,39124.7,27678.7,
20241207,29,16.70,39124.7,27670.1,
20241207,29,16.73,39159.7,27662.1,
20241207,29,16.87,39159.7,27662.1,
20241207,29,16.90,39183.2,27661.2,
20241207,29,17.00,39183.2,27661.2,
20241207,29,17.01,39183.2,27660.9,
20241207,29,17.06,39183.8,27659.4,
20241207,29,17.12,39233.7,27659.4,
20241207,29,17.20,39233.9,27659.4,
20241207,29,17.22,39458.4,27657.8,
20241207,29,17.34,39458.4,27657.8,
20241207,29,17.43,39458.4,27657.6,
20241207,29,17.52,39493.4,27657.4,
20241207,29,17.53,39493.4,27657.4,
20241207,29,17.54,39493.4,27657.2,
20241207,29,17.58,39493.4,27656.2,
20241207,29,17.60,39493.4,27640.0,
20241207,29,17.66,39493.4,27639.9,
20241207,29,17.73,39493.4,27639.1,
20241207,29,17.82,39493.4,27617.1,
20241207,29,18.00,39493.4,27609.5,
20241207,29,18.01,39499.3,27584.1,
20241207,29,18.07,39499.3,27584.1,
20241207,29,18.32,39524.3,27541.8,
20241207,29,18.43,39629.3,27541.8,
20241207,29,18.49,39629.3,27541.8,
20241207,29,18.50,39629.3,27541.7,
20241207,29,18.51,39692.9,27541.3,
20241207,29,18.78,39692.9,27541.3,
20241207,29,18.79,39698.5,27539.3,
20241207,29,18.89,39698.5,27539.3,
20241207,29,19.00,39698.5,27538.3,
20241207,29,19.12,39723.5,27538.2,
20241207,29,19.22,39723.5,27538.2,
20241207,29,19.31,39774.4,27404.2,
20241207,29,19.40,39774.4,27404.2,
20241207,29,19.49,39774.4,27403.3,
20241207,29,19.56,39916.4,27403.1,
20241207,29,19.62,39931.4,27403.1,
20241207,29,19.63,40072.4,27403.1,
20241207,29,19.65,40072.4,27403.1,
20241207,29,19.66,40214.4,27402.5,
20241207,29,19.70,40355.4,27402.5,
20241207,29,19.77,40497.4,27402.5,
20241207,29,19.83,40497.4,27402.5,
20241207,29,19.99,40497.4,27394.8,
20241207,29,20.00,40527.4,26936.4,
20241207,29,20.01,40532.4,26885.7,
20241207,29,20.12,40532.4,26869.4,
20241207,29,20.24,40532.4,26852.7,
20241207,29,20.69,40533.8,26851.7,
20241207,29,20.78,40534.3,26851.7,
20241207,29,21.03,40534.3,26851.7,
20241207,29,21.08,40534.3,26051.7,
20241207,29,21.10,40545.3,26050.1,
20241207,29,21.15,40545.3,26050.1,
20241207,29,21.59,40545.3,26049.3,
20241207,29,21.84,40545.3,26048.3,
20241207,29,21.87,40545.3,26040.7,
20241207,29,22.31,40545.3,26031.7,
20241207,29,22.35,40686.3,26030.8,
20241207,29,22.79,40686.3,26030.8,
20241207,29,22.89,40686.3,26030.0,
20241207,29,22.94,40686.3,26018.1,
20241207,29,23.18,40686.3,26017.1,
20241207,29,23.50,40686.3,26009.4,
20241207,29,23.74,40686.3,26009.3,
20241207,29,23.85,40686.3,26001.7,
20241207,29,23.87,40695.9,25925.3,
20241207,29,24.04,40695.9,25925.3,
20241207,29,24.29,40695.9,25922.7,
20241207,29,25.00,40695.9,25921.7,
20241207,29,25.12,40695.9,25911.8,
20241207,29,25.57,40837.9,25894.7,
20241207,29,25.64,40837.9,25894.7,
20241207,29,26.18,40837.9,25892.7,
20241207,29,26.35,40837.9,25889.7,
20241207,29,27.00,40837.9,25889.5,
20241207,29,27.43,40837.9,25768.5,
20241207,29,27.50,40837.9,25765.5,
20241207,29,28.80,40978.9,25760.8,
20241207,29,29.00,40978.9,25760.8,
20241207,29,29.90,40978.9,25692.9,
20241207,29,30.00,40978.9,25686.7,
20241207,29,30.43,40978.9,25563.3,
20241207,29,31.79,40978.9,25463.2,
20241207,29,33.62,41123.9,25460.9,
20241207,29,34.94,41123.9,25460.9,
20241207,29,35.00,41123.9,25444.7,
20241207,29,35.24,41123.9,25416.6,
20241207,29,35.50,41123.9,25416.3,
20241207,29,36.00,41123.9,25416.2,
20241207,29,37.50,41123.9,25278.6,
20241207,29,39.30,41123.9,25234.9,
20241207,29,39.69,41539.9,25233.4,
20241207,29,40.00,41539.9,25233.4,
20241207,29,40.01,41539.9,25151.1,
20241207,29,41.93,41539.9,25070.3,
20241207,29,42.50,41539.9,25068.7,
20241207,29,45.00,41539.9,25068.6,
20241207,29,45.01,41539.9,24891.5,
20241207,29,46.00,41539.9,24725.6,
20241207,29,48.32,41539.9,24675.6,
20241207,29,49.50,41539.9,24650.2,
20241207,29,50.00,41541.4,24649.8,
20241207,29,50.01,41541.4,24241.0,
20241207,29,50.90,41541.4,24237.2,
20241207,29,52.00,41541.4,24236.1,
20241207,29,53.00,41541.4,24234.0,
20241207,29,55.00,41541.4,24214.3,
20241207,29,59.54,41541.4,24152.3,
20241207,29,60.00,41541.4,24120.1,
20241207,29,61.12,41541.4,23967.2,
20241207,29,70.00,41541.4,23949.6,
20241207,29,70.48,41541.8,23948.5,
20241207,29,72.00,41541.8,23948.5,
20241207,29,77.80,41541.8,23948.0,
20241207,29,79.90,41541.8,23808.2,
20241207,29,80.00,41541.8,23804.2,
20241207,29,80.01,41541.8,22644.2,
20241207,29,80.02,41541.8,22439.7,
20241207,29,80.21,41691.7,22363.7,
20241207,29,81.00,41691.7,22363.7,
20241207,29,82.01,41691.7,22343.8,
20241207,29,85.00,41691.7,22217.4,
20241207,29,90.00,41691.7,22202.7,
20241207,29,94.62,41691.7,22195.3,
20241207,29,99.90,41691.7,22193.7,
20241207,29,100.00,41841.7,22186.4,
20241207,29,100.01,41915.5,21593.4,
20241207,29,101.00,41915.5,21593.4,
20241207,29,107.54,41915.5,21428.9,
20241207,29,120.10,41915.5,21427.2,
20241207,29,120.46,41915.5,21384.0,
20241207,29,133.38,41915.5,21382.4,
20241207,29,138.00,41915.5,21380.7,
20241207,29,150.00,41915.5,21211.5,
20241207,29,151.00,41915.5,21132.2,
20241207,29,190.00,41915.5,21102.9,
20241207,29,200.00,41915.5,21101.6,
20241207,29,200.01,41915.5,17895.0,
20241207,29,200.10,41915.5,15734.9,
20241207,29,200.50,41915.5,15639.2,
20241207,29,201.00,41915.5,15639.0,
20241207,29,210.00,41915.5,15555.8,
20241207,29,250.00,41915.5,15088.9,
20241207,29,300.00,41915.5,14929.1,
20241207,29,500.00,41915.5,14823.4,
20241207,29,550.02,41915.5,14813.4,
20241207,29,900.00,41915.5,14552.3,
20241207,29,999.00,41915.5,14538.7,
20241207,29,999.99,41915.5,0.0,
20241207,30,0.00,0.0,35457.4,
20241207,30,0.00,14300.3,35457.4,
20241207,30,0.01,29775.7,35457.4,
20241207,30,0.02,29959.4,35427.5,
20241207,30,0.03,29963.8,35415.5,
20241207,30,0.04,30009.6,35403.6,
20241207,30,0.10,30118.6,35403.6,
20241207,30,0.25,30123.8,35323.5,
20241207,30,0.26,30126.2,35323.5,
20241207,30,0.27,30127.1,35323.5,
20241207,30,0.30,30127.9,35323.5,
20241207,30,0.41,30201.7,35323.5,
20241207,30,1.00,30598.2,35323.5,
20241207,30,1.01,30615.1,35112.9,
20241207,30,1.30,30805.8,35084.8,
20241207,30,1.76,30806.8,35084.8,
20241207,30,2.00,30872.3,35084.8,
20241207,30,2.01,30872.3,35068.8,
20241207,30,2.63,30879.5,34468.8,
20241207,30,2.65,30882.5,34468.8,
20241207,30,3.00,30902.5,34468.8,
20241207,30,3.01,30915.8,33791.0,
20241207,30,3.02,30915.8,33591.0,
20241207,30,3.11,30917.0,33584.5,
20241207,30,3.50,30917.0,33584.5,
20241207,30,3.51,30917.7,33525.7,
20241207,30,4.00,30946.9,33525.7,
20241207,30,4.27,31005.3,33524.7,
20241207,30,4.46,31008.2,33524.7,
20241207,30,5.00,31195.0,33524.7,
20241207,30,5.01,31195.6,33421.3,
20241207,30,5.02,31195.6,32842.7,
20241207,30,5.25,31202.8,32827.7,
20241207,30,5.35,31205.8,32827.7,
20241207,30,5.46,31206.1,32827.7,
20241207,30,5.48,31206.1,32827.7,
20241207,30,5.55,31206.5,32527.7,
20241207,30,5.66,31206.8,32527.7,
20241207,30,5.73,31209.6,32527.7,
20241207,30,5.80,31209.6,32527.7,
20241207,30,5.81,31212.6,32527.2,
20241207,30,5.82,31215.4,32527.2,
20241207,30,5.90,31215.4,32527.2,
20241207,30,6.00,31280.8,32511.9,
20241207,30,6.26,31280.8,32480.2,
20241207,30,6.30,31284.0,32474.2,
20241207,30,6.50,31284.1,32474.2,
20241207,30,6.70,31287.1,32474.2,
20241207,30,7.00,31287.1,32469.9,
20241207,30,7.01,31287.1,32469.1,
20241207,30,7.03,31287.1,32463.5,
20241207,30,7.16,31290.2,32459.7,
20241207,30,7.50,31330.2,32459.7,
20241207,30,7.54,31330.8,32459.7,
20241207,30,7.72,31330.8,32459.7,
20241207,30,7.73,31330.8,32429.7,
20241207,30,7.85,31330.8,32399.7,
20241207,30,7.87,31341.9,32382.3,
20241207,30,7.95,31345.5,32382.3,
20241207,30,8.00,31349.6,32382.3,
20241207,30,8.01,31362.9,32253.9,
20241207,30,8.05,31365.9,32253.9,
20241207,30,8.11,31365.9,32253.9,
20241207,30,8.20,31365.9,32223.9,
20241207,30,8.30,31365.9,32208.9,
20241207,30,8.40,31365.9,32208.4,
20241207,30,8.49,31365.9,32207.5,
20241207,30,8.50,31384.3,32205.9,
20241207,30,8.51,31389.5,32205.9,
20241207,30,8.54,31441.0,32170.2,
20241207,30,8.55,31442.7,32134.3,
20241207,30,8.70,31457.7,32134.3,
20241207,30,8.74,31457.7,32134.3,
20241207,30,8.82,31457.7,32134.1,
20241207,30,8.85,31457.7,32133.5,
20241207,30,8.87,31457.7,31976.5,
20241207,30,8.89,31477.7,31973.3,
20241207,30,8.94,31477.7,31914.3,
20241207,30,8.95,31488.1,31884.0,
20241207,30,8.97,31488.1,31884.0,
20241207,30,8.99,31513.1,31854.0,
20241207,30,9.00,31518.1,31854.0,
20241207,30,9.01,31521.3,31757.7,
20241207,30,9.05,31521.3,31744.0,
20241207,30,9.08,31521.3,31714.0,
20241207,30,9.11,31521.3,31684.0,
20241207,30,9.16,31521.3,31624.0,
20241207,30,9.18,31551.3,31594.0,
20241207,30,9.19,31551.3,31478.9,
20241207,30,9.22,31551.3,31448.9,
20241207,30,9.27,31551.6,31418.9,
20241207,30,9.28,31551.6,31418.9,
20241207,30,9.34,31551.6,31318.9,
20241207,30,9.40,31554.6,31096.9,
20241207,30,9.50,31558.1,31096.9,
20241207,30,9.53,31558.1,31096.9,
20241207,30,9.54,31571.2,30905.9,
20241207,30,9.60,31571.2,30905.9,
20241207,30,9.62,31571.2,30891.9,
20241207,30,9.65,31571.2,30890.2,
20241207,30,9.73,31571.2,30703.2,
20241207,30,9.75,31571.2,30658.2,
20241207,30,9.76,31577.2,30643.2,
20241207,30,9.94,31581.9,30643.2,
20241207,30,9.95,31581.9,30643.2,
20241207,30,9.98,31581.9,30638.7,
20241207,30,10.00,31609.5,30608.7,
20241207,30,10.01,31617.2,30544.1,
20241207,30,10.09,31617.2,30544.1,
20241207,30,10.18,31847.2,30503.8,
20241207,30,10.19,31847.2,30453.8,
20241207,30,10.25,31847.2,30403.8,
20241207,30,10.26,31848.0,29829.8,
20241207,30,10.32,31848.0,29829.8,
20241207,30,10.33,32448.0,29814.8,
20241207,30,10.44,32457.5,29814.8,
20241207,30,10.49,32476.9,29667.8,
20241207,30,10.50,32484.1,29667.6,
20241207,30,10.58,33084.1,29667.5,
20241207,30,10.62,33084.1,29667.5,
20241207,30,10.65,33084.2,29651.9,
20241207,30,10.69,33102.5,29651.9,
20241207,30,10.70,33130.9,29651.9,
20241207,30,10.71,33190.9,29566.7,
20241207,30,10.79,33190.9,29566.7,
20241207,30,10.80,33190.9,29419.7,
20241207,30,10.83,33790.9,29272.7,
20241207,30,10.85,33890.9,29272.7,
20241207,30,10.86,33946.8,29272.7,
20241207,30,10.90,33946.8,29272.7,
20241207,30,10.91,34161.8,29257.7,
20241207,30,10.93,34161.8,29257.7,
20241207,30,11.00,34213.0,29155.7,
20241207,30,11.01,34213.0,29126.1,
20241207,30,11.04,34213.0,29100.7,
20241207,30,11.08,34213.0,28953.7,
20241207,30,11.21,34213.0,28849.7,
20241207,30,11.26,34270.4,28849.1,
20241207,30,11.30,34455.4,28814.1,
20241207,30,11.32,34935.4,28814.1,
20241207,30,11.33,34935.4,28814.1,
20241207,30,11.34,34935.4,28777.1,
20241207,30,11.40,34935.4,27911.9,
20241207,30,11.45,34935.4,27911.5,
20241207,30,11.50,34935.4,27909.7,
20241207,30,11.55,34940.9,27777.5,
20241207,30,11.57,34992.9,27777.5,
20241207,30,11.58,35012.9,27777.5,
20241207,30,11.70,35012.9,27777.5,
20241207,30,11.80,35013.4,27777.4,
20241207,30,11.81,35016.3,27777.4,
20241207,30,11.84,35046.3,27752.4,
20241207,30,11.90,35053.1,27752.4,
20241207,30,12.00,35223.8,27752.4,
20241207,30,12.01,35246.1,27671.4,
20241207,30,12.03,35346.1,27658.0,
20241207,30,12.04,35346.1,27658.0,
20241207,30,12.10,35346.1,27618.0,
20241207,30,12.14,35347.8,27617.6,
20241207,30,12.22,35347.8,27617.6,
20241207,30,12.24,35347.8,27615.4,
20241207,30,12.40,35347.8,27599.8,
20241207,30,12.47,35376.7,27599.7,
20241207,30,12.50,35376.7,27599.7,
20241207,30,12.55,35376.7,27545.8,
20241207,30,12.56,35376.7,27520.8,
20241207,30,12.61,35376.7,27515.5,
20241207,30,12.62,35394.9,27493.7,
20241207,30,12.67,35394.9,27493.7,
20241207,30,12.68,35436.1,27484.9,
20241207,30,12.73,35436.1,27484.9,
20241207,30,12.80,35436.1,27432.5,
20241207,30,12.99,35875.1,27432.4,
20241207,30,13.00,35900.4,27432.4,
20241207,30,13.11,35900.4,27353.8,
20241207,30,13.12,35900.4,27348.1,
20241207,30,13.13,36150.4,27183.1,
20241207,30,13.17,36150.4,27183.1,
20241207,30,13.19,36180.4,27166.5,
20241207,30,13.34,36180.4,27166.5,
20241207,30,13.35,36206.4,27152.9,
20241207,30,13.44,36206.4,27152.9,
20241207,30,13.45,36206.4,27147.2,
20241207,30,13.64,36367.4,27144.2,
20241207,30,13.69,36367.4,27144.2,
20241207,30,13.77,36397.4,27144.1,
20241207,30,13.78,36397.4,27144.1,
20241207,30,13.91,36397.4,27138.3,
20241207,30,13.99,36397.4,27134.3,
20241207,30,14.00,36422.4,27134.1,
20241207,30,14.01,36426.9,27095.3,
20241207,30,14.10,36433.6,27095.3,
20241207,30,14.11,36433.6,27095.3,
20241207,30,14.25,36445.9,27083.7,
20241207,30,14.28,36445.9,27083.7,
20241207,30,14.47,36460.5,27020.5,
20241207,30,14.50,36460.5,27020.5,
20241207,30,14.51,36460.8,27019.7,
20241207,30,14.60,36460.8,27019.7,
20241207,30,14.67,36460.8,27019.5,
20241207,30,14.69,36472.3,27019.4,
20241207,30,14.80,36472.3,27019.4,
20241207,30,14.86,36502.3,27017.1,
20241207,30,14.90,36515.3,27017.1,
20241207,30,14.93,36516.3,27017.1,
20241207,30,14.94,36516.3,27017.1,
20241207,30,14.98,36521.3,26951.0,
20241207,30,15.00,36551.3,26951.0,
20241207,30,15.01,36657.5,26913.6,
20241207,30,15.02,36666.6,26913.6,
20241207,30,15.03,36675.6,26913.6,
20241207,30,15.22,36740.6,26913.6,
20241207,30,15.23,36740.6,26913.6,
20241207,30,15.24,36740.6,26913.5,
20241207,30,15.26,36740.6,26913.4,
20241207,30,15.34,36740.7,26910.1,
20241207,30,15.50,36880.7,26910.1,
20241207,30,15.54,36930.7,26910.1,
20241207,30,15.60,36930.7,26910.1,
20241207,30,15.68,36933.7,26910.0,
20241207,30,15.70,36933.7,26910.0,
20241207,30,15.73,36983.7,26909.9,
20241207,30,15.74,36983.7,26909.9,
20241207,30,15.77,36983.7,26909.7,
20241207,30,15.89,37014.7,26908.9,
20241207,30,15.90,37026.7,26908.9,
20241207,30,15.91,37033.7,26908.7,
20241207,30,15.92,37049.7,26851.1,
20241207,30,15.93,37108.1,26843.5,
20241207,30,15.94,37121.1,26843.5,
20241207,30,15.95,37129.1,26843.5,
20241207,30,16.00,37169.7,26843.5,
20241207,30,16.01,37171.0,26791.5,
20241207,30,16.09,37188.0,26791.5,
20241207,30,16.15,37188.0,26791.5,
20241207,30,16.17,37188.0,26789.8,
20241207,30,16.24,37223.0,26787.7,
20241207,30,16.40,37223.0,26787.7,
20241207,30,16.50,37293.0,26787.6,
20241207,30,16.59,37293.0,26787.5,
20241207,30,16.61,37293.0,26785.9,
20241207,30,16.70,37293.0,26784.0,
20241207,30,16.98,37318.0,26776.0,
20241207,30,17.00,37318.0,26776.0,
20241207,30,17.01,37318.0,26775.7,
20241207,30,17.20,37318.2,26774.2,
20241207,30,17.22,37542.7,26772.6,
20241207,30,17.38,37542.7,26752.4,
20241207,30,17.39,37559.9,26751.0,
20241207,30,17.43,37559.9,26751.0,
20241207,30,17.50,37559.9,26750.8,
20241207,30,17.58,37559.9,26746.2,
20241207,30,17.60,37559.9,26730.0,
20241207,30,17.72,37584.9,26729.9,
20241207,30,17.73,37584.9,26729.9,
20241207,30,17.96,37584.9,26707.9,
20241207,30,18.00,37584.9,26707.8,
20241207,30,18.01,37590.6,26682.1,
20241207,30,18.07,37590.6,26682.1,
20241207,30,18.17,37590.6,26639.8,
20241207,30,18.18,37607.0,26635.7,
20241207,30,18.26,37656.9,26635.7,
20241207,30,18.43,37761.9,26635.7,
20241207,30,18.49,37761.9,26635.7,
20241207,30,18.53,37761.9,26635.6,
20241207,30,18.78,37761.9,26634.7,
20241207,30,18.79,37768.1,26633.3,
20241207,30,18.85,37768.1,26534.3,
20241207,30,18.93,37768.1,26533.3,
20241207,30,19.00,37768.1,26525.6,
20241207,30,19.28,37820.1,26525.5,
20241207,30,19.58,37820.4,26525.5,
20241207,30,19.59,37962.4,26525.5,
20241207,30,19.63,38103.4,26525.5,
20241207,30,19.70,38245.4,26525.5,
20241207,30,19.73,38386.4,26525.5,
20241207,30,19.75,38445.4,26525.5,
20241207,30,19.91,38521.5,26525.5,
20241207,30,19.95,38522.6,26525.5,
20241207,30,20.00,38552.6,26525.5,
20241207,30,20.01,38557.5,26497.0,
20241207,30,20.02,38557.5,26480.8,
20241207,30,20.04,38557.9,26144.2,
20241207,30,20.12,38557.9,26144.2,
20241207,30,20.15,38557.9,26127.7,
20241207,30,20.20,38557.9,26126.7,
20241207,30,20.24,38557.9,26125.7,
20241207,30,20.39,38557.9,26124.7,
20241207,30,20.58,38558.2,26104.3,
20241207,30,20.75,38700.2,26104.3,
20241207,30,20.78,38761.0,26104.3,
20241207,30,20.83,38776.0,26104.3,
20241207,30,21.03,38776.0,26104.3,
20241207,30,21.10,38787.1,25304.3,
20241207,30,21.29,38787.1,25304.3,
20241207,30,21.55,38787.1,25303.5,
20241207,30,21.95,38787.1,25302.5,
20241207,30,22.38,38787.1,25294.9,
20241207,30,22.50,38787.1,25281.9,
20241207,30,22.90,38787.1,25281.5,
20241207,30,23.12,38787.1,25280.5,
20241207,30,23.50,38787.1,25279.6,
20241207,30,23.87,38796.7,25278.6,
20241207,30,23.89,38796.7,25278.6,
20241207,30,23.96,38796.7,25277.8,
20241207,30,23.97,38937.7,25270.1,
20241207,30,24.04,38937.7,25270.1,
20241207,30,24.25,38937.7,25255.8,
20241207,30,24.79,38937.7,25254.8,
20241207,30,24.96,38937.7,25247.2,
20241207,30,25.00,38937.7,25167.6,
20241207,30,25.12,38937.7,25157.6,
20241207,30,25.60,38937.7,25140.9,
20241207,30,26.95,38937.7,25139.9,
20241207,30,27.00,38937.7,25137.9,
20241207,30,27.17,39079.7,25020.7,
20241207,30,27.50,39079.7,25020.7,
20241207,30,28.00,39079.7,25016.1,
20241207,30,29.00,39079.7,25012.6,
20241207,30,29.90,39079.7,24944.9,
20241207,30,30.00,39079.7,24938.2,
20241207,30,31.79,39079.7,24819.7,
20241207,30,32.02,39220.7,24817.3,
20241207,30,33.50,39220.7,24817.3,
20241207,30,33.62,39283.0,24817.2,
20241207,30,34.94,39283.0,24817.2,
20241207,30,35.00,39283.0,24800.1,
20241207,30,35.24,39283.0,24770.5,
20241207,30,35.50,39283.0,24770.0,
20241207,30,36.00,39283.0,24769.9,
20241207,30,37.14,39283.0,24625.1,
20241207,30,37.50,39283.0,24520.6,
20241207,30,39.69,39768.0,24477.0,
20241207,30,40.00,39768.0,24477.0,
20241207,30,40.01,39768.0,24393.5,
20241207,30,41.35,39768.0,24317.7,
20241207,30,42.44,39768.0,24316.1,
20241207,30,42.50,39768.0,24205.7,
20241207,30,45.00,39768.0,24205.6,
20241207,30,45.01,39768.0,24136.1,
20241207,30,46.00,39768.0,23964.4,
20241207,30,48.32,39768.0,23914.4,
20241207,30,49.50,39768.0,23889.0,
20241207,30,50.00,39769.4,23888.6,
20241207,30,50.01,39769.4,23479.2,
20241207,30,50.90,39769.4,23475.4,
20241207,30,52.00,39769.4,23474.1,
20241207,30,53.00,39769.4,23471.9,
20241207,30,55.00,39769.4,23452.6,
20241207,30,59.99,39769.4,23387.1,
20241207,30,60.00,39769.4,23355.4,
20241207,30,60.97,39769.4,23199.3,
20241207,30,70.00,39769.4,23181.6,
20241207,30,70.48,39769.8,23180.5,
20241207,30,72.00,39769.8,23180.5,
20241207,30,77.80,39769.8,23180.0,
20241207,30,79.90,39769.8,23035.0,
20241207,30,80.00,39769.8,23030.7,
20241207,30,80.01,39769.8,21878.7,
20241207,30,80.02,39769.8,21671.8,
20241207,30,80.21,39919.7,21595.8,
20241207,30,81.00,39919.7,21595.8,
20241207,30,82.01,39919.7,21575.0,
20241207,30,85.00,39919.7,21449.0,
20241207,30,90.00,39919.7,21432.1,
20241207,30,94.23,39919.7,21424.2,
20241207,30,99.90,39919.7,21422.6,
20241207,30,100.00,40069.7,21415.1,
20241207,30,100.01,40132.2,20809.8,
20241207,30,101.00,40132.2,20809.8,
20241207,30,107.15,40132.2,20645.3,
20241207,30,120.07,40132.2,20643.6,
20241207,30,120.10,40132.2,20642.0,
20241207,30,132.99,40132.2,20599.2,
20241207,30,138.00,40132.2,20597.5,
20241207,30,150.00,40132.2,20428.8,
20241207,30,151.00,40132.2,20350.6,
20241207,30,190.00,40132.2,20321.7,
20241207,30,200.00,40132.2,20320.4,
20241207,30,200.01,40132.2,17144.4,
20241207,30,200.10,40132.2,14965.2,
20241207,30,200.50,40132.2,14867.3,
20241207,30,201.00,40132.2,14867.1,
20241207,30,210.00,40132.2,14782.7,
20241207,30,250.00,40132.2,14316.2,
20241207,30,300.00,40132.2,14159.9,
20241207,30,500.00,40132.2,14054.5,
20241207,30,550.02,40132.2,14044.5,
20241207,30,900.00,40132.2,13784.0,
20241207,30,999.00,40132.2,13770.4,
20241207,30,999.99,40132.2,0.0,
20241207,31,0.00,0.0,33433.9,
20241207,31,0.00,12443.5,33433.9,
20241207,31,0.01,27884.9,33433.9,
20241207,31,0.02,28058.2,33415.9,
20241207,31,0.03,28062.3,33403.9,
20241207,31,0.04,28100.7,33392.1,
20241207,31,0.10,28191.1,33392.1,
20241207,31,0.25,28194.5,33312.0,
20241207,31,0.26,28195.7,33312.0,
20241207,31,0.27,28196.2,33312.0,
20241207,31,0.30,28196.6,33312.0,
20241207,31,0.42,28377.1,33312.0,
20241207,31,1.00,28808.1,33312.0,
20241207,31,1.01,28819.7,33102.2,
20241207,31,1.26,28889.6,33084.9,
20241207,31,1.77,28892.6,33084.9,
20241207,31,2.00,28958.3,33084.9,
20241207,31,2.01,28958.3,33068.9,
20241207,31,2.61,28959.3,32468.9,
20241207,31,2.72,28966.5,32468.9,
20241207,31,3.00,28966.5,32468.9,
20241207,31,3.01,28976.2,31798.7,
20241207,31,3.02,28976.2,31598.7,
20241207,31,3.12,28979.2,31592.4,
20241207,31,3.50,28979.2,31592.4,
20241207,31,3.51,28979.9,31588.7,
20241207,31,3.96,28981.0,31588.7,
20241207,31,4.00,29004.9,31588.7,
20241207,31,4.27,29063.3,31587.7,
20241207,31,4.47,29066.3,31587.7,
20241207,31,4.51,29066.3,31587.7,
20241207,31,5.00,29249.4,31532.7,
20241207,31,5.01,29250.0,31432.1,
20241207,31,5.02,29250.0,30854.4,
20241207,31,5.20,29250.0,30837.5,
20241207,31,5.31,29252.0,30837.0,
20241207,31,5.44,29259.2,30837.0,
20241207,31,5.48,29259.2,30837.0,
20241207,31,5.61,29259.5,30537.0,
20241207,31,5.82,29262.5,30537.0,
20241207,31,5.90,29262.5,30537.0,
20241207,31,6.00,29329.6,30520.9,
20241207,31,6.26,29329.6,30508.2,
20241207,31,6.50,29332.3,30502.2,
20241207,31,6.66,29334.3,30502.2,
20241207,31,6.71,29337.5,30502.2,
20241207,31,7.00,29341.5,30502.2,
20241207,31,7.01,29345.6,30501.3,
20241207,31,7.17,29348.6,30495.4,
20241207,31,7.39,29348.6,30495.4,
20241207,31,7.47,29349.2,30491.6,
20241207,31,7.49,29349.4,30491.6,
20241207,31,7.50,29389.4,30491.6,
20241207,31,7.58,29389.7,30471.4,
20241207,31,7.80,29389.7,30471.4,
20241207,31,7.96,29392.1,30399.4,
20241207,31,8.00,29415.2,30399.4,
20241207,31,8.01,29432.2,30392.6,
20241207,31,8.05,29434.2,30392.6,
20241207,31,8.14,29434.2,30392.6,
20241207,31,8.15,29443.1,30388.4,
20241207,31,8.32,29443.1,30388.4,
20241207,31,8.33,29443.1,30358.4,
20241207,31,8.51,29543.1,30328.4,
20241207,31,8.52,29572.7,30328.4,
20241207,31,8.54,29634.2,30328.4,
20241207,31,8.57,29634.2,30328.4,
20241207,31,8.65,29722.9,30313.4,
20241207,31,8.72,29722.9,30313.4,
20241207,31,8.73,29722.9,30298.4,
20241207,31,8.74,29726.3,30268.4,
20241207,31,8.85,29726.3,30268.4,
20241207,31,8.89,29726.3,30111.4,
20241207,31,8.94,29726.3,30052.4,
20241207,31,8.97,29726.3,30022.4,
20241207,31,9.00,29726.3,29992.4,
20241207,31,9.05,29726.3,29926.2,
20241207,31,9.08,29726.3,29896.2,
20241207,31,9.09,29735.0,29859.9,
20241207,31,9.11,29735.0,29859.9,
20241207,31,9.16,29755.0,29799.9,
20241207,31,9.18,29755.0,29769.9,
20241207,31,9.19,29755.0,29769.8,
20241207,31,9.21,29790.7,29739.8,
20241207,31,9.22,29790.7,29739.8,
20241207,31,9.26,29790.7,29709.8,
20241207,31,9.27,29795.4,29694.8,
20241207,31,9.29,29795.4,29694.8,
20241207,31,9.36,29800.1,29694.5,
20241207,31,9.39,29825.1,29694.5,
20241207,31,9.43,29825.1,29694.5,
20241207,31,9.56,29880.1,29557.5,
20241207,31,9.57,29900.1,29366.5,
20241207,31,9.58,29900.1,29366.5,
20241207,31,9.59,29930.1,29337.6,
20241207,31,9.65,29930.1,29337.6,
20241207,31,9.73,29930.1,29065.6,
20241207,31,9.75,29931.3,29020.6,
20241207,31,9.81,29931.3,29020.0,
20241207,31,9.83,29943.4,29005.0,
20241207,31,9.87,29946.4,29005.0,
20241207,31,9.94,29946.7,29005.0,
20241207,31,9.99,29946.7,29005.0,
20241207,31,10.00,29966.4,28975.0,
20241207,31,10.01,29972.7,28928.8,
20241207,31,10.05,29976.6,28928.8,
20241207,31,10.10,29976.6,28928.8,
20241207,31,10.14,29976.6,28927.9,
20241207,31,10.18,30196.6,28927.7,
20241207,31,10.25,30196.6,28927.7,
20241207,31,10.33,30596.6,28353.7,
20241207,31,10.35,30596.6,28353.7,
20241207,31,10.44,30596.6,28338.7,
20241207,31,10.50,30596.6,28191.7,
20241207,31,10.55,30596.6,28191.6,
20241207,31,10.56,30596.6,28141.6,
20241207,31,10.58,30996.6,28091.6,
20241207,31,10.63,30996.6,28091.4,
20241207,31,10.68,30996.6,28089.7,
20241207,31,10.69,31010.1,28086.5,
20241207,31,10.70,31035.9,28086.5,
20241207,31,10.71,31065.9,27993.1,
20241207,31,10.74,31068.3,27993.1,
20241207,31,10.79,31068.3,27993.1,
20241207,31,10.80,31068.3,27845.1,
20241207,31,10.83,31468.3,27698.1,
20241207,31,10.85,31568.3,27698.1,
20241207,31,10.86,31624.3,27698.1,
20241207,31,10.87,31643.7,27698.1,
20241207,31,10.90,31643.7,27698.1,
20241207,31,10.91,31665.7,27684.1,
20241207,31,10.92,31677.3,27684.1,
20241207,31,10.93,31678.0,27684.1,
20241207,31,10.99,31708.0,27577.6,
20241207,31,11.00,31720.6,27577.6,
20241207,31,11.01,31721.9,27417.0,
20241207,31,11.04,31721.9,27417.0,
20241207,31,11.08,31721.9,27270.0,
20241207,31,11.22,31724.9,27166.0,
20241207,31,11.26,31747.1,27166.0,
20241207,31,11.32,32647.1,26995.4,
20241207,31,11.33,32647.1,26995.4,
20241207,31,11.34,32647.1,26969.6,
20241207,31,11.37,32647.1,26104.4,
20241207,31,11.40,32647.1,26100.6,
20241207,31,11.45,32647.1,26100.2,
20241207,31,11.47,32656.5,26074.5,
20241207,31,11.50,32676.5,26074.5,
20241207,31,11.54,32676.5,25942.1,
20241207,31,11.57,32728.5,25819.1,
20241207,31,11.62,32728.5,25819.1,
20241207,31,11.65,32728.5,25815.3,
20241207,31,11.70,32728.5,25691.3,
20241207,31,11.73,32728.5,25691.2,
20241207,31,11.83,32728.5,25675.4,
20241207,31,11.84,32758.5,25670.6,
20241207,31,11.86,32758.5,25670.6,
20241207,31,11.87,32758.5,25666.8,
20241207,31,11.95,32758.5,25543.8,
20241207,31,12.00,32848.1,25518.8,
20241207,31,12.01,32868.7,25439.6,
20241207,31,12.02,32868.7,25415.5,
20241207,31,12.03,32999.4,25337.3,
20241207,31,12.06,32999.4,25337.3,
20241207,31,12.07,33192.4,25336.7,
20241207,31,12.10,33212.4,25336.7,
20241207,31,12.11,33212.4,25336.6,
20241207,31,12.19,33212.4,25328.9,
20241207,31,12.28,33212.4,25328.7,
20241207,31,12.38,33217.7,25328.6,
20241207,31,12.40,33217.7,25328.6,
20241207,31,12.46,33402.7,25328.5,
20241207,31,12.50,33408.7,25328.5,
20241207,31,12.53,33438.7,25327.0,
20241207,31,12.67,33438.7,25327.0,
20241207,31,12.68,33467.4,25280.7,
20241207,31,12.70,33467.4,25280.7,
20241207,31,12.80,33467.4,25280.5,
20241207,31,12.81,33469.5,25280.4,
20241207,31,12.90,33474.9,25280.4,
20241207,31,12.97,33476.6,25280.4,
20241207,31,13.00,33552.5,25280.4,
20241207,31,13.01,33553.7,25233.4,
20241207,31,13.07,33583.7,25233.4,
20241207,31,13.10,33746.7,25233.4,
20241207,31,13.12,33746.7,25233.4,
20241207,31,13.13,33766.7,25068.4,
20241207,31,13.14,33766.7,25068.4,
20241207,31,13.34,33766.7,25063.6,
20241207,31,13.35,33775.8,25043.3,
20241207,31,13.41,33775.8,25043.3,
20241207,31,13.50,33795.8,25038.0,
20241207,31,13.58,33795.8,24998.0,
20241207,31,13.69,33795.8,24996.1,
20241207,31,13.72,33795.8,24996.0,
20241207,31,13.90,33810.6,24993.9,
20241207,31,13.91,34089.6,24993.9,
20241207,31,13.92,34089.6,24993.3,
20241207,31,13.97,34089.6,24993.0,
20241207,31,14.00,34141.6,24939.6,
20241207,31,14.01,34158.2,24923.6,
20241207,31,14.25,34166.8,24914.2,
20241207,31,14.26,34186.8,24913.8,
20241207,31,14.30,34344.8,24913.8,
20241207,31,14.43,34344.8,24913.8,
20241207,31,14.44,34344.8,24906.2,
20241207,31,14.45,34344.8,24889.5,
20241207,31,14.50,34344.8,24879.9,
20241207,31,14.58,34346.5,24859.9,
20241207,31,14.60,34346.5,24859.0,
20241207,31,14.61,34346.5,24858.8,
20241207,31,14.63,34366.5,24857.3,
20241207,31,14.66,34388.5,24857.3,
20241207,31,14.67,34392.7,24857.3,
20241207,31,14.69,34399.9,24857.2,
20241207,31,14.72,34425.9,24857.2,
20241207,31,14.76,34425.9,24857.2,
20241207,31,14.88,34437.9,24853.2,
20241207,31,14.90,34450.9,24853.2,
20241207,31,14.93,34498.9,24853.2,
20241207,31,14.98,34543.9,24853.2,
20241207,31,15.00,34583.9,24853.2,
20241207,31,15.01,34692.0,24789.1,
20241207,31,15.02,34701.0,24788.1,
20241207,31,15.03,34749.0,24788.1,
20241207,31,15.04,34779.0,24788.1,
20241207,31,15.22,34929.0,24788.1,
20241207,31,15.27,34929.0,24788.1,
20241207,31,15.39,35579.0,24722.1,
20241207,31,15.40,35579.5,24722.1,
20241207,31,15.50,35714.5,24722.1,
20241207,31,15.60,35714.5,24722.1,
20241207,31,15.63,35714.5,24722.0,
20241207,31,15.65,35714.5,24721.8,
20241207,31,15.68,35716.9,24720.2,
20241207,31,15.69,35751.9,24720.2,
20241207,31,15.70,35751.9,24720.2,
20241207,31,15.90,35751.9,24720.1,
20241207,31,15.93,35854.9,24719.9,
20241207,31,15.94,35904.9,24719.9,
20241207,31,16.00,35965.2,24719.9,
20241207,31,16.05,35965.2,24672.6,
20241207,31,16.11,35965.2,24657.3,
20241207,31,16.14,36015.2,24654.1,
20241207,31,16.23,36015.2,24654.1,
20241207,31,16.28,36015.2,24653.3,
20241207,31,16.29,36015.2,24653.2,
20241207,31,16.40,36015.2,24653.0,
20241207,31,16.44,36050.2,24652.9,
20241207,31,16.50,36125.2,24652.9,
20241207,31,16.59,36125.2,24651.8,
20241207,31,16.62,36125.2,24650.0,
20241207,31,16.68,36125.2,24647.6,
20241207,31,16.70,36125.2,24644.6,
20241207,31,16.90,36125.4,24636.6,
20241207,31,17.00,36175.4,24636.6,
20241207,31,17.01,36177.0,24635.6,
20241207,31,17.03,36177.0,24625.1,
20241207,31,17.18,36202.0,24559.5,
20241207,31,17.20,36202.0,24559.5,
20241207,31,17.22,36426.5,24557.9,
20241207,31,17.35,36426.5,24557.9,
20241207,31,17.43,36426.5,24557.4,
20241207,31,17.46,36426.5,24557.2,
20241207,31,17.50,36426.5,24555.4,
20241207,31,17.58,36426.5,24553.3,
20241207,31,17.59,36437.3,24537.1,
20241207,31,17.60,36437.3,24537.1,
20241207,31,17.73,36437.3,24537.0,
20241207,31,17.93,36462.3,24515.0,
20241207,31,17.97,36462.3,24515.0,
20241207,31,18.00,36462.3,24513.3,
20241207,31,18.01,36468.1,24512.8,
20241207,31,18.16,36468.1,24512.8,
20241207,31,18.17,36468.1,24468.3,
20241207,31,18.22,36468.1,24464.2,
20241207,31,18.24,36477.7,24463.0,
20241207,31,18.29,36477.7,24463.0,
20241207,31,18.43,36582.7,24455.3,
20241207,31,18.47,36632.6,24455.3,
20241207,31,18.48,36632.6,24455.3,
20241207,31,18.72,36632.6,24452.2,
20241207,31,18.79,36640.2,24432.8,
20241207,31,18.81,36640.2,24333.8,
20241207,31,18.98,36640.2,24333.7,
20241207,31,19.00,36640.2,24332.8,
20241207,31,19.18,36692.2,24312.7,
20241207,31,19.32,36692.2,24312.7,
20241207,31,19.59,36834.2,24311.7,
20241207,31,19.63,36975.2,24311.7,
20241207,31,19.70,37117.2,24311.7,
20241207,31,19.73,37259.0,24311.7,
20241207,31,19.82,37328.3,24311.7,
20241207,31,19.99,37405.7,24311.7,
20241207,31,20.00,37435.7,24311.7,
20241207,31,20.01,37440.6,24273.0,
20241207,31,20.50,37440.6,24257.1,
20241207,31,20.67,37440.6,24256.8,
20241207,31,20.75,37582.6,24255.8,
20241207,31,20.82,37582.6,24255.8,
20241207,31,20.86,37644.5,24113.2,
20241207,31,20.90,37659.5,24113.2,
20241207,31,20.98,37659.5,24113.2,
20241207,31,21.00,37669.5,24091.8,
20241207,31,21.03,37669.5,24076.8,
20241207,31,21.10,37675.4,23276.8,
20241207,31,21.28,37675.4,23276.8,
20241207,31,21.29,37675.4,23276.6,
20241207,31,21.47,37675.4,23274.0,
20241207,31,21.73,37675.4,23271.5,
20241207,31,22.00,37675.4,23270.7,
20241207,31,22.02,37675.5,23269.8,
20241207,31,22.16,37675.5,23268.8,
20241207,31,23.02,37675.6,23261.2,
20241207,31,23.22,37675.6,23261.2,
20241207,31,23.29,37766.1,23249.7,
20241207,31,23.37,37766.1,23249.7,
20241207,31,23.56,37766.1,23248.7,
20241207,31,23.87,37775.7,23247.8,
20241207,31,23.97,37916.7,23247.8,
20241207,31,24.04,37916.7,23247.8,
20241207,31,24.32,37916.7,23245.4,
20241207,31,24.45,37916.7,23244.6,
20241207,31,24.47,37916.7,23243.6,
20241207,31,24.72,37916.7,23232.3,
20241207,31,24.73,37916.7,23231.3,
20241207,31,25.00,37916.7,23223.6,
20241207,31,25.12,37916.7,23213.4,
20241207,31,25.81,37916.7,23197.2,
20241207,31,26.00,37916.7,23189.6,
20241207,31,26.02,37916.7,23067.5,
20241207,31,26.07,37916.7,22984.4,
20241207,31,27.00,37916.7,22983.4,
20241207,31,27.17,38058.7,22863.1,
20241207,31,27.42,38058.7,22863.1,
20241207,31,27.50,38058.7,22862.1,
20241207,31,28.77,38058.7,22857.5,
20241207,31,29.90,38058.7,22854.9,
20241207,31,30.00,38058.7,22848.5,
20241207,31,30.40,38199.7,22765.3,
20241207,31,31.79,38199.7,22765.3,
20241207,31,33.50,38199.7,22762.9,
20241207,31,33.62,38271.2,22762.8,
20241207,31,34.00,38271.2,22762.8,
20241207,31,34.70,38271.2,22702.5,
20241207,31,34.94,38271.2,22701.1,
20241207,31,35.00,38271.2,22683.0,
20241207,31,35.24,38271.2,22656.5,
20241207,31,35.50,38271.2,22656.0,
20241207,31,36.00,38271.2,22655.9,
20241207,31,36.79,38271.2,22605.9,
20241207,31,37.50,38271.2,22601.8,
20241207,31,39.00,38271.2,22558.2,
20241207,31,39.69,38854.2,22452.5,
20241207,31,40.00,38854.2,22452.5,
20241207,31,40.01,38854.2,22369.1,
20241207,31,40.12,38854.2,22343.8,
20241207,31,42.00,38854.2,22327.1,
20241207,31,42.19,38854.2,22326.6,
20241207,31,42.44,38854.2,22325.0,
20241207,31,42.50,38854.2,22237.0,
20241207,31,44.00,38854.2,22236.9,
20241207,31,45.00,38854.2,22230.3,
20241207,31,45.01,38854.2,21924.3,
20241207,31,46.00,38854.2,21771.3,
20241207,31,48.32,38854.2,21721.3,
20241207,31,49.50,38854.2,21695.8,
20241207,31,50.00,38855.8,21695.4,
20241207,31,50.01,38855.8,21288.8,
20241207,31,50.90,38855.8,21285.0,
20241207,31,55.00,38855.8,21283.5,
20241207,31,56.00,38855.8,21216.4,
20241207,31,60.00,38855.8,21214.2,
20241207,31,60.68,38855.8,21055.4,
20241207,31,61.92,38855.8,21024.2,
20241207,31,70.00,38855.8,21006.8,
20241207,31,70.48,38856.2,21005.7,
20241207,31,72.00,38856.2,21005.7,
20241207,31,77.80,38856.2,21005.2,
20241207,31,79.90,38856.2,20853.9,
20241207,31,80.00,38856.2,20849.5,
20241207,31,80.01,38856.2,19725.5,
20241207,31,80.02,38856.2,19513.0,
20241207,31,80.21,39006.1,19437.0,
20241207,31,81.00,39006.1,19437.0,
20241207,31,82.01,39006.1,19423.2,
20241207,31,85.00,39006.1,19294.9,
20241207,31,90.00,39006.1,19276.5,
20241207,31,94.79,39006.1,19268.1,
20241207,31,99.90,39006.1,19266.5,
20241207,31,100.00,39156.1,19258.9,
20241207,31,100.01,39206.7,18724.0,
20241207,31,101.00,39206.7,18724.0,
20241207,31,107.71,39206.7,18559.5,
20241207,31,120.10,39206.7,18557.8,
20241207,31,120.63,39206.7,18514.7,
20241207,31,133.55,39206.7,18513.1,
20241207,31,138.00,39206.7,18511.4,
20241207,31,150.00,39206.7,18363.3,
20241207,31,151.00,39206.7,18284.5,
20241207,31,190.00,39206.7,18255.2,
20241207,31,200.00,39206.7,18253.9,
20241207,31,200.01,39206.7,15062.5,
20241207,31,200.10,39206.7,12863.1,
20241207,31,200.50,39206.7,12716.5,
20241207,31,201.00,39206.7,12638.3,
20241207,31,210.00,39206.7,12557.4,
20241207,31,250.00,39206.7,12090.0,
20241207,31,300.00,39206.7,11937.2,
20241207,31,500.00,39206.7,11831.6,
20241207,31,550.02,39206.7,11821.6,
20241207,31,900.00,39206.7,11587.8,
20241207,31,999.00,39206.7,11574.2,
20241207,31,999.99,39206.7,0.0,
20241207,32,0.00,0.0,33104.5,
20241207,32,0.00,10600.4,33104.5,
20241207,32,0.01,26187.5,33104.5,
20241207,32,0.02,26356.6,33086.0,
20241207,32,0.03,26360.6,33075.2,
20241207,32,0.04,26390.8,33063.3,
20241207,32,0.10,26466.6,33063.3,
20241207,32,0.25,26468.4,32983.2,
20241207,32,0.26,26468.5,32983.2,
20241207,32,0.27,26468.7,32983.2,
20241207,32,0.30,26468.8,32983.2,
20241207,32,0.50,26534.4,32983.2,
20241207,32,0.94,26748.1,32983.2,
20241207,32,1.00,27160.0,32983.2,
20241207,32,1.01,27170.7,32773.6,
20241207,32,1.16,27177.9,32756.4,
20241207,32,1.85,27178.9,32756.4,
20241207,32,2.00,27243.0,32756.4,
20241207,32,2.01,27243.0,32740.4,
20241207,32,2.29,27246.0,32140.4,
20241207,32,2.31,27253.2,32140.4,
20241207,32,3.00,27254.6,32140.4,
20241207,32,3.01,27260.8,31469.4,
20241207,32,3.02,27260.8,31269.4,
20241207,32,3.20,27261.8,31264.8,
20241207,32,3.47,27269.0,31264.8,
20241207,32,3.50,27269.0,31264.8,
20241207,32,3.51,27269.7,31261.0,
20241207,32,3.64,27272.7,31261.0,
20241207,32,4.00,27292.1,31261.0,
20241207,32,4.27,27350.5,31260.0,
20241207,32,4.55,27351.5,31260.0,
20241207,32,4.62,27358.8,31260.0,
20241207,32,4.98,27359.3,31260.0,
20241207,32,4.99,27362.3,31260.0,
20241207,32,5.00,27540.7,31260.0,
20241207,32,5.01,27541.3,31160.9,
20241207,32,5.02,27541.3,30582.8,
20241207,32,5.42,27541.3,30567.8,
20241207,32,5.48,27541.3,30512.8,
20241207,32,5.77,27548.5,30212.8,
20241207,32,5.90,27549.9,30212.8,
20241207,32,6.00,27618.4,30196.7,
20241207,32,6.10,27618.6,30184.0,
20241207,32,6.22,27619.1,30183.5,
20241207,32,6.26,27619.1,30183.5,
20241207,32,6.34,27622.1,30177.5,
20241207,32,6.35,27623.5,30177.5,
20241207,32,6.37,27623.7,30177.5,
20241207,32,6.46,27623.9,30177.5,
20241207,32,6.50,27630.8,30177.5,
20241207,32,6.74,27630.9,30177.5,
20241207,32,6.92,27632.3,30177.5,
20241207,32,7.00,27636.3,30177.5,
20241207,32,7.01,27640.4,30176.6,
20241207,32,7.25,27642.5,30170.7,
20241207,32,7.50,27684.0,30170.7,
20241207,32,7.62,27684.0,30150.7,
20241207,32,7.69,27687.0,30150.6,
20241207,32,7.77,27687.1,30150.6,
20241207,32,7.80,27687.1,30150.6,
20241207,32,7.81,27687.1,30106.6,
20241207,32,8.00,27710.0,30006.6,
20241207,32,8.01,27711.3,30000.0,
20241207,32,8.07,27712.8,30000.0,
20241207,32,8.12,27712.8,30000.0,
20241207,32,8.28,27712.9,29998.5,
20241207,32,8.60,27715.1,29998.5,
20241207,32,8.65,27716.4,29994.7,
20241207,32,8.66,27719.5,29994.7,
20241207,32,8.67,27719.5,29994.7,
20241207,32,8.80,27719.6,29979.7,
20241207,32,8.81,27719.6,29979.7,
20241207,32,8.82,27721.5,29975.5,
20241207,32,8.85,27721.5,29975.5,
20241207,32,8.89,27721.5,29818.5,
20241207,32,8.91,27722.6,29759.5,
20241207,32,8.94,27722.6,29759.5,
20241207,32,8.97,27722.6,29729.5,
20241207,32,9.00,27722.6,29699.5,
20241207,32,9.04,27725.6,29633.5,
20241207,32,9.05,27725.6,29633.5,
20241207,32,9.08,27725.6,29603.5,
20241207,32,9.09,27725.6,29573.5,
20241207,32,9.11,27725.6,29558.5,
20241207,32,9.16,27725.6,29498.5,
20241207,32,9.18,27725.6,29468.5,
20241207,32,9.19,27725.6,29453.4,
20241207,32,9.22,27725.6,29423.4,
20241207,32,9.49,27725.6,29393.4,
20241207,32,9.59,27820.6,29368.4,
20241207,32,9.61,27820.6,29368.4,
20241207,32,9.62,27832.9,29364.2,
20241207,32,9.66,27836.4,29364.2,
20241207,32,9.69,27836.4,29349.2,
20241207,32,9.71,27839.5,29319.2,
20241207,32,9.73,27839.5,29319.2,
20241207,32,9.84,27839.5,29274.2,
20241207,32,9.85,27839.5,29244.2,
20241207,32,9.86,27868.5,29243.2,
20241207,32,9.95,27872.3,29243.2,
20241207,32,9.99,27872.3,29243.2,
20241207,32,10.00,27878.0,29196.3,
20241207,32,10.05,27891.2,29154.9,
20241207,32,10.06,27952.7,29154.9,
20241207,32,10.10,27958.9,29154.9,
20241207,32,10.12,27977.0,29140.6,
20241207,32,10.23,27977.0,29140.6,
20241207,32,10.25,27977.0,29125.6,
20241207,32,10.33,28277.0,28551.0,
20241207,32,10.34,28307.0,28551.0,
20241207,32,10.39,28310.0,28551.0,
20241207,32,10.41,28310.9,28551.0,
20241207,32,10.44,28311.1,28551.0,
20241207,32,10.50,28311.1,28404.0,
20241207,32,10.56,28311.1,28403.9,
20241207,32,10.58,28611.1,28399.7,
20241207,32,10.61,28614.0,28399.7,
20241207,32,10.68,28614.0,28399.7,
20241207,32,10.70,28622.8,28396.4,
20241207,32,10.71,28658.1,28365.5,
20241207,32,10.75,28658.1,28365.5,
20241207,32,10.79,28658.1,28206.5,
20241207,32,10.80,28658.1,28044.5,
20241207,32,10.83,28978.1,27895.9,
20241207,32,10.85,29078.1,27895.9,
20241207,32,10.86,29134.1,27895.9,
20241207,32,10.93,29146.0,27895.9,
20241207,32,11.00,29157.9,27789.1,
20241207,32,11.04,29157.9,27727.5,
20241207,32,11.08,29157.9,27580.5,
20241207,32,11.12,29187.9,27476.5,
20241207,32,11.13,29187.9,27476.5,
20241207,32,11.14,29187.9,27451.5,
20241207,32,11.15,29187.9,27451.3,
20241207,32,11.18,29187.9,27386.3,
20241207,32,11.26,29187.9,27384.6,
20241207,32,11.28,29187.9,27191.8,
20241207,32,11.32,30057.9,26961.8,
20241207,32,11.33,30057.9,26961.8,
20241207,32,11.34,30057.9,26948.3,
20241207,32,11.40,30059.6,26456.5,
20241207,32,11.43,30060.0,26455.6,
20241207,32,11.50,30060.0,26455.6,
20241207,32,11.52,30060.0,26332.6,
20241207,32,11.53,30066.0,26324.0,
20241207,32,11.54,30066.0,26324.0,
20241207,32,11.57,30118.0,26201.0,
20241207,32,11.63,30138.0,26201.0,
20241207,32,11.65,30138.0,26201.0,
20241207,32,11.67,30138.0,26078.0,
20241207,32,11.70,30138.0,26077.8,
20241207,32,11.74,30141.0,26077.7,
20241207,32,11.83,30141.0,26077.7,
20241207,32,11.84,30171.0,26052.7,
20241207,32,11.87,30171.0,26052.7,
20241207,32,12.00,30253.0,25929.7,
20241207,32,12.01,30257.3,25767.1,
20241207,32,12.02,30257.3,25746.7,
20241207,32,12.03,30357.3,25564.7,
20241207,32,12.07,30577.3,25564.7,
20241207,32,12.10,30577.3,25564.7,
20241207,32,12.14,30588.3,25564.6,
20241207,32,12.16,30588.3,25564.6,
20241207,32,12.20,30588.3,25560.6,
20241207,32,12.24,30608.3,25560.4,
20241207,32,12.28,30608.3,25560.4,
20241207,32,12.36,30637.2,25560.3,
20241207,32,12.39,30637.2,25560.3,
20241207,32,12.40,30637.2,25555.4,
20241207,32,12.41,30817.2,25555.3,
20241207,32,12.43,30817.2,25555.3,
20241207,32,12.49,30819.7,25551.3,
20241207,32,12.50,30821.7,25511.3,
20241207,32,12.52,30821.7,25509.6,
20241207,32,12.65,30821.7,25484.6,
20241207,32,12.66,30822.9,25484.0,
20241207,32,12.67,30822.9,25484.0,
20241207,32,12.68,30837.9,25474.0,
20241207,32,12.73,30837.9,25474.0,
20241207,32,12.75,30855.2,25457.7,
20241207,32,12.77,30855.2,25447.9,
20241207,32,12.80,30855.2,25435.7,
20241207,32,12.81,30855.2,25435.6,
20241207,32,12.85,30855.2,25284.6,
20241207,32,12.95,30855.2,25200.6,
20241207,32,12.97,30855.2,25150.6,
20241207,32,13.00,30901.5,25100.6,
20241207,32,13.06,30901.5,25085.5,
20241207,32,13.07,30915.9,25069.9,
20241207,32,13.09,30918.9,25069.9,
20241207,32,13.12,30918.9,25069.9,
20241207,32,13.13,30958.9,24904.9,
20241207,32,13.26,30971.0,24904.9,
20241207,32,13.34,30971.0,24904.9,
20241207,32,13.35,30990.3,24884.9,
20241207,32,13.38,30990.3,24880.0,
20241207,32,13.50,31013.8,24875.9,
20241207,32,13.59,31013.8,24835.9,
20241207,32,13.61,31016.3,24835.1,
20241207,32,13.64,31046.3,24835.1,
20241207,32,13.65,31046.3,24835.1,
20241207,32,13.69,31046.3,24833.2,
20241207,32,13.74,31048.8,24833.1,
20241207,32,13.77,31048.8,24833.1,
20241207,32,13.87,31048.8,24828.3,
20241207,32,13.96,31051.2,24828.1,
20241207,32,14.00,31051.2,24828.1,
20241207,32,14.01,31098.6,24795.1,
20241207,32,14.25,31103.1,24785.7,
20241207,32,14.26,31143.1,24785.7,
20241207,32,14.30,31145.5,24785.7,
20241207,32,14.35,31145.5,24785.4,
20241207,32,14.36,31161.5,24730.0,
20241207,32,14.43,31161.5,24722.4,
20241207,32,14.50,31161.5,24705.3,
20241207,32,14.51,31166.6,24685.2,
20241207,32,14.58,31166.9,24685.2,
20241207,32,14.60,31166.9,24685.2,
20241207,32,14.61,31201.9,24685.0,
20241207,32,14.63,31204.9,24685.0,
20241207,32,14.65,31207.3,24685.0,
20241207,32,14.66,31213.3,24685.0,
20241207,32,14.67,31213.3,24685.0,
20241207,32,14.69,31216.5,24684.9,
20241207,32,14.72,31227.5,24684.9,
20241207,32,14.79,31227.5,24684.9,
20241207,32,14.88,31252.5,24682.8,
20241207,32,14.90,31265.5,24682.8,
20241207,32,14.91,31265.9,24682.8,
20241207,32,14.93,31297.9,24682.8,
20241207,32,14.98,31328.9,24682.8,
20241207,32,14.99,31333.9,24682.8,
20241207,32,15.00,31401.3,24682.8,
20241207,32,15.01,31509.6,24625.6,
20241207,32,15.02,31518.6,24624.6,
20241207,32,15.03,31553.6,24624.6,
20241207,32,15.10,31555.3,24624.6,
20241207,32,15.15,31555.3,24624.6,
20241207,32,15.22,31694.3,24614.9,
20241207,32,15.27,31694.3,24614.9,
20241207,32,15.30,31729.3,24550.4,
20241207,32,15.35,31729.3,24550.4,
20241207,32,15.39,31849.3,24546.4,
20241207,32,15.41,32239.3,24546.4,
20241207,32,15.50,32394.3,24546.4,
20241207,32,15.57,32604.3,24546.4,
20241207,32,15.60,32604.8,24546.2,
20241207,32,15.68,32606.7,24546.1,
20241207,32,15.70,32606.7,24546.1,
20241207,32,15.73,32607.5,24546.0,
20241207,32,15.75,32749.5,24544.5,
20241207,32,15.79,32749.5,24544.5,
20241207,32,15.82,32751.3,24544.2,
20241207,32,15.86,32801.3,24544.2,
20241207,32,15.90,32801.3,24544.2,
20241207,32,15.92,32851.3,24544.0,
20241207,32,15.93,32954.3,24544.0,
20241207,32,16.00,33019.3,24544.0,
20241207,32,16.06,33119.3,24530.9,
20241207,32,16.10,33119.5,24530.9,
20241207,32,16.11,33150.5,24530.9,
20241207,32,16.21,33162.5,24530.9,
20241207,32,16.22,33169.5,24530.9,
20241207,32,16.24,33195.5,24530.9,
20241207,32,16.33,33195.5,24530.9,
20241207,32,16.40,33195.5,24515.8,
20241207,32,16.47,33195.5,24515.7,
20241207,32,16.50,33270.5,24514.1,
20241207,32,16.51,33270.8,24512.3,
20241207,32,16.59,33270.8,24512.3,
20241207,32,16.70,33295.8,24510.4,
20241207,32,16.91,33295.9,24499.2,
20241207,32,17.00,33395.9,24499.2,
20241207,32,17.01,33395.9,24498.6,
20241207,32,17.03,33395.9,24487.9,
20241207,32,17.14,33395.9,24420.8,
20241207,32,17.17,33495.9,24417.8,
20241207,32,17.20,33495.9,24417.8,
20241207,32,17.22,33720.4,24413.0,
20241207,32,17.25,33720.4,24413.0,
20241207,32,17.26,33720.4,24412.9,
20241207,32,17.43,33720.4,24412.0,
20241207,32,17.44,33725.2,24411.8,
20241207,32,17.50,33725.2,24411.8,
20241207,32,17.58,33725.2,24411.7,
20241207,32,17.60,33725.2,24395.5,
20241207,32,17.73,33725.2,24395.4,
20241207,32,18.00,33725.2,24373.4,
20241207,32,18.01,33732.4,24364.2,
20241207,32,18.05,33732.4,24364.2,
20241207,32,18.13,33832.4,24362.3,
20241207,32,18.17,33832.4,24362.3,
20241207,32,18.30,33832.4,24358.2,
20241207,32,18.32,33882.3,24354.7,
20241207,32,18.43,33987.3,24354.7,
20241207,32,18.49,33987.3,24354.7,
20241207,32,18.50,33987.3,24352.3,
20241207,32,18.61,33987.3,24350.3,
20241207,32,18.79,33994.9,24301.4,
20241207,32,18.80,33994.9,24202.4,
20241207,32,19.00,33994.9,24201.1,
20241207,32,19.09,33994.9,24181.0,
20241207,32,19.17,33994.9,24173.3,
20241207,32,19.40,33994.9,24170.2,
20241207,32,19.42,34474.9,24170.0,
20241207,32,19.46,34505.9,24170.0,
20241207,32,19.56,34646.9,24146.4,
20241207,32,19.59,34788.9,24146.4,
20241207,32,19.66,34929.9,24146.4,
20241207,32,19.70,35071.9,24146.4,
20241207,32,19.73,35212.9,24146.4,
20241207,32,19.79,35212.9,24146.4,
20241207,32,19.82,35281.9,24126.8,
20241207,32,19.84,35281.9,24126.8,
20241207,32,20.00,35311.9,24125.0,
20241207,32,20.01,35316.8,24048.7,
20241207,32,20.05,35316.8,24032.7,
20241207,32,20.06,35402.3,24030.1,
20241207,32,20.48,35402.3,24030.1,
20241207,32,20.50,35402.3,24029.3,
20241207,32,20.93,35472.7,24028.0,
20241207,32,20.96,35487.7,24028.0,
20241207,32,21.00,35497.7,24028.0,
20241207,32,21.03,35497.7,24013.0,
20241207,32,21.06,35497.7,23213.0,
20241207,32,21.10,35503.6,23208.7,
20241207,32,21.17,35503.6,23208.7,
20241207,32,21.19,35503.6,23056.4,
20241207,32,22.25,35503.6,23055.4,
20241207,32,22.26,35503.6,23055.2,
20241207,32,22.35,35645.6,23052.5,
20241207,32,22.46,35645.6,23052.5,
20241207,32,22.54,35645.6,23049.4,
20241207,32,22.63,35646.1,23048.4,
20241207,32,22.72,35646.3,23048.4,
20241207,32,22.77,35646.3,23048.4,
20241207,32,23.29,35695.7,23047.5,
20241207,32,23.73,35695.7,23006.4,
20241207,32,23.80,35695.7,23005.6,
20241207,32,23.83,35695.7,22993.0,
20241207,32,23.87,35705.3,22985.4,
20241207,32,23.89,35705.3,22985.4,
20241207,32,23.92,35705.3,22984.4,
20241207,32,24.04,35705.3,22972.2,
20241207,32,25.00,35705.3,22969.6,
20241207,32,25.12,35705.3,22963.9,
20241207,32,25.24,35705.3,22947.1,
20241207,32,25.57,35846.3,22946.1,
20241207,32,25.75,35846.3,22946.1,
20241207,32,26.00,35846.3,22943.1,
20241207,32,26.59,35846.3,22821.0,
20241207,32,26.98,35846.3,22820.0,
20241207,32,27.00,35846.3,22812.3,
20241207,32,27.50,35846.3,22694.8,
20241207,32,27.94,35846.3,22690.6,
20241207,32,28.30,35846.3,22689.6,
20241207,32,28.56,35846.3,22682.0,
20241207,32,28.80,35988.3,22594.7,
20241207,32,29.29,35988.3,22594.7,
20241207,32,29.90,35988.3,22593.7,
20241207,32,30.00,35988.3,22587.1,
20241207,32,30.64,35988.3,22508.0,
20241207,32,31.79,35988.3,22507.0,
20241207,32,31.99,35988.3,22504.4,
20241207,32,32.02,36129.3,22501.5,
20241207,32,33.62,36151.2,22501.5,
20241207,32,34.00,36151.2,22501.5,
20241207,32,34.52,36151.2,22439.8,
20241207,32,34.94,36151.2,22438.2,
20241207,32,35.00,36151.2,22418.4,
20241207,32,35.50,36151.2,22386.1,
20241207,32,36.00,36151.2,22386.0,
20241207,32,36.79,36151.2,22336.0,
20241207,32,37.50,36151.2,22327.6,
20241207,32,38.50,36151.2,22283.7,
20241207,32,39.69,36869.2,22283.6,
20241207,32,40.00,36869.2,22283.6,
20241207,32,40.12,36869.2,22187.8,
20241207,32,42.00,36869.2,22170.6,
20241207,32,42.50,36869.2,22170.0,
20241207,32,42.65,36869.2,22169.9,
20241207,32,45.00,36869.2,22168.3,
20241207,32,45.01,36869.2,21561.6,
20241207,32,46.00,36869.2,21389.8,
20241207,32,48.32,36869.2,21339.8,
20241207,32,49.50,36869.2,21314.2,
20241207,32,50.00,36870.8,21313.8,
20241207,32,50.01,36870.8,20694.7,
20241207,32,50.90,36870.8,20690.8,
20241207,32,55.00,36870.8,20689.2,
20241207,32,60.00,36870.8,20620.2,
20241207,32,62.26,36870.8,20460.9,
20241207,32,62.69,36870.8,20429.1,
20241207,32,70.00,36870.8,20411.5,
20241207,32,70.48,36871.2,20410.4,
20241207,32,72.00,36871.2,20410.4,
20241207,32,77.80,36871.2,20410.1,
20241207,32,79.90,36871.2,20246.8,
20241207,32,80.00,36871.2,20242.5,
20241207,32,80.01,36871.2,19110.4,
20241207,32,80.02,36871.2,18976.5,
20241207,32,80.21,37021.1,18900.5,
20241207,32,81.00,37021.1,18900.5,
20241207,32,82.01,37021.1,18876.6,
20241207,32,85.00,37021.1,18742.1,
20241207,32,90.00,37021.1,18722.0,
20241207,32,95.10,37021.1,18712.8,
20241207,32,99.90,37021.1,18711.2,
20241207,32,100.00,37171.1,18703.2,
20241207,32,100.01,37210.2,18148.9,
20241207,32,101.00,37210.2,18148.9,
20241207,32,108.02,37210.2,17984.4,
20241207,32,120.10,37210.2,17982.7,
20241207,32,120.94,37210.2,17938.8,
20241207,32,133.86,37210.2,17937.2,
20241207,32,138.00,37210.2,17935.5,
20241207,32,150.00,37210.2,17787.3,
20241207,32,151.00,37210.2,17696.9,
20241207,32,190.00,37210.2,17666.9,
20241207,32,200.00,37210.2,17665.4,
20241207,32,200.01,37210.2,14454.4,
20241207,32,200.10,37210.2,12241.8,
20241207,32,200.50,37210.2,12054.0,
20241207,32,201.00,37210.2,11974.0,
20241207,32,210.00,37210.2,11894.4,
20241207,32,250.00,37210.2,11421.2,
20241207,32,300.00,37210.2,11272.9,
20241207,32,500.00,37210.2,11167.3,
20241207,32,550.02,37210.2,11157.3,
20241207,32,900.00,37210.2,10934.3,
20241207,32,999.00,37210.2,10920.7,
20241207,32,999.99,37210.2,0.0,
20241207,33,0.00,0.0,34327.7,
20241207,33,0.00,9362.2,34327.7,
20241207,33,0.01,26424.9,34327.7,
20241207,33,0.02,26591.4,34312.7,
20241207,33,0.03,26595.2,34301.8,
20241207,33,0.04,26619.4,34289.8,
20241207,33,0.10,26699.4,34289.8,
20241207,33,0.25,26699.9,34164.1,
20241207,33,1.00,27088.6,34164.1,
20241207,33,1.01,27097.7,33957.5,
20241207,33,1.23,27294.6,33943.6,
20241207,33,1.28,27352.1,33943.6,
20241207,33,2.00,27415.7,33943.6,
20241207,33,2.01,27415.7,33927.6,
20241207,33,2.30,27422.9,33327.6,
20241207,33,2.58,27424.9,33327.6,
20241207,33,2.63,27425.9,33327.6,
20241207,33,3.00,27426.9,33327.6,
20241207,33,3.01,27429.8,32835.7,
20241207,33,3.93,27432.7,32635.7,
20241207,33,3.98,27433.7,32635.7,
20241207,33,4.00,27441.7,32635.7,
20241207,33,4.27,27500.1,32634.7,
20241207,33,4.48,27500.3,32634.7,
20241207,33,4.59,27507.5,32634.7,
20241207,33,4.73,27507.6,32634.7,
20241207,33,4.82,27507.7,32634.7,
20241207,33,4.93,27507.8,32634.7,
20241207,33,4.98,27507.8,32634.7,
20241207,33,5.00,27682.4,32579.7,
20241207,33,5.01,27683.0,32299.6,
20241207,33,5.28,27686.0,31720.8,
20241207,33,5.33,27687.0,31720.8,
20241207,33,5.37,27687.1,31720.8,
20241207,33,5.48,27687.1,31720.8,
20241207,33,5.82,27687.2,31420.8,
20241207,33,5.90,27687.2,31420.8,
20241207,33,6.00,27784.7,31404.7,
20241207,33,6.26,27784.8,31392.9,
20241207,33,6.50,27792.1,31386.9,
20241207,33,6.60,27793.5,31386.9,
20241207,33,6.63,27796.5,31386.9,
20241207,33,6.68,27797.5,31386.9,
20241207,33,6.71,27797.6,31386.9,
20241207,33,6.89,27804.8,31386.9,
20241207,33,7.00,27804.8,31386.9,
20241207,33,7.47,27804.8,31386.1,
20241207,33,7.50,27837.8,31384.2,
20241207,33,7.71,27837.8,31364.2,
20241207,33,7.98,27840.8,31364.1,
20241207,33,8.00,27842.4,31364.1,
20241207,33,8.01,27843.8,31292.8,
20241207,33,8.03,27845.6,31292.8,
20241207,33,8.50,27845.6,31292.8,
20241207,33,8.67,27845.6,31292.3,
20241207,33,8.81,27845.6,31277.3,
20241207,33,8.85,27845.6,31275.9,
20241207,33,8.89,27845.6,31118.9,
20241207,33,8.93,27845.6,31071.9,
20241207,33,8.96,27845.6,31041.9,
20241207,33,8.99,27845.6,31011.9,
20241207,33,9.00,27849.6,30951.9,
20241207,33,9.04,27849.6,30945.7,
20241207,33,9.07,27849.6,30915.7,
20241207,33,9.10,27849.6,30885.7,
20241207,33,9.15,27849.6,30825.7,
20241207,33,9.18,27856.9,30795.7,
20241207,33,9.33,27859.9,30750.6,
20241207,33,9.35,27889.9,30750.6,
20241207,33,9.36,27901.9,30750.6,
20241207,33,9.38,27904.0,30750.6,
20241207,33,9.47,27904.0,30750.6,
20241207,33,9.49,27904.0,30746.5,
20241207,33,9.50,27904.0,30721.5,
20241207,33,9.69,27904.0,30720.6,
20241207,33,9.71,27914.0,30690.6,
20241207,33,9.72,27914.0,30690.6,
20241207,33,9.73,27914.0,30688.4,
20241207,33,9.85,27914.0,30643.4,
20241207,33,9.99,27914.0,30628.4,
20241207,33,10.00,27927.2,30598.4,
20241207,33,10.01,27931.4,30575.5,
20241207,33,10.05,27951.4,30562.6,
20241207,33,10.14,27952.8,30562.6,
20241207,33,10.19,27952.8,30562.6,
20241207,33,10.23,27953.4,30558.3,
20241207,33,10.25,27953.4,30558.3,
20241207,33,10.30,28021.5,29984.3,
20241207,33,10.44,28021.5,29984.3,
20241207,33,10.47,28023.8,29837.3,
20241207,33,10.50,28023.8,29822.3,
20241207,33,10.58,28223.8,29822.2,
20241207,33,10.64,28226.8,29822.2,
20241207,33,10.65,28226.8,29822.2,
20241207,33,10.66,28226.8,29792.2,
20241207,33,10.67,28251.3,29786.7,
20241207,33,10.68,28254.3,29786.7,
20241207,33,10.70,28258.6,29783.4,
20241207,33,10.71,28291.2,29783.4,
20241207,33,10.73,28294.3,29783.4,
20241207,33,10.79,28294.3,29783.4,
20241207,33,10.80,28297.3,29636.4,
20241207,33,10.83,28497.3,29488.9,
20241207,33,10.85,28597.3,29481.0,
20241207,33,10.86,28653.0,29481.0,
20241207,33,10.90,28653.7,29481.0,
20241207,33,10.93,28653.7,29480.5,
20241207,33,10.97,28653.7,29378.5,
20241207,33,11.00,28655.8,29363.4,
20241207,33,11.04,28655.8,29281.9,
20241207,33,11.07,28655.9,29134.9,
20241207,33,11.08,28655.9,29134.9,
20241207,33,11.12,28685.9,29015.9,
20241207,33,11.19,28715.9,29015.9,
20241207,33,11.26,28850.9,29015.9,
20241207,33,11.30,28870.2,28958.1,
20241207,33,11.32,29670.2,28957.5,
20241207,33,11.33,29670.2,28957.5,
20241207,33,11.34,29670.2,28952.6,
20241207,33,11.40,29670.2,28487.4,
20241207,33,11.47,29677.4,28485.7,
20241207,33,11.48,29677.4,28485.7,
20241207,33,11.50,29677.4,28448.7,
20241207,33,11.54,29677.4,28325.7,
20241207,33,11.55,29678.8,28202.7,
20241207,33,11.56,29678.8,28202.7,
20241207,33,11.57,29730.8,28202.1,
20241207,33,11.58,29730.8,28202.1,
20241207,33,11.59,29730.8,28137.1,
20241207,33,11.61,29730.8,28136.4,
20241207,33,11.63,29752.2,28135.8,
20241207,33,11.64,29752.2,28135.8,
20241207,33,11.65,29752.2,28134.1,
20241207,33,11.70,29753.7,28011.1,
20241207,33,11.71,29753.7,27996.0,
20241207,33,11.72,29773.7,27766.0,
20241207,33,11.78,29775.2,27766.0,
20241207,33,11.82,29787.3,27766.0,
20241207,33,11.84,29817.3,27766.0,
20241207,33,11.86,29818.6,27766.0,
20241207,33,11.87,29818.6,27765.6,
20241207,33,11.88,29818.6,27642.6,
20241207,33,11.89,29819.6,27642.3,
20241207,33,11.99,29819.6,27642.3,
20241207,33,12.00,29906.6,27518.9,
20241207,33,12.01,29908.2,27379.0,
20241207,33,12.03,30011.2,27367.1,
20241207,33,12.06,30011.3,27367.1,
20241207,33,12.07,30234.3,27367.1,
20241207,33,12.10,30234.3,27367.1,
20241207,33,12.11,30235.0,27365.0,
20241207,33,12.12,30235.0,27361.2,
20241207,33,12.15,30246.7,27360.8,
20241207,33,12.20,30246.7,27355.8,
20241207,33,12.25,30266.7,27327.2,
20241207,33,12.26,30286.7,27326.3,
20241207,33,12.27,30286.7,27326.3,
20241207,33,12.28,30286.7,27184.3,
20241207,33,12.32,30286.7,27184.2,
20241207,33,12.40,30286.7,27180.4,
20241207,33,12.41,30292.8,27180.3,
20241207,33,12.43,30469.8,27178.8,
20241207,33,12.49,30469.8,26952.8,
20241207,33,12.50,30471.8,26927.8,
20241207,33,12.53,30471.8,26890.8,
20241207,33,12.55,30471.8,26887.0,
20241207,33,12.67,30471.8,26886.8,
20241207,33,12.68,30477.3,26817.3,
20241207,33,12.71,30506.2,26817.3,
20241207,33,12.74,30506.2,26817.3,
20241207,33,12.80,30506.2,26809.6,
20241207,33,12.81,30506.2,26809.5,
20241207,33,12.83,30521.6,26658.5,
20241207,33,12.85,30521.6,26658.5,
20241207,33,12.92,30521.6,26557.5,
20241207,33,13.00,30573.3,26517.5,
20241207,33,13.10,30573.8,26512.8,
20241207,33,13.12,30573.8,26462.8,
20241207,33,13.13,30613.8,26297.8,
20241207,33,13.22,30613.8,26297.8,
20241207,33,13.23,30613.8,26297.6,
20241207,33,13.34,30613.8,26247.6,
20241207,33,13.35,30613.8,26232.4,
20241207,33,13.38,30616.8,26227.5,
20241207,33,13.43,30616.8,26227.5,
20241207,33,13.50,30655.7,26226.9,
20241207,33,13.52,30655.7,26186.9,
20241207,33,13.54,30655.7,26182.8,
20241207,33,13.69,30655.7,26142.8,
20241207,33,13.87,30655.7,26142.7,
20241207,33,13.92,30655.7,25942.7,
20241207,33,13.97,30658.2,25742.7,
20241207,33,13.99,30658.2,25742.7,
20241207,33,14.00,30682.6,25725.2,
20241207,33,14.01,30683.5,25678.2,
20241207,33,14.02,30683.5,25672.4,
20241207,33,14.15,30683.5,25472.4,
20241207,33,14.16,30684.9,25443.8,
20241207,33,14.18,30694.6,25443.8,
20241207,33,14.20,30694.6,25433.8,
20241207,33,14.23,30694.6,25421.5,
20241207,33,14.25,30696.2,25403.1,
20241207,33,14.26,30736.2,25403.1,
20241207,33,14.29,30736.2,25403.1,
20241207,33,14.33,30736.2,25203.1,
20241207,33,14.37,30736.7,25003.1,
20241207,33,14.41,30736.7,25003.1,
20241207,33,14.46,30737.2,24803.1,
20241207,33,14.49,30737.2,24803.1,
20241207,33,14.60,30737.2,24603.1,
20241207,33,14.64,30737.2,24602.1,
20241207,33,14.67,30737.2,24402.1,
20241207,33,14.69,30738.0,24401.8,
20241207,33,14.73,30741.0,24401.8,
20241207,33,14.78,30771.0,24401.8,
20241207,33,14.82,30771.0,24396.4,
20241207,33,14.85,30776.0,24196.4,
20241207,33,14.87,30776.0,24191.4,
20241207,33,14.90,30789.0,24187.3,
20241207,33,14.98,30790.0,24187.3,
20241207,33,15.00,30865.0,24187.3,
20241207,33,15.01,30971.3,24089.5,
20241207,33,15.02,30981.2,24078.4,
20241207,33,15.03,30985.2,23878.4,
20241207,33,15.05,30985.2,23878.4,
20241207,33,15.22,31037.2,23811.3,
20241207,33,15.27,31037.2,23811.3,
20241207,33,15.31,31053.4,23751.8,
20241207,33,15.36,31084.3,23751.8,
20241207,33,15.37,31094.3,23751.8,
20241207,33,15.39,31204.3,23751.8,
20241207,33,15.40,31254.3,23751.8,
20241207,33,15.41,31402.3,23751.8,
20241207,33,15.43,31452.3,23751.8,
20241207,33,15.45,31452.3,23751.8,
20241207,33,15.48,31483.3,23745.9,
20241207,33,15.49,31495.3,23745.9,
20241207,33,15.50,31647.3,23745.9,
20241207,33,15.51,31663.3,23735.9,
20241207,33,15.52,31676.3,23735.9,
20241207,33,15.53,31689.3,23735.9,
20241207,33,15.55,31689.3,23735.9,
20241207,33,15.57,31689.3,23722.9,
20241207,33,15.58,31689.3,23713.2,
20241207,33,15.60,31697.3,23705.6,
20241207,33,15.61,31714.3,23705.5,
20241207,33,15.64,31726.3,23705.5,
20241207,33,15.68,31748.6,23705.5,
20241207,33,15.70,31748.6,23705.5,
20241207,33,15.71,31759.6,23705.4,
20241207,33,15.72,31783.6,23705.4,
20241207,33,15.73,31798.6,23705.4,
20241207,33,15.76,32261.6,23705.4,
20241207,33,15.83,32262.8,23705.4,
20241207,33,15.86,32301.8,23705.4,
20241207,33,15.90,32344.0,23705.4,
20241207,33,15.93,32447.0,23705.2,
20241207,33,15.94,32452.0,23705.2,
20241207,33,16.00,32502.0,23705.2,
20241207,33,16.01,32521.3,23694.2,
20241207,33,16.06,32621.3,23689.1,
20241207,33,16.13,32621.3,23689.1,
20241207,33,16.32,32660.8,23684.9,
20241207,33,16.39,32695.8,23684.9,
20241207,33,16.40,32695.8,23684.9,
20241207,33,16.50,32770.8,23684.8,
20241207,33,16.53,32772.5,23683.8,
20241207,33,16.59,32772.5,23683.8,
20241207,33,16.61,32772.5,23682.4,
20241207,33,16.62,32822.4,23682.1,
20241207,33,16.70,32822.4,23682.1,
20241207,33,16.71,32822.4,23674.1,
20241207,33,16.72,33122.4,23670.5,
20241207,33,16.76,33132.4,23670.5,
20241207,33,16.90,33132.4,23670.5,
20241207,33,16.92,33132.6,23664.5,
20241207,33,16.95,33132.6,23664.5,
20241207,33,16.98,33132.8,23596.6,
20241207,33,17.00,33213.3,23596.6,
20241207,33,17.01,33213.7,23596.4,
20241207,33,17.05,33213.7,23583.6,
20241207,33,17.17,33348.7,23573.9,
20241207,33,17.20,33348.7,23573.9,
20241207,33,17.22,33573.2,23572.2,
20241207,33,17.32,33573.2,23572.2,
20241207,33,17.43,33573.2,23556.7,
20241207,33,17.48,33573.2,23556.2,
20241207,33,17.50,33573.2,23552.9,
20241207,33,17.58,33573.2,23552.8,
20241207,33,17.59,33589.4,23551.8,
20241207,33,17.60,33589.4,23551.8,
20241207,33,17.73,33589.4,23551.7,
20241207,33,17.95,33614.4,23529.7,
20241207,33,18.00,33614.4,23529.7,
20241207,33,18.07,33614.5,23465.6,
20241207,33,18.13,33714.5,23465.6,
20241207,33,18.16,33717.0,23465.6,
20241207,33,18.17,33717.0,23465.6,
20241207,33,18.19,33717.0,23461.4,
20241207,33,18.20,33786.3,23447.5,
20241207,33,18.33,33786.3,23447.5,
20241207,33,18.34,33786.3,23447.4,
20241207,33,18.43,33891.3,23434.1,
20241207,33,18.52,33891.3,23434.1,
20241207,33,18.61,33921.3,23433.2,
20241207,33,18.73,33946.3,23433.2,
20241207,33,18.78,33946.3,23433.2,
20241207,33,18.79,33953.9,23430.2,
20241207,33,18.81,33953.9,23331.2,
20241207,33,18.83,33953.9,23273.0,
20241207,33,19.00,34040.5,23271.0,
20241207,33,19.01,34046.5,23250.9,
20241207,33,19.35,34061.5,23250.9,
20241207,33,19.42,34541.5,23250.9,
20241207,33,19.47,34567.5,23250.9,
20241207,33,19.56,34709.5,23250.9,
20241207,33,19.63,34850.5,23250.9,
20241207,33,19.65,34850.5,23250.9,
20241207,33,19.66,34992.5,23249.4,
20241207,33,19.70,35133.5,23249.4,
20241207,33,19.77,35275.5,23249.4,
20241207,33,19.82,35344.5,23249.4,
20241207,33,20.00,35374.5,23249.4,
20241207,33,20.01,35379.5,23179.2,
20241207,33,20.13,35379.5,23163.3,
20241207,33,20.18,35379.5,23160.8,
20241207,33,20.32,35379.5,23160.5,
20241207,33,20.53,35379.5,23152.8,
20241207,33,20.97,35379.5,23139.6,
20241207,33,21.00,35406.5,23110.4,
20241207,33,21.10,35412.2,23093.9,
20241207,33,21.48,35412.2,23093.9,
20241207,33,22.00,35419.2,23091.9,
20241207,33,22.01,35419.2,23091.9,
20241207,33,22.35,35560.2,22914.3,
20241207,33,22.44,35560.2,22914.3,
20241207,33,22.50,35560.2,22913.5,
20241207,33,22.83,35560.2,22911.8,
20241207,33,23.29,35650.7,22910.8,
20241207,33,23.33,35650.7,22910.8,
20241207,33,23.34,35650.7,22910.6,
20241207,33,23.87,35660.3,22907.7,
20241207,33,24.04,35660.3,22907.7,
20241207,33,24.18,35660.3,22905.6,
20241207,33,24.19,35660.3,22904.6,
20241207,33,24.65,35660.3,22897.7,
20241207,33,25.00,35660.3,22883.9,
20241207,33,25.05,35660.3,22877.8,
20241207,33,25.06,35660.3,22876.9,
20241207,33,25.12,35660.3,22869.3,
20241207,33,25.53,35660.3,22851.8,
20241207,33,25.57,35802.3,22850.8,
20241207,33,26.00,35802.3,22850.8,
20241207,33,26.13,35802.3,22726.4,
20241207,33,26.35,35802.3,22725.6,
20241207,33,26.88,35802.3,22713.2,
20241207,33,27.00,35802.3,22712.2,
20241207,33,27.50,35802.3,22593.3,
20241207,33,27.85,35802.3,22589.3,
20241207,33,28.21,35802.3,22586.2,
20241207,33,28.23,35802.3,22578.5,
20241207,33,28.80,35943.3,22577.5,
20241207,33,29.53,35943.3,22577.5,
20241207,33,29.58,35943.3,22569.9,
20241207,33,29.79,35943.3,22568.9,
20241207,33,29.90,35943.3,22478.7,
20241207,33,30.00,35943.3,22472.3,
20241207,33,30.28,35943.3,22390.7,
20241207,33,30.93,35943.3,22388.5,
20241207,33,31.79,35943.3,22387.5,
20241207,33,32.02,36085.3,22384.7,
20241207,33,32.28,36085.3,22384.7,
20241207,33,33.62,36094.8,22383.7,
20241207,33,33.63,36094.8,22383.7,
20241207,33,34.00,36094.8,22379.5,
20241207,33,34.94,36094.8,22316.8,
20241207,33,35.00,36094.8,22294.8,
20241207,33,35.16,36094.8,22261.2,
20241207,33,35.24,36094.8,22259.2,
20241207,33,35.50,36094.8,22259.1,
20241207,33,36.00,36094.8,22259.0,
20241207,33,36.79,36094.8,22205.8,
20241207,33,37.50,36094.8,22194.7,
20241207,33,39.69,36816.8,22149.8,
20241207,33,40.00,36816.8,22149.8,
20241207,33,40.01,36816.8,22063.5,
20241207,33,40.12,36816.8,22052.7,
20241207,33,42.00,36816.8,22034.1,
20241207,33,42.50,36816.8,22033.4,
20241207,33,43.03,36816.8,22022.9,
20241207,33,45.00,36816.8,22021.3,
20241207,33,45.01,36816.8,21284.3,
20241207,33,46.00,36816.8,21202.2,
20241207,33,48.32,36816.8,21152.2,
20241207,33,49.50,36816.8,21126.4,
20241207,33,50.00,36818.6,21125.9,
20241207,33,50.01,36818.6,20485.7,
20241207,33,50.90,36818.6,20481.8,
20241207,33,55.00,36818.6,20480.0,
20241207,33,60.00,36818.6,20410.1,
20241207,33,62.35,36818.6,20259.7,
20241207,33,62.94,36818.6,20226.6,
20241207,33,70.00,36818.6,20208.2,
20241207,33,72.00,36818.6,20207.0,
20241207,33,77.80,36818.6,20206.7,
20241207,33,79.90,36818.6,20030.7,
20241207,33,80.00,36818.6,20026.6,
20241207,33,80.01,36818.6,18899.2,
20241207,33,80.21,36968.5,18759.8,
20241207,33,81.00,36968.5,18759.8,
20241207,33,82.01,36968.5,18758.2,
20241207,33,85.00,36968.5,18615.8,
20241207,33,90.00,36968.5,18595.2,
20241207,33,95.35,36968.5,18586.1,
20241207,33,99.00,36968.5,18584.5,
20241207,33,99.90,36968.5,18584.3,
20241207,33,100.00,37014.3,18576.0,
20241207,33,100.01,37047.7,18169.3,
20241207,33,101.00,37047.7,18169.3,
20241207,33,108.27,37047.7,18004.8,
20241207,33,120.10,37047.7,18003.1,
20241207,33,121.19,37047.7,17956.6,
20241207,33,134.11,37047.7,17955.0,
20241207,33,138.00,37047.7,17953.3,
20241207,33,150.00,37047.7,17809.7,
20241207,33,151.00,37047.7,17806.7,
20241207,33,190.00,37047.7,17777.3,
20241207,33,200.00,37047.7,17775.7,
20241207,33,200.01,37047.7,14678.8,
20241207,33,200.10,37047.7,12377.7,
20241207,33,200.50,37047.7,12190.1,
20241207,33,201.00,37047.7,12110.5,
20241207,33,210.00,37047.7,12029.4,
20241207,33,250.00,37047.7,11244.9,
20241207,33,299.99,37047.8,11100.7,
20241207,33,300.00,37047.8,11100.7,
20241207,33,500.00,37047.8,10995.3,
20241207,33,550.02,37047.8,10985.3,
20241207,33,900.00,37047.8,10793.9,
20241207,33,999.00,37047.8,10780.3,
20241207,33,999.99,37047.8,0.0,
20241207,34,0.00,0.0,35870.4,
20241207,34,0.00,9451.9,35870.4,
20241207,34,0.01,27012.7,35870.4,
20241207,34,0.02,27166.7,35855.2,
20241207,34,0.03,27170.3,35844.2,
20241207,34,0.04,27189.1,35832.2,
20241207,34,0.10,27297.5,35832.2,
20241207,34,1.00,27676.5,35698.3,
20241207,34,1.01,27685.4,35508.7,
20241207,34,1.10,27863.8,35494.8,
20241207,34,1.45,27864.8,35494.8,
20241207,34,2.00,27928.6,35494.8,
20241207,34,2.01,27928.6,35478.8,
20241207,34,2.45,27930.1,34878.8,
20241207,34,2.60,27937.3,34878.8,
20241207,34,2.80,27938.3,34878.8,
20241207,34,3.00,27939.3,34878.8,
20241207,34,3.01,27944.4,34386.0,
20241207,34,3.80,27946.4,34186.0,
20241207,34,4.00,27946.4,34186.0,
20241207,34,4.15,27947.4,34185.0,
20241207,34,4.27,28005.8,34185.0,
20241207,34,5.00,28177.2,34185.0,
20241207,34,5.01,28177.8,33902.9,
20241207,34,5.15,28179.8,33324.8,
20241207,34,5.19,28187.0,33324.8,
20241207,34,5.34,28187.0,33324.8,
20241207,34,5.48,28187.0,33269.8,
20241207,34,5.50,28188.0,32969.8,
20241207,34,5.90,28188.0,32969.8,
20241207,34,6.00,28284.9,32953.7,
20241207,34,6.01,28285.2,32941.9,
20241207,34,6.26,28285.2,32941.9,
20241207,34,6.50,28294.6,32935.9,
20241207,34,6.60,28296.6,32935.9,
20241207,34,6.68,28296.6,32935.9,
20241207,34,6.85,28297.6,32934.0,
20241207,34,7.00,28297.6,32934.0,
20241207,34,7.50,28328.7,32933.1,
20241207,34,7.76,28328.7,32913.1,
20241207,34,7.77,28335.9,32913.0,
20241207,34,7.85,28337.9,32913.0,
20241207,34,8.00,28338.2,32913.0,
20241207,34,8.01,28339.7,32841.6,
20241207,34,8.20,28341.5,32841.6,
20241207,34,8.41,28341.5,32841.6,
20241207,34,8.85,28341.5,32841.5,
20241207,34,8.89,28341.5,32684.5,
20241207,34,8.94,28341.5,32625.5,
20241207,34,8.97,28341.5,32595.5,
20241207,34,9.00,28345.5,32565.5,
20241207,34,9.05,28345.5,32499.2,
20241207,34,9.08,28345.5,32469.2,
20241207,34,9.11,28345.5,32439.2,
20241207,34,9.16,28345.5,32379.2,
20241207,34,9.18,28345.5,32349.2,
20241207,34,9.19,28345.5,32349.1,
20241207,34,9.20,28347.5,32319.1,
20241207,34,9.22,28347.5,32319.1,
20241207,34,9.25,28347.5,32289.1,
20241207,34,9.26,28347.5,32284.6,
20241207,34,9.50,28347.5,32283.2,
20241207,34,9.53,28347.5,32282.3,
20241207,34,9.54,28347.5,32267.3,
20241207,34,9.55,28349.7,32252.3,
20241207,34,9.70,28349.7,32252.3,
20241207,34,9.71,28356.7,32251.8,
20241207,34,9.73,28356.7,32251.8,
20241207,34,9.99,28356.7,32206.8,
20241207,34,10.00,28369.9,32176.8,
20241207,34,10.01,28374.3,32152.2,
20241207,34,10.02,28375.3,32139.2,
20241207,34,10.04,28375.3,32139.2,
20241207,34,10.05,28395.3,32137.7,
20241207,34,10.10,28395.3,32137.7,
20241207,34,10.11,28395.7,32122.7,
20241207,34,10.12,28395.7,32122.7,
20241207,34,10.13,28397.1,32107.7,
20241207,34,10.15,28397.1,32103.3,
20241207,34,10.25,28397.1,32053.3,
20241207,34,10.30,28465.2,31479.3,
20241207,34,10.36,28472.5,31479.3,
20241207,34,10.44,28472.5,31479.3,
20241207,34,10.48,28472.5,31307.3,
20241207,34,10.50,28472.5,31305.5,
20241207,34,10.51,28472.8,31304.6,
20241207,34,10.55,28474.8,31304.6,
20241207,34,10.67,28474.8,31304.6,
20241207,34,10.68,28474.8,31274.6,
20241207,34,10.69,28474.8,31271.1,
20241207,34,10.72,28474.8,31269.7,
20241207,34,10.79,28474.8,31254.7,
20241207,34,10.80,28474.8,31107.7,
20241207,34,10.85,28574.8,30960.7,
20241207,34,10.86,28586.1,30960.7,
20241207,34,10.90,28589.2,30960.7,
20241207,34,10.91,28589.2,30930.7,
20241207,34,10.92,28612.2,30923.7,
20241207,34,10.93,28612.2,30923.7,
20241207,34,11.00,28614.3,30821.7,
20241207,34,11.04,28614.3,30740.2,
20241207,34,11.08,28614.3,30593.2,
20241207,34,11.14,28614.3,30489.2,
20241207,34,11.20,28614.3,30472.7,
20241207,34,11.26,28614.3,30471.9,
20241207,34,11.31,28614.3,30279.1,
20241207,34,11.32,29214.3,30264.1,
20241207,34,11.33,29214.3,30264.1,
20241207,34,11.34,29214.3,30263.2,
20241207,34,11.35,29214.7,29798.0,
20241207,34,11.40,29214.7,29798.0,
20241207,34,11.41,29214.7,29797.6,
20241207,34,11.42,29224.3,29797.3,
20241207,34,11.44,29245.3,29797.3,
20241207,34,11.46,29275.3,29797.3,
20241207,34,11.50,29275.3,29797.3,
20241207,34,11.54,29275.3,29674.3,
20241207,34,11.57,29327.3,29551.3,
20241207,34,11.58,29327.3,29551.3,
20241207,34,11.65,29327.3,29451.3,
20241207,34,11.67,29330.3,29228.3,
20241207,34,11.70,29330.3,29228.3,
20241207,34,11.73,29330.3,29228.2,
20241207,34,11.78,29331.1,29128.2,
20241207,34,11.79,29361.1,29128.2,
20241207,34,11.84,29391.1,29128.2,
20241207,34,11.87,29391.1,29128.2,
20241207,34,11.88,29391.1,29005.2,
20241207,34,11.89,29391.1,28905.2,
20241207,34,11.90,29393.6,28880.2,
20241207,34,11.99,29393.6,28880.2,
20241207,34,12.00,29475.6,28757.2,
20241207,34,12.01,29497.8,28455.4,
20241207,34,12.03,29597.8,28445.5,
20241207,34,12.07,29828.8,28445.5,
20241207,34,12.10,29828.8,28445.5,
20241207,34,12.24,29858.8,28445.4,
20241207,34,12.28,29858.8,28445.4,
20241207,34,12.31,29902.4,28445.3,
20241207,34,12.34,29902.6,28440.3,
20241207,34,12.38,29902.6,28440.3,
20241207,34,12.40,29902.6,28298.3,
20241207,34,12.46,29902.6,28298.2,
20241207,34,12.50,29904.6,28266.2,
20241207,34,12.52,29904.6,28183.1,
20241207,34,12.55,29924.6,27861.1,
20241207,34,12.63,29924.6,27861.1,
20241207,34,12.67,29924.6,27836.1,
20241207,34,12.68,29925.6,27787.1,
20241207,34,12.70,29925.6,27787.1,
20241207,34,12.80,29945.6,27786.5,
20241207,34,12.81,29945.6,27786.4,
20241207,34,12.85,29945.6,27635.4,
20241207,34,12.95,29945.6,27534.4,
20241207,34,12.97,29957.6,27534.0,
20241207,34,12.99,29957.6,27534.0,
20241207,34,13.00,29996.8,27469.0,
20241207,34,13.09,29996.8,27454.4,
20241207,34,13.12,29996.8,27414.4,
20241207,34,13.14,29996.8,27249.4,
20241207,34,13.25,29998.8,27247.5,
20241207,34,13.33,29998.8,27247.5,
20241207,34,13.34,29998.8,27246.8,
20241207,34,13.47,30018.8,27231.8,
20241207,34,13.50,30042.3,27231.8,
20241207,34,13.52,30042.4,27191.8,
20241207,34,13.60,30042.4,27191.8,
20241207,34,13.61,30042.5,27191.2,
20241207,34,13.62,30048.5,27191.2,
20241207,34,13.68,30057.9,27191.2,
20241207,34,13.69,30057.9,27191.2,
20241207,34,13.70,30057.9,27161.1,
20241207,34,13.90,30057.9,27157.0,
20241207,34,13.96,30057.9,27156.5,
20241207,34,14.00,30080.1,27155.9,
20241207,34,14.01,30080.7,27108.7,
20241207,34,14.05,30080.7,27108.7,
20241207,34,14.25,30081.0,27098.7,
20241207,34,14.27,30084.0,27098.7,
20241207,34,14.28,30084.0,26898.7,
20241207,34,14.29,30106.7,26891.4,
20241207,34,14.31,30106.7,26891.4,
20241207,34,14.34,30106.7,26691.4,
20241207,34,14.36,30117.6,26641.4,
20241207,34,14.37,30167.6,26631.4,
20241207,34,14.39,30167.6,26431.4,
20241207,34,14.40,30167.6,26419.1,
20241207,34,14.41,30167.6,26369.1,
20241207,34,14.42,30167.6,26169.1,
20241207,34,14.43,30167.6,26150.3,
20241207,34,14.50,30197.6,25950.3,
20241207,34,14.51,30198.4,25950.3,
20241207,34,14.59,30198.4,25750.3,
20241207,34,14.60,30200.6,25748.6,
20241207,34,14.61,30200.6,25742.9,
20241207,34,14.67,30200.6,25739.1,
20241207,34,14.69,30200.7,25739.0,
20241207,34,14.70,30200.7,25539.0,
20241207,34,14.71,30200.7,25538.8,
20241207,34,14.82,30200.7,25533.9,
20241207,34,14.85,30214.7,25333.9,
20241207,34,14.88,30228.7,25333.9,
20241207,34,14.90,30241.7,25333.9,
20241207,34,14.91,30258.7,25333.9,
20241207,34,14.93,30278.7,25333.9,
20241207,34,14.95,30278.7,25333.9,
20241207,34,14.98,30299.7,25328.4,
20241207,34,15.00,30374.7,25328.4,
20241207,34,15.01,30480.5,25029.1,
20241207,34,15.02,30490.4,25018.0,
20241207,34,15.03,30515.4,25018.0,
20241207,34,15.05,30519.2,25018.0,
20241207,34,15.07,30527.3,24945.6,
20241207,34,15.08,30527.3,24941.5,
20241207,34,15.14,30527.3,24741.5,
20241207,34,15.15,30527.3,24721.1,
20241207,34,15.16,30527.3,24720.7,
20241207,34,15.22,30637.3,24711.2,
20241207,34,15.27,30639.8,24711.2,
20241207,34,15.33,30639.8,24711.2,
20241207,34,15.36,30684.4,24691.7,
20241207,34,15.37,30729.0,24691.7,
20241207,34,15.39,30919.0,24691.7,
20241207,34,15.40,30919.0,24691.7,
20241207,34,15.43,31015.0,24691.4,
20241207,34,15.50,31160.0,24691.4,
20241207,34,15.60,31195.0,24681.4,
20241207,34,15.68,31196.0,24681.3,
20241207,34,15.70,31196.0,24680.9,
20241207,34,15.71,31196.0,24680.8,
20241207,34,15.72,31225.3,24667.8,
20241207,34,15.80,31615.3,24660.1,
20241207,34,15.84,31615.3,24660.1,
20241207,34,15.90,31615.3,24594.3,
20241207,34,15.93,31718.3,24594.1,
20241207,34,15.95,31720.3,24594.1,
20241207,34,15.99,31770.3,24594.1,
20241207,34,16.00,31820.3,24594.1,
20241207,34,16.01,31840.0,24583.7,
20241207,34,16.03,31840.2,24578.4,
20241207,34,16.06,31940.2,24578.4,
20241207,34,16.10,31940.2,24578.4,
20241207,34,16.12,32016.4,24578.2,
20241207,34,16.17,32066.4,24578.2,
20241207,34,16.24,32097.4,24578.2,
20241207,34,16.25,32097.4,24578.2,
20241207,34,16.27,32211.4,24577.3,
20241207,34,16.30,32211.4,24577.3,
20241207,34,16.34,32246.4,24573.3,
20241207,34,16.37,32258.4,24573.3,
20241207,34,16.38,32265.4,24573.3,
20241207,34,16.39,32281.4,24573.3,
20241207,34,16.40,32281.4,24573.3,
20241207,34,16.48,32294.4,24573.2,
20241207,34,16.49,32307.4,24573.2,
20241207,34,16.50,32382.4,24573.2,
20241207,34,16.56,32390.4,24572.2,
20241207,34,16.58,32407.4,24572.2,
20241207,34,16.59,32407.4,24572.2,
20241207,34,16.70,32407.4,24570.8,
20241207,34,16.71,32407.4,24562.8,
20241207,34,16.72,32707.4,24559.2,
20241207,34,16.75,32709.1,24559.2,
20241207,34,16.80,32719.1,24559.2,
20241207,34,16.82,32719.1,24559.0,
20241207,34,16.83,32769.0,24484.7,
20241207,34,17.00,32849.0,24484.7,
20241207,34,17.01,32849.0,24484.4,
20241207,34,17.04,32849.2,24473.7,
20241207,34,17.09,32874.2,24473.7,
20241207,34,17.10,32874.7,24473.7,
20241207,34,17.16,32874.7,24473.7,
20241207,34,17.17,32974.7,24464.0,
20241207,34,17.20,32974.7,24464.0,
20241207,34,17.22,33199.2,24462.3,
20241207,34,17.32,33199.2,24462.3,
20241207,34,17.43,33199.2,24446.1,
20241207,34,17.50,33199.2,24445.9,
20241207,34,17.51,33199.2,24438.0,
20241207,34,17.58,33199.2,24436.9,
20241207,34,17.60,33199.2,24420.7,
20241207,34,17.65,33199.2,24420.6,
20241207,34,17.73,33199.2,24417.1,
20241207,34,17.74,33368.2,24395.1,
20241207,34,17.83,33393.2,24395.1,
20241207,34,17.86,33423.2,24395.1,
20241207,34,17.98,33423.2,24395.1,
20241207,34,18.00,33423.2,24393.0,
20241207,34,18.04,33423.3,24323.7,
20241207,34,18.13,33523.3,24323.7,
20241207,34,18.17,33523.3,24323.7,
20241207,34,18.32,33533.3,24319.5,
20241207,34,18.43,33722.1,24318.7,
20241207,34,18.60,33722.1,24318.7,
20241207,34,18.65,33722.1,24311.1,
20241207,34,18.74,33722.1,24310.8,
20241207,34,18.75,33722.1,24310.7,
20241207,34,18.78,33722.1,24310.4,
20241207,34,18.79,33726.7,24307.4,
20241207,34,18.81,33726.7,24297.7,
20241207,34,19.00,33776.7,24223.8,
20241207,34,19.01,33782.6,24201.6,
20241207,34,19.08,33782.6,24201.6,
20241207,34,19.11,33782.6,24149.6,
20241207,34,19.13,33782.6,24146.5,
20241207,34,19.24,33849.6,24136.4,
20241207,34,19.42,34279.6,24136.4,
20241207,34,19.45,34318.6,24136.4,
20241207,34,19.59,34460.6,24136.4,
20241207,34,19.63,34601.6,24136.4,
20241207,34,19.70,34743.6,24136.4,
20241207,34,19.73,34884.6,24136.4,
20241207,34,19.85,34887.1,24136.4,
20241207,34,20.00,34917.1,24136.4,
20241207,34,20.01,34922.3,24061.7,
20241207,34,20.35,34922.3,24045.6,
20241207,34,20.41,34922.3,24044.6,
20241207,34,20.50,34922.3,24043.0,
20241207,34,20.75,35064.3,24042.9,
20241207,34,21.00,35091.3,24042.9,
20241207,34,21.01,35091.3,24027.9,
20241207,34,21.10,35096.9,23992.9,
20241207,34,21.35,35096.9,23992.9,
20241207,34,21.77,35096.9,23990.4,
20241207,34,22.00,35103.9,23989.5,
20241207,34,22.50,35103.9,23989.5,
20241207,34,22.70,35103.9,23986.5,
20241207,34,22.98,35103.9,23984.5,
20241207,34,23.29,35103.9,23964.8,
20241207,34,23.40,35103.9,23874.3,
20241207,34,23.74,35103.9,23866.6,
20241207,34,23.75,35103.9,23866.3,
20241207,34,23.87,35113.5,23863.0,
20241207,34,23.97,35254.5,23863.0,
20241207,34,24.04,35254.5,23863.0,
20241207,34,24.05,35254.5,23860.9,
20241207,34,24.78,35254.5,23859.7,
20241207,34,24.82,35254.5,23856.6,
20241207,34,25.00,35254.5,23846.5,
20241207,34,25.12,35254.5,23839.7,
20241207,34,25.22,35254.5,23821.1,
20241207,34,25.40,35254.5,23820.3,
20241207,34,25.41,35254.5,23819.3,
20241207,34,26.00,35254.5,23804.0,
20241207,34,26.75,35254.5,23679.6,
20241207,34,27.00,35254.5,23678.6,
20241207,34,27.50,35254.5,23559.2,
20241207,34,27.52,35254.5,23555.9,
20241207,34,28.10,35254.5,23555.0,
20241207,34,28.21,35254.5,23554.0,
20241207,34,28.48,35254.5,23546.4,
20241207,34,28.67,35254.5,23545.6,
20241207,34,28.80,35396.5,23531.8,
20241207,34,29.45,35396.5,23531.8,
20241207,34,29.90,35396.5,23530.8,
20241207,34,30.00,35396.5,23524.6,
20241207,34,30.01,35396.5,23442.9,
20241207,34,30.46,35396.5,23442.4,
20241207,34,30.51,35396.5,23439.3,
20241207,34,30.80,35396.5,23429.2,
20241207,34,31.36,35396.5,23428.2,
20241207,34,31.41,35396.5,23207.5,
20241207,34,31.79,35396.5,23199.8,
20241207,34,32.02,35537.5,23196.6,
20241207,34,32.15,35537.5,23196.6,
20241207,34,32.74,35537.5,23195.6,
20241207,34,33.01,35537.5,23188.0,
20241207,34,33.50,35537.5,23092.4,
20241207,34,33.62,35592.8,23091.4,
20241207,34,34.00,35592.8,23091.4,
20241207,34,34.24,35592.8,23028.4,
20241207,34,34.30,35592.8,23025.4,
20241207,34,34.85,35592.8,23015.3,
20241207,34,34.94,35592.8,23009.7,
20241207,34,35.00,35592.8,22986.4,
20241207,34,35.02,35592.8,22955.7,
20241207,34,35.82,35592.8,22953.2,
20241207,34,35.88,35592.8,22951.1,
20241207,34,36.00,35592.8,22941.9,
20241207,34,36.79,35592.8,22881.5,
20241207,34,37.50,35592.8,22870.4,
20241207,34,37.64,35592.8,22832.3,
20241207,34,39.69,36387.8,22832.2,
20241207,34,40.00,36387.8,22832.2,
20241207,34,40.01,36387.8,22742.8,
20241207,34,40.12,36387.8,22712.5,
20241207,34,42.00,36387.8,22693.0,
20241207,34,44.64,36387.8,22692.2,
20241207,34,45.00,36387.8,22692.1,
20241207,34,45.01,36387.8,21946.0,
20241207,34,45.49,36387.8,21877.0,
20241207,34,46.00,36387.8,21875.4,
20241207,34,48.32,36387.8,21825.4,
20241207,34,50.00,36389.7,21799.5,
20241207,34,50.01,36389.7,21349.7,
20241207,34,50.90,36389.7,21345.3,
20241207,34,51.64,36389.7,21343.4,
20241207,34,52.94,36389.7,21342.9,
20241207,34,54.65,36389.7,21137.4,
20241207,34,55.00,36389.7,21126.3,
20241207,34,58.41,36389.7,21055.2,
20241207,34,60.00,36389.7,21053.6,
20241207,34,64.35,36389.7,20897.7,
20241207,34,65.44,36389.7,20869.6,
20241207,34,70.00,36389.7,20850.5,
20241207,34,70.01,36389.7,20849.3,
20241207,34,71.33,36389.7,20849.1,
20241207,34,72.00,36389.7,20847.4,
20241207,34,77.80,36389.7,20847.1,
20241207,34,79.90,36389.7,20662.4,
20241207,34,80.00,36389.7,20658.4,
20241207,34,80.01,36389.7,19507.5,
20241207,34,80.05,36389.7,19369.7,
20241207,34,80.21,36539.6,19364.5,
20241207,34,81.00,36539.6,19364.5,
20241207,34,82.01,36539.6,19353.8,
20241207,34,84.25,36539.6,19201.0,
20241207,34,85.00,36539.6,19199.4,
20241207,34,90.00,36539.6,19179.8,
20241207,34,97.17,36539.6,19171.6,
20241207,34,99.00,36539.6,19169.9,
20241207,34,99.90,36539.6,19169.7,
20241207,34,100.00,36585.4,19160.7,
20241207,34,100.01,36620.7,18756.2,
20241207,34,101.00,36620.7,18756.2,
20241207,34,120.10,36620.7,18591.7,
20241207,34,138.00,36620.7,18542.0,
20241207,34,150.00,36620.7,18397.6,
20241207,34,151.00,36620.7,18393.7,
20241207,34,190.00,36620.7,18361.3,
20241207,34,200.00,36620.7,18359.3,
20241207,34,200.01,36620.7,15345.3,
20241207,34,200.10,36620.7,13029.8,
20241207,34,200.50,36620.7,12842.3,
20241207,34,201.00,36620.7,12764.9,
20241207,34,210.00,36620.7,12682.0,
20241207,34,250.00,36620.7,11506.4,
20241207,34,299.99,36620.8,11364.0,
20241207,34,300.00,36620.8,11364.0,
20241207,34,500.00,36620.8,11258.6,
20241207,34,550.02,36620.8,11248.6,
20241207,34,900.00,36620.8,11057.2,
20241207,34,999.00,36620.8,11043.6,
20241207,34,999.99,36620.8,0.0,
20241207,35,0.00,0.0,37054.4,
20241207,35,0.00,9807.6,37054.4,
20241207,35,0.01,27726.0,37054.4,
20241207,35,0.02,27896.4,37039.4,
20241207,35,0.03,27899.9,37029.0,
20241207,35,0.04,27917.1,37016.9,
20241207,35,0.10,27968.1,37016.9,
20241207,35,0.28,28015.6,36886.6,
20241207,35,1.00,28416.4,36886.6,
20241207,35,1.01,28425.5,36706.6,
20241207,35,1.10,28584.0,36692.6,
20241207,35,1.63,28585.0,36692.6,
20241207,35,2.00,28650.8,36692.6,
20241207,35,2.01,28650.8,36676.6,
20241207,35,2.45,28652.4,36076.6,
20241207,35,2.71,28659.6,36076.6,
20241207,35,2.98,28660.6,36076.6,
20241207,35,3.00,28661.7,36076.6,
20241207,35,3.01,28661.7,35582.8,
20241207,35,3.50,28661.7,35382.8,
20241207,35,3.80,28663.7,35327.8,
20241207,35,4.00,28663.7,35327.8,
20241207,35,4.27,28722.1,35326.8,
20241207,35,4.33,28723.1,35326.8,
20241207,35,5.00,28888.3,35326.8,
20241207,35,5.01,28888.8,35057.1,
20241207,35,5.15,28890.8,34481.8,
20241207,35,5.41,28898.0,34481.8,
20241207,35,5.48,28898.0,34481.8,
20241207,35,5.68,28899.0,34181.8,
20241207,35,5.90,28899.0,34181.8,
20241207,35,6.00,28984.6,34165.8,
20241207,35,6.01,28985.7,34155.8,
20241207,35,6.26,28985.7,34155.8,
20241207,35,6.50,28993.1,34149.8,
20241207,35,6.60,28997.5,34149.8,
20241207,35,7.00,28997.5,34149.8,
20241207,35,7.03,28998.5,34148.9,
20241207,35,7.50,29030.1,34148.9,
20241207,35,7.76,29030.1,34148.9,
20241207,35,7.85,29032.1,34148.8,
20241207,35,8.00,29032.6,34148.8,
20241207,35,8.01,29034.1,34057.3,
20241207,35,8.10,29041.3,34057.3,
20241207,35,8.38,29043.2,34057.3,
20241207,35,8.45,29043.2,34057.3,
20241207,35,8.50,29043.2,34055.4,
20241207,35,8.85,29043.2,34055.2,
20241207,35,8.89,29043.2,33898.2,
20241207,35,8.94,29043.2,33839.2,
20241207,35,8.97,29043.2,33809.2,
20241207,35,9.00,29047.2,33779.2,
20241207,35,9.05,29047.2,33713.4,
20241207,35,9.08,29047.2,33683.4,
20241207,35,9.11,29047.2,33653.4,
20241207,35,9.16,29047.2,33593.4,
20241207,35,9.19,29047.2,33563.4,
20241207,35,9.20,29049.2,33533.4,
20241207,35,9.22,29049.2,33533.4,
20241207,35,9.31,29049.2,33503.4,
20241207,35,9.46,29049.2,33501.9,
20241207,35,9.50,29049.2,33499.9,
20241207,35,9.60,29049.2,33499.6,
20241207,35,9.69,29049.2,33499.1,
20241207,35,9.71,29052.2,33469.1,
20241207,35,9.73,29054.5,33469.1,
20241207,35,9.88,29054.5,33424.1,
20241207,35,9.89,29054.5,33423.8,
20241207,35,9.99,29054.5,33408.8,
20241207,35,10.00,29068.5,33378.8,
20241207,35,10.01,29073.3,33355.8,
20241207,35,10.05,29093.3,33343.0,
20241207,35,10.14,29093.3,33343.0,
20241207,35,10.15,29093.3,33287.0,
20241207,35,10.25,29093.3,33187.0,
20241207,35,10.30,29161.4,32613.0,
20241207,35,10.35,29161.4,32583.0,
20241207,35,10.44,29161.4,32577.9,
20241207,35,10.47,29161.4,32430.9,
20241207,35,10.50,29161.4,32415.9,
20241207,35,10.55,29163.4,32415.8,
20241207,35,10.67,29163.4,32415.8,
20241207,35,10.68,29163.4,32360.8,
20241207,35,10.78,29163.4,32357.3,
20241207,35,10.79,29163.4,32356.6,
20241207,35,10.80,29170.7,32208.6,
20241207,35,10.90,29171.5,32060.6,
20241207,35,10.93,29171.5,32030.6,
20241207,35,10.99,29171.8,31928.6,
20241207,35,11.00,29173.9,31928.6,
20241207,35,11.01,29174.6,31845.3,
20241207,35,11.04,29174.6,31845.3,
20241207,35,11.06,29174.6,31698.3,
20241207,35,11.08,29177.8,31693.6,
20241207,35,11.26,29177.8,31589.6,
20241207,35,11.32,29257.8,31396.1,
20241207,35,11.34,29257.8,31396.1,
20241207,35,11.36,29257.8,30930.9,
20241207,35,11.42,29267.4,30905.9,
20241207,35,11.50,29267.4,30905.9,
20241207,35,11.51,29267.8,30782.8,
20241207,35,11.54,29267.8,30752.8,
20241207,35,11.56,29267.8,30629.8,
20241207,35,11.57,29319.8,30529.8,
20241207,35,11.64,29319.8,30529.8,
20241207,35,11.65,29319.8,30429.8,
20241207,35,11.72,29319.8,30306.8,
20241207,35,11.78,29319.8,30206.8,
20241207,35,11.79,29319.8,30176.8,
20241207,35,11.80,29340.5,30167.0,
20241207,35,11.83,29340.5,30167.0,
20241207,35,11.84,29370.5,30166.7,
20241207,35,11.87,29371.7,30166.7,
20241207,35,11.88,29371.7,30043.7,
20241207,35,11.90,29373.7,29943.7,
20241207,35,11.99,29373.7,29943.7,
20241207,35,12.00,29461.7,29820.7,
20241207,35,12.01,29463.1,29692.2,
20241207,35,12.03,29553.1,29683.2,
20241207,35,12.07,29553.1,29683.2,
20241207,35,12.14,29563.1,29658.2,
20241207,35,12.22,29593.1,29658.2,
20241207,35,12.24,29593.1,29658.2,
20241207,35,12.28,29593.1,29640.0,
20241207,35,12.31,29606.6,29639.9,
20241207,35,12.38,29636.6,29569.9,
20241207,35,12.48,29636.6,29569.9,
20241207,35,12.50,29638.6,29427.9,
20241207,35,12.51,29639.3,29398.0,
20241207,35,12.52,29668.2,29398.0,
20241207,35,12.62,29668.2,29398.0,
20241207,35,12.67,29668.2,29076.0,
20241207,35,12.69,29699.0,29026.0,
20241207,35,12.71,29699.0,29026.0,
20241207,35,12.81,29699.0,28966.0,
20241207,35,12.83,29711.0,28815.0,
20241207,35,12.85,29725.7,28815.0,
20241207,35,12.88,29725.7,28709.0,
20241207,35,12.97,29745.7,28673.3,
20241207,35,12.99,29745.7,28673.3,
20241207,35,13.00,29769.8,28507.3,
20241207,35,13.12,29769.8,28503.0,
20241207,35,13.20,29769.8,28338.0,
20241207,35,13.25,29771.8,28336.9,
20241207,35,13.27,29791.8,28336.9,
20241207,35,13.32,29791.8,28336.9,
20241207,35,13.34,29791.8,28277.9,
20241207,35,13.40,29791.8,28247.9,
20241207,35,13.50,29815.3,28245.6,
20241207,35,13.56,29835.3,28204.6,
20241207,35,13.57,29850.7,28204.6,
20241207,35,13.69,29850.7,28204.6,
20241207,35,13.78,29850.7,28204.5,
20241207,35,13.92,29850.7,28203.9,
20241207,35,13.93,29879.7,28202.9,
20241207,35,13.97,29899.7,28202.9,
20241207,35,14.00,29919.5,28202.9,
20241207,35,14.01,29923.5,28146.9,
20241207,35,14.17,29923.5,28136.9,
20241207,35,14.26,29929.5,28136.2,
20241207,35,14.28,29944.9,28136.2,
20241207,35,14.30,29945.1,28133.3,
20241207,35,14.33,29945.1,28045.5,
20241207,35,14.37,29995.1,27845.5,
20241207,35,14.41,29995.1,27645.5,
20241207,35,14.43,29995.1,27445.5,
20241207,35,14.47,29995.1,27245.5,
20241207,35,14.50,30025.1,27245.3,
20241207,35,14.51,30025.1,27245.3,
20241207,35,14.53,30025.1,27045.3,
20241207,35,14.54,30055.1,27035.7,
20241207,35,14.56,30055.1,27030.8,
20241207,35,14.60,30057.1,27010.8,
20241207,35,14.63,30077.1,27010.6,
20241207,35,14.64,30077.1,27010.6,
20241207,35,14.66,30099.1,26810.6,
20241207,35,14.67,30099.1,26810.6,
20241207,35,14.72,30125.1,26810.5,
20241207,35,14.74,30125.1,26810.5,
20241207,35,14.80,30125.1,26786.8,
20241207,35,14.85,30170.1,26586.8,
20241207,35,14.88,30211.1,26586.8,
20241207,35,14.90,30224.1,26586.8,
20241207,35,14.91,30259.1,26536.8,
20241207,35,14.93,30307.1,26536.8,
20241207,35,14.96,30307.1,26536.8,
20241207,35,14.97,30310.1,26486.8,
20241207,35,14.98,30355.1,26486.8,
20241207,35,14.99,30366.0,26286.8,
20241207,35,15.00,30431.0,26276.8,
20241207,35,15.01,30459.7,26158.7,
20241207,35,15.02,30459.7,26157.7,
20241207,35,15.03,30507.7,26144.2,
20241207,35,15.04,30510.2,26144.2,
20241207,35,15.11,30510.2,25944.2,
20241207,35,15.12,30525.6,25943.9,
20241207,35,15.13,30525.6,25943.9,
20241207,35,15.15,30525.6,25938.4,
20241207,35,15.18,30525.6,25738.4,
20241207,35,15.20,30525.6,25738.0,
20241207,35,15.22,30676.6,25737.5,
20241207,35,15.32,30676.6,25737.5,
20241207,35,15.36,30721.2,25714.5,
20241207,35,15.37,30765.8,25714.5,
20241207,35,15.39,30955.8,25714.5,
20241207,35,15.48,30975.8,25714.5,
20241207,35,15.50,31120.8,25714.5,
20241207,35,15.60,31120.8,25704.5,
20241207,35,15.62,31155.8,25704.4,
20241207,35,15.70,31155.8,25704.4,
20241207,35,15.71,31159.6,25704.3,
20241207,35,15.73,31159.6,25699.3,
20241207,35,15.75,31159.6,25695.1,
20241207,35,15.87,31495.6,25694.9,
20241207,35,15.90,31495.6,25694.9,
20241207,35,15.93,31598.6,25694.7,
20241207,35,15.95,31600.6,25694.7,
20241207,35,16.00,31660.6,25694.7,
20241207,35,16.01,31680.4,25685.8,
20241207,35,16.06,31780.4,25680.3,
20241207,35,16.10,31782.1,25680.3,
20241207,35,16.13,31849.3,25680.3,
20241207,35,16.14,31916.5,25680.3,
20241207,35,16.15,31983.7,25674.4,
20241207,35,16.16,31983.7,25674.4,
20241207,35,16.32,32018.6,25670.6,
20241207,35,16.33,32043.6,25670.6,
20241207,35,16.39,32043.6,25670.6,
20241207,35,16.40,32043.6,25670.4,
20241207,35,16.48,32043.6,25670.3,
20241207,35,16.49,32093.6,25666.3,
20241207,35,16.50,32168.6,25666.3,
20241207,35,16.53,32168.6,25665.3,
20241207,35,16.54,32178.6,25664.7,
20241207,35,16.59,32178.6,25664.7,
20241207,35,16.70,32198.6,25663.3,
20241207,35,16.71,32270.6,25655.3,
20241207,35,16.72,32642.5,25651.7,
20241207,35,16.86,32886.5,25651.7,
20241207,35,16.91,32936.5,25651.3,
20241207,35,16.94,33115.0,25651.3,
20241207,35,16.96,33115.0,25651.3,
20241207,35,17.00,33195.0,25641.6,
20241207,35,17.01,33195.0,25641.3,
20241207,35,17.04,33220.0,25630.9,
20241207,35,17.11,33223.0,25630.9,
20241207,35,17.17,33323.0,25630.9,
20241207,35,17.19,33323.0,25630.9,
20241207,35,17.20,33353.0,25549.0,
20241207,35,17.22,33577.5,25547.6,
20241207,35,17.28,33577.6,25547.6,
20241207,35,17.40,33578.1,25547.6,
20241207,35,17.43,33578.1,25547.6,
20241207,35,17.54,33578.1,25547.4,
20241207,35,17.58,33578.1,25547.1,
20241207,35,17.60,33578.1,25530.9,
20241207,35,17.64,33578.3,25530.8,
20241207,35,17.73,33578.3,25530.8,
20241207,35,17.74,33578.3,25508.8,
20241207,35,17.79,33578.3,25503.1,
20241207,35,17.83,33578.3,25499.3,
20241207,35,17.89,33578.3,25495.7,
20241207,35,18.00,33578.3,25478.2,
20241207,35,18.05,33588.3,25410.4,
20241207,35,18.13,33688.3,25408.7,
20241207,35,18.17,33688.3,25408.7,
20241207,35,18.43,33793.3,25404.4,
20241207,35,18.54,33793.3,25404.4,
20241207,35,18.57,33793.3,25403.5,
20241207,35,18.65,33793.3,25393.8,
20241207,35,18.78,33793.3,25393.5,
20241207,35,18.79,33795.7,25388.3,
20241207,35,19.00,33845.7,25388.3,
20241207,35,19.01,33851.5,25364.7,
20241207,35,19.08,33851.5,25364.7,
20241207,35,19.10,33851.5,25230.7,
20241207,35,19.18,33851.5,25229.6,
20241207,35,19.35,33851.5,25227.3,
20241207,35,19.41,33851.5,25214.3,
20241207,35,19.42,34281.5,25123.9,
20241207,35,19.45,34320.5,25116.2,
20241207,35,19.54,34320.5,25116.2,
20241207,35,19.55,34323.0,25114.5,
20241207,35,19.56,34323.0,25114.4,
20241207,35,19.59,34465.0,25114.1,
20241207,35,19.66,34606.0,25114.1,
20241207,35,19.70,34748.0,25114.1,
20241207,35,19.73,34889.0,25114.1,
20241207,35,19.82,34889.0,25114.1,
20241207,35,20.00,34919.0,25113.7,
20241207,35,20.01,34924.3,25041.9,
20241207,35,20.11,34953.3,25026.0,
20241207,35,20.44,35040.9,25026.0,
20241207,35,20.53,35040.9,25026.0,
20241207,35,20.64,35040.9,25024.4,
20241207,35,20.75,35182.9,25023.6,
20241207,35,21.00,35209.9,25023.6,
20241207,35,21.02,35209.9,25007.1,
20241207,35,21.10,35215.5,25005.1,
20241207,35,21.18,35215.5,25005.1,
20241207,35,21.25,35215.5,24939.9,
20241207,35,21.35,35215.5,24938.1,
20241207,35,21.41,35246.9,24935.5,
20241207,35,21.88,35246.9,24935.5,
20241207,35,21.97,35246.9,24935.4,
20241207,35,22.00,35253.9,24927.8,
20241207,35,22.38,35285.3,24927.8,
20241207,35,22.43,35285.3,24927.8,
20241207,35,22.49,35285.3,24887.5,
20241207,35,22.50,35285.3,24874.3,
20241207,35,22.70,35285.3,24872.6,
20241207,35,23.29,35285.3,24870.6,
20241207,35,23.36,35310.4,24780.1,
20241207,35,23.87,35320.0,24780.1,
20241207,35,24.04,35320.0,24780.1,
20241207,35,24.05,35320.0,24778.1,
20241207,35,24.13,35320.0,24776.8,
20241207,35,24.54,35320.0,24775.9,
20241207,35,24.55,35320.0,24759.8,
20241207,35,24.56,35320.0,24759.5,
20241207,35,25.00,35320.0,24755.9,
20241207,35,25.12,35320.0,24749.5,
20241207,35,25.40,35320.0,24729.1,
20241207,35,25.57,35461.0,24728.1,
20241207,35,26.00,35461.0,24728.1,
20241207,35,26.21,35461.0,24603.9,
20241207,35,26.25,35461.0,24596.2,
20241207,35,26.75,35461.0,24579.9,
20241207,35,27.00,35461.0,24578.9,
20241207,35,27.50,35461.0,24459.7,
20241207,35,27.62,35461.0,24456.2,
20241207,35,27.72,35461.0,24455.4,
20241207,35,28.10,35461.0,24442.2,
20241207,35,28.80,35603.0,24441.2,
20241207,35,29.45,35603.0,24441.2,
20241207,35,29.90,35603.0,24440.2,
20241207,35,29.95,35603.0,24434.8,
20241207,35,30.00,35603.0,24433.9,
20241207,35,30.01,35603.0,24348.9,
20241207,35,30.45,35603.0,24347.8,
20241207,35,30.80,35603.0,24340.2,
20241207,35,30.92,35603.0,24339.2,
20241207,35,31.11,35603.0,24338.4,
20241207,35,31.36,35603.0,24323.2,
20241207,35,31.79,35603.0,23869.1,
20241207,35,32.02,35744.0,23865.6,
20241207,35,32.15,35744.0,23865.6,
20241207,35,32.95,35744.0,23864.6,
20241207,35,33.28,35744.0,23851.4,
20241207,35,33.50,35744.0,23843.7,
20241207,35,33.62,35782.8,23842.7,
20241207,35,34.00,35782.8,23842.7,
20241207,35,34.46,35782.8,23781.8,
20241207,35,34.69,35782.8,23774.2,
20241207,35,34.85,35782.8,23675.1,
20241207,35,34.94,35782.8,23668.3,
20241207,35,35.00,35782.8,23644.6,
20241207,35,36.00,35782.8,23616.1,
20241207,35,36.44,35782.8,23548.2,
20241207,35,36.75,35782.8,23535.1,
20241207,35,36.79,35782.8,23535.0,
20241207,35,37.50,35782.8,23523.9,
20241207,35,37.89,35782.8,23477.7,
20241207,35,38.18,35782.8,23465.7,
20241207,35,38.20,35782.8,23458.6,
20241207,35,39.69,36573.8,23456.0,
20241207,35,40.00,36573.8,23456.0,
20241207,35,40.01,36573.8,23364.7,
20241207,35,40.12,36573.8,23317.4,
20241207,35,42.00,36573.8,23298.3,
20241207,35,43.75,36573.8,23297.3,
20241207,35,44.57,36573.8,23297.2,
20241207,35,45.00,36573.8,23286.5,
20241207,35,45.01,36573.8,22529.8,
20241207,35,46.00,36573.8,22384.3,
20241207,35,47.15,36573.8,22334.3,
20241207,35,48.32,36573.8,22114.3,
20241207,35,48.38,36573.8,22088.4,
20241207,35,50.00,36575.7,22086.8,
20241207,35,50.01,36575.7,21632.8,
20241207,35,50.75,36575.7,21628.1,
20241207,35,50.90,36575.7,21627.6,
20241207,35,55.00,36575.7,21625.5,
20241207,35,60.00,36575.7,21553.9,
20241207,35,61.30,36575.7,21396.7,
20241207,35,64.60,36575.7,21395.1,
20241207,35,66.22,36575.7,21364.9,
20241207,35,70.00,36575.7,21345.6,
20241207,35,72.00,36575.7,21344.4,
20241207,35,74.22,36575.7,21344.1,
20241207,35,77.80,36575.7,21342.4,
20241207,35,79.90,36575.7,21153.8,
20241207,35,80.00,36575.7,21150.3,
20241207,35,80.01,36575.7,19995.3,
20241207,35,80.05,36575.7,19870.6,
20241207,35,80.21,36725.6,19852.6,
20241207,35,81.00,36725.6,19852.6,
20241207,35,82.01,36725.6,19808.4,
20241207,35,85.00,36725.6,19645.6,
20241207,35,87.14,36725.6,19628.7,
20241207,35,90.00,36725.6,19627.1,
20241207,35,99.00,36725.6,19619.2,
20241207,35,99.90,36725.6,19619.0,
20241207,35,100.00,36771.4,19609.2,
20241207,35,100.01,36806.6,19210.2,
20241207,35,100.06,36806.6,19210.2,
20241207,35,101.00,36806.6,19208.5,
20241207,35,120.10,36806.6,19044.0,
20241207,35,138.00,36806.6,18993.5,
20241207,35,150.00,36806.6,18849.1,
20241207,35,151.00,36806.6,18844.4,
20241207,35,190.00,36806.6,18809.4,
20241207,35,200.00,36806.6,18807.3,
20241207,35,200.01,36806.6,15757.0,
20241207,35,200.10,36806.6,13434.1,
20241207,35,200.50,36806.6,13246.4,
20241207,35,201.00,36806.6,13178.8,
20241207,35,210.00,36806.6,13096.5,
20241207,35,250.00,36806.6,11675.3,
20241207,35,299.99,36807.1,11533.2,
20241207,35,300.00,36807.1,11533.2,
20241207,35,500.00,36807.1,11428.0,
20241207,35,550.02,36807.1,11418.0,
20241207,35,900.00,36807.1,11226.6,
20241207,35,999.00,36807.1,11213.0,
20241207,35,999.99,36807.1,0.0,
20241207,36,0.00,0.0,37184.4,
20241207,36,0.00,9789.5,37184.4,
20241207,36,0.01,27389.2,37184.4,
20241207,36,0.02,27640.9,37169.4,
20241207,36,0.03,27644.5,37159.0,
20241207,36,0.04,27661.3,37147.0,
20241207,36,0.10,27712.9,37147.0,
20241207,36,0.29,27746.8,37018.2,
20241207,36,1.00,28146.6,37018.2,
20241207,36,1.01,28155.8,36845.6,
20241207,36,1.10,28300.1,36831.8,
20241207,36,1.64,28301.1,36831.8,
20241207,36,2.00,28368.1,36831.8,
20241207,36,2.01,28368.1,36815.8,
20241207,36,2.45,28369.8,36215.8,
20241207,36,2.62,28377.0,36215.8,
20241207,36,2.99,28378.0,36215.8,
20241207,36,3.00,28379.1,36215.8,
20241207,36,3.01,28383.7,35720.6,
20241207,36,3.80,28385.7,35520.6,
20241207,36,4.00,28385.7,35520.6,
20241207,36,4.27,28444.1,35519.6,
20241207,36,4.34,28445.1,35519.6,
20241207,36,4.51,28445.1,35519.6,
20241207,36,5.00,28606.3,35464.6,
20241207,36,5.01,28606.8,35200.6,
20241207,36,5.15,28608.8,34627.7,
20241207,36,5.22,28616.0,34627.7,
20241207,36,5.48,28616.0,34627.7,
20241207,36,5.69,28617.0,34327.7,
20241207,36,5.90,28617.0,34327.7,
20241207,36,6.00,28702.6,34311.7,
20241207,36,6.01,28703.9,34301.7,
20241207,36,6.26,28703.9,34301.7,
20241207,36,6.50,28713.1,34295.7,
20241207,36,6.60,28722.3,34295.7,
20241207,36,7.00,28722.3,34295.7,
20241207,36,7.04,28723.3,34294.9,
20241207,36,7.50,28755.4,34294.9,
20241207,36,7.83,28762.6,34294.9,
20241207,36,7.85,28764.6,34294.9,
20241207,36,8.00,28765.1,34294.9,
20241207,36,8.01,28766.6,34204.3,
20241207,36,8.06,28766.6,34204.3,
20241207,36,8.39,28768.6,34204.2,
20241207,36,8.45,28768.6,34204.2,
20241207,36,8.62,28768.6,34202.4,
20241207,36,8.85,28768.6,34202.1,
20241207,36,8.89,28768.6,34045.1,
20241207,36,8.94,28768.6,33986.1,
20241207,36,8.97,28768.6,33956.1,
20241207,36,9.00,28772.6,33926.1,
20241207,36,9.05,28772.6,33860.3,
20241207,36,9.08,28772.6,33830.3,
20241207,36,9.11,28772.6,33800.3,
20241207,36,9.16,28772.6,33740.3,
20241207,36,9.19,28772.6,33710.3,
20241207,36,9.20,28774.6,33680.3,
20241207,36,9.22,28774.6,33680.3,
20241207,36,9.43,28774.6,33650.3,
20241207,36,9.71,28788.6,33649.0,
20241207,36,9.73,28788.6,33649.0,
20241207,36,9.74,28790.9,33604.0,
20241207,36,9.99,28790.9,33604.0,
20241207,36,10.00,28804.6,33574.0,
20241207,36,10.01,28809.0,33549.5,
20241207,36,10.05,28829.0,33536.5,
20241207,36,10.14,28829.0,33536.5,
20241207,36,10.15,28829.0,33480.5,
20241207,36,10.22,28829.0,33380.5,
20241207,36,10.24,28829.0,33350.5,
20241207,36,10.25,28829.0,33348.5,
20241207,36,10.30,28897.1,32774.5,
20241207,36,10.37,28897.1,32774.5,
20241207,36,10.43,28904.4,32774.2,
20241207,36,10.44,28904.4,32774.2,
20241207,36,10.50,28904.4,32626.2,
20241207,36,10.55,28906.4,32625.7,
20241207,36,10.64,28906.4,32625.7,
20241207,36,10.67,28906.4,32610.7,
20241207,36,10.68,28906.4,32540.7,
20241207,36,10.79,28906.4,32509.3,
20241207,36,10.80,28906.4,32361.3,
20241207,36,10.85,28906.4,32213.3,
20241207,36,10.93,28906.4,32183.3,
20241207,36,10.94,28906.4,32081.3,
20241207,36,11.00,28908.6,32075.8,
20241207,36,11.01,28909.2,31993.8,
20241207,36,11.04,28909.2,31993.8,
20241207,36,11.08,28909.2,31846.8,
20241207,36,11.09,28912.3,31742.8,
20241207,36,11.26,28912.3,31742.8,
20241207,36,11.31,28912.7,31549.3,
20241207,36,11.34,28912.7,31548.6,
20241207,36,11.42,28927.9,31058.4,
20241207,36,11.49,28927.9,31058.4,
20241207,36,11.50,28927.9,31028.4,
20241207,36,11.51,28929.4,30902.5,
20241207,36,11.54,28929.4,30802.5,
20241207,36,11.57,28981.4,30679.5,
20241207,36,11.60,28981.4,30679.5,
20241207,36,11.65,28981.4,30579.5,
20241207,36,11.67,28981.4,30456.5,
20241207,36,11.69,28981.5,30451.6,
20241207,36,11.70,28982.0,30451.6,
20241207,36,11.84,29012.0,30351.6,
20241207,36,11.87,29012.0,30351.6,
20241207,36,11.88,29012.0,30228.6,
20241207,36,11.90,29014.0,30128.6,
20241207,36,11.95,29014.0,30128.6,
20241207,36,11.96,29014.0,30098.6,
20241207,36,11.97,29034.1,30088.7,
20241207,36,11.99,29034.1,30088.7,
20241207,36,12.00,29123.1,29965.7,
20241207,36,12.01,29124.6,29837.5,
20241207,36,12.07,29248.6,29773.6,
20241207,36,12.25,29248.6,29773.6,
20241207,36,12.28,29248.6,29684.6,
20241207,36,12.33,29248.6,29684.5,
20241207,36,12.47,29248.6,29660.2,
20241207,36,12.50,29250.6,29518.2,
20241207,36,12.51,29251.7,29475.9,
20241207,36,12.55,29281.7,29475.9,
20241207,36,12.56,29281.7,29475.9,
20241207,36,12.60,29281.7,29456.5,
20241207,36,12.67,29331.7,29134.5,
20241207,36,12.78,29332.4,29109.5,
20241207,36,12.81,29332.4,29109.5,
20241207,36,12.85,29332.4,28958.5,
20241207,36,12.88,29347.4,28857.5,
20241207,36,12.91,29359.4,28819.3,
20241207,36,12.92,29374.1,28819.3,
20241207,36,12.99,29374.1,28814.3,
20241207,36,13.00,29398.5,28667.3,
20241207,36,13.04,29405.7,28663.1,
20241207,36,13.05,29408.5,28663.1,
20241207,36,13.06,29411.5,28663.1,
20241207,36,13.07,29412.8,28663.1,
20241207,36,13.12,29412.8,28662.1,
20241207,36,13.14,29442.8,28497.1,
20241207,36,13.15,29462.8,28497.1,
20241207,36,13.17,29491.7,28497.1,
20241207,36,13.20,29491.7,28497.1,
20241207,36,13.25,29493.7,28495.8,
20241207,36,13.34,29493.7,28495.8,
20241207,36,13.40,29493.7,28465.8,
20241207,36,13.45,29593.7,28405.8,
20241207,36,13.50,29632.2,28405.8,
20241207,36,13.64,29677.6,28365.8,
20241207,36,13.69,29677.6,28365.8,
20241207,36,13.75,29697.6,28365.7,
20241207,36,13.79,29697.6,28365.7,
20241207,36,13.90,29697.6,28365.1,
20241207,36,14.00,29719.1,28338.4,
20241207,36,14.01,29758.1,28282.3,
20241207,36,14.04,29758.1,28272.2,
20241207,36,14.11,29768.1,28213.2,
20241207,36,14.20,29768.1,28213.2,
20241207,36,14.27,29788.1,28212.7,
20241207,36,14.29,29788.1,28212.7,
20241207,36,14.30,29788.1,28202.8,
20241207,36,14.31,29788.1,28102.8,
20241207,36,14.34,29794.1,27902.8,
20241207,36,14.36,29809.5,27902.8,
20241207,36,14.37,29859.5,27902.8,
20241207,36,14.38,29859.5,27702.8,
20241207,36,14.40,29859.5,27698.4,
20241207,36,14.42,29859.5,27498.4,
20241207,36,14.44,29859.5,27298.4,
20241207,36,14.49,29859.5,27277.4,
20241207,36,14.50,29889.5,27077.4,
20241207,36,14.56,29889.5,27077.1,
20241207,36,14.60,29891.5,26877.1,
20241207,36,14.63,29911.5,26876.9,
20241207,36,14.66,29933.5,26876.9,
20241207,36,14.67,29933.5,26876.9,
20241207,36,14.68,29968.5,26876.8,
20241207,36,14.69,29997.5,26875.8,
20241207,36,14.70,29997.5,26866.3,
20241207,36,14.71,29997.5,26813.4,
20241207,36,14.72,30033.5,26808.5,
20241207,36,14.73,30033.5,26808.5,
20241207,36,14.75,30033.5,26758.5,
20241207,36,14.82,30033.5,26558.5,
20241207,36,14.85,30078.5,26557.8,
20241207,36,14.88,30119.5,26557.8,
20241207,36,14.89,30119.5,26557.8,
20241207,36,14.90,30132.5,26357.8,
20241207,36,14.93,30180.5,26357.8,
20241207,36,14.98,30225.5,26357.8,
20241207,36,15.00,30292.2,26357.8,
20241207,36,15.01,30294.7,26252.0,
20241207,36,15.02,30314.7,26251.0,
20241207,36,15.03,30362.7,26051.0,
20241207,36,15.04,30365.2,26051.0,
20241207,36,15.06,30368.2,26051.0,
20241207,36,15.08,30379.1,26051.0,
20241207,36,15.10,30379.1,26041.0,
20241207,36,15.11,30379.1,26027.8,
20241207,36,15.14,30379.1,25827.8,
20241207,36,15.16,30379.1,25822.3,
20241207,36,15.22,30530.1,25822.1,
20241207,36,15.32,30560.1,25822.1,
20241207,36,15.35,30585.1,25822.1,
20241207,36,15.36,30629.7,25822.1,
20241207,36,15.37,30674.3,25822.1,
20241207,36,15.38,30674.3,25822.1,
20241207,36,15.39,30714.3,25797.3,
20241207,36,15.44,30716.0,25797.3,
20241207,36,15.45,30816.0,25797.3,
20241207,36,15.47,30819.0,25797.3,
20241207,36,15.50,30964.0,25797.3,
20241207,36,15.60,30964.0,25787.1,
20241207,36,15.70,30964.0,25787.0,
20241207,36,15.77,30979.4,25786.9,
20241207,36,15.80,30983.4,25786.9,
20241207,36,15.82,30983.4,25781.9,
20241207,36,15.89,31328.4,25777.3,
20241207,36,15.90,31328.4,25777.3,
20241207,36,15.93,31431.4,25777.1,
20241207,36,15.95,31433.4,25777.1,
20241207,36,16.00,31493.4,25777.1,
20241207,36,16.01,31538.0,25769.3,
20241207,36,16.06,31638.0,25763.8,
20241207,36,16.13,31702.3,25763.8,
20241207,36,16.14,31766.6,25763.8,
20241207,36,16.15,31830.9,25763.8,
20241207,36,16.32,31906.8,25763.8,
20241207,36,16.34,31936.8,25763.8,
20241207,36,16.36,31936.8,25763.8,
20241207,36,16.40,31936.8,25754.5,
20241207,36,16.49,31936.8,25754.4,
20241207,36,16.50,32011.8,25750.4,
20241207,36,16.54,32021.8,25748.4,
20241207,36,16.57,32071.8,25748.4,
20241207,36,16.59,32071.8,25748.4,
20241207,36,16.63,32071.8,25747.0,
20241207,36,16.70,32091.8,25746.7,
20241207,36,16.71,32091.8,25738.7,
20241207,36,16.72,32391.8,25735.1,
20241207,36,16.76,32468.1,25735.1,
20241207,36,16.88,32518.1,25735.1,
20241207,36,16.90,32770.1,25735.1,
20241207,36,16.93,32770.1,25735.1,
20241207,36,17.00,32852.0,25734.1,
20241207,36,17.01,32852.0,25733.9,
20241207,36,17.16,32852.0,25723.5,
20241207,36,17.17,32952.0,25713.8,
20241207,36,17.19,32952.0,25713.8,
20241207,36,17.20,32989.7,25626.5,
20241207,36,17.21,32992.7,25625.3,
20241207,36,17.22,33217.2,25625.3,
20241207,36,17.28,33267.1,25625.3,
20241207,36,17.32,33267.2,25625.3,
20241207,36,17.38,33267.2,25625.3,
20241207,36,17.40,33267.7,25607.0,
20241207,36,17.43,33267.7,25607.0,
20241207,36,17.50,33267.7,25606.8,
20241207,36,17.58,33267.7,25603.2,
20241207,36,17.73,33267.7,25587.0,
20241207,36,17.84,33267.7,25565.0,
20241207,36,18.00,33267.7,25561.3,
20241207,36,18.02,33299.1,25494.0,
20241207,36,18.03,33299.1,25494.0,
20241207,36,18.04,33299.1,25490.2,
20241207,36,18.05,33309.1,25484.5,
20241207,36,18.09,33309.1,25484.5,
20241207,36,18.13,33409.1,25484.3,
20241207,36,18.17,33409.1,25484.3,
20241207,36,18.43,33514.1,25480.0,
20241207,36,18.50,33514.1,25480.0,
20241207,36,18.65,33514.1,25477.6,
20241207,36,18.78,33514.1,25477.3,
20241207,36,18.79,33515.6,25471.2,
20241207,36,18.84,33547.0,25362.5,
20241207,36,18.86,33547.0,25362.5,
20241207,36,19.00,33597.0,25359.9,
20241207,36,19.01,33602.6,25339.5,
20241207,36,19.19,33602.6,25339.5,
20241207,36,19.31,33602.6,25337.1,
20241207,36,19.39,33654.6,25235.6,
20241207,36,19.42,33884.6,25235.6,
20241207,36,19.55,33887.1,25235.6,
20241207,36,19.56,34029.1,25234.4,
20241207,36,19.63,34170.1,25234.4,
20241207,36,19.65,34195.2,25234.4,
20241207,36,19.66,34337.2,25234.4,
20241207,36,19.69,34337.2,25234.4,
20241207,36,19.70,34478.2,25232.7,
20241207,36,19.71,34478.2,25224.9,
20241207,36,19.77,34620.2,25211.5,
20241207,36,19.82,34689.2,25211.5,
20241207,36,20.00,34719.2,25211.5,
20241207,36,20.01,34724.4,25140.6,
20241207,36,20.54,34724.4,25124.6,
20241207,36,20.66,34724.4,25122.8,
20241207,36,21.00,34751.4,25122.0,
20241207,36,21.02,34751.4,25106.0,
20241207,36,21.10,34757.1,25104.0,
20241207,36,21.11,34757.1,25104.0,
20241207,36,21.18,34757.1,25103.2,
20241207,36,21.35,34757.1,25039.4,
20241207,36,21.44,34757.1,25036.8,
20241207,36,21.77,34757.1,25034.9,
20241207,36,21.89,34757.1,25027.3,
20241207,36,22.00,34764.1,25026.9,
20241207,36,22.35,34905.1,25026.9,
20241207,36,22.43,34905.1,25026.9,
20241207,36,22.50,34905.1,24982.2,
20241207,36,22.70,34905.1,24980.4,
20241207,36,23.29,34905.1,24965.2,
20241207,36,23.87,34914.7,24874.7,
20241207,36,24.04,34914.7,24874.7,
20241207,36,24.05,34914.7,24872.7,
20241207,36,24.69,34914.7,24871.3,
20241207,36,24.70,34914.7,24855.2,
20241207,36,24.71,34914.7,24854.9,
20241207,36,24.86,34914.7,24851.2,
20241207,36,25.00,34914.7,24850.3,
20241207,36,25.12,34914.7,24844.5,
20241207,36,25.22,34914.7,24823.3,
20241207,36,25.40,34914.7,24815.6,
20241207,36,25.57,35056.7,24814.6,
20241207,36,26.00,35056.7,24814.6,
20241207,36,26.44,35056.7,24693.0,
20241207,36,26.51,35056.7,24675.8,
20241207,36,26.75,35056.7,24675.1,
20241207,36,27.00,35056.7,24674.1,
20241207,36,27.50,35056.7,24557.5,
20241207,36,27.68,35056.7,24553.8,
20241207,36,28.10,35056.7,24540.6,
20241207,36,28.61,35056.7,24539.6,
20241207,36,28.68,35056.7,24538.8,
20241207,36,29.45,35056.7,24531.2,
20241207,36,29.90,35056.7,24530.2,
20241207,36,30.00,35056.7,24525.1,
20241207,36,30.01,35056.7,24440.2,
20241207,36,30.40,35197.7,24438.7,
20241207,36,30.80,35197.7,24438.4,
20241207,36,30.98,35197.7,24437.4,
20241207,36,31.10,35197.7,24429.7,
20241207,36,31.36,35197.7,24428.8,
20241207,36,31.79,35197.7,24141.8,
20241207,36,31.94,35197.7,24138.2,
20241207,36,32.13,35197.7,24130.6,
20241207,36,32.14,35197.7,24031.7,
20241207,36,32.15,35197.7,24030.9,
20241207,36,32.35,35197.7,24029.9,
20241207,36,32.66,35197.7,24015.6,
20241207,36,33.50,35197.7,24002.4,
20241207,36,33.62,35331.1,24001.4,
20241207,36,34.00,35331.1,24001.4,
20241207,36,34.85,35331.1,23941.7,
20241207,36,34.94,35331.1,23934.1,
20241207,36,35.00,35331.1,23910.7,
20241207,36,35.97,35331.1,23884.7,
20241207,36,36.00,35331.1,23872.3,
20241207,36,36.79,35331.1,23798.9,
20241207,36,37.35,35331.1,23787.8,
20241207,36,37.50,35331.1,23777.7,
20241207,36,37.63,35331.1,23735.1,
20241207,36,38.00,35331.1,23725.1,
20241207,36,39.00,35331.1,23724.7,
20241207,36,39.10,35331.1,23724.6,
20241207,36,39.69,36114.1,23722.0,
20241207,36,40.00,36114.1,23722.0,
20241207,36,40.01,36114.1,23619.5,
20241207,36,40.12,36114.1,23559.9,
20241207,36,42.00,36114.1,23541.7,
20241207,36,45.00,36114.1,23540.5,
20241207,36,45.01,36114.1,22777.0,
20241207,36,46.00,36114.1,22550.0,
20241207,36,46.93,36114.1,22499.9,
20241207,36,47.92,36114.1,22390.8,
20241207,36,48.32,36114.1,22279.9,
20241207,36,49.05,36114.1,22254.1,
20241207,36,50.00,36115.9,22252.5,
20241207,36,50.01,36115.9,21799.4,
20241207,36,50.90,36115.9,21794.7,
20241207,36,53.00,36115.9,21792.5,
20241207,36,55.00,36115.9,21792.0,
20241207,36,60.00,36115.9,21720.8,
20241207,36,61.97,36115.9,21563.4,
20241207,36,64.56,36115.9,21561.8,
20241207,36,65.92,36115.9,21530.5,
20241207,36,70.00,36115.9,21511.6,
20241207,36,72.00,36115.9,21510.4,
20241207,36,74.89,36115.9,21510.1,
20241207,36,77.80,36115.9,21508.4,
20241207,36,79.90,36115.9,21317.9,
20241207,36,80.00,36115.9,21314.5,
20241207,36,80.01,36115.9,20151.4,
20241207,36,80.05,36115.9,20030.5,
20241207,36,80.21,36265.8,20006.7,
20241207,36,81.00,36265.8,20006.7,
20241207,36,82.01,36265.8,19943.3,
20241207,36,85.00,36265.8,19773.8,
20241207,36,87.81,36265.8,19758.9,
20241207,36,90.00,36265.8,19757.3,
20241207,36,99.00,36265.8,19749.7,
20241207,36,99.90,36265.8,19749.5,
20241207,36,100.00,36311.8,19739.4,
20241207,36,100.01,36347.0,19345.6,
20241207,36,100.73,36347.0,19345.6,
20241207,36,101.00,36347.0,19343.9,
20241207,36,120.10,36347.0,19179.4,
20241207,36,138.00,36347.0,19128.6,
20241207,36,150.00,36347.0,18984.3,
20241207,36,151.00,36347.0,18979.2,
20241207,36,190.00,36347.0,18942.6,
20241207,36,200.00,36347.0,18940.6,
20241207,36,200.01,36347.0,15893.3,
20241207,36,200.10,36347.0,13574.7,
20241207,36,200.50,36347.0,13387.1,
20241207,36,200.98,36347.0,13326.7,
20241207,36,200.99,36347.0,13326.6,
20241207,36,201.00,36347.0,13326.5,
20241207,36,210.00,36347.0,13244.9,
20241207,36,250.00,36347.0,11828.5,
20241207,36,299.99,36347.5,11686.9,
20241207,36,300.00,36347.5,11686.9,
20241207,36,500.00,36347.5,11581.9,
20241207,36,550.02,36347.5,11571.9,
20241207,36,900.00,36347.5,11380.5,
20241207,36,999.00,36347.5,11366.9,
20241207,36,999.99,36347.5,0.0,
20241207,37,0.00,0.0,38274.3,
20241207,37,0.00,9743.8,38274.3,
20241207,37,0.01,27909.9,38274.3,
20241207,37,0.02,28158.5,38259.5,
20241207,37,0.03,28162.3,38249.1,
20241207,37,0.04,28179.7,38237.1,
20241207,37,0.10,28199.1,38237.1,
20241207,37,0.30,28225.2,38131.4,
20241207,37,1.00,28687.3,38131.4,
20241207,37,1.01,28696.3,38032.8,
20241207,37,1.10,28832.0,38019.0,
20241207,37,1.65,28833.0,38019.0,
20241207,37,2.00,28901.2,38019.0,
20241207,37,2.01,28901.2,38003.0,
20241207,37,2.45,28903.1,37403.0,
20241207,37,2.65,28910.3,37403.0,
20241207,37,3.00,28912.5,37403.0,
20241207,37,3.01,28917.1,36906.1,
20241207,37,3.80,28919.1,36706.1,
20241207,37,4.00,28919.1,36706.1,
20241207,37,4.27,28977.5,36705.1,
20241207,37,4.35,28978.5,36705.1,
20241207,37,5.00,29138.0,36705.1,
20241207,37,5.01,29138.5,36433.1,
20241207,37,5.15,29140.5,35863.1,
20241207,37,5.29,29147.7,35863.1,
20241207,37,5.42,29147.7,35863.1,
20241207,37,5.70,29148.7,35808.1,
20241207,37,5.90,29148.7,35808.1,
20241207,37,6.00,29217.6,35792.1,
20241207,37,6.01,29218.9,35782.1,
20241207,37,6.26,29218.9,35782.1,
20241207,37,6.50,29229.7,35776.1,
20241207,37,7.00,29229.7,35776.1,
20241207,37,7.05,29230.9,35775.3,
20241207,37,7.47,29230.9,35775.3,
20241207,37,7.50,29270.9,35770.3,
20241207,37,7.51,29270.9,35770.3,
20241207,37,7.85,29272.9,35570.3,
20241207,37,7.93,29280.1,35570.3,
20241207,37,8.00,29280.9,35570.3,
20241207,37,8.01,29282.4,35411.4,
20241207,37,8.04,29282.4,35411.4,
20241207,37,8.40,29284.4,35411.3,
20241207,37,8.50,29284.4,35411.3,
20241207,37,8.85,29284.4,35411.2,
20241207,37,8.89,29284.4,34954.2,
20241207,37,8.94,29284.4,34895.2,
20241207,37,8.97,29284.4,34865.2,
20241207,37,9.00,29288.4,34835.2,
20241207,37,9.05,29288.4,34769.7,
20241207,37,9.08,29288.4,34739.7,
20241207,37,9.11,29288.4,34709.7,
20241207,37,9.16,29288.4,34649.7,
20241207,37,9.18,29288.4,34619.7,
20241207,37,9.19,29288.4,34619.6,
20241207,37,9.20,29290.4,34589.6,
20241207,37,9.22,29290.4,34589.6,
20241207,37,9.26,29290.4,34532.6,
20241207,37,9.27,29290.4,34502.6,
20241207,37,9.50,29290.4,34499.6,
20241207,37,9.60,29290.4,34499.1,
20241207,37,9.71,29294.4,34498.3,
20241207,37,9.73,29294.4,34498.3,
20241207,37,9.75,29296.6,34453.3,
20241207,37,9.84,29296.6,34453.3,
20241207,37,9.99,29296.6,34423.3,
20241207,37,10.00,29310.5,34393.3,
20241207,37,10.01,29315.2,34368.5,
20241207,37,10.14,29315.2,34340.6,
20241207,37,10.15,29315.2,34284.6,
20241207,37,10.25,29315.2,34184.6,
20241207,37,10.30,29383.3,33610.6,
20241207,37,10.37,29383.3,33610.6,
20241207,37,10.42,29383.3,33610.3,
20241207,37,10.44,29383.3,33580.3,
20241207,37,10.50,29383.3,33432.3,
20241207,37,10.53,29383.3,33432.0,
20241207,37,10.55,29385.3,33407.0,
20241207,37,10.57,29392.6,33407.0,
20241207,37,10.60,29392.6,33407.0,
20241207,37,10.67,29392.6,33392.0,
20241207,37,10.68,29392.6,33337.0,
20241207,37,10.79,29392.6,33333.4,
20241207,37,10.80,29392.6,33186.4,
20241207,37,10.93,29392.6,33038.4,
20241207,37,11.00,29394.8,32936.4,
20241207,37,11.01,29395.5,32824.0,
20241207,37,11.04,29395.5,32824.0,
20241207,37,11.08,29395.5,32677.0,
20241207,37,11.10,29398.7,32573.0,
20241207,37,11.17,29398.7,32573.0,
20241207,37,11.19,29398.7,32567.3,
20241207,37,11.26,29398.7,32542.3,
20241207,37,11.28,29399.1,32348.8,
20241207,37,11.31,29399.1,32348.8,
20241207,37,11.34,29400.2,32348.1,
20241207,37,11.42,29415.4,31882.9,
20241207,37,11.50,29415.4,31882.9,
20241207,37,11.51,29415.8,31759.2,
20241207,37,11.53,29415.9,31659.2,
20241207,37,11.54,29415.9,31659.2,
20241207,37,11.57,29467.9,31536.2,
20241207,37,11.60,29467.9,31536.2,
20241207,37,11.65,29467.9,31436.2,
20241207,37,11.70,29467.9,31313.2,
20241207,37,11.80,29468.4,31213.2,
20241207,37,11.84,29498.4,31213.2,
20241207,37,11.87,29498.4,31188.2,
20241207,37,11.88,29498.4,31065.2,
20241207,37,11.90,29500.4,30965.2,
20241207,37,11.99,29500.4,30965.2,
20241207,37,12.00,29589.4,30842.2,
20241207,37,12.01,29591.6,30714.4,
20241207,37,12.07,29716.6,30705.7,
20241207,37,12.12,29716.6,30705.7,
20241207,37,12.14,29716.6,30552.7,
20241207,37,12.15,29716.6,30462.7,
20241207,37,12.16,29736.7,30452.8,
20241207,37,12.28,29736.7,30452.5,
20241207,37,12.37,29766.7,30452.4,
20241207,37,12.40,29766.7,30452.4,
20241207,37,12.48,29766.7,30447.5,
20241207,37,12.50,29768.7,30163.5,
20241207,37,12.59,29768.7,30096.1,
20241207,37,12.63,29768.7,30095.4,
20241207,37,12.65,29797.6,30069.9,
20241207,37,12.68,29847.6,30069.9,
20241207,37,12.69,29848.3,30069.9,
20241207,37,12.70,29848.3,30069.9,
20241207,37,12.72,29848.3,30069.4,
20241207,37,12.76,29878.3,30010.4,
20241207,37,12.81,29878.3,29990.4,
20241207,37,12.84,29908.3,29839.4,
20241207,37,12.85,29908.3,29839.4,
20241207,37,12.88,29908.3,29738.4,
20241207,37,12.90,29923.3,29699.0,
20241207,37,12.99,29923.3,29699.0,
20241207,37,13.00,29947.9,29436.0,
20241207,37,13.01,29951.3,29431.8,
20241207,37,13.14,29951.3,29421.7,
20241207,37,13.18,29963.3,29256.7,
20241207,37,13.19,29978.0,29256.7,
20241207,37,13.21,29985.2,29251.7,
20241207,37,13.22,29985.2,29251.7,
20241207,37,13.25,29987.2,29249.6,
20241207,37,13.30,29988.6,29249.6,
20241207,37,13.31,30017.6,29247.2,
20241207,37,13.34,30017.6,29247.2,
20241207,37,13.36,30037.6,29217.2,
20241207,37,13.39,30039.0,29217.2,
20241207,37,13.43,30059.0,29217.2,
20241207,37,13.45,30159.0,29217.2,
20241207,37,13.47,30160.5,29217.2,
20241207,37,13.50,30184.0,29217.2,
20241207,37,13.51,30199.0,29177.2,
20241207,37,13.56,30200.5,29177.2,
20241207,37,13.65,30201.8,29177.1,
20241207,37,13.69,30201.8,29176.1,
20241207,37,13.80,30201.8,29176.0,
20241207,37,13.82,30236.8,29175.4,
20241207,37,13.89,30266.8,29175.4,
20241207,37,13.93,30282.2,29175.4,
20241207,37,13.97,30302.2,29175.4,
20241207,37,14.00,30346.6,29175.4,
20241207,37,14.01,30347.1,29118.4,
20241207,37,14.12,30357.1,29117.5,
20241207,37,14.13,30377.1,29117.5,
20241207,37,14.29,30377.1,29117.5,
20241207,37,14.30,30377.1,29107.6,
20241207,37,14.33,30377.1,29007.6,
20241207,37,14.37,30427.1,28807.6,
20241207,37,14.40,30427.1,28607.6,
20241207,37,14.42,30427.1,28407.6,
20241207,37,14.44,30427.1,28207.4,
20241207,37,14.48,30462.1,28185.9,
20241207,37,14.49,30462.1,28185.9,
20241207,37,14.50,30492.3,27985.9,
20241207,37,14.56,30492.3,27985.9,
20241207,37,14.57,30506.0,27785.9,
20241207,37,14.60,30508.0,27785.9,
20241207,37,14.63,30525.0,27776.4,
20241207,37,14.64,30531.0,27776.4,
20241207,37,14.66,30566.4,27776.4,
20241207,37,14.67,30566.4,27776.4,
20241207,37,14.68,30566.4,27776.3,
20241207,37,14.70,30566.4,27771.9,
20241207,37,14.71,30566.4,27721.9,
20241207,37,14.72,30589.4,27717.0,
20241207,37,14.73,30589.4,27717.0,
20241207,37,14.74,30599.4,27667.0,
20241207,37,14.75,30599.4,27667.0,
20241207,37,14.85,30641.4,27467.0,
20241207,37,14.88,30679.4,27467.0,
20241207,37,14.89,30679.4,27467.0,
20241207,37,14.90,30692.4,27466.3,
20241207,37,14.93,30738.4,27466.3,
20241207,37,14.94,30738.4,27466.3,
20241207,37,14.98,30781.4,27266.3,
20241207,37,15.00,30848.3,27266.3,
20241207,37,15.01,30856.2,27160.8,
20241207,37,15.02,30856.2,27160.8,
20241207,37,15.03,30902.2,26960.8,
20241207,37,15.04,30904.7,26960.8,
20241207,37,15.10,30904.7,26960.5,
20241207,37,15.11,30904.7,26957.5,
20241207,37,15.13,30929.7,26757.5,
20241207,37,15.15,30929.7,26757.5,
20241207,37,15.18,30929.7,26751.8,
20241207,37,15.22,31079.7,26689.4,
20241207,37,15.23,31079.7,26689.4,
20241207,37,15.29,31079.7,26663.7,
20241207,37,15.31,31079.7,26663.0,
20241207,37,15.36,31095.6,26662.6,
20241207,37,15.37,31114.5,26662.6,
20241207,37,15.39,31125.4,26662.6,
20241207,37,15.41,31125.4,26652.6,
20241207,37,15.45,31225.4,26639.2,
20241207,37,15.50,31370.4,26639.2,
20241207,37,15.60,31370.4,26629.2,
20241207,37,15.66,31370.4,26629.1,
20241207,37,15.69,31372.1,26628.9,
20241207,37,15.70,31372.1,26628.9,
20241207,37,15.79,31397.1,26628.8,
20241207,37,15.90,31599.1,26628.8,
20241207,37,15.93,31702.1,26628.6,
20241207,37,15.95,31704.1,26628.6,
20241207,37,16.00,31764.1,26628.6,
20241207,37,16.01,31778.0,26621.6,
20241207,37,16.06,31878.0,26616.1,
20241207,37,16.12,31924.1,26616.1,
20241207,37,16.13,31974.0,26616.1,
20241207,37,16.14,32020.1,26611.1,
20241207,37,16.15,32020.1,26611.1,
20241207,37,16.16,32050.1,26606.7,
20241207,37,16.17,32050.1,26606.7,
20241207,37,16.25,32050.1,26601.2,
20241207,37,16.32,32150.1,26597.4,
20241207,37,16.40,32150.1,26597.4,
20241207,37,16.50,32225.1,26597.3,
20241207,37,16.54,32235.1,26592.3,
20241207,37,16.57,32285.1,26592.3,
20241207,37,16.59,32285.1,26592.3,
20241207,37,16.68,32285.3,26590.9,
20241207,37,16.70,32305.3,26590.9,
20241207,37,16.71,32305.3,26582.9,
20241207,37,16.72,32605.3,26579.3,
20241207,37,16.76,32684.8,26579.3,
20241207,37,16.86,32684.8,26579.3,
20241207,37,16.88,32734.8,26579.0,
20241207,37,16.90,32735.3,26579.0,
20241207,37,16.93,32735.3,26579.0,
20241207,37,16.97,32735.3,26578.4,
20241207,37,17.00,32817.2,26578.0,
20241207,37,17.01,32817.2,26576.8,
20241207,37,17.16,32817.2,26566.7,
20241207,37,17.17,32917.2,26557.0,
20241207,37,17.20,32917.2,26557.0,
20241207,37,17.22,33141.8,26555.9,
20241207,37,17.43,33141.8,26555.9,
20241207,37,17.49,33539.8,26465.6,
20241207,37,17.50,33539.8,26465.6,
20241207,37,17.57,33542.8,26464.6,
20241207,37,17.58,33542.8,26446.1,
20241207,37,17.73,33542.8,26429.9,
20241207,37,17.74,33542.8,26407.9,
20241207,37,17.76,33567.9,26402.2,
20241207,37,17.85,33567.9,26402.2,
20241207,37,17.86,33617.8,26398.5,
20241207,37,17.90,33617.8,26398.5,
20241207,37,18.00,33617.8,26394.7,
20241207,37,18.01,33623.2,26326.4,
20241207,37,18.05,33633.2,26325.7,
20241207,37,18.13,33733.2,26325.7,
20241207,37,18.43,33838.2,26325.7,
20241207,37,18.57,33838.2,26325.7,
20241207,37,18.59,33838.2,26324.0,
20241207,37,18.60,33859.1,26323.8,
20241207,37,18.63,33859.1,26323.8,
20241207,37,18.65,33859.1,26322.9,
20241207,37,18.78,33859.1,26322.6,
20241207,37,18.79,33860.2,26316.1,
20241207,37,18.87,33860.2,26306.4,
20241207,37,19.00,33910.2,26196.4,
20241207,37,19.20,33910.2,26176.0,
20241207,37,19.31,33910.2,26173.5,
20241207,37,19.32,33910.2,26160.5,
20241207,37,19.42,34140.2,26053.3,
20241207,37,19.45,34200.1,26053.3,
20241207,37,19.50,34200.1,26053.3,
20241207,37,19.55,34202.6,26052.3,
20241207,37,19.59,34344.6,26044.6,
20241207,37,19.63,34485.6,26044.6,
20241207,37,19.66,34627.6,26044.6,
20241207,37,19.73,34862.5,26044.6,
20241207,37,19.77,35004.5,26044.6,
20241207,37,19.83,35052.5,26044.6,
20241207,37,19.91,35052.5,26044.6,
20241207,37,19.92,35052.5,26042.9,
20241207,37,19.93,35052.5,26042.8,
20241207,37,20.00,35082.5,26042.4,
20241207,37,20.01,35087.7,25969.4,
20241207,37,20.29,35104.4,25954.2,
20241207,37,20.32,35104.4,25954.2,
20241207,37,20.55,35104.4,25953.0,
20241207,37,20.85,35104.4,25951.2,
20241207,37,20.96,35104.4,25950.4,
20241207,37,20.99,35104.4,25922.5,
20241207,37,21.00,35131.4,25921.7,
20241207,37,21.10,35137.6,25906.7,
20241207,37,21.35,35137.6,25906.7,
20241207,37,21.44,35137.6,25904.1,
20241207,37,21.55,35137.6,25902.1,
20241207,37,21.80,35137.6,25854.8,
20241207,37,21.90,35137.6,25847.2,
20241207,37,22.00,35144.6,25846.7,
20241207,37,22.15,35144.6,25846.7,
20241207,37,22.35,35285.6,25833.5,
20241207,37,22.50,35285.6,25833.5,
20241207,37,22.58,35293.3,25831.8,
20241207,37,22.70,35293.3,25831.8,
20241207,37,23.20,35308.7,25829.8,
20241207,37,23.29,35308.7,25829.8,
20241207,37,24.00,35308.7,25739.3,
20241207,37,24.04,35308.7,25653.0,
20241207,37,24.05,35308.7,25651.0,
20241207,37,24.91,35308.7,25649.6,
20241207,37,24.92,35308.7,25633.4,
20241207,37,24.93,35308.7,25632.2,
20241207,37,25.00,35308.7,25628.3,
20241207,37,25.12,35308.7,25492.6,
20241207,37,25.40,35308.7,25471.2,
20241207,37,25.54,35308.7,25470.2,
20241207,37,25.57,35450.7,25462.5,
20241207,37,26.00,35450.7,25462.5,
20241207,37,26.44,35450.7,25444.9,
20241207,37,26.75,35450.7,25426.9,
20241207,37,26.81,35450.7,25425.9,
20241207,37,26.89,35450.7,25425.2,
20241207,37,27.50,35450.7,25412.0,
20241207,37,28.10,35450.7,25408.3,
20241207,37,28.85,35450.7,25407.3,
20241207,37,28.87,35460.3,25406.5,
20241207,37,29.28,35460.3,25406.5,
20241207,37,29.45,35460.3,25398.9,
20241207,37,29.90,35460.3,25397.9,
20241207,37,30.00,35460.3,25393.3,
20241207,37,30.01,35460.3,25308.3,
20241207,37,30.40,35601.3,25306.9,
20241207,37,30.78,35601.3,25306.9,
20241207,37,30.80,35601.3,25306.2,
20241207,37,31.36,35601.3,25305.2,
20241207,37,31.46,35601.3,24750.7,
20241207,37,31.50,35601.3,24749.8,
20241207,37,31.63,35601.3,24749.6,
20241207,37,31.77,35601.3,24736.4,
20241207,37,31.79,35601.3,24728.7,
20241207,37,32.15,35601.3,24725.0,
20241207,37,32.44,35601.3,24724.0,
20241207,37,32.55,35601.3,24723.9,
20241207,37,32.77,35601.3,24723.1,
20241207,37,32.81,35601.3,24709.1,
20241207,37,33.00,35601.3,24701.5,
20241207,37,33.02,35601.3,24644.1,
20241207,37,33.50,35601.3,24546.9,
20241207,37,33.62,35731.2,24545.9,
20241207,37,34.79,35731.2,24545.9,
20241207,37,34.85,35731.2,24535.6,
20241207,37,34.94,35731.2,24527.4,
20241207,37,35.00,35731.2,24504.5,
20241207,37,36.00,35731.2,24479.2,
20241207,37,36.11,35731.2,24401.0,
20241207,37,36.37,35731.2,24390.9,
20241207,37,36.79,35731.2,24382.0,
20241207,37,37.50,35731.2,24370.9,
20241207,37,38.00,35731.2,24324.8,
20241207,37,39.18,35731.2,24324.5,
20241207,37,39.69,36501.2,24324.4,
20241207,37,40.00,36501.2,24324.4,
20241207,37,40.01,36501.2,24215.7,
20241207,37,40.12,36501.2,24146.0,
20241207,37,40.64,36501.2,24128.5,
20241207,37,41.36,36501.2,24125.8,
20241207,37,42.00,36501.2,24125.6,
20241207,37,45.00,36501.2,24124.3,
20241207,37,45.01,36501.2,23358.2,
20241207,37,46.00,36501.2,23093.2,
20241207,37,46.18,36501.2,23043.2,
20241207,37,47.36,36501.2,23043.1,
20241207,37,47.77,36501.2,22937.0,
20241207,37,48.32,36501.2,22824.3,
20241207,37,48.81,36501.2,22798.6,
20241207,37,50.00,36502.5,22797.0,
20241207,37,50.01,36502.5,22354.5,
20241207,37,50.90,36502.5,22349.9,
20241207,37,53.18,36502.5,22347.6,
20241207,37,55.00,36502.5,22347.2,
20241207,37,60.00,36502.5,22276.5,
20241207,37,61.73,36502.5,22120.2,
20241207,37,64.85,36502.5,22118.6,
20241207,37,66.29,36502.5,22087.4,
20241207,37,70.00,36502.5,22068.3,
20241207,37,72.00,36502.5,22067.1,
20241207,37,74.65,36502.5,22066.8,
20241207,37,77.80,36502.5,22065.1,
20241207,37,79.90,36502.5,21874.9,
20241207,37,80.00,36502.5,21871.9,
20241207,37,80.01,36502.5,20689.7,
20241207,37,80.05,36502.5,20568.4,
20241207,37,80.21,36652.4,20543.2,
20241207,37,81.00,36652.4,20543.2,
20241207,37,82.01,36652.4,20466.0,
20241207,37,85.00,36652.4,20292.8,
20241207,37,87.57,36652.4,20279.4,
20241207,37,90.00,36652.4,20277.8,
20241207,37,99.00,36652.4,20270.0,
20241207,37,99.90,36652.4,20269.8,
20241207,37,100.00,36698.2,20259.7,
20241207,37,100.01,36733.4,19850.1,
20241207,37,100.49,36733.4,19850.1,
20241207,37,101.00,36733.4,19848.4,
20241207,37,120.10,36733.4,19683.9,
20241207,37,138.00,36733.4,19632.3,
20241207,37,150.00,36733.4,19440.6,
20241207,37,151.00,36733.4,19435.3,
20241207,37,190.00,36733.4,19397.8,
20241207,37,200.00,36733.4,19395.8,
20241207,37,200.01,36733.4,16581.6,
20241207,37,200.10,36733.4,14260.9,
20241207,37,200.50,36733.4,14073.2,
20241207,37,200.98,36733.4,14019.1,
20241207,37,200.99,36733.4,14019.0,
20241207,37,201.00,36733.4,14018.9,
20241207,37,210.00,36733.4,13938.0,
20241207,37,250.00,36733.4,12373.5,
20241207,37,299.99,36733.9,12231.4,
20241207,37,300.00,36733.9,12231.4,
20241207,37,500.00,36733.9,12126.5,
20241207,37,550.02,36733.9,12116.5,
20241207,37,900.00,36733.9,11821.1,
20241207,37,999.00,36733.9,11807.5,
20241207,37,999.99,36733.9,0.0,
20241207,38,0.00,0.0,38109.8,
20241207,38,0.00,9733.2,38109.8,
20241207,38,0.01,27856.6,38109.8,
20241207,38,0.02,28092.9,38095.2,
20241207,38,0.03,28096.8,38084.8,
20241207,38,0.04,28114.1,38072.9,
20241207,38,0.10,28133.4,38072.9,
20241207,38,0.24,28155.6,37973.5,
20241207,38,1.00,28616.5,37973.5,
20241207,38,1.01,28625.4,37878.9,
20241207,38,1.10,28757.2,37865.3,
20241207,38,1.59,28758.2,37865.3,
20241207,38,2.00,28827.0,37865.3,
20241207,38,2.01,28827.0,37849.3,
20241207,38,2.45,28829.0,37249.3,
20241207,38,2.56,28836.2,37249.3,
20241207,38,2.94,28837.2,37249.3,
20241207,38,3.00,28838.5,37249.3,
20241207,38,3.01,28838.9,36750.7,
20241207,38,3.80,28840.9,36550.7,
20241207,38,4.00,28840.9,36550.7,
20241207,38,4.27,28899.3,36549.7,
20241207,38,4.29,28900.3,36549.7,
20241207,38,4.98,28900.3,36549.7,
20241207,38,5.00,29056.8,36494.7,
20241207,38,5.01,29057.2,36223.6,
20241207,38,5.11,29064.4,35656.4,
20241207,38,5.15,29066.4,35656.4,
20241207,38,5.64,29067.4,35656.4,
20241207,38,5.90,29067.4,35656.4,
20241207,38,6.00,29136.6,35640.4,
20241207,38,6.01,29138.0,35630.4,
20241207,38,6.26,29138.0,35630.4,
20241207,38,6.50,29149.9,35624.4,
20241207,38,6.99,29151.1,35624.4,
20241207,38,7.00,29151.1,35624.4,
20241207,38,7.50,29191.1,35623.6,
20241207,38,7.51,29191.1,35623.6,
20241207,38,7.67,29198.3,35423.6,
20241207,38,7.85,29200.3,35423.6,
20241207,38,8.00,29201.6,35423.6,
20241207,38,8.01,29203.1,35268.8,
20241207,38,8.04,29203.1,35268.8,
20241207,38,8.34,29205.1,35268.7,
20241207,38,8.41,29205.1,35268.7,
20241207,38,8.85,29205.1,35263.8,
20241207,38,8.89,29205.1,34806.8,
20241207,38,8.90,29205.1,34747.8,
20241207,38,8.94,29205.1,34747.5,
20241207,38,8.97,29205.1,34717.5,
20241207,38,9.00,29209.1,34687.5,
20241207,38,9.05,29209.1,34622.0,
20241207,38,9.08,29209.1,34592.0,
20241207,38,9.11,29209.1,34562.0,
20241207,38,9.16,29209.1,34502.0,
20241207,38,9.18,29209.1,34472.0,
20241207,38,9.19,29209.1,34471.9,
20241207,38,9.20,29211.1,34441.9,
20241207,38,9.22,29211.1,34441.9,
20241207,38,9.27,29211.1,34385.9,
20241207,38,9.44,29211.2,34381.9,
20241207,38,9.50,29211.2,34381.9,
20241207,38,9.51,29211.5,34380.7,
20241207,38,9.69,29213.7,34380.7,
20241207,38,9.71,29216.7,34380.7,
20241207,38,9.73,29216.7,34380.0,
20241207,38,9.77,29216.7,34320.0,
20241207,38,9.99,29216.7,34290.0,
20241207,38,10.00,29230.9,34260.0,
20241207,38,10.01,29235.5,34238.0,
20241207,38,10.14,29235.5,34225.2,
20241207,38,10.15,29235.5,34169.2,
20241207,38,10.22,29242.8,34069.2,
20241207,38,10.25,29242.8,34069.2,
20241207,38,10.28,29242.8,33495.2,
20241207,38,10.30,29310.9,33470.2,
20241207,38,10.38,29310.9,33455.2,
20241207,38,10.44,29310.9,33425.2,
20241207,38,10.50,29310.9,33278.2,
20241207,38,10.55,29312.9,33278.1,
20241207,38,10.64,29312.9,33278.1,
20241207,38,10.67,29312.9,33253.1,
20241207,38,10.68,29312.9,33223.1,
20241207,38,10.79,29312.9,33219.5,
20241207,38,10.80,29312.9,33072.5,
20241207,38,10.90,29312.9,32924.5,
20241207,38,10.93,29312.9,32924.3,
20241207,38,10.99,29312.9,32797.3,
20241207,38,11.00,29315.1,32767.3,
20241207,38,11.01,29317.3,32682.3,
20241207,38,11.04,29320.6,32682.3,
20241207,38,11.08,29320.6,32535.3,
20241207,38,11.17,29320.6,32431.3,
20241207,38,11.26,29321.0,32425.5,
20241207,38,11.34,29321.0,32232.0,
20241207,38,11.42,29336.2,31766.8,
20241207,38,11.48,29336.2,31766.8,
20241207,38,11.50,29336.2,31666.8,
20241207,38,11.51,29336.9,31543.8,
20241207,38,11.54,29337.0,31543.8,
20241207,38,11.57,29389.0,31420.8,
20241207,38,11.58,29389.0,31395.8,
20241207,38,11.60,29389.0,31295.8,
20241207,38,11.65,29389.0,31265.8,
20241207,38,11.68,29389.0,31142.8,
20241207,38,11.70,29389.5,31042.8,
20241207,38,11.84,29419.5,31042.8,
20241207,38,11.86,29419.5,31031.8,
20241207,38,11.87,29419.5,30801.8,
20241207,38,11.88,29419.5,30678.8,
20241207,38,11.90,29421.5,30578.8,
20241207,38,11.96,29422.6,30578.8,
20241207,38,11.99,29422.6,30578.8,
20241207,38,12.00,29511.6,30455.8,
20241207,38,12.01,29511.6,30330.2,
20241207,38,12.07,29744.6,30291.7,
20241207,38,12.21,29744.6,30291.7,
20241207,38,12.23,29744.6,30266.7,
20241207,38,12.24,29764.7,30256.8,
20241207,38,12.25,29794.7,30256.8,
20241207,38,12.28,29794.7,30256.8,
20241207,38,12.37,29794.7,30256.7,
20241207,38,12.38,29794.7,30251.8,
20241207,38,12.46,29823.6,29967.8,
20241207,38,12.48,29853.6,29967.8,
20241207,38,12.50,29855.6,29967.8,
20241207,38,12.63,29905.6,29939.6,
20241207,38,12.69,29906.3,29913.5,
20241207,38,12.76,29906.3,29913.5,
20241207,38,12.77,29913.5,29893.2,
20241207,38,12.81,29913.5,29893.2,
20241207,38,12.82,29914.9,29682.2,
20241207,38,12.84,29929.9,29682.2,
20241207,38,12.85,29959.9,29682.2,
20241207,38,12.87,29961.3,29682.2,
20241207,38,12.88,29961.3,29682.2,
20241207,38,12.91,29962.8,29642.0,
20241207,38,12.96,29964.3,29642.0,
20241207,38,12.99,29964.3,29642.0,
20241207,38,13.00,29988.9,29467.0,
20241207,38,13.01,29993.5,29462.8,
20241207,38,13.05,30013.5,29451.9,
20241207,38,13.10,30013.7,29451.9,
20241207,38,13.14,30013.7,29451.9,
20241207,38,13.20,30013.7,29286.9,
20241207,38,13.22,30013.7,29285.5,
20241207,38,13.25,30015.7,29285.2,
20241207,38,13.30,30027.7,29285.2,
20241207,38,13.32,30042.4,29278.2,
20241207,38,13.34,30042.4,29273.2,
20241207,38,13.39,30042.4,29243.2,
20241207,38,13.42,30042.4,29239.4,
20241207,38,13.45,30142.4,29180.4,
20241207,38,13.46,30157.4,29180.4,
20241207,38,13.47,30177.4,29180.4,
20241207,38,13.49,30177.4,29180.4,
20241207,38,13.50,30235.9,29175.9,
20241207,38,13.58,30235.9,29135.9,
20241207,38,13.69,30235.9,29128.2,
20241207,38,13.73,30255.9,29128.1,
20241207,38,13.74,30255.9,29128.1,
20241207,38,13.90,30255.9,29124.9,
20241207,38,13.96,30255.9,29124.2,
20241207,38,14.00,30306.6,29123.8,
20241207,38,14.01,30308.5,29065.0,
20241207,38,14.03,30308.5,29064.1,
20241207,38,14.04,30337.5,29063.1,
20241207,38,14.06,30352.9,29063.1,
20241207,38,14.07,30362.9,29063.1,
20241207,38,14.08,30382.9,29063.1,
20241207,38,14.14,30417.9,29063.1,
20241207,38,14.26,30417.9,29057.6,
20241207,38,14.29,30417.9,29035.9,
20241207,38,14.30,30417.9,29026.0,
20241207,38,14.33,30417.9,28926.0,
20241207,38,14.37,30467.9,28725.8,
20241207,38,14.40,30467.9,28525.8,
20241207,38,14.42,30467.9,28325.8,
20241207,38,14.49,30467.9,28125.8,
20241207,38,14.50,30497.9,27925.8,
20241207,38,14.54,30497.9,27925.8,
20241207,38,14.56,30497.9,27920.9,
20241207,38,14.60,30499.9,27720.9,
20241207,38,14.63,30505.9,27670.7,
20241207,38,14.66,30544.9,27670.7,
20241207,38,14.68,30554.9,27620.7,
20241207,38,14.72,30568.9,27620.7,
20241207,38,14.75,30568.9,27620.7,
20241207,38,14.78,30599.9,27420.7,
20241207,38,14.79,30599.9,27420.7,
20241207,38,14.80,30615.3,27420.1,
20241207,38,14.82,30615.3,27420.1,
20241207,38,14.85,30645.3,27415.6,
20241207,38,14.88,30673.3,27415.6,
20241207,38,14.89,30673.3,27415.6,
20241207,38,14.90,30686.3,27215.6,
20241207,38,14.91,30686.3,27215.6,
20241207,38,14.93,30721.3,27215.2,
20241207,38,14.96,30721.3,27215.2,
20241207,38,14.98,30755.3,27215.0,
20241207,38,15.00,30822.2,27215.0,
20241207,38,15.01,30828.4,27096.2,
20241207,38,15.02,30828.4,27096.2,
20241207,38,15.03,30867.9,26896.2,
20241207,38,15.09,30867.9,26896.2,
20241207,38,15.11,30867.9,26890.5,
20241207,38,15.15,30867.9,26690.5,
20241207,38,15.18,30867.9,26664.2,
20241207,38,15.21,30881.7,26603.7,
20241207,38,15.22,31027.7,26603.7,
20241207,38,15.36,31037.1,26603.7,
20241207,38,15.37,31046.5,26603.7,
20241207,38,15.43,31071.5,26603.7,
20241207,38,15.45,31171.5,26603.7,
20241207,38,15.50,31316.5,26603.7,
20241207,38,15.52,31319.5,26593.7,
20241207,38,15.54,31330.4,26593.7,
20241207,38,15.56,31330.4,26583.7,
20241207,38,15.58,31330.4,26570.2,
20241207,38,15.60,31330.4,26569.9,
20241207,38,15.68,31330.4,26569.8,
20241207,38,15.70,31330.4,26568.1,
20241207,38,15.83,31332.1,26568.0,
20241207,38,15.85,31362.1,26568.0,
20241207,38,15.86,31362.1,26568.0,
20241207,38,15.89,31362.1,26567.1,
20241207,38,15.90,31642.1,26561.6,
20241207,38,15.93,31745.1,26561.4,
20241207,38,15.95,31747.1,26561.4,
20241207,38,16.00,31807.1,26561.4,
20241207,38,16.01,31820.8,26555.0,
20241207,38,16.06,31920.8,26549.6,
20241207,38,16.10,31921.3,26549.6,
20241207,38,16.13,31967.3,26549.6,
20241207,38,16.14,32013.3,26549.6,
20241207,38,16.15,32059.3,26549.6,
20241207,38,16.21,32059.3,26549.6,
20241207,38,16.28,32063.3,26549.4,
20241207,38,16.30,32063.3,26544.4,
20241207,38,16.32,32163.3,26539.9,
20241207,38,16.40,32163.3,26539.9,
20241207,38,16.44,32163.3,26539.8,
20241207,38,16.50,32238.3,26535.8,
20241207,38,16.53,32248.3,26534.8,
20241207,38,16.59,32298.3,26534.8,
20241207,38,16.61,32298.3,26533.4,
20241207,38,16.70,32318.3,26525.8,
20241207,38,16.71,32318.3,26517.8,
20241207,38,16.72,32618.3,26514.2,
20241207,38,16.76,32700.0,26514.2,
20241207,38,16.84,32700.0,26514.2,
20241207,38,16.88,32750.0,26514.0,
20241207,38,16.96,32750.0,26514.0,
20241207,38,17.00,32831.9,26504.3,
20241207,38,17.01,32831.9,26503.2,
20241207,38,17.17,33251.9,26493.2,
20241207,38,17.20,33251.9,26493.2,
20241207,38,17.22,33476.4,26492.2,
20241207,38,17.33,33476.5,26492.2,
20241207,38,17.43,33476.5,26492.2,
20241207,38,17.51,33476.5,26382.0,
20241207,38,17.58,33476.5,26380.8,
20241207,38,17.65,33476.5,26364.6,
20241207,38,17.73,33476.5,26358.9,
20241207,38,17.74,33479.5,26336.9,
20241207,38,17.79,33479.5,26336.9,
20241207,38,18.00,33479.5,26333.2,
20241207,38,18.01,33484.7,26269.3,
20241207,38,18.04,33494.7,26268.6,
20241207,38,18.13,33594.7,26268.6,
20241207,38,18.43,33699.7,26268.6,
20241207,38,18.50,33699.7,26268.6,
20241207,38,18.57,33699.7,26267.4,
20241207,38,18.62,33699.7,26257.7,
20241207,38,18.65,33699.7,26256.9,
20241207,38,18.78,33699.7,26256.6,
20241207,38,18.79,33700.6,26249.9,
20241207,38,18.93,33725.7,26249.9,
20241207,38,18.98,33725.7,26130.9,
20241207,38,18.99,33775.6,26129.9,
20241207,38,19.00,33825.6,26129.9,
20241207,38,19.14,33825.6,26107.4,
20241207,38,19.19,33825.6,26104.9,
20241207,38,19.40,33825.6,25994.3,
20241207,38,19.42,34055.6,25981.3,
20241207,38,19.45,34094.6,25981.3,
20241207,38,19.54,34097.1,25981.3,
20241207,38,19.56,34239.1,25981.3,
20241207,38,19.63,34380.1,25981.3,
20241207,38,19.66,34522.1,25981.3,
20241207,38,19.70,34663.1,25981.3,
20241207,38,19.73,34763.1,25981.3,
20241207,38,19.74,34766.3,25981.3,
20241207,38,19.77,34908.3,25981.3,
20241207,38,19.79,34908.3,25955.0,
20241207,38,19.83,34929.2,25954.2,
20241207,38,19.90,34968.2,25954.2,
20241207,38,19.94,34968.2,25954.2,
20241207,38,19.95,34968.2,25952.5,
20241207,38,19.96,34968.2,25952.4,
20241207,38,20.00,34998.2,25952.0,
20241207,38,20.01,35003.3,25883.1,
20241207,38,20.49,35003.3,25868.0,
20241207,38,20.50,35003.3,25866.2,
20241207,38,20.73,35024.2,25864.6,
20241207,38,21.00,35051.2,25864.6,
20241207,38,21.02,35051.2,25849.6,
20241207,38,21.10,35057.5,25847.6,
20241207,38,21.35,35057.5,25847.6,
20241207,38,21.44,35057.5,25845.0,
20241207,38,21.55,35057.5,25843.0,
20241207,38,21.63,35074.2,25795.2,
20241207,38,21.65,35074.2,25795.2,
20241207,38,21.84,35074.2,25787.5,
20241207,38,22.00,35081.2,25786.9,
20241207,38,22.33,35081.2,25786.9,
20241207,38,22.35,35222.2,25773.7,
20241207,38,22.50,35222.2,25773.7,
20241207,38,22.58,35229.9,25772.2,
20241207,38,22.70,35229.9,25772.2,
20241207,38,23.20,35245.3,25770.2,
20241207,38,23.21,35245.3,25770.2,
20241207,38,23.29,35245.3,25769.3,
20241207,38,24.00,35245.3,25678.8,
20241207,38,24.04,35245.3,25593.8,
20241207,38,24.05,35245.3,25592.1,
20241207,38,24.94,35245.3,25590.7,
20241207,38,24.95,35245.3,25574.6,
20241207,38,24.96,35245.3,25574.3,
20241207,38,25.00,35245.3,25570.4,
20241207,38,25.12,35245.3,25435.9,
20241207,38,25.40,35245.3,25414.2,
20241207,38,25.57,35387.3,25413.2,
20241207,38,26.00,35387.3,25413.2,
20241207,38,26.09,35387.3,25395.9,
20241207,38,26.44,35387.3,25395.2,
20241207,38,26.69,35387.3,25376.6,
20241207,38,26.75,35387.3,25369.0,
20241207,38,27.22,35387.3,25368.0,
20241207,38,27.50,35387.3,25354.8,
20241207,38,27.80,35387.3,25351.1,
20241207,38,28.10,35387.3,25350.3,
20241207,38,28.80,35528.3,25349.3,
20241207,38,28.87,35537.9,25349.3,
20241207,38,29.45,35537.9,25349.3,
20241207,38,29.90,35537.9,25348.3,
20241207,38,30.00,35537.9,25343.7,
20241207,38,30.01,35537.9,25258.5,
20241207,38,30.05,35537.9,25257.4,
20241207,38,30.29,35537.9,25249.7,
20241207,38,30.80,35537.9,25249.0,
20241207,38,30.86,35537.9,25248.0,
20241207,38,31.36,35537.9,25247.1,
20241207,38,31.45,35537.9,24658.4,
20241207,38,31.73,35537.9,24650.8,
20241207,38,31.79,35537.9,24554.9,
20241207,38,32.04,35537.9,24551.3,
20241207,38,32.11,35537.9,24551.0,
20241207,38,32.14,35537.9,24540.7,
20241207,38,32.15,35537.9,24539.9,
20241207,38,32.39,35537.9,24538.9,
20241207,38,33.00,35537.9,24525.3,
20241207,38,33.50,35537.9,24469.8,
20241207,38,33.62,35680.3,24468.8,
20241207,38,34.85,35680.3,24468.8,
20241207,38,34.94,35680.3,24460.2,
20241207,38,35.00,35680.3,24438.1,
20241207,38,35.02,35680.3,24411.8,
20241207,38,35.37,35680.3,24409.4,
20241207,38,36.00,35680.3,24399.3,
20241207,38,36.73,35680.3,24318.1,
20241207,38,36.79,35680.3,24308.0,
20241207,38,37.00,35680.3,24296.9,
20241207,38,37.50,35680.3,24290.1,
20241207,38,38.00,35680.3,24244.2,
20241207,38,39.00,35680.3,24243.9,
20241207,38,39.69,36433.3,24243.8,
20241207,38,40.00,36433.3,24243.8,
20241207,38,40.01,36433.3,24135.3,
20241207,38,40.12,36433.3,24057.6,
20241207,38,41.36,36433.3,24040.7,
20241207,38,42.00,36433.3,24040.0,
20241207,38,45.00,36433.3,24038.7,
20241207,38,45.01,36433.3,23274.6,
20241207,38,46.00,36433.3,22981.3,
20241207,38,46.40,36433.3,22931.2,
20241207,38,47.20,36433.3,22929.6,
20241207,38,48.32,36433.3,22710.7,
20241207,38,50.00,36434.5,22685.0,
20241207,38,50.01,36434.5,22246.6,
20241207,38,50.90,36434.5,22242.2,
20241207,38,53.00,36434.5,22239.9,
20241207,38,55.00,36434.5,22239.5,
20241207,38,59.32,36434.5,22169.6,
20241207,38,60.00,36434.5,22168.0,
20241207,38,64.53,36434.5,22013.3,
20241207,38,65.89,36434.5,21983.0,
20241207,38,70.00,36434.5,21964.0,
20241207,38,72.00,36434.5,21962.8,
20241207,38,72.24,36434.5,21962.5,
20241207,38,77.80,36434.5,21960.8,
20241207,38,79.90,36434.5,21772.7,
20241207,38,80.00,36434.5,21769.5,
20241207,38,80.01,36434.5,20591.7,
20241207,38,80.05,36434.5,20473.5,
20241207,38,80.21,36584.4,20446.4,
20241207,38,81.00,36584.4,20446.4,
20241207,38,82.01,36584.4,20363.9,
20241207,38,85.00,36584.4,20188.8,
20241207,38,85.16,36584.4,20175.8,
20241207,38,90.00,36584.4,20174.2,
20241207,38,98.08,36584.4,20166.2,
20241207,38,99.00,36584.4,20164.5,
20241207,38,99.90,36584.4,20164.3,
20241207,38,100.00,36630.2,20154.3,
20241207,38,100.01,36665.4,19750.5,
20241207,38,101.00,36665.4,19750.5,
20241207,38,120.10,36665.4,19586.0,
20241207,38,138.00,36665.4,19534.3,
20241207,38,150.00,36665.4,19343.6,
20241207,38,151.00,36665.4,19338.2,
20241207,38,190.00,36665.4,19300.0,
20241207,38,200.00,36665.4,19298.2,
20241207,38,200.01,36665.4,16510.3,
20241207,38,200.10,36665.4,14193.2,
20241207,38,200.50,36665.4,14005.6,
20241207,38,200.98,36665.4,13956.4,
20241207,38,200.99,36665.4,13956.3,
20241207,38,201.00,36665.4,13956.2,
20241207,38,210.00,36665.4,13876.6,
20241207,38,250.00,36665.4,12314.7,
20241207,38,299.99,36665.9,12172.1,
20241207,38,300.00,36665.9,12172.1,
20241207,38,500.00,36665.9,12067.3,
20241207,38,550.02,36665.9,12057.3,
20241207,38,900.00,36665.9,11761.9,
20241207,38,999.00,36665.9,11748.3,
20241207,38,999.99,36665.9,0.0,
20241207,39,0.00,0.0,37814.5,
20241207,39,0.00,9680.4,37814.5,
20241207,39,0.01,27985.5,37814.5,
20241207,39,0.02,28214.1,37800.1,
20241207,39,0.03,28218.1,37789.7,
20241207,39,0.04,28236.1,37777.9,
20241207,39,0.10,28256.4,37777.9,
20241207,39,0.25,28276.9,37685.4,
20241207,39,1.00,28742.2,37685.4,
20241207,39,1.01,28750.9,37588.6,
20241207,39,1.10,28880.7,37575.4,
20241207,39,1.60,28881.7,37575.4,
20241207,39,2.00,28952.2,37575.4,
20241207,39,2.01,28952.2,37559.4,
20241207,39,2.45,28954.2,36959.4,
20241207,39,2.60,28961.4,36959.4,
20241207,39,2.95,28962.4,36959.4,
20241207,39,3.00,28963.7,36959.4,
20241207,39,3.01,28967.6,36459.3,
20241207,39,3.80,28969.6,36259.3,
20241207,39,4.00,28969.6,36259.3,
20241207,39,4.27,29028.0,36258.3,
20241207,39,4.30,29029.0,36258.3,
20241207,39,5.00,29182.2,36258.3,
20241207,39,5.01,29182.6,35989.5,
20241207,39,5.15,29184.6,35425.8,
20241207,39,5.19,29191.8,35425.8,
20241207,39,5.34,29191.8,35425.8,
20241207,39,5.65,29192.8,35370.8,
20241207,39,5.90,29192.8,35370.8,
20241207,39,6.00,29263.7,35355.0,
20241207,39,6.01,29265.2,35345.0,
20241207,39,6.10,29267.1,35345.0,
20241207,39,6.26,29267.1,35345.0,
20241207,39,6.50,29280.8,35339.0,
20241207,39,6.60,29281.8,35339.0,
20241207,39,7.00,29283.2,35339.0,
20241207,39,7.50,29323.2,35338.2,
20241207,39,7.51,29323.2,35338.2,
20241207,39,7.78,29330.4,35138.2,
20241207,39,7.85,29332.4,35138.2,
20241207,39,8.00,29333.9,35138.2,
20241207,39,8.01,29335.4,34981.8,
20241207,39,8.30,29335.4,34981.8,
20241207,39,8.35,29337.4,34981.7,
20241207,39,8.85,29337.4,34981.7,
20241207,39,8.89,29337.4,34524.7,
20241207,39,8.94,29337.4,34465.7,
20241207,39,8.97,29337.4,34435.7,
20241207,39,9.00,29341.4,34405.7,
20241207,39,9.05,29341.4,34340.2,
20241207,39,9.08,29341.4,34310.2,
20241207,39,9.11,29341.4,34280.2,
20241207,39,9.16,29341.4,34220.2,
20241207,39,9.19,29341.4,34190.2,
20241207,39,9.20,29343.4,34160.2,
20241207,39,9.22,29343.4,34160.2,
20241207,39,9.27,29343.4,34105.2,
20241207,39,9.41,29343.4,34100.2,
20241207,39,9.50,29343.5,34097.3,
20241207,39,9.70,29345.8,34097.2,
20241207,39,9.71,29351.8,34097.2,
20241207,39,9.73,29351.8,34097.2,
20241207,39,9.99,29351.8,34052.2,
20241207,39,10.00,29366.0,34021.9,
20241207,39,10.01,29370.2,33997.8,
20241207,39,10.14,29370.2,33985.5,
20241207,39,10.15,29370.2,33929.5,
20241207,39,10.25,29370.2,33829.5,
20241207,39,10.30,29438.3,33255.5,
20241207,39,10.37,29445.6,33255.5,
20241207,39,10.44,29445.6,33255.5,
20241207,39,10.50,29445.6,33108.5,
20241207,39,10.55,29447.6,33108.1,
20241207,39,10.67,29447.6,33108.1,
20241207,39,10.68,29447.6,33023.1,
20241207,39,10.71,29447.6,33019.5,
20241207,39,10.79,29447.6,33017.6,
20241207,39,10.80,29447.6,32870.6,
20241207,39,10.89,29447.6,32723.6,
20241207,39,10.90,29447.6,32721.0,
20241207,39,10.93,29447.6,32720.1,
20241207,39,11.00,29449.8,32618.1,
20241207,39,11.01,29451.5,32534.5,
20241207,39,11.04,29451.5,32534.5,
20241207,39,11.05,29454.7,32387.5,
20241207,39,11.06,29454.7,32387.5,
20241207,39,11.07,29454.7,32381.6,
20241207,39,11.08,29454.7,32351.6,
20241207,39,11.26,29454.7,32247.6,
20241207,39,11.34,29454.7,32053.4,
20241207,39,11.40,29454.7,31588.2,
20241207,39,11.42,29469.9,31539.2,
20241207,39,11.45,29470.3,31539.2,
20241207,39,11.50,29470.3,31439.2,
20241207,39,11.53,29470.3,31316.2,
20241207,39,11.54,29470.3,31251.2,
20241207,39,11.56,29470.3,31128.2,
20241207,39,11.57,29522.3,31028.2,
20241207,39,11.65,29522.3,31028.2,
20241207,39,11.66,29522.3,30905.2,
20241207,39,11.67,29522.3,30675.2,
20241207,39,11.70,29522.8,30575.2,
20241207,39,11.74,29522.9,30575.2,
20241207,39,11.76,29522.9,30575.2,
20241207,39,11.82,29522.9,30545.2,
20241207,39,11.83,29522.9,30515.2,
20241207,39,11.84,29573.0,30505.3,
20241207,39,11.87,29573.0,30505.3,
20241207,39,11.88,29573.0,30382.3,
20241207,39,11.90,29575.0,30282.3,
20241207,39,11.92,29575.0,30282.3,
20241207,39,11.99,29575.0,30282.0,
20241207,39,12.00,29664.0,30159.0,
20241207,39,12.01,29664.3,30033.0,
20241207,39,12.03,29754.3,29964.9,
20241207,39,12.17,29754.3,29964.9,
20241207,39,12.21,29764.3,29960.1,
20241207,39,12.28,29764.3,29676.1,
20241207,39,12.40,29764.3,29676.0,
20241207,39,12.43,29794.3,29651.0,
20241207,39,12.50,29796.3,29651.0,
20241207,39,12.60,29796.3,29608.8,
20241207,39,12.63,29796.3,29582.3,
20241207,39,12.67,29796.3,29561.8,
20241207,39,12.68,29797.4,29486.8,
20241207,39,12.75,29809.4,29486.8,
20241207,39,12.77,29824.1,29486.8,
20241207,39,12.81,29824.1,29481.8,
20241207,39,12.88,29824.1,29330.8,
20241207,39,12.96,29831.3,29290.1,
20241207,39,12.99,29831.3,29290.1,
20241207,39,13.00,29856.0,29218.1,
20241207,39,13.01,29860.0,29210.6,
20241207,39,13.02,29880.0,29201.0,
20241207,39,13.05,29881.4,29201.0,
20241207,39,13.14,29882.8,29201.0,
20241207,39,13.23,29884.3,29036.0,
20241207,39,13.25,29886.3,29036.0,
20241207,39,13.30,29886.3,29036.0,
20241207,39,13.32,29887.8,29034.5,
20241207,39,13.34,29887.8,29034.5,
20241207,39,13.41,29889.1,29004.5,
20241207,39,13.45,29989.1,29003.5,
20241207,39,13.48,30004.5,29003.5,
20241207,39,13.50,30028.0,29003.5,
20241207,39,13.51,30028.8,28963.5,
20241207,39,13.61,30048.8,28963.5,
20241207,39,13.69,30048.8,28963.5,
20241207,39,13.70,30048.8,28963.4,
20241207,39,13.75,30048.8,28962.9,
20241207,39,13.85,30049.5,28962.3,
20241207,39,13.89,30049.5,28962.3,
20241207,39,14.00,30109.0,28940.7,
20241207,39,14.01,30110.8,28882.9,
20241207,39,14.17,30116.8,28882.0,
20241207,39,14.18,30146.8,28882.0,
20241207,39,14.19,30162.2,28882.0,
20241207,39,14.20,30162.2,28882.0,
20241207,39,14.21,30162.2,28881.3,
20241207,39,14.29,30162.2,28876.8,
20241207,39,14.30,30162.2,28857.6,
20241207,39,14.31,30162.2,28757.6,
20241207,39,14.35,30191.1,28557.6,
20241207,39,14.37,30241.1,28557.6,
20241207,39,14.40,30241.1,28357.6,
20241207,39,14.42,30241.1,28157.6,
20241207,39,14.49,30241.1,27957.6,
20241207,39,14.50,30271.1,27757.6,
20241207,39,14.51,30276.2,27757.6,
20241207,39,14.52,30276.2,27757.6,
20241207,39,14.54,30276.2,27697.6,
20241207,39,14.56,30276.2,27692.7,
20241207,39,14.60,30278.2,27492.7,
20241207,39,14.62,30278.2,27492.5,
20241207,39,14.64,30280.7,27492.3,
20241207,39,14.72,30310.7,27492.3,
20241207,39,14.75,30310.7,27492.3,
20241207,39,14.85,30316.7,27292.3,
20241207,39,14.88,30326.7,27292.3,
20241207,39,14.89,30326.7,27292.3,
20241207,39,14.90,30350.6,27092.3,
20241207,39,14.91,30350.6,27082.3,
20241207,39,14.92,30350.6,27032.3,
20241207,39,14.93,30362.6,27018.8,
20241207,39,14.98,30377.6,27018.8,
20241207,39,14.99,30377.6,27018.8,
20241207,39,15.00,30442.6,26968.8,
20241207,39,15.01,30443.6,26734.4,
20241207,39,15.03,30461.6,26734.4,
20241207,39,15.04,30461.6,26734.4,
20241207,39,15.06,30461.6,26534.4,
20241207,39,15.10,30461.6,26533.7,
20241207,39,15.19,30461.6,26527.6,
20241207,39,15.21,30461.6,26501.0,
20241207,39,15.22,30553.6,26442.0,
20241207,39,15.36,30585.4,26442.0,
20241207,39,15.37,30618.8,26442.0,
20241207,39,15.39,30638.8,26442.0,
20241207,39,15.43,30639.8,26442.0,
20241207,39,15.45,30739.8,26442.0,
20241207,39,15.46,30739.8,26442.0,
20241207,39,15.50,30884.8,26441.7,
20241207,39,15.60,30884.8,26428.3,
20241207,39,15.61,30888.6,26428.2,
20241207,39,15.63,30888.6,26423.2,
20241207,39,15.70,30888.6,26418.7,
20241207,39,15.89,31272.6,26418.6,
20241207,39,15.90,31273.1,26418.6,
20241207,39,15.91,31273.1,26418.4,
20241207,39,15.92,31302.1,26417.4,
20241207,39,15.93,31405.1,26417.4,
20241207,39,15.95,31407.1,26417.4,
20241207,39,15.98,31407.3,26411.9,
20241207,39,16.00,31467.3,26408.1,
20241207,39,16.01,31480.8,26332.8,
20241207,39,16.06,31580.8,26327.5,
20241207,39,16.10,31590.8,26327.5,
20241207,39,16.12,31637.1,26327.5,
20241207,39,16.13,31683.4,26327.5,
20241207,39,16.14,31729.7,26327.5,
20241207,39,16.21,31749.7,26327.5,
20241207,39,16.28,31784.7,26327.5,
20241207,39,16.32,31884.7,26327.5,
20241207,39,16.38,31968.0,26327.5,
20241207,39,16.40,31968.0,26327.5,
20241207,39,16.45,31968.0,26327.4,
20241207,39,16.47,32018.0,26323.4,
20241207,39,16.50,32093.0,26323.4,
20241207,39,16.59,32093.0,26322.4,
20241207,39,16.61,32123.0,26321.0,
20241207,39,16.70,32143.0,26320.8,
20241207,39,16.71,32143.0,26312.8,
20241207,39,16.72,32513.5,26309.2,
20241207,39,16.75,32728.5,26308.6,
20241207,39,16.78,32728.5,26308.6,
20241207,39,16.84,32740.5,26308.2,
20241207,39,16.91,32790.5,26308.2,
20241207,39,16.96,32790.5,26308.2,
20241207,39,17.00,32875.4,26298.5,
20241207,39,17.01,32880.5,26298.3,
20241207,39,17.02,33059.0,26288.8,
20241207,39,17.05,33094.0,26288.8,
20241207,39,17.08,33094.1,26288.8,
20241207,39,17.17,33194.1,26288.8,
20241207,39,17.18,33194.1,26288.8,
20241207,39,17.20,33194.1,26196.5,
20241207,39,17.22,33418.6,26189.2,
20241207,39,17.30,33418.6,26189.2,
20241207,39,17.43,33418.6,26171.2,
20241207,39,17.48,33418.6,26171.0,
20241207,39,17.50,33418.6,26112.2,
20241207,39,17.56,33431.1,26108.6,
20241207,39,17.57,33441.1,26108.6,
20241207,39,17.58,33441.1,26108.6,
20241207,39,17.61,33441.1,26092.4,
20241207,39,17.67,33441.1,26086.7,
20241207,39,17.73,33491.0,26082.9,
20241207,39,17.80,33491.0,26060.9,
20241207,39,17.83,33516.0,26057.3,
20241207,39,18.00,33516.0,26057.3,
20241207,39,18.01,33516.0,26000.5,
20241207,39,18.13,33616.0,25999.9,
20241207,39,18.18,33616.0,25999.9,
20241207,39,18.37,33616.0,25999.7,
20241207,39,18.40,33626.4,25998.0,
20241207,39,18.43,33731.4,25998.0,
20241207,39,18.47,33731.4,25998.0,
20241207,39,18.50,33761.4,25997.1,
20241207,39,18.57,33761.4,25997.1,
20241207,39,18.60,33786.4,25987.4,
20241207,39,18.65,33786.4,25987.4,
20241207,39,18.78,33786.4,25987.1,
20241207,39,18.79,33786.9,25980.0,
20241207,39,18.80,33786.9,25980.0,
20241207,39,18.98,33786.9,25880.0,
20241207,39,19.00,33836.9,25876.9,
20241207,39,19.03,33839.4,25853.2,
20241207,39,19.15,33839.4,25853.2,
20241207,39,19.18,33839.4,25850.7,
20241207,39,19.23,33849.8,25738.0,
20241207,39,19.27,33849.8,25738.0,
20241207,39,19.36,33849.8,25725.0,
20241207,39,19.42,34079.8,25717.3,
20241207,39,19.45,34118.8,25717.3,
20241207,39,19.50,34118.8,25717.3,
20241207,39,19.56,34260.8,25717.0,
20241207,39,19.59,34401.8,25717.0,
20241207,39,19.63,34401.8,25717.0,
20241207,39,19.64,34401.8,25715.3,
20241207,39,19.65,34401.8,25715.2,
20241207,39,19.66,34543.8,25714.8,
20241207,39,19.70,34684.8,25714.8,
20241207,39,19.73,34740.3,25714.0,
20241207,39,19.74,34740.3,25714.0,
20241207,39,19.76,34798.3,25713.8,
20241207,39,19.77,34940.3,25713.8,
20241207,39,20.00,34970.3,25713.8,
20241207,39,20.01,34975.2,25648.0,
20241207,39,20.07,34983.5,25633.3,
20241207,39,20.50,34983.5,25633.3,
20241207,39,20.51,34983.5,25631.4,
20241207,39,21.00,35010.5,25630.6,
20241207,39,21.10,35016.8,25615.6,
20241207,39,21.11,35016.8,25615.6,
20241207,39,21.25,35016.8,25608.0,
20241207,39,21.31,35016.8,25605.9,
20241207,39,21.35,35016.8,25604.8,
20241207,39,21.55,35016.8,25602.2,
20241207,39,21.85,35016.8,25554.7,
20241207,39,21.92,35016.8,25554.1,
20241207,39,22.00,35023.8,25542.0,
20241207,39,22.35,35164.8,25542.0,
20241207,39,22.50,35164.8,25542.0,
20241207,39,22.58,35172.5,25540.5,
20241207,39,22.70,35172.5,25540.5,
20241207,39,22.75,35172.5,25538.5,
20241207,39,23.20,35187.9,25512.7,
20241207,39,23.29,35187.9,25512.7,
20241207,39,23.91,35187.9,25422.2,
20241207,39,24.00,35187.9,25421.3,
20241207,39,24.02,35187.9,25338.7,
20241207,39,24.04,35187.9,25331.0,
20241207,39,24.05,35187.9,25329.8,
20241207,39,24.63,35187.9,25328.4,
20241207,39,24.64,35187.9,25312.3,
20241207,39,24.65,35187.9,25312.0,
20241207,39,25.00,35187.9,25308.1,
20241207,39,25.12,35187.9,25176.8,
20241207,39,25.20,35187.9,25155.6,
20241207,39,25.40,35187.9,25154.9,
20241207,39,25.57,35329.9,25153.9,
20241207,39,26.00,35329.9,25153.9,
20241207,39,26.25,35329.9,25137.1,
20241207,39,26.34,35329.9,25118.1,
20241207,39,26.75,35329.9,25108.0,
20241207,39,26.93,35329.9,25107.0,
20241207,39,27.31,35329.9,25099.4,
20241207,39,27.50,35329.9,25098.6,
20241207,39,28.10,35329.9,25095.0,
20241207,39,28.80,35470.9,25094.0,
20241207,39,28.87,35480.5,25094.0,
20241207,39,29.45,35480.5,25085.6,
20241207,39,29.57,35480.5,25084.6,
20241207,39,29.68,35480.5,25083.7,
20241207,39,29.84,35480.5,25076.1,
20241207,39,29.90,35480.5,24981.9,
20241207,39,30.00,35480.5,24977.3,
20241207,39,30.01,35480.5,24890.9,
20241207,39,30.40,35480.5,24890.1,
20241207,39,30.51,35480.5,24889.9,
20241207,39,30.70,35480.5,24889.1,
20241207,39,30.76,35480.5,24876.8,
20241207,39,30.80,35480.5,24866.7,
20241207,39,31.00,35480.5,24865.7,
20241207,39,31.36,35480.5,24863.7,
20241207,39,31.50,35480.5,24255.7,
20241207,39,31.79,35480.5,24255.5,
20241207,39,32.02,35622.5,24244.1,
20241207,39,32.15,35622.5,24244.1,
20241207,39,33.00,35622.5,24243.1,
20241207,39,33.50,35622.5,24189.8,
20241207,39,33.62,35647.2,24188.8,
20241207,39,33.71,35647.2,24188.8,
20241207,39,34.85,35647.2,24178.7,
20241207,39,34.94,35647.2,24169.8,
20241207,39,35.00,35647.2,24138.7,
20241207,39,35.18,35647.2,24115.1,
20241207,39,35.50,35647.2,24113.4,
20241207,39,36.00,35647.2,24113.3,
20241207,39,36.79,35647.2,24031.8,
20241207,39,37.50,35647.2,24020.7,
20241207,39,38.00,35647.2,23979.0,
20241207,39,39.69,36373.2,23978.7,
20241207,39,40.00,36373.2,23978.7,
20241207,39,40.01,36373.2,23878.8,
20241207,39,40.12,36373.2,23797.2,
20241207,39,41.36,36373.2,23780.8,
20241207,39,42.00,36373.2,23779.5,
20241207,39,42.50,36373.2,23778.3,
20241207,39,42.62,36373.2,23778.2,
20241207,39,45.00,36373.2,23775.8,
20241207,39,45.01,36373.2,23019.2,
20241207,39,46.00,36373.2,22708.3,
20241207,39,47.08,36373.2,22658.3,
20241207,39,48.32,36373.2,22437.4,
20241207,39,48.64,36373.2,22411.8,
20241207,39,49.50,36373.2,22410.2,
20241207,39,50.00,36374.4,22409.9,
20241207,39,50.01,36374.4,21984.8,
20241207,39,50.90,36374.4,21980.8,
20241207,39,55.00,36374.4,21978.5,
20241207,39,60.00,36374.4,21909.0,
20241207,39,61.56,36374.4,21756.6,
20241207,39,64.71,36374.4,21755.0,
20241207,39,66.04,36374.4,21725.4,
20241207,39,70.00,36374.4,21706.8,
20241207,39,72.00,36374.4,21705.6,
20241207,39,74.48,36374.4,21705.4,
20241207,39,77.80,36374.4,21703.7,
20241207,39,79.90,36374.4,21521.1,
20241207,39,80.00,36374.4,21518.0,
20241207,39,80.01,36374.4,20347.7,
20241207,39,80.05,36374.4,20233.3,
20241207,39,80.21,36524.3,20207.0,
20241207,39,81.00,36524.3,20207.0,
20241207,39,82.01,36524.3,20119.2,
20241207,39,85.00,36524.3,19942.8,
20241207,39,87.40,36524.3,19930.0,
20241207,39,90.00,36524.3,19928.4,
20241207,39,99.00,36524.3,19921.6,
20241207,39,99.90,36524.3,19921.4,
20241207,39,100.00,36570.3,19911.5,
20241207,39,100.01,36605.4,19514.6,
20241207,39,100.32,36605.4,19514.6,
20241207,39,101.00,36605.4,19512.9,
20241207,39,120.10,36605.4,19348.4,
20241207,39,138.00,36605.4,19298.1,
20241207,39,150.00,36605.4,19109.2,
20241207,39,151.00,36605.4,19103.8,
20241207,39,190.00,36605.4,19064.9,
20241207,39,200.00,36605.4,19063.2,
20241207,39,200.01,36605.4,16324.2,
20241207,39,200.10,36605.4,14007.7,
20241207,39,200.50,36605.4,13819.8,
20241207,39,200.98,36605.4,13775.2,
20241207,39,200.99,36605.4,13775.1,
20241207,39,201.00,36605.4,13775.0,
20241207,39,210.00,36605.4,13697.9,
20241207,39,250.00,36605.4,12134.7,
20241207,39,299.99,36605.9,11991.5,
20241207,39,300.00,36605.9,11991.5,
20241207,39,500.00,36605.9,11886.8,
20241207,39,550.02,36605.9,11876.8,
20241207,39,900.00,36605.9,11581.4,
20241207,39,999.00,36605.9,11567.8,
20241207,39,999.99,36605.9,0.0,
20241207,40,0.00,0.0,37501.6,
20241207,40,0.00,9671.9,37501.6,
20241207,40,0.01,27818.3,37501.6,
20241207,40,0.02,28042.3,37488.2,
20241207,40,0.03,28046.4,37477.8,
20241207,40,0.04,28064.4,37466.2,
20241207,40,0.10,28084.5,37466.2,
20241207,40,1.00,28520.2,37381.0,
20241207,40,1.01,28528.8,37277.4,
20241207,40,1.10,28661.8,37264.6,
20241207,40,2.00,28732.7,37264.6,
20241207,40,2.01,28732.7,37248.6,
20241207,40,2.45,28734.7,36648.6,
20241207,40,2.49,28741.9,36648.6,
20241207,40,3.00,28743.7,36648.6,
20241207,40,3.01,28744.2,36147.4,
20241207,40,3.50,28744.2,35947.4,
20241207,40,3.80,28746.2,35892.4,
20241207,40,4.00,28746.2,35892.4,
20241207,40,4.27,28804.6,35891.4,
20241207,40,4.97,28811.8,35891.4,
20241207,40,5.00,28962.5,35891.4,
20241207,40,5.01,28962.9,35624.1,
20241207,40,5.15,28964.9,35064.6,
20241207,40,5.90,28964.9,35064.6,
20241207,40,6.00,29033.7,35048.7,
20241207,40,6.01,29035.3,35038.7,
20241207,40,6.26,29035.3,35038.7,
20241207,40,6.50,29047.7,35032.7,
20241207,40,6.60,29051.1,35032.7,
20241207,40,6.87,29051.6,35032.7,
20241207,40,7.00,29051.6,35032.7,
20241207,40,7.45,29058.8,35031.9,
20241207,40,7.50,29098.8,35031.9,
20241207,40,7.51,29098.8,35031.9,
20241207,40,7.62,29098.8,34831.9,
20241207,40,7.85,29100.8,34831.8,
20241207,40,8.00,29102.8,34831.8,
20241207,40,8.01,29104.3,34668.3,
20241207,40,8.22,29105.3,34668.3,
20241207,40,8.50,29105.3,34668.3,
20241207,40,8.66,29105.3,34668.2,
20241207,40,8.85,29105.3,34667.9,
20241207,40,8.89,29105.3,34210.9,
20241207,40,8.94,29105.3,34151.9,
20241207,40,8.97,29105.3,34121.9,
20241207,40,9.00,29109.3,34091.9,
20241207,40,9.05,29109.3,34026.2,
20241207,40,9.08,29109.3,33996.2,
20241207,40,9.11,29109.3,33966.2,
20241207,40,9.12,29109.3,33906.2,
20241207,40,9.16,29109.3,33903.4,
20241207,40,9.19,29109.3,33873.4,
20241207,40,9.20,29111.3,33843.4,
20241207,40,9.22,29111.3,33843.4,
20241207,40,9.27,29111.3,33789.4,
20241207,40,9.41,29111.4,33783.4,
20241207,40,9.50,29111.4,33783.4,
20241207,40,9.57,29112.4,33783.1,
20241207,40,9.58,29112.4,33783.1,
20241207,40,9.71,29120.4,33781.3,
20241207,40,9.73,29120.4,33781.3,
20241207,40,9.93,29127.7,33736.3,
20241207,40,9.99,29127.7,33736.3,
20241207,40,10.00,29141.9,33706.3,
20241207,40,10.01,29146.2,33679.5,
20241207,40,10.14,29146.2,33667.4,
20241207,40,10.15,29146.2,33611.4,
20241207,40,10.25,29146.2,33511.4,
20241207,40,10.30,29214.2,32937.4,
20241207,40,10.44,29214.2,32937.2,
20241207,40,10.50,29214.2,32790.2,
20241207,40,10.52,29214.2,32790.1,
20241207,40,10.55,29216.2,32775.1,
20241207,40,10.67,29216.2,32775.1,
20241207,40,10.68,29216.2,32705.1,
20241207,40,10.69,29216.2,32701.5,
20241207,40,10.79,29216.2,32671.5,
20241207,40,10.80,29216.2,32524.5,
20241207,40,10.87,29216.5,32377.5,
20241207,40,10.92,29217.5,32377.5,
20241207,40,10.93,29217.5,32377.5,
20241207,40,10.94,29217.5,32275.5,
20241207,40,11.00,29235.6,32118.5,
20241207,40,11.01,29237.0,32039.9,
20241207,40,11.04,29237.0,32039.9,
20241207,40,11.06,29237.0,31892.9,
20241207,40,11.08,29237.5,31887.0,
20241207,40,11.26,29237.5,31783.0,
20241207,40,11.31,29237.5,31588.8,
20241207,40,11.34,29237.5,31523.8,
20241207,40,11.36,29237.5,31058.6,
20241207,40,11.40,29237.5,31028.6,
20241207,40,11.42,29252.7,30928.3,
20241207,40,11.43,29252.7,30928.3,
20241207,40,11.49,29252.7,30698.3,
20241207,40,11.50,29252.7,30697.7,
20241207,40,11.52,29252.7,30574.7,
20241207,40,11.54,29252.7,30474.7,
20241207,40,11.57,29304.7,30351.7,
20241207,40,11.60,29305.2,30351.7,
20241207,40,11.64,29305.2,30351.7,
20241207,40,11.65,29305.2,30251.7,
20241207,40,11.66,29305.2,30128.7,
20241207,40,11.69,29305.3,30128.4,
20241207,40,11.84,29335.3,30128.4,
20241207,40,11.86,29335.3,30128.4,
20241207,40,11.87,29335.3,30098.4,
20241207,40,11.88,29355.4,29965.5,
20241207,40,11.90,29357.4,29865.5,
20241207,40,12.00,29446.4,29865.5,
20241207,40,12.01,29446.4,29740.5,
20241207,40,12.03,29546.4,29424.7,
20241207,40,12.07,29616.4,29424.7,
20241207,40,12.08,29616.4,29424.7,
20241207,40,12.28,29616.4,29399.7,
20241207,40,12.32,29616.4,29399.6,
20241207,40,12.40,29616.4,29394.8,
20241207,40,12.41,29623.6,29394.7,
20241207,40,12.46,29653.6,29394.7,
20241207,40,12.50,29655.6,29394.7,
20241207,40,12.53,29657.0,29366.9,
20241207,40,12.60,29657.0,29366.9,
20241207,40,12.63,29657.0,29340.3,
20241207,40,12.65,29658.4,29319.8,
20241207,40,12.67,29658.4,29319.8,
20241207,40,12.68,29659.5,29244.8,
20241207,40,12.74,29671.5,29244.8,
20241207,40,12.76,29686.2,29244.8,
20241207,40,12.77,29687.7,29198.9,
20241207,40,12.80,29687.7,29198.9,
20241207,40,12.81,29687.7,29198.8,
20241207,40,12.89,29689.2,29048.8,
20241207,40,12.99,29719.2,29048.8,
20241207,40,13.00,29728.2,29048.8,
20241207,40,13.01,29733.6,29041.0,
20241207,40,13.05,29753.6,29030.6,
20241207,40,13.14,29753.6,29030.6,
20241207,40,13.20,29753.6,28865.6,
20241207,40,13.25,29755.6,28864.1,
20241207,40,13.30,29755.6,28864.1,
20241207,40,13.34,29755.6,28860.3,
20241207,40,13.37,29756.3,28830.3,
20241207,40,13.39,29756.3,28830.3,
20241207,40,13.40,29785.2,28826.5,
20241207,40,13.45,29885.2,28826.5,
20241207,40,13.47,29900.6,28826.5,
20241207,40,13.49,29930.6,28826.5,
20241207,40,13.50,29954.1,28822.7,
20241207,40,13.58,29955.8,28782.7,
20241207,40,13.62,29955.8,28775.0,
20241207,40,13.65,29975.8,28774.4,
20241207,40,13.69,29976.3,28774.4,
20241207,40,13.80,29976.7,28774.3,
20241207,40,13.84,29976.7,28774.3,
20241207,40,13.89,29976.7,28773.9,
20241207,40,13.92,29977.1,28752.4,
20241207,40,14.00,30053.9,28752.4,
20241207,40,14.01,30055.7,28694.5,
20241207,40,14.02,30055.7,28693.6,
20241207,40,14.03,30056.1,28633.6,
20241207,40,14.11,30076.1,28633.6,
20241207,40,14.14,30076.5,28633.6,
20241207,40,14.16,30082.5,28628.1,
20241207,40,14.18,30097.9,28628.1,
20241207,40,14.20,30097.9,28628.1,
20241207,40,14.29,30097.9,28623.6,
20241207,40,14.30,30097.9,28613.7,
20241207,40,14.33,30097.9,28511.5,
20241207,40,14.37,30147.9,28311.5,
20241207,40,14.40,30147.9,28111.5,
20241207,40,14.42,30147.9,27911.5,
20241207,40,14.49,30147.9,27711.5,
20241207,40,14.50,30177.9,27511.5,
20241207,40,14.51,30183.6,27511.5,
20241207,40,14.54,30183.6,27511.5,
20241207,40,14.56,30183.6,27506.6,
20241207,40,14.60,30185.6,27306.6,
20241207,40,14.64,30188.1,27306.4,
20241207,40,14.69,30188.1,27306.4,
20241207,40,14.75,30188.1,27247.4,
20241207,40,14.78,30188.1,27047.4,
20241207,40,14.82,30188.1,26997.4,
20241207,40,14.84,30188.1,26996.3,
20241207,40,14.85,30208.1,26946.3,
20241207,40,14.87,30211.1,26946.3,
20241207,40,14.89,30222.0,26946.3,
20241207,40,14.90,30235.0,26736.3,
20241207,40,14.91,30235.0,26736.3,
20241207,40,14.97,30235.0,26722.8,
20241207,40,15.00,30320.0,26717.1,
20241207,40,15.01,30321.0,26468.3,
20241207,40,15.03,30325.0,26468.3,
20241207,40,15.08,30325.0,26468.3,
20241207,40,15.10,30325.0,26268.3,
20241207,40,15.15,30325.2,26268.0,
20241207,40,15.22,30377.2,26268.0,
20241207,40,15.34,30377.2,26268.0,
20241207,40,15.36,30421.8,26241.3,
20241207,40,15.37,30495.4,26240.3,
20241207,40,15.41,30518.4,26240.3,
20241207,40,15.45,30618.4,26240.3,
20241207,40,15.50,30763.4,26240.3,
20241207,40,15.52,30765.0,26230.3,
20241207,40,15.60,30769.3,26230.3,
20241207,40,15.62,30769.3,26225.2,
20241207,40,15.70,30769.3,26220.7,
20241207,40,15.86,31276.3,26220.6,
20241207,40,15.89,31276.3,26220.6,
20241207,40,15.90,31276.3,26215.1,
20241207,40,15.91,31276.3,26214.9,
20241207,40,15.93,31379.3,26214.7,
20241207,40,15.95,31381.3,26214.7,
20241207,40,16.00,31431.3,26214.7,
20241207,40,16.01,31444.6,26138.5,
20241207,40,16.02,31444.6,26133.3,
20241207,40,16.04,31474.6,26133.0,
20241207,40,16.06,31574.6,26133.0,
20241207,40,16.10,31584.6,26133.0,
20241207,40,16.12,31639.7,26133.0,
20241207,40,16.13,31694.8,26133.0,
20241207,40,16.14,31749.9,26133.0,
20241207,40,16.29,31854.9,26133.0,
20241207,40,16.30,31854.9,26133.0,
20241207,40,16.32,31954.4,26129.5,
20241207,40,16.37,31966.4,26125.5,
20241207,40,16.38,32050.6,26125.5,
20241207,40,16.40,32050.6,26117.9,
20241207,40,16.50,32125.6,26117.8,
20241207,40,16.51,32175.6,26116.8,
20241207,40,16.59,32175.6,26116.8,
20241207,40,16.61,32210.6,26115.5,
20241207,40,16.62,32210.6,26115.5,
20241207,40,16.70,32210.6,26114.5,
20241207,40,16.71,32210.6,26105.5,
20241207,40,16.72,32581.1,26101.9,
20241207,40,16.79,32631.1,26101.9,
20241207,40,16.94,32809.7,26101.9,
20241207,40,16.96,32809.7,26101.9,
20241207,40,16.99,32812.7,26092.2,
20241207,40,17.00,32874.6,26092.2,
20241207,40,17.01,32879.5,26092.0,
20241207,40,17.17,32979.5,26082.7,
20241207,40,17.20,32979.5,26082.7,
20241207,40,17.22,33204.0,26076.1,
20241207,40,17.27,33204.0,26076.1,
20241207,40,17.37,33229.0,26058.4,
20241207,40,17.38,33229.0,26058.4,
20241207,40,17.43,33229.0,26058.2,
20241207,40,17.48,33229.0,26058.0,
20241207,40,17.57,33239.0,26000.8,
20241207,40,17.58,33239.0,26000.8,
20241207,40,17.65,33239.0,25984.6,
20241207,40,17.66,33239.0,25978.9,
20241207,40,17.67,33239.0,25886.7,
20241207,40,17.73,33239.0,25883.1,
20241207,40,18.00,33239.0,25861.1,
20241207,40,18.01,33239.0,25803.3,
20241207,40,18.10,33269.0,25802.7,
20241207,40,18.12,33294.0,25802.7,
20241207,40,18.13,33394.0,25802.7,
20241207,40,18.20,33394.0,25802.7,
20241207,40,18.43,33499.0,25802.0,
20241207,40,18.57,33499.0,25799.4,
20241207,40,18.65,33499.0,25789.7,
20241207,40,18.78,33499.0,25789.4,
20241207,40,18.79,33499.3,25782.1,
20241207,40,18.98,33499.3,25683.1,
20241207,40,19.00,33549.3,25679.7,
20241207,40,19.02,33549.3,25656.1,
20241207,40,19.03,33551.8,25653.6,
20241207,40,19.06,33551.8,25653.6,
20241207,40,19.17,33551.8,25653.4,
20241207,40,19.28,33603.8,25539.4,
20241207,40,19.40,33603.8,25539.4,
20241207,40,19.42,33833.8,25526.4,
20241207,40,19.52,33833.8,25526.4,
20241207,40,19.53,33833.8,25524.7,
20241207,40,19.54,33833.8,25524.6,
20241207,40,19.56,33975.8,25524.2,
20241207,40,19.63,34116.8,25524.2,
20241207,40,19.66,34258.8,25524.2,
20241207,40,19.70,34399.8,25524.2,
20241207,40,19.75,34458.8,25524.2,
20241207,40,19.77,34600.8,25524.2,
20241207,40,20.00,34630.8,25524.2,
20241207,40,20.01,34635.6,25458.1,
20241207,40,20.02,34635.6,25443.8,
20241207,40,20.21,34635.6,25443.1,
20241207,40,20.37,34635.6,25442.3,
20241207,40,20.48,34648.1,25440.4,
20241207,40,20.56,34698.0,25440.4,
20241207,40,20.75,34698.0,25440.4,
20241207,40,21.00,34725.0,25439.2,
20241207,40,21.05,34725.0,25424.2,
20241207,40,21.10,34731.6,25416.5,
20241207,40,21.25,34731.6,25416.5,
20241207,40,21.35,34731.6,25414.4,
20241207,40,21.46,34742.0,25411.8,
20241207,40,21.55,34742.0,25411.8,
20241207,40,21.72,34742.0,25364.7,
20241207,40,21.74,34742.0,25364.1,
20241207,40,22.00,34749.0,25353.8,
20241207,40,22.35,34890.0,25353.8,
20241207,40,22.43,34900.4,25353.8,
20241207,40,22.50,34900.4,25353.8,
20241207,40,22.58,34908.1,25352.5,
20241207,40,22.70,34908.1,25352.5,
20241207,40,22.87,34908.1,25350.5,
20241207,40,23.06,34908.1,25325.7,
20241207,40,23.18,34908.1,25324.9,
20241207,40,23.20,34923.5,25324.0,
20241207,40,23.29,34923.5,25324.0,
20241207,40,23.41,34931.8,25233.5,
20241207,40,24.00,34931.8,25233.5,
20241207,40,24.04,34931.8,25153.4,
20241207,40,24.05,34931.8,25152.6,
20241207,40,24.52,34931.8,25151.2,
20241207,40,24.53,34931.8,25135.1,
20241207,40,24.54,34931.8,25134.8,
20241207,40,25.00,34931.8,25130.8,
20241207,40,25.12,34931.8,25002.2,
20241207,40,25.40,34931.8,24981.2,
20241207,40,25.57,35073.8,24980.2,
20241207,40,25.63,35073.8,24980.2,
20241207,40,25.72,35073.8,24970.1,
20241207,40,25.99,35073.8,24962.5,
20241207,40,26.00,35073.8,24955.2,
20241207,40,26.10,35073.8,24938.6,
20241207,40,26.16,35073.8,24937.9,
20241207,40,26.25,35073.8,24937.1,
20241207,40,26.75,35073.8,24917.6,
20241207,40,27.50,35073.8,24916.6,
20241207,40,28.10,35073.8,24913.2,
20241207,40,28.12,35073.8,24912.2,
20241207,40,28.14,35073.8,24911.5,
20241207,40,28.80,35214.8,24910.6,
20241207,40,28.83,35214.8,24910.6,
20241207,40,28.87,35224.4,24902.9,
20241207,40,28.96,35224.4,24902.9,
20241207,40,28.97,35224.4,24902.8,
20241207,40,29.13,35224.4,24902.0,
20241207,40,29.45,35224.4,24889.6,
20241207,40,29.52,35224.4,24888.6,
20241207,40,29.90,35224.4,24878.5,
20241207,40,30.00,35224.4,24873.9,
20241207,40,30.01,35224.4,24781.6,
20241207,40,30.12,35224.4,24781.2,
20241207,40,30.38,35224.4,24773.6,
20241207,40,30.80,35224.4,24681.0,
20241207,40,31.00,35224.4,24680.0,
20241207,40,31.36,35224.4,24678.0,
20241207,40,31.50,35224.4,24056.0,
20241207,40,31.79,35224.4,24054.5,
20241207,40,32.02,35366.4,24051.1,
20241207,40,32.11,35366.4,24051.1,
20241207,40,32.15,35366.4,24041.0,
20241207,40,33.00,35366.4,24040.0,
20241207,40,33.19,35366.4,23989.8,
20241207,40,33.50,35366.4,23982.7,
20241207,40,33.62,35386.6,23981.7,
20241207,40,34.85,35386.6,23981.7,
20241207,40,34.94,35386.6,23972.6,
20241207,40,35.00,35386.6,23952.3,
20241207,40,35.50,35386.6,23927.8,
20241207,40,36.00,35386.6,23927.7,
20241207,40,36.79,35386.6,23846.0,
20241207,40,37.50,35386.6,23834.9,
20241207,40,38.00,35386.6,23790.6,
20241207,40,39.69,36062.6,23790.4,
20241207,40,40.00,36062.6,23790.4,
20241207,40,40.01,36062.6,23690.4,
20241207,40,40.12,36062.6,23615.5,
20241207,40,41.36,36062.6,23600.8,
20241207,40,41.50,36062.6,23598.6,
20241207,40,42.00,36062.6,23596.1,
20241207,40,42.50,36062.6,23594.9,
20241207,40,45.00,36062.6,23594.8,
20241207,40,45.01,36062.6,22842.2,
20241207,40,46.00,36062.6,22533.6,
20241207,40,46.93,36062.6,22483.6,
20241207,40,48.32,36062.6,22268.6,
20241207,40,48.69,36062.6,22243.1,
20241207,40,49.50,36062.6,22241.5,
20241207,40,50.00,36063.5,22241.2,
20241207,40,50.01,36063.5,21826.0,
20241207,40,50.90,36063.5,21822.2,
20241207,40,55.00,36063.5,21819.9,
20241207,40,60.00,36063.5,21750.7,
20241207,40,61.61,36063.5,21600.1,
20241207,40,64.53,36063.5,21598.5,
20241207,40,65.67,36063.5,21570.0,
20241207,40,70.00,36063.5,21552.0,
20241207,40,72.00,36063.5,21550.9,
20241207,40,74.53,36063.5,21550.7,
20241207,40,77.80,36063.5,21549.0,
20241207,40,79.90,36063.5,21371.9,
20241207,40,80.00,36063.5,21368.8,
20241207,40,80.01,36063.5,20211.3,
20241207,40,80.05,36063.5,20084.3,
20241207,40,80.21,36213.4,20059.9,
20241207,40,81.00,36213.4,20059.9,
20241207,40,82.01,36213.4,19969.2,
20241207,40,85.00,36213.4,19792.2,
20241207,40,87.45,36213.4,19779.9,
20241207,40,90.00,36213.4,19778.3,
20241207,40,99.00,36213.4,19771.8,
20241207,40,99.90,36213.4,19771.6,
20241207,40,100.00,36259.2,19762.0,
20241207,40,100.01,36294.3,19372.5,
20241207,40,100.37,36294.3,19372.5,
20241207,40,101.00,36294.3,19370.8,
20241207,40,120.10,36294.3,19206.3,
20241207,40,138.00,36294.3,19157.7,
20241207,40,150.00,36294.3,18971.8,
20241207,40,151.00,36294.3,18966.5,
20241207,40,190.00,36294.3,18927.3,
20241207,40,200.00,36294.3,18925.8,
20241207,40,200.01,36294.3,16184.5,
20241207,40,200.10,36294.3,13880.7,
20241207,40,200.50,36294.3,13692.9,
20241207,40,200.98,36294.3,13652.3,
20241207,40,200.99,36294.3,13652.2,
20241207,40,201.00,36294.3,13652.1,
20241207,40,210.00,36294.3,13577.7,
20241207,40,250.00,36294.3,12014.4,
20241207,40,299.99,36294.8,11870.7,
20241207,40,300.00,36294.8,11870.7,
20241207,40,500.00,36294.8,11766.1,
20241207,40,550.02,36294.8,11756.1,
20241207,40,900.00,36294.8,11460.7,
20241207,40,999.00,36294.8,11447.1,
20241207,40,999.99,36294.8,0.0,
20241207,41,0.00,0.0,38543.2,
20241207,41,0.00,9801.1,38543.2,
20241207,41,0.01,27745.8,38543.2,
20241207,41,0.02,27942.8,38531.2,
20241207,41,0.03,27946.9,38520.8,
20241207,41,0.04,27965.3,38509.4,
20241207,41,0.10,27986.9,38509.4,
20241207,41,1.00,28431.5,38436.8,
20241207,41,1.01,28439.8,38335.4,
20241207,41,1.10,28578.1,38323.2,
20241207,41,2.00,28662.9,38323.2,
20241207,41,2.01,28662.9,38315.2,
20241207,41,2.37,28668.7,37715.2,
20241207,41,2.45,28670.7,37715.2,
20241207,41,3.00,28672.7,37715.2,
20241207,41,3.01,28673.2,37213.1,
20241207,41,3.80,28675.2,37013.1,
20241207,41,4.00,28675.2,37013.1,
20241207,41,4.27,28733.6,37012.1,
20241207,41,4.51,28733.6,37012.1,
20241207,41,4.73,28739.5,36957.1,
20241207,41,5.00,28889.4,36957.1,
20241207,41,5.01,28889.8,36685.1,
20241207,41,5.15,28891.8,36133.4,
20241207,41,5.90,28891.8,36133.4,
20241207,41,6.00,28949.9,36117.5,
20241207,41,6.01,28951.6,36107.5,
20241207,41,6.26,28951.6,36107.5,
20241207,41,6.50,28957.3,36101.5,
20241207,41,6.60,28962.5,36101.5,
20241207,41,6.80,28963.0,36101.5,
20241207,41,7.00,28963.0,36101.5,
20241207,41,7.08,28968.9,36100.7,
20241207,41,7.47,28968.9,36100.7,
20241207,41,7.50,29008.9,36096.3,
20241207,41,7.51,29008.9,36096.3,
20241207,41,7.85,29010.9,35896.3,
20241207,41,8.00,29014.5,35896.3,
20241207,41,8.01,29016.0,35733.5,
20241207,41,8.03,29016.0,35733.5,
20241207,41,8.15,29017.0,35733.4,
20241207,41,8.50,29017.0,35733.4,
20241207,41,8.85,29017.0,35733.3,
20241207,41,8.89,29017.0,35276.3,
20241207,41,8.92,29017.0,35217.3,
20241207,41,8.94,29017.0,35217.1,
20241207,41,8.97,29017.0,35187.1,
20241207,41,9.00,29021.1,35157.1,
20241207,41,9.05,29021.1,35091.6,
20241207,41,9.08,29021.1,35061.6,
20241207,41,9.11,29021.1,35031.6,
20241207,41,9.16,29021.1,34971.6,
20241207,41,9.18,29021.1,34941.6,
20241207,41,9.19,29021.1,34941.5,
20241207,41,9.20,29023.1,34911.5,
20241207,41,9.22,29023.1,34911.5,
20241207,41,9.24,29023.1,34881.5,
20241207,41,9.38,29023.1,34851.5,
20241207,41,9.40,29023.3,34821.5,
20241207,41,9.44,29029.2,34821.5,
20241207,41,9.50,29030.2,34821.5,
20241207,41,9.71,29040.2,34821.5,
20241207,41,9.73,29040.2,34806.5,
20241207,41,9.97,29040.2,34761.5,
20241207,41,9.99,29040.2,34731.5,
20241207,41,10.00,29054.6,34701.5,
20241207,41,10.01,29060.3,34673.2,
20241207,41,10.10,29060.3,34661.5,
20241207,41,10.14,29060.3,34660.9,
20241207,41,10.15,29060.3,34604.9,
20241207,41,10.17,29060.3,34504.9,
20241207,41,10.25,29060.3,34479.9,
20241207,41,10.28,29060.3,33905.9,
20241207,41,10.30,29128.3,33890.9,
20241207,41,10.44,29128.6,33890.9,
20241207,41,10.50,29128.6,33739.1,
20241207,41,10.55,29130.6,33739.0,
20241207,41,10.56,29130.6,33739.0,
20241207,41,10.59,29130.6,33709.0,
20241207,41,10.62,29130.6,33703.1,
20241207,41,10.67,29130.6,33678.1,
20241207,41,10.68,29130.6,33413.1,
20241207,41,10.79,29130.6,33409.5,
20241207,41,10.80,29130.6,33262.5,
20241207,41,10.81,29130.6,33115.5,
20241207,41,10.85,29131.6,33090.5,
20241207,41,10.93,29131.6,33090.5,
20241207,41,11.00,29149.6,32988.5,
20241207,41,11.04,29149.6,32907.6,
20241207,41,11.08,29149.6,32760.6,
20241207,41,11.14,29149.6,32656.6,
20241207,41,11.19,29149.6,32626.6,
20241207,41,11.26,29149.6,32561.6,
20241207,41,11.32,29149.6,32367.4,
20241207,41,11.34,29149.6,32137.4,
20241207,41,11.40,29149.6,31672.2,
20241207,41,11.42,29164.8,31672.0,
20241207,41,11.45,29164.8,31572.0,
20241207,41,11.48,29164.8,31547.0,
20241207,41,11.49,29165.9,31543.2,
20241207,41,11.50,29165.9,31543.2,
20241207,41,11.51,29166.4,31420.2,
20241207,41,11.53,29166.4,31420.2,
20241207,41,11.54,29166.4,31320.2,
20241207,41,11.57,29218.4,31197.2,
20241207,41,11.63,29218.5,31197.2,
20241207,41,11.65,29218.5,31197.2,
20241207,41,11.66,29218.5,30974.2,
20241207,41,11.80,29224.4,30973.9,
20241207,41,11.84,29255.5,30973.9,
20241207,41,11.86,29255.5,30973.9,
20241207,41,11.87,29256.7,30969.2,
20241207,41,11.88,29256.7,30846.2,
20241207,41,11.89,29256.7,30746.2,
20241207,41,11.90,29258.7,30719.5,
20241207,41,11.91,29259.9,30719.5,
20241207,41,11.94,29261.1,30719.5,
20241207,41,11.98,29262.2,30719.5,
20241207,41,12.00,29356.2,30688.5,
20241207,41,12.01,29357.0,30563.1,
20241207,41,12.03,29422.0,30385.9,
20241207,41,12.04,29422.0,30385.9,
20241207,41,12.05,29442.1,30374.9,
20241207,41,12.06,29472.1,30374.9,
20241207,41,12.07,29702.1,30374.9,
20241207,41,12.08,29702.1,30374.9,
20241207,41,12.10,29702.1,30349.9,
20241207,41,12.13,29731.0,30348.9,
20241207,41,12.16,29731.0,30348.9,
20241207,41,12.17,29746.0,30346.3,
20241207,41,12.28,29758.0,30346.3,
20241207,41,12.29,29772.7,30346.2,
20241207,41,12.31,29772.7,30341.2,
20241207,41,12.37,29772.7,30281.2,
20241207,41,12.40,29772.7,30260.7,
20241207,41,12.45,29802.7,30260.6,
20241207,41,12.50,29802.7,30260.6,
20241207,41,12.52,29802.7,30235.1,
20241207,41,12.60,29802.7,30227.4,
20241207,41,12.66,29832.7,30225.8,
20241207,41,12.69,29833.4,30225.8,
20241207,41,12.71,29833.4,30225.8,
20241207,41,12.72,29843.4,30184.6,
20241207,41,12.80,29843.4,30184.6,
20241207,41,12.81,29843.4,30184.5,
20241207,41,12.89,29843.4,30033.5,
20241207,41,12.98,29858.8,29974.5,
20241207,41,13.00,29892.9,29974.5,
20241207,41,13.01,29897.4,29958.0,
20241207,41,13.02,29917.4,29927.5,
20241207,41,13.14,29917.4,29927.5,
20241207,41,13.20,29917.4,29762.5,
20241207,41,13.25,29919.4,29759.0,
20241207,41,13.26,29939.4,29759.0,
20241207,41,13.27,29949.4,29759.0,
20241207,41,13.34,29949.4,29759.0,
20241207,41,13.35,29984.4,29729.0,
20241207,41,13.45,30084.4,29729.0,
20241207,41,13.48,30084.4,29729.0,
20241207,41,13.49,30113.4,29728.0,
20241207,41,13.50,30116.9,29728.0,
20241207,41,13.55,30116.9,29658.0,
20241207,41,13.64,30122.9,29657.4,
20241207,41,13.66,30138.3,29657.4,
20241207,41,13.68,30138.3,29657.4,
20241207,41,13.69,30138.3,29652.9,
20241207,41,13.70,30158.3,29652.8,
20241207,41,13.86,30178.3,29652.8,
20241207,41,13.99,30213.3,29652.8,
20241207,41,14.00,30300.8,29652.8,
20241207,41,14.01,30313.9,29606.8,
20241207,41,14.07,30343.9,29394.0,
20241207,41,14.12,30343.9,29394.0,
20241207,41,14.13,30343.9,29373.9,
20241207,41,14.14,30343.9,29153.8,
20241207,41,14.21,30343.9,29133.7,
20241207,41,14.27,30343.9,29133.5,
20241207,41,14.29,30343.9,28933.5,
20241207,41,14.30,30343.9,28923.6,
20241207,41,14.31,30343.9,28823.6,
20241207,41,14.32,30346.9,28623.6,
20241207,41,14.34,30357.8,28623.6,
20241207,41,14.35,30357.8,28613.6,
20241207,41,14.36,30357.8,28413.6,
20241207,41,14.37,30407.8,28400.1,
20241207,41,14.39,30407.8,28400.1,
20241207,41,14.42,30407.8,28200.1,
20241207,41,14.44,30407.8,28000.1,
20241207,41,14.45,30410.3,27800.1,
20241207,41,14.47,30410.3,27800.1,
20241207,41,14.49,30411.9,27799.6,
20241207,41,14.51,30416.7,27799.6,
20241207,41,14.53,30416.7,27799.2,
20241207,41,14.54,30416.7,27794.3,
20241207,41,14.60,30418.7,27594.3,
20241207,41,14.62,30443.7,27594.2,
20241207,41,14.63,30443.7,27594.2,
20241207,41,14.68,30443.7,27544.2,
20241207,41,14.72,30445.7,27494.2,
20241207,41,14.73,30455.9,27494.2,
20241207,41,14.75,30455.9,27494.2,
20241207,41,14.88,30472.9,27293.4,
20241207,41,14.90,30485.9,27293.4,
20241207,41,14.93,30508.9,27287.7,
20241207,41,14.98,30532.9,27287.7,
20241207,41,15.00,30589.8,27287.7,
20241207,41,15.01,30590.8,27195.2,
20241207,41,15.02,30590.8,27195.0,
20241207,41,15.03,30621.6,27189.5,
20241207,41,15.05,30621.6,27184.5,
20241207,41,15.19,30621.6,27180.0,
20241207,41,15.22,30738.6,27172.4,
20241207,41,15.26,30763.6,27172.4,
20241207,41,15.31,30763.6,27172.4,
20241207,41,15.36,30800.7,27170.5,
20241207,41,15.37,30837.6,27143.9,
20241207,41,15.40,30838.1,27143.9,
20241207,41,15.41,30865.1,27143.9,
20241207,41,15.45,30965.1,27143.9,
20241207,41,15.50,31252.1,27143.9,
20241207,41,15.54,31393.1,27133.9,
20241207,41,15.58,31393.1,27133.9,
20241207,41,15.60,31393.1,27114.9,
20241207,41,15.69,31535.1,27114.8,
20241207,41,15.70,31535.1,27114.8,
20241207,41,15.71,31535.3,27114.7,
20241207,41,15.72,31565.3,27114.7,
20241207,41,15.79,31706.3,27114.7,
20241207,41,15.80,31791.6,27114.7,
20241207,41,15.82,31791.6,27114.7,
20241207,41,15.85,32337.6,27114.4,
20241207,41,15.90,32347.6,27114.4,
20241207,41,15.93,32450.6,27114.2,
20241207,41,15.95,32452.6,27114.2,
20241207,41,15.96,32479.6,27114.2,
20241207,41,16.00,32509.6,27114.2,
20241207,41,16.06,32609.6,27019.5,
20241207,41,16.20,32609.6,27019.5,
20241207,41,16.25,32609.6,27014.5,
20241207,41,16.37,32612.6,27010.5,
20241207,41,16.40,32612.6,27010.5,
20241207,41,16.50,32687.6,27010.4,
20241207,41,16.56,32737.6,27009.4,
20241207,41,16.59,32737.6,27009.4,
20241207,41,16.62,32737.6,27008.0,
20241207,41,16.70,32737.6,27007.8,
20241207,41,16.71,32737.6,26998.8,
20241207,41,16.72,33037.6,26989.7,
20241207,41,16.91,33087.6,26989.7,
20241207,41,16.95,33087.6,26989.7,
20241207,41,17.00,33131.5,26980.0,
20241207,41,17.01,33136.3,26979.7,
20241207,41,17.02,33136.3,26978.1,
20241207,41,17.09,33136.3,26922.8,
20241207,41,17.17,33236.3,26905.6,
20241207,41,17.20,33236.3,26905.6,
20241207,41,17.22,33460.8,26904.7,
20241207,41,17.34,33470.8,26904.7,
20241207,41,17.35,33470.8,26904.7,
20241207,41,17.42,33470.8,26904.4,
20241207,41,17.43,33470.8,26904.2,
20241207,41,17.49,33470.8,26904.0,
20241207,41,17.58,33470.8,26811.7,
20241207,41,17.60,33470.8,26795.5,
20241207,41,17.73,33470.8,26792.0,
20241207,41,17.78,33520.7,26770.0,
20241207,41,18.00,33520.7,26770.0,
20241207,41,18.01,33520.7,26703.5,
20241207,41,18.13,33620.7,26703.0,
20241207,41,18.39,33620.7,26703.0,
20241207,41,18.43,33725.7,26697.3,
20241207,41,18.50,33725.7,26697.3,
20241207,41,18.56,33725.7,26696.3,
20241207,41,18.64,33725.7,26686.6,
20241207,41,18.65,33725.7,26685.5,
20241207,41,18.78,33725.7,26685.2,
20241207,41,18.79,33728.8,26678.2,
20241207,41,18.87,33728.8,26678.2,
20241207,41,18.95,33728.8,26568.2,
20241207,41,18.99,33728.8,26565.7,
20241207,41,19.00,33778.8,26562.0,
20241207,41,19.05,33778.8,26538.9,
20241207,41,19.07,33778.8,26424.0,
20241207,41,19.10,33778.8,26423.1,
20241207,41,19.11,33778.8,26421.5,
20241207,41,19.12,33778.8,26421.4,
20241207,41,19.42,34008.8,26421.0,
20241207,41,19.45,34047.8,26421.0,
20241207,41,19.56,34189.8,26421.0,
20241207,41,19.59,34330.8,26421.0,
20241207,41,19.65,34330.8,26421.0,
20241207,41,19.66,34472.8,26413.3,
20241207,41,19.70,34613.8,26413.3,
20241207,41,19.73,34755.8,26413.3,
20241207,41,19.84,34803.8,26413.3,
20241207,41,20.00,34833.8,26413.3,
20241207,41,20.01,34838.5,26349.4,
20241207,41,20.08,34838.5,26335.6,
20241207,41,20.12,34838.5,26325.0,
20241207,41,20.20,34838.5,26305.2,
20241207,41,20.30,34838.5,26304.5,
20241207,41,20.50,34838.5,26302.6,
20241207,41,20.75,34979.5,26301.7,
20241207,41,21.00,34999.5,26301.7,
20241207,41,21.02,34999.5,26286.7,
20241207,41,21.07,34999.5,25484.7,
20241207,41,21.10,35006.0,25482.6,
20241207,41,21.35,35006.0,25482.6,
20241207,41,21.45,35006.0,25480.0,
20241207,41,21.55,35006.0,25479.3,
20241207,41,21.65,35006.0,25432.6,
20241207,41,21.82,35006.0,25431.8,
20241207,41,22.58,35013.7,25421.7,
20241207,41,22.70,35013.7,25421.7,
20241207,41,23.20,35029.1,25419.7,
20241207,41,23.29,35029.1,25419.7,
20241207,41,23.39,35029.1,25329.2,
20241207,41,23.53,35029.1,25328.4,
20241207,41,23.97,35171.1,25327.6,
20241207,41,24.00,35171.1,25327.6,
20241207,41,24.04,35171.1,25245.8,
20241207,41,24.05,35171.1,25244.4,
20241207,41,24.10,35171.1,25243.0,
20241207,41,24.11,35171.1,25227.7,
20241207,41,24.12,35171.1,25219.8,
20241207,41,24.72,35171.1,25215.8,
20241207,41,25.00,35171.1,25205.7,
20241207,41,25.12,35171.1,25082.1,
20241207,41,25.40,35171.1,25069.9,
20241207,41,25.62,35171.1,25068.9,
20241207,41,25.84,35171.1,25068.2,
20241207,41,26.00,35171.1,25061.4,
20241207,41,26.07,35171.1,25045.2,
20241207,41,26.26,35171.1,25025.4,
20241207,41,26.75,35171.1,25024.5,
20241207,41,27.01,35171.1,25023.5,
20241207,41,27.08,35171.1,25023.2,
20241207,41,27.46,35171.1,25015.5,
20241207,41,27.50,35171.1,25014.7,
20241207,41,27.62,35171.1,25011.4,
20241207,41,27.70,35171.1,25001.3,
20241207,41,28.10,35171.1,24990.2,
20241207,41,28.31,35171.1,24989.2,
20241207,41,28.56,35171.1,24981.6,
20241207,41,28.80,35312.1,24892.2,
20241207,41,28.87,35321.7,24892.2,
20241207,41,29.45,35321.7,24892.2,
20241207,41,29.55,35321.7,24891.2,
20241207,41,29.90,35321.7,24881.1,
20241207,41,30.00,35321.7,24876.8,
20241207,41,30.01,35321.7,24785.6,
20241207,41,30.36,35321.7,24785.4,
20241207,41,30.80,35321.7,24779.3,
20241207,41,31.00,35321.7,24778.3,
20241207,41,31.36,35321.7,24776.7,
20241207,41,31.79,35321.7,24134.2,
20241207,41,32.02,35463.7,24130.9,
20241207,41,32.15,35463.7,24130.9,
20241207,41,33.00,35463.7,24129.9,
20241207,41,33.50,35463.7,24085.1,
20241207,41,33.62,35513.8,24084.1,
20241207,41,34.85,35513.8,24084.1,
20241207,41,34.94,35513.8,24074.9,
20241207,41,35.00,35513.8,24055.9,
20241207,41,35.50,35513.8,24034.8,
20241207,41,36.00,35513.8,24034.7,
20241207,41,36.79,35513.8,23954.3,
20241207,41,37.28,35513.8,23943.2,
20241207,41,37.50,35513.8,23940.8,
20241207,41,39.69,36183.8,23897.1,
20241207,41,40.00,36183.8,23897.1,
20241207,41,40.01,36183.8,23796.8,
20241207,41,41.36,36183.8,23728.1,
20241207,41,42.50,36183.8,23724.8,
20241207,41,43.47,36183.8,23724.7,
20241207,41,45.00,36183.8,23723.1,
20241207,41,45.01,36183.8,22971.9,
20241207,41,46.00,36183.8,22672.8,
20241207,41,47.00,36183.8,22622.8,
20241207,41,48.32,36183.8,22418.5,
20241207,41,49.50,36183.8,22393.0,
20241207,41,50.00,36184.8,22392.7,
20241207,41,50.01,36184.8,21990.4,
20241207,41,50.90,36184.8,21987.0,
20241207,41,55.00,36184.8,21984.7,
20241207,41,60.00,36184.8,21900.7,
20241207,41,64.76,36184.8,21745.6,
20241207,41,65.05,36184.8,21717.6,
20241207,41,70.00,36184.8,21700.2,
20241207,41,72.00,36184.8,21699.1,
20241207,41,77.80,36184.8,21698.9,
20241207,41,79.90,36184.8,21529.0,
20241207,41,80.00,36184.8,21526.4,
20241207,41,80.01,36184.8,20384.9,
20241207,41,80.05,36184.8,20264.1,
20241207,41,80.10,36184.8,20246.3,
20241207,41,80.21,36334.7,20246.2,
20241207,41,81.00,36334.7,20246.2,
20241207,41,82.01,36334.7,20153.2,
20241207,41,85.00,36334.7,19975.4,
20241207,41,90.00,36334.7,19964.9,
20241207,41,95.65,36334.7,19959.1,
20241207,41,99.00,36334.7,19957.5,
20241207,41,99.90,36334.7,19957.3,
20241207,41,100.00,36380.5,19947.8,
20241207,41,100.01,36415.6,19533.9,
20241207,41,101.00,36415.6,19533.9,
20241207,41,108.57,36415.6,19369.4,
20241207,41,120.10,36415.6,19367.7,
20241207,41,121.49,36415.6,19320.9,
20241207,41,134.41,36415.6,19319.3,
20241207,41,138.00,36415.6,19317.6,
20241207,41,150.00,36415.6,19137.4,
20241207,41,151.00,36415.6,19132.3,
20241207,41,190.00,36415.6,19092.6,
20241207,41,200.00,36415.6,19091.2,
20241207,41,200.01,36415.6,16402.3,
20241207,41,200.10,36415.6,14072.3,
20241207,41,200.50,36415.6,13884.5,
20241207,41,200.98,36415.6,13884.3,
20241207,41,200.99,36415.6,13884.2,
20241207,41,201.00,36415.6,13884.1,
20241207,41,210.00,36415.6,13817.1,
20241207,41,250.00,36415.6,12249.5,
20241207,41,299.99,36416.1,12104.9,
20241207,41,300.00,36416.1,12104.9,
20241207,41,500.00,36416.1,12000.3,
20241207,41,550.02,36416.1,11990.3,
20241207,41,900.00,36416.1,11694.9,
20241207,41,999.00,36416.1,11683.9,
20241207,41,999.99,36416.1,0.0,
20241207,42,0.00,0.0,38502.7,
20241207,42,0.00,9756.0,38502.7,
20241207,42,0.01,28071.9,38502.7,
20241207,42,0.02,28215.3,38490.8,
20241207,42,0.03,28219.2,38480.4,
20241207,42,0.04,28238.3,38469.0,
20241207,42,0.10,28260.2,38469.0,
20241207,42,1.00,28710.8,38406.1,
20241207,42,1.01,28718.9,38300.5,
20241207,42,1.10,28865.2,38288.9,
20241207,42,2.00,28950.5,38288.9,
20241207,42,2.01,28950.5,38280.9,
20241207,42,2.41,28956.3,37680.9,
20241207,42,2.45,28958.3,37680.9,
20241207,42,3.00,28960.5,37680.9,
20241207,42,3.01,28961.1,37178.3,
20241207,42,3.80,28963.1,36978.3,
20241207,42,4.00,28963.1,36978.3,
20241207,42,4.27,29021.5,36977.3,
20241207,42,4.80,29027.4,36977.3,
20241207,42,5.00,29175.9,36977.3,
20241207,42,5.01,29176.3,36706.1,
20241207,42,5.15,29178.3,36160.4,
20241207,42,5.42,29178.3,36160.4,
20241207,42,5.90,29178.3,36105.4,
20241207,42,6.00,29237.3,36089.5,
20241207,42,6.01,29239.0,36079.5,
20241207,42,6.26,29239.0,36079.5,
20241207,42,6.50,29247.3,36073.5,
20241207,42,6.60,29255.2,36073.5,
20241207,42,6.64,29255.8,36073.5,
20241207,42,7.00,29255.8,36073.5,
20241207,42,7.20,29261.7,36072.6,
20241207,42,7.40,29261.7,36072.6,
20241207,42,7.50,29301.7,36072.1,
20241207,42,7.51,29301.7,36072.1,
20241207,42,7.79,29301.7,35872.1,
20241207,42,7.85,29303.7,35872.0,
20241207,42,7.99,29304.7,35872.0,
20241207,42,8.00,29308.9,35872.0,
20241207,42,8.01,29310.4,35768.2,
20241207,42,8.04,29310.4,35768.2,
20241207,42,8.85,29310.4,35743.3,
20241207,42,8.89,29310.4,35286.3,
20241207,42,8.94,29310.4,35227.3,
20241207,42,8.97,29310.4,35197.3,
20241207,42,9.00,29314.6,35167.3,
20241207,42,9.05,29314.6,35101.7,
20241207,42,9.08,29314.6,35071.7,
20241207,42,9.11,29314.6,35041.7,
20241207,42,9.16,29314.6,34981.7,
20241207,42,9.19,29314.6,34951.7,
20241207,42,9.20,29316.6,34921.7,
20241207,42,9.22,29316.6,34921.7,
20241207,42,9.27,29316.6,34869.7,
20241207,42,9.34,29317.6,34861.7,
20241207,42,9.46,29317.6,34861.7,
20241207,42,9.59,29323.5,34859.0,
20241207,42,9.71,29337.5,34859.0,
20241207,42,9.73,29337.5,34859.0,
20241207,42,9.99,29337.5,34814.0,
20241207,42,10.00,29352.3,34784.0,
20241207,42,10.01,29357.6,34754.6,
20241207,42,10.14,29357.6,34743.2,
20241207,42,10.15,29357.6,34687.2,
20241207,42,10.21,29357.6,34587.2,
20241207,42,10.22,29357.6,34504.2,
20241207,42,10.25,29357.6,34502.5,
20241207,42,10.30,29425.6,33928.5,
20241207,42,10.31,29425.6,33928.5,
20241207,42,10.44,29425.6,33646.5,
20241207,42,10.50,29425.6,33498.5,
20241207,42,10.55,29427.6,33497.3,
20241207,42,10.67,29427.6,33497.3,
20241207,42,10.68,29427.6,33412.3,
20241207,42,10.69,29428.6,33408.8,
20241207,42,10.79,29428.6,33408.8,
20241207,42,10.80,29428.6,33260.8,
20241207,42,10.87,29428.6,33113.8,
20241207,42,10.93,29428.6,33048.8,
20241207,42,10.99,29428.6,32946.8,
20241207,42,11.00,29446.6,32716.8,
20241207,42,11.04,29446.6,32637.5,
20241207,42,11.08,29446.6,32490.5,
20241207,42,11.26,29446.6,32386.5,
20241207,42,11.28,29446.6,32192.3,
20241207,42,11.34,29446.6,32186.5,
20241207,42,11.39,29446.6,31721.3,
20241207,42,11.40,29446.6,31691.3,
20241207,42,11.42,29461.8,31691.1,
20241207,42,11.50,29461.8,31591.1,
20241207,42,11.53,29461.8,31468.1,
20241207,42,11.54,29461.8,31465.8,
20241207,42,11.57,29513.8,31242.8,
20241207,42,11.60,29514.3,31242.8,
20241207,42,11.65,29514.3,31242.8,
20241207,42,11.66,29514.3,31019.8,
20241207,42,11.70,29514.5,31019.5,
20241207,42,11.73,29514.5,31019.5,
20241207,42,11.84,29544.5,31015.0,
20241207,42,11.87,29544.5,31015.0,
20241207,42,11.88,29544.5,30892.0,
20241207,42,11.89,29544.5,30792.0,
20241207,42,11.90,29546.5,30765.3,
20241207,42,11.98,29546.5,30765.3,
20241207,42,11.99,29552.7,30735.3,
20241207,42,12.00,29667.4,30725.4,
20241207,42,12.01,29667.7,30598.0,
20241207,42,12.03,29759.1,30455.5,
20241207,42,12.06,29760.5,30455.5,
20241207,42,12.07,29864.5,30455.5,
20241207,42,12.09,29864.6,30455.5,
20241207,42,12.10,29866.1,30455.5,
20241207,42,12.13,29867.6,30455.5,
20241207,42,12.17,29868.9,30455.5,
20241207,42,12.23,29880.9,30454.5,
20241207,42,12.25,29895.6,30454.5,
20241207,42,12.28,29895.6,30449.5,
20241207,42,12.37,29895.6,30449.4,
20241207,42,12.40,29895.6,30429.1,
20241207,42,12.42,29895.6,30429.0,
20241207,42,12.50,29895.6,30428.7,
20241207,42,12.54,29905.6,30371.3,
20241207,42,12.59,29935.6,30371.3,
20241207,42,12.67,29935.6,30371.3,
20241207,42,12.68,29936.7,30271.3,
20241207,42,12.71,29936.7,30271.3,
20241207,42,12.80,29936.7,30230.3,
20241207,42,12.81,29936.7,30230.2,
20241207,42,12.90,29936.7,30079.2,
20241207,42,12.93,29952.1,30078.7,
20241207,42,13.00,29986.4,30078.7,
20241207,42,13.01,29990.8,30061.1,
20241207,42,13.14,29990.8,30036.7,
20241207,42,13.19,30010.8,29871.7,
20241207,42,13.20,30010.8,29832.5,
20241207,42,13.21,30010.8,29732.5,
20241207,42,13.25,30012.8,29632.5,
20241207,42,13.34,30012.8,29632.5,
20241207,42,13.39,30012.8,29602.5,
20241207,42,13.45,30112.8,29601.9,
20241207,42,13.50,30116.3,29601.9,
20241207,42,13.59,30122.3,29531.9,
20241207,42,13.60,30122.3,29531.9,
20241207,42,13.61,30137.7,29531.5,
20241207,42,13.63,30137.7,29521.5,
20241207,42,13.68,30137.8,29517.0,
20241207,42,13.69,30137.8,29517.0,
20241207,42,13.71,30167.8,29516.9,
20241207,42,13.79,30187.8,29516.9,
20241207,42,13.87,30188.2,29516.9,
20241207,42,13.94,30188.2,29516.9,
20241207,42,14.00,30285.4,29515.8,
20241207,42,14.01,30298.2,29469.8,
20241207,42,14.04,30298.2,29457.6,
20241207,42,14.06,30298.6,29457.4,
20241207,42,14.21,30300.1,29448.1,
20241207,42,14.23,30330.1,29448.1,
20241207,42,14.24,30330.8,29448.1,
20241207,42,14.27,30333.8,29448.1,
20241207,42,14.29,30344.7,29448.1,
20241207,42,14.30,30344.7,29233.2,
20241207,42,14.31,30344.7,29133.2,
20241207,42,14.33,30347.2,29119.7,
20241207,42,14.35,30347.3,28919.7,
20241207,42,14.37,30397.3,28919.7,
20241207,42,14.40,30397.3,28719.7,
20241207,42,14.42,30397.3,28516.2,
20241207,42,14.49,30397.3,28316.2,
20241207,42,14.51,30401.9,28116.2,
20241207,42,14.53,30401.9,28116.2,
20241207,42,14.56,30401.9,28111.3,
20241207,42,14.60,30403.9,27911.3,
20241207,42,14.63,30416.9,27911.2,
20241207,42,14.64,30445.8,27911.2,
20241207,42,14.66,30460.8,27911.2,
20241207,42,14.72,30479.8,27911.2,
20241207,42,14.73,30479.8,27911.2,
20241207,42,14.74,30479.8,27861.2,
20241207,42,14.75,30479.8,27855.5,
20241207,42,14.79,30479.8,27655.5,
20241207,42,14.88,30533.8,27605.5,
20241207,42,14.89,30533.8,27605.5,
20241207,42,14.90,30546.8,27605.3,
20241207,42,14.93,30587.8,27605.3,
20241207,42,14.94,30587.8,27605.3,
20241207,42,14.97,30591.6,27345.3,
20241207,42,14.98,30630.6,27345.3,
20241207,42,14.99,30630.6,27345.3,
20241207,42,15.00,30677.5,27340.8,
20241207,42,15.01,30679.2,27282.2,
20241207,42,15.03,30721.2,27282.2,
20241207,42,15.10,30721.7,27082.2,
20241207,42,15.22,30872.7,27082.2,
20241207,42,15.39,30962.7,27082.2,
20241207,42,15.41,31103.7,27082.2,
20241207,42,15.45,31203.7,27082.2,
20241207,42,15.50,31348.7,27082.2,
20241207,42,15.54,31348.7,27072.2,
20241207,42,15.55,31348.7,27071.9,
20241207,42,15.57,31348.7,27045.5,
20241207,42,15.60,31348.7,27041.7,
20241207,42,15.65,31348.7,27041.6,
20241207,42,15.67,31368.7,26982.6,
20241207,42,15.70,31368.7,26982.6,
20241207,42,15.75,31368.7,26981.5,
20241207,42,15.76,31378.7,26981.2,
20241207,42,15.77,31837.7,26981.2,
20241207,42,15.80,31837.7,26981.2,
20241207,42,15.90,31837.7,26895.5,
20241207,42,15.93,31940.7,26895.3,
20241207,42,15.94,31940.7,26895.3,
20241207,42,15.95,31942.7,26890.0,
20241207,42,16.00,31972.7,26890.0,
20241207,42,16.06,32072.7,26796.0,
20241207,42,16.09,32072.7,26796.0,
20241207,42,16.29,32072.7,26792.0,
20241207,42,16.31,32075.7,26774.5,
20241207,42,16.36,32075.7,26774.5,
20241207,42,16.37,32104.7,26773.5,
20241207,42,16.40,32104.7,26773.5,
20241207,42,16.49,32154.7,26773.4,
20241207,42,16.50,32229.7,26773.4,
20241207,42,16.59,32229.7,26772.4,
20241207,42,16.61,32229.7,26771.0,
20241207,42,16.70,32229.7,26770.8,
20241207,42,16.71,32229.7,26761.8,
20241207,42,16.72,32600.2,26758.2,
20241207,42,16.91,32650.2,26758.2,
20241207,42,16.94,32828.7,26758.2,
20241207,42,16.95,32828.7,26758.2,
20241207,42,17.00,32872.6,26748.5,
20241207,42,17.01,32877.2,26748.3,
20241207,42,17.03,32877.2,26746.7,
20241207,42,17.09,32907.2,26693.1,
20241207,42,17.17,33007.2,26672.6,
20241207,42,17.20,33017.2,26672.6,
20241207,42,17.22,33241.7,26671.8,
20241207,42,17.24,33251.9,26671.8,
20241207,42,17.35,33301.8,26671.8,
20241207,42,17.40,33336.8,26671.8,
20241207,42,17.43,33336.8,26671.8,
20241207,42,17.44,33336.8,26671.6,
20241207,42,17.47,33336.8,26668.1,
20241207,42,17.48,33336.8,26665.5,
20241207,42,17.49,33336.8,26664.8,
20241207,42,17.50,33336.8,26573.1,
20241207,42,17.58,33336.8,26571.9,
20241207,42,17.73,33336.8,26555.7,
20241207,42,17.77,33336.8,26533.7,
20241207,42,17.81,33336.8,26533.4,
20241207,42,18.00,33336.8,26529.3,
20241207,42,18.01,33336.8,26465.5,
20241207,42,18.13,33436.8,26465.1,
20241207,42,18.23,33471.8,26465.1,
20241207,42,18.43,33576.8,26465.1,
20241207,42,18.50,33576.8,26465.1,
20241207,42,18.56,33576.8,26462.8,
20241207,42,18.60,33576.8,26453.1,
20241207,42,18.63,33579.3,26445.4,
20241207,42,18.65,33579.3,26445.4,
20241207,42,18.78,33579.3,26445.1,
20241207,42,18.79,33580.2,26438.4,
20241207,42,18.94,33580.2,26336.9,
20241207,42,18.99,33580.2,26222.6,
20241207,42,19.00,33630.2,26218.6,
20241207,42,19.01,33630.2,26197.0,
20241207,42,19.02,33630.2,26196.2,
20241207,42,19.04,33630.2,26195.5,
20241207,42,19.05,33630.2,26193.9,
20241207,42,19.06,33655.2,26193.8,
20241207,42,19.26,33707.2,26193.4,
20241207,42,19.42,33937.2,26193.4,
20241207,42,19.50,33937.2,26193.4,
20241207,42,19.56,34079.2,26192.2,
20241207,42,19.57,34109.2,26192.2,
20241207,42,19.59,34250.2,26192.2,
20241207,42,19.66,34392.2,26192.2,
20241207,42,19.69,34392.2,26192.2,
20241207,42,19.70,34533.2,26182.2,
20241207,42,19.73,34675.2,26182.2,
20241207,42,19.75,34734.2,26182.2,
20241207,42,19.88,34759.2,26182.2,
20241207,42,20.00,34789.2,26182.2,
20241207,42,20.01,34793.8,26118.0,
20241207,42,20.06,34793.8,26104.4,
20241207,42,20.12,34793.8,26096.8,
20241207,42,20.14,34793.8,26077.9,
20241207,42,20.59,34793.8,26076.0,
20241207,42,20.75,34934.8,26073.8,
20241207,42,21.00,34954.8,26073.8,
20241207,42,21.02,34954.8,26058.8,
20241207,42,21.10,34961.2,25190.8,
20241207,42,21.21,34961.2,25190.8,
20241207,42,21.35,34961.2,25180.7,
20241207,42,21.49,34961.2,25178.2,
20241207,42,21.55,34961.2,25177.5,
20241207,42,21.57,34961.2,25131.6,
20241207,42,21.58,34961.2,25130.7,
20241207,42,22.49,34961.2,25129.9,
20241207,42,22.58,34968.9,25122.2,
20241207,42,22.70,34968.9,25122.2,
20241207,42,23.20,34984.3,25120.2,
20241207,42,23.29,34984.3,25120.2,
20241207,42,23.75,34984.3,25029.7,
20241207,42,23.97,35126.3,25019.6,
20241207,42,24.00,35126.3,25019.6,
20241207,42,24.04,35126.3,24941.8,
20241207,42,24.05,35126.3,24924.8,
20241207,42,24.06,35126.3,24923.2,
20241207,42,24.14,35126.3,24919.2,
20241207,42,24.93,35126.3,24918.3,
20241207,42,25.00,35126.3,24910.7,
20241207,42,25.12,35126.3,24792.0,
20241207,42,25.40,35126.3,24781.1,
20241207,42,25.59,35126.3,24780.1,
20241207,42,25.84,35126.3,24760.0,
20241207,42,25.85,35126.3,24753.7,
20241207,42,26.00,35126.3,24752.8,
20241207,42,26.29,35126.3,24737.1,
20241207,42,26.55,35126.3,24727.0,
20241207,42,26.56,35126.3,24719.3,
20241207,42,26.70,35126.3,24718.5,
20241207,42,26.75,35126.3,24708.4,
20241207,42,27.23,35126.3,24707.4,
20241207,42,27.36,35126.3,24699.8,
20241207,42,27.50,35126.3,24614.5,
20241207,42,27.98,35126.3,24611.4,
20241207,42,28.10,35126.3,24601.3,
20241207,42,28.68,35126.3,24600.3,
20241207,42,28.80,35267.3,24599.4,
20241207,42,28.87,35276.9,24599.4,
20241207,42,29.45,35276.9,24599.4,
20241207,42,29.90,35276.9,24598.4,
20241207,42,30.00,35276.9,24594.7,
20241207,42,30.80,35276.9,24505.1,
20241207,42,31.00,35276.9,24504.1,
20241207,42,31.36,35276.9,24502.7,
20241207,42,31.79,35276.9,23853.7,
20241207,42,32.02,35418.9,23850.6,
20241207,42,32.15,35418.9,23850.6,
20241207,42,33.00,35418.9,23849.6,
20241207,42,33.50,35418.9,23809.5,
20241207,42,33.62,35462.1,23808.5,
20241207,42,34.85,35462.1,23808.5,
20241207,42,34.94,35462.1,23799.2,
20241207,42,35.00,35462.1,23781.0,
20241207,42,35.50,35462.1,23758.2,
20241207,42,36.00,35462.1,23758.1,
20241207,42,36.79,35462.1,23680.5,
20241207,42,37.50,35462.1,23669.4,
20241207,42,38.00,35462.1,23626.3,
20241207,42,39.69,36119.1,23623.7,
20241207,42,40.00,36119.1,23623.7,
20241207,42,40.01,36119.1,23524.5,
20241207,42,41.36,36119.1,23463.6,
20241207,42,42.50,36119.1,23459.4,
20241207,42,43.50,36119.1,23459.3,
20241207,42,45.00,36119.1,23262.4,
20241207,42,45.01,36119.1,22513.1,
20241207,42,46.00,36119.1,22211.3,
20241207,42,47.89,36119.1,22161.3,
20241207,42,48.32,36119.1,22159.7,
20241207,42,49.50,36119.1,22134.3,
20241207,42,50.00,36120.2,22134.0,
20241207,42,50.01,36120.2,21738.0,
20241207,42,50.90,36120.2,21734.6,
20241207,42,55.00,36120.2,21732.4,
20241207,42,60.00,36120.2,21649.1,
20241207,42,60.81,36120.2,21498.3,
20241207,42,64.65,36120.2,21496.7,
20241207,42,70.00,36120.2,21453.1,
20241207,42,72.00,36120.2,21452.0,
20241207,42,73.73,36120.2,21451.8,
20241207,42,77.80,36120.2,21450.1,
20241207,42,79.90,36120.2,21286.2,
20241207,42,80.00,36120.2,21283.7,
20241207,42,80.01,36120.2,20162.1,
20241207,42,80.05,36120.2,20048.2,
20241207,42,80.10,36120.2,20034.2,
20241207,42,80.21,36270.1,20034.1,
20241207,42,81.00,36270.1,20034.1,
20241207,42,82.01,36270.1,19942.2,
20241207,42,85.00,36270.1,19765.2,
20241207,42,86.65,36270.1,19756.3,
20241207,42,90.00,36270.1,19754.7,
20241207,42,99.00,36270.1,19748.7,
20241207,42,99.57,36270.1,19748.5,
20241207,42,99.90,36270.1,19746.8,
20241207,42,100.00,36315.9,19737.5,
20241207,42,100.01,36350.9,19336.9,
20241207,42,101.00,36350.9,19336.9,
20241207,42,120.10,36350.9,19172.4,
20241207,42,138.00,36350.9,19128.6,
20241207,42,150.00,36350.9,18953.4,
20241207,42,151.00,36350.9,18948.5,
20241207,42,190.00,36350.9,18908.2,
20241207,42,200.00,36350.9,18906.9,
20241207,42,200.01,36350.9,16285.6,
20241207,42,200.10,36350.9,13959.6,
20241207,42,200.50,36350.9,13772.0,
20241207,42,200.98,36350.9,13771.8,
20241207,42,200.99,36350.9,13771.7,
20241207,42,201.00,36350.9,13771.6,
20241207,42,210.00,36350.9,13708.3,
20241207,42,250.00,36350.9,12102.7,
20241207,42,299.99,36351.4,11957.8,
20241207,42,300.00,36351.4,11957.8,
20241207,42,500.00,36351.4,11853.2,
20241207,42,550.02,36351.4,11843.2,
20241207,42,900.00,36351.4,11547.8,
20241207,42,999.00,36351.4,11536.8,
20241207,42,999.99,36351.4,0.0,
20241207,43,0.00,0.0,38468.7,
20241207,43,0.00,9643.1,38468.7,
20241207,43,0.01,27496.7,38468.7,
20241207,43,0.02,27641.2,38457.4,
20241207,43,0.03,27645.1,38447.0,
20241207,43,0.04,27665.5,38435.7,
20241207,43,0.10,27688.9,38435.7,
20241207,43,0.50,27842.9,38392.3,
20241207,43,1.00,28299.9,38392.3,
20241207,43,1.01,28307.7,38288.1,
20241207,43,1.70,28308.7,38276.8,
20241207,43,2.00,28396.8,38276.8,
20241207,43,2.01,28396.8,38268.8,
20241207,43,2.56,28402.6,37668.8,
20241207,43,2.90,28404.5,37668.8,
20241207,43,3.00,28407.1,37668.8,
20241207,43,3.01,28407.7,37166.4,
20241207,43,4.00,28407.7,36966.4,
20241207,43,4.10,28409.7,36965.4,
20241207,43,4.27,28468.1,36965.4,
20241207,43,4.98,28468.1,36965.4,
20241207,43,5.00,28618.1,36910.4,
20241207,43,5.01,28618.5,36647.0,
20241207,43,5.11,28624.4,36108.3,
20241207,43,5.30,28626.4,36108.3,
20241207,43,5.90,28626.4,36108.3,
20241207,43,6.00,28686.9,36092.4,
20241207,43,6.01,28688.7,36082.4,
20241207,43,6.26,28688.7,36082.4,
20241207,43,6.50,28699.8,36076.4,
20241207,43,6.60,28711.9,36076.4,
20241207,43,7.00,28711.9,36076.4,
20241207,43,7.13,28712.6,36055.6,
20241207,43,7.50,28752.6,36055.6,
20241207,43,7.51,28752.6,36055.6,
20241207,43,7.66,28759.7,35855.6,
20241207,43,7.70,28761.7,35855.6,
20241207,43,7.84,28761.7,35855.6,
20241207,43,8.00,28767.8,35855.5,
20241207,43,8.01,28769.3,35773.6,
20241207,43,8.05,28769.3,35773.6,
20241207,43,8.12,28769.3,35685.2,
20241207,43,8.33,28770.3,35682.7,
20241207,43,8.50,28774.3,35682.7,
20241207,43,8.79,28774.5,35682.7,
20241207,43,8.85,28774.5,35682.7,
20241207,43,8.89,28774.5,35225.7,
20241207,43,8.90,28776.5,35191.7,
20241207,43,8.92,28776.5,35191.7,
20241207,43,8.95,28776.5,35161.7,
20241207,43,9.00,28796.5,35101.7,
20241207,43,9.01,28796.5,35066.4,
20241207,43,9.03,28796.5,35052.7,
20241207,43,9.06,28796.5,35022.7,
20241207,43,9.11,28796.5,34962.7,
20241207,43,9.14,28796.5,34932.7,
20241207,43,9.17,28796.5,34902.7,
20241207,43,9.22,28796.5,34842.7,
20241207,43,9.25,28796.5,34815.7,
20241207,43,9.50,28796.5,34812.7,
20241207,43,9.53,28797.5,34792.7,
20241207,43,9.59,28889.5,34792.7,
20241207,43,9.61,28889.5,34792.7,
20241207,43,9.73,28889.5,34791.9,
20241207,43,9.94,28889.5,34746.9,
20241207,43,9.99,28889.5,34564.9,
20241207,43,10.00,28894.4,34534.9,
20241207,43,10.01,28899.5,34516.7,
20241207,43,10.10,28901.5,34512.7,
20241207,43,10.13,28901.5,34512.7,
20241207,43,10.14,28901.5,34230.7,
20241207,43,10.15,28901.5,34174.7,
20241207,43,10.20,28901.5,34074.7,
20241207,43,10.21,28908.8,34073.1,
20241207,43,10.25,28908.8,34073.1,
20241207,43,10.30,28976.7,33499.1,
20241207,43,10.44,28976.7,33499.1,
20241207,43,10.50,28976.7,33352.1,
20241207,43,10.67,28976.7,33321.8,
20241207,43,10.68,28976.7,33236.8,
20241207,43,10.70,28976.7,33231.6,
20241207,43,10.73,28977.7,33166.6,
20241207,43,10.79,28977.7,33166.6,
20241207,43,10.80,28977.7,33019.6,
20241207,43,10.81,28977.7,32871.6,
20241207,43,10.93,28977.7,32700.6,
20241207,43,11.00,28995.7,32598.6,
20241207,43,11.01,28995.7,32550.0,
20241207,43,11.04,28995.7,32538.8,
20241207,43,11.08,28995.7,32391.8,
20241207,43,11.26,28995.7,32287.8,
20241207,43,11.30,28997.7,32093.5,
20241207,43,11.31,28997.7,32093.5,
20241207,43,11.34,28997.7,32093.2,
20241207,43,11.40,28997.7,31628.0,
20241207,43,11.41,28997.7,31627.8,
20241207,43,11.42,29012.9,31527.8,
20241207,43,11.50,29012.9,31527.8,
20241207,43,11.51,29012.9,31404.8,
20241207,43,11.53,29012.9,31400.4,
20241207,43,11.54,29012.9,31300.4,
20241207,43,11.57,29064.9,31147.4,
20241207,43,11.65,29065.5,31147.4,
20241207,43,11.66,29068.5,30924.4,
20241207,43,11.68,29085.2,30924.4,
20241207,43,11.84,29115.2,30919.4,
20241207,43,11.87,29115.2,30919.4,
20241207,43,11.88,29115.2,30796.4,
20241207,43,12.00,29209.2,30696.4,
20241207,43,12.01,29209.2,30571.1,
20241207,43,12.03,29239.2,30481.1,
20241207,43,12.07,29446.2,30461.2,
20241207,43,12.21,29446.3,30434.6,
20241207,43,12.28,29446.3,30434.6,
20241207,43,12.30,29446.8,30434.5,
20241207,43,12.40,29446.8,30434.5,
20241207,43,12.42,29446.8,30434.4,
20241207,43,12.44,29456.8,30393.9,
20241207,43,12.45,29456.8,30393.9,
20241207,43,12.46,29456.8,30363.9,
20241207,43,12.47,29476.9,30354.0,
20241207,43,12.50,29478.9,30354.0,
20241207,43,12.51,29479.4,30307.6,
20241207,43,12.67,29479.4,30307.6,
20241207,43,12.68,29480.5,30207.6,
20241207,43,12.76,29480.5,30207.6,
20241207,43,12.80,29480.5,30206.6,
20241207,43,12.81,29480.5,30206.5,
20241207,43,12.82,29530.5,30055.5,
20241207,43,12.96,29539.5,30055.5,
20241207,43,12.98,29568.9,30055.5,
20241207,43,12.99,29571.4,30045.5,
20241207,43,13.00,29605.7,30045.5,
20241207,43,13.01,29609.9,30014.6,
20241207,43,13.04,29609.9,30011.5,
20241207,43,13.08,29639.9,30011.1,
20241207,43,13.12,29639.9,30011.1,
20241207,43,13.13,29639.9,29846.1,
20241207,43,13.17,29640.1,29845.6,
20241207,43,13.19,29640.1,29845.6,
20241207,43,13.20,29640.1,29755.9,
20241207,43,13.21,29640.1,29654.4,
20241207,43,13.24,29640.1,29554.4,
20241207,43,13.25,29640.6,29554.3,
20241207,43,13.33,29641.5,29554.3,
20241207,43,13.34,29641.5,29533.5,
20241207,43,13.40,29643.0,29503.5,
20241207,43,13.41,29643.8,29503.5,
20241207,43,13.45,29743.8,29503.5,
20241207,43,13.49,29744.7,29503.5,
20241207,43,13.50,29748.2,29503.5,
20241207,43,13.57,29749.0,29433.5,
20241207,43,13.61,29758.0,29425.7,
20241207,43,13.63,29759.2,29425.7,
20241207,43,13.65,29759.2,29420.7,
20241207,43,13.69,29759.2,29407.2,
20241207,43,13.70,29781.2,29407.1,
20241207,43,13.74,29781.2,29407.1,
20241207,43,14.00,29897.9,29406.0,
20241207,43,14.01,29910.4,29356.2,
20241207,43,14.08,29910.4,29336.1,
20241207,43,14.28,29926.7,29335.8,
20241207,43,14.29,29936.7,29335.8,
20241207,43,14.30,29936.7,29125.9,
20241207,43,14.33,29956.7,29021.4,
20241207,43,14.37,30006.7,28816.8,
20241207,43,14.38,30006.7,28816.8,
20241207,43,14.41,30006.7,28616.8,
20241207,43,14.43,30007.4,28416.8,
20241207,43,14.44,30007.4,28216.8,
20241207,43,14.50,30007.4,28215.8,
20241207,43,14.51,30011.9,28195.8,
20241207,43,14.59,30011.9,27995.8,
20241207,43,14.60,30011.9,27992.0,
20241207,43,14.63,30017.9,27991.9,
20241207,43,14.64,30017.9,27988.9,
20241207,43,14.66,30026.9,27785.9,
20241207,43,14.67,30026.9,27785.9,
20241207,43,14.71,30026.9,27735.9,
20241207,43,14.72,30040.9,27684.9,
20241207,43,14.73,30070.9,27684.9,
20241207,43,14.76,30070.9,27684.9,
20241207,43,14.80,30070.9,27684.6,
20241207,43,14.88,30098.9,27484.6,
20241207,43,14.90,30113.9,27484.6,
20241207,43,14.92,30113.9,27484.6,
20241207,43,14.93,30148.9,27458.6,
20241207,43,14.98,30182.9,27458.6,
20241207,43,15.00,30227.9,27458.6,
20241207,43,15.01,30229.0,27216.7,
20241207,43,15.03,30266.0,27216.7,
20241207,43,15.07,30266.0,27216.7,
20241207,43,15.11,30266.0,27212.7,
20241207,43,15.13,30266.0,27012.7,
20241207,43,15.22,30412.0,26952.7,
20241207,43,15.29,30442.0,26952.7,
20241207,43,15.41,30680.0,26952.7,
20241207,43,15.42,30708.9,26952.7,
20241207,43,15.45,30808.9,26952.7,
20241207,43,15.47,30808.9,26952.7,
20241207,43,15.50,30993.9,26867.1,
20241207,43,15.53,30993.9,26867.1,
20241207,43,15.55,30996.9,26864.1,
20241207,43,15.58,31003.6,26864.1,
20241207,43,15.59,31013.6,26864.1,
20241207,43,15.60,31013.6,26864.1,
20241207,43,15.61,31013.6,26864.0,
20241207,43,15.64,31013.6,26860.2,
20241207,43,15.69,31375.6,26859.2,
20241207,43,15.70,31375.6,26856.6,
20241207,43,15.77,31375.6,26856.5,
20241207,43,15.85,31375.6,26856.2,
20241207,43,15.90,31376.1,26797.2,
20241207,43,15.93,31479.1,26797.0,
20241207,43,15.98,31509.1,26797.0,
20241207,43,15.99,31529.1,26797.0,
20241207,43,16.00,31549.0,26797.0,
20241207,43,16.06,31649.0,26705.1,
20241207,43,16.10,31651.0,26705.1,
20241207,43,16.33,31651.0,26705.1,
20241207,43,16.40,31651.0,26695.4,
20241207,43,16.46,31700.9,26695.3,
20241207,43,16.49,31700.9,26695.3,
20241207,43,16.50,31775.9,26694.6,
20241207,43,16.57,31775.9,26690.1,
20241207,43,16.58,31804.9,26689.1,
20241207,43,16.59,31854.9,26685.0,
20241207,43,16.63,31854.9,26683.6,
20241207,43,16.67,31889.9,26675.9,
20241207,43,16.70,31889.9,26675.9,
20241207,43,16.71,31889.9,26666.9,
20241207,43,16.72,32189.9,26663.3,
20241207,43,16.73,32189.9,26663.3,
20241207,43,16.83,32209.9,26571.2,
20241207,43,16.84,32209.9,26571.2,
20241207,43,16.86,32259.9,26570.2,
20241207,43,16.89,32262.4,26570.2,
20241207,43,16.99,32262.4,26570.2,
20241207,43,17.00,32294.4,26554.1,
20241207,43,17.01,32303.4,26533.7,
20241207,43,17.03,32303.4,26527.4,
20241207,43,17.17,32403.4,26476.0,
20241207,43,17.20,32403.4,26476.0,
20241207,43,17.22,32627.9,26475.2,
20241207,43,17.30,32657.9,26475.2,
20241207,43,17.42,32668.1,26475.2,
20241207,43,17.43,32668.1,26475.2,
20241207,43,17.46,32703.1,26475.0,
20241207,43,17.50,32703.1,26474.8,
20241207,43,17.55,32703.1,26473.8,
20241207,43,17.58,32703.1,26473.0,
20241207,43,17.66,32703.1,26456.8,
20241207,43,17.73,32703.1,26453.4,
20241207,43,17.88,32703.1,26431.4,
20241207,43,17.93,32703.1,26421.7,
20241207,43,17.95,32703.1,26420.2,
20241207,43,18.00,32703.1,26418.6,
20241207,43,18.01,32703.1,26348.3,
20241207,43,18.04,32703.1,26347.9,
20241207,43,18.08,32703.1,26346.9,
20241207,43,18.13,32803.1,26336.9,
20241207,43,18.21,32803.1,26336.9,
20241207,43,18.26,32828.1,26336.2,
20241207,43,18.28,32828.1,26336.2,
20241207,43,18.29,32828.1,26336.1,
20241207,43,18.33,32828.1,26335.7,
20241207,43,18.34,32828.1,26328.1,
20241207,43,18.43,32933.1,26216.1,
20241207,43,18.50,32963.1,26216.1,
20241207,43,18.66,32963.1,26214.3,
20241207,43,18.78,32963.1,26199.7,
20241207,43,18.90,32963.1,26192.1,
20241207,43,19.00,32963.1,26072.1,
20241207,43,19.05,32988.1,26072.0,
20241207,43,19.13,32988.1,26072.0,
20241207,43,19.15,32988.1,26071.0,
20241207,43,19.24,32988.1,26070.8,
20241207,43,19.29,33040.1,26069.9,
20241207,43,19.42,33270.1,26069.9,
20241207,43,19.59,33412.1,26069.9,
20241207,43,19.63,33553.1,26069.9,
20241207,43,19.70,33695.1,26069.9,
20241207,43,19.72,33695.1,26066.9,
20241207,43,19.73,33836.1,26056.8,
20241207,43,19.91,33875.1,26056.8,
20241207,43,20.00,33875.1,26056.8,
20241207,43,20.12,33875.1,25993.4,
20241207,43,20.33,33875.1,25975.6,
20241207,43,20.39,33875.1,25975.1,
20241207,43,20.63,33875.1,25972.9,
20241207,43,20.64,33875.1,25928.9,
20241207,43,20.75,34017.1,25928.0,
20241207,43,20.84,34017.1,25928.0,
20241207,43,20.90,34017.1,25927.7,
20241207,43,21.02,34017.1,25925.2,
20241207,43,21.08,34017.1,25125.2,
20241207,43,21.10,34028.3,25124.4,
20241207,43,21.16,34028.3,25124.4,
20241207,43,21.37,34028.3,25116.7,
20241207,43,22.00,34028.3,25041.4,
20241207,43,22.10,34028.3,24969.3,
20241207,43,22.44,34028.3,24967.3,
20241207,43,22.53,34028.3,24957.2,
20241207,43,22.57,34028.3,24956.0,
20241207,43,22.58,34032.9,24952.9,
20241207,43,22.95,34032.9,24952.9,
20241207,43,23.20,34048.3,24937.7,
20241207,43,23.28,34048.3,24937.7,
20241207,43,23.29,34048.3,24937.4,
20241207,43,23.30,34048.3,24933.4,
20241207,43,23.73,34048.3,24932.2,
20241207,43,23.95,34048.3,24931.4,
20241207,43,23.97,34189.3,24931.3,
20241207,43,23.99,34189.3,24931.3,
20241207,43,24.00,34189.3,24923.7,
20241207,43,24.04,34189.3,24895.3,
20241207,43,24.50,34189.3,24893.4,
20241207,43,25.00,34189.3,24892.4,
20241207,43,25.12,34189.3,24870.3,
20241207,43,25.17,34189.3,24860.9,
20241207,43,25.39,34189.3,24852.3,
20241207,43,25.70,34189.3,24832.0,
20241207,43,25.73,34189.3,24831.0,
20241207,43,25.79,34189.3,24826.0,
20241207,43,25.88,34189.3,24825.1,
20241207,43,26.00,34189.3,24817.4,
20241207,43,26.65,34189.3,24733.1,
20241207,43,26.66,34189.3,24732.3,
20241207,43,26.82,34189.3,24724.7,
20241207,43,26.90,34189.3,24638.3,
20241207,43,27.17,34331.3,24637.3,
20241207,43,27.50,34331.3,24637.3,
20241207,43,28.10,34331.3,24632.9,
20241207,43,28.87,34340.9,24631.9,
20241207,43,29.30,34340.9,24631.9,
20241207,43,29.90,34340.9,24630.9,
20241207,43,30.00,34340.9,24627.9,
20241207,43,30.50,34340.9,24540.3,
20241207,43,31.36,34340.9,24539.3,
20241207,43,31.70,34340.9,23673.3,
20241207,43,31.79,34340.9,23672.3,
20241207,43,32.00,34340.9,23669.3,
20241207,43,32.02,34481.9,23632.5,
20241207,43,32.90,34481.9,23632.5,
20241207,43,33.00,34481.9,23623.5,
20241207,43,33.62,34548.1,23622.9,
20241207,43,34.94,34548.1,23622.9,
20241207,43,35.00,34548.1,23605.1,
20241207,43,35.50,34548.1,23589.3,
20241207,43,36.00,34548.1,23589.2,
20241207,43,36.79,34548.1,23515.9,
20241207,43,37.50,34548.1,23504.8,
20241207,43,39.69,35188.1,23462.4,
20241207,43,40.00,35188.1,23462.4,
20241207,43,40.01,35188.1,23367.5,
20241207,43,41.36,35188.1,23318.4,
20241207,43,42.50,35188.1,23313.0,
20241207,43,42.82,35188.1,23312.9,
20241207,43,43.27,35188.1,23218.7,
20241207,43,45.00,35188.1,23122.2,
20241207,43,45.01,35188.1,22377.3,
20241207,43,45.06,35188.1,22098.8,
20241207,43,46.00,35188.1,22096.3,
20241207,43,46.41,35188.1,22046.3,
20241207,43,48.32,35188.1,22044.7,
20241207,43,49.50,35188.1,22019.3,
20241207,43,50.00,35189.4,22019.0,
20241207,43,50.01,35189.4,21636.6,
20241207,43,50.90,35189.4,21633.4,
20241207,43,55.00,35189.4,21631.2,
20241207,43,59.33,35189.4,21548.7,
20241207,43,60.00,35189.4,21547.1,
20241207,43,64.38,35189.4,21402.2,
20241207,43,70.00,35189.4,21360.9,
20241207,43,72.00,35189.4,21359.8,
20241207,43,72.25,35189.4,21359.6,
20241207,43,77.80,35189.4,21357.9,
20241207,43,79.90,35189.4,21201.5,
20241207,43,80.00,35189.4,21199.6,
20241207,43,80.01,35189.4,20104.2,
20241207,43,80.05,35189.4,19998.1,
20241207,43,80.10,35189.4,19991.4,
20241207,43,80.21,35339.3,19991.3,
20241207,43,81.00,35339.3,19991.3,
20241207,43,82.01,35339.3,19907.6,
20241207,43,85.00,35339.3,19733.6,
20241207,43,85.17,35339.3,19727.6,
20241207,43,90.00,35339.3,19726.0,
20241207,43,98.09,35339.3,19720.0,
20241207,43,99.00,35339.3,19718.3,
20241207,43,99.90,35339.3,19718.1,
20241207,43,100.00,35385.1,19709.1,
20241207,43,100.01,35420.2,19321.7,
20241207,43,101.00,35420.2,19321.7,
20241207,43,120.10,35420.2,19157.2,
20241207,43,138.00,35420.2,19117.8,
20241207,43,150.00,35420.2,18938.9,
20241207,43,151.00,35420.2,18934.1,
20241207,43,190.00,35420.2,18893.7,
20241207,43,200.00,35420.2,18892.5,
20241207,43,200.01,35420.2,16388.6,
20241207,43,200.10,35420.2,14058.0,
20241207,43,200.50,35420.2,13870.3,
20241207,43,200.98,35420.2,13870.1,
20241207,43,200.99,35420.2,13870.0,
20241207,43,201.00,35420.2,13869.9,
20241207,43,210.00,35420.2,13813.5,
20241207,43,250.00,35420.2,12188.0,
20241207,43,299.99,35420.7,12042.5,
20241207,43,300.00,35420.7,12042.5,
20241207,43,500.00,35420.7,11938.1,
20241207,43,550.02,35420.7,11928.1,
20241207,43,900.00,35420.7,11632.7,
20241207,43,999.00,35420.7,11622.7,
20241207,43,999.99,35420.7,0.0,
20241207,44,0.00,0.0,38216.9,
20241207,44,0.00,9572.4,38216.9,
20241207,44,0.01,27248.6,38216.9,
20241207,44,0.02,27394.3,38205.9,
20241207,44,0.03,27398.2,38195.5,
20241207,44,0.04,27419.8,38192.4,
20241207,44,0.10,27444.2,38192.4,
20241207,44,0.44,27474.0,38161.4,
20241207,44,1.00,27934.9,38161.4,
20241207,44,1.01,27942.4,38055.6,
20241207,44,1.22,28111.2,38044.6,
20241207,44,1.64,28112.2,38044.6,
20241207,44,2.00,28202.1,38044.6,
20241207,44,2.01,28202.1,38036.6,
20241207,44,2.35,28209.3,37436.6,
20241207,44,2.42,28211.3,37436.6,
20241207,44,2.84,28212.3,37436.6,
20241207,44,3.00,28215.3,37436.6,
20241207,44,3.01,28216.0,36934.9,
20241207,44,3.62,28218.0,36734.9,
20241207,44,4.00,28218.1,36734.9,
20241207,44,4.04,28219.1,36733.9,
20241207,44,4.27,28277.5,36733.9,
20241207,44,4.69,28284.7,36733.9,
20241207,44,4.82,28286.7,36733.9,
20241207,44,5.00,28435.4,36733.9,
20241207,44,5.01,28435.8,36476.4,
20241207,44,5.24,28436.8,35942.9,
20241207,44,5.34,28436.8,35942.9,
20241207,44,5.90,28436.8,35887.9,
20241207,44,6.00,28498.2,35872.1,
20241207,44,6.01,28500.1,35862.1,
20241207,44,6.02,28502.1,35862.1,
20241207,44,6.10,28504.9,35862.1,
20241207,44,6.26,28504.9,35862.1,
20241207,44,6.44,28505.9,35856.1,
20241207,44,6.50,28517.3,35856.1,
20241207,44,6.60,28531.9,35856.1,
20241207,44,6.83,28532.6,35856.1,
20241207,44,7.00,28534.4,35856.1,
20241207,44,7.02,28541.6,35835.3,
20241207,44,7.22,28543.6,35835.3,
20241207,44,7.40,28543.6,35835.3,
20241207,44,7.50,28583.6,35834.8,
20241207,44,7.51,28583.6,35834.8,
20241207,44,7.59,28583.6,35634.8,
20241207,44,7.64,28584.6,35634.7,
20241207,44,8.00,28591.8,35634.7,
20241207,44,8.01,28593.3,35508.4,
20241207,44,8.03,28594.3,35508.4,
20241207,44,8.04,28594.3,35508.4,
20241207,44,8.42,28596.3,35408.4,
20241207,44,8.50,28600.3,35408.4,
20241207,44,8.58,28600.5,35408.3,
20241207,44,8.60,28600.5,35408.3,
20241207,44,8.84,28601.5,35408.2,
20241207,44,8.85,28601.5,35408.2,
20241207,44,8.89,28601.5,34951.2,
20241207,44,8.92,28601.5,34917.2,
20241207,44,8.95,28601.5,34887.2,
20241207,44,9.00,28621.5,34827.2,
20241207,44,9.01,28621.5,34791.9,
20241207,44,9.03,28621.5,34778.6,
20241207,44,9.06,28621.5,34748.6,
20241207,44,9.11,28621.5,34688.6,
20241207,44,9.14,28621.5,34658.6,
20241207,44,9.15,28621.5,34628.6,
20241207,44,9.17,28621.5,34626.2,
20241207,44,9.22,28621.5,34566.2,
20241207,44,9.23,28622.7,34540.2,
20241207,44,9.25,28622.7,34540.2,
20241207,44,9.36,28630.0,34536.2,
20241207,44,9.50,28630.0,34536.2,
20241207,44,9.62,28632.0,34516.2,
20241207,44,9.72,28670.0,34516.2,
20241207,44,9.73,28670.0,34516.0,
20241207,44,9.99,28670.0,34471.0,
20241207,44,10.00,28674.8,34441.0,
20241207,44,10.01,28679.6,34424.3,
20241207,44,10.04,28680.6,34420.5,
20241207,44,10.05,28680.6,34420.5,
20241207,44,10.14,28680.6,34292.5,
20241207,44,10.15,28680.6,34236.5,
20241207,44,10.19,28680.6,34136.5,
20241207,44,10.25,28680.6,33854.5,
20241207,44,10.30,28748.5,33280.5,
20241207,44,10.35,28748.5,33280.5,
20241207,44,10.36,28749.4,33279.0,
20241207,44,10.43,28751.7,33279.0,
20241207,44,10.44,28751.7,33279.0,
20241207,44,10.50,28751.7,33132.0,
20241207,44,10.53,28751.7,33101.9,
20241207,44,10.67,28751.7,33101.4,
20241207,44,10.68,28751.7,33016.4,
20241207,44,10.72,28751.7,33013.0,
20241207,44,10.79,28751.7,32948.0,
20241207,44,10.80,28751.7,32801.0,
20241207,44,10.81,28751.7,32653.0,
20241207,44,10.82,28753.7,32428.0,
20241207,44,10.93,28753.7,32428.0,
20241207,44,11.00,28771.7,32326.0,
20241207,44,11.01,28771.7,32277.3,
20241207,44,11.04,28771.7,32266.4,
20241207,44,11.08,28771.7,32118.4,
20241207,44,11.24,28772.7,32014.4,
20241207,44,11.26,28772.7,32014.4,
20241207,44,11.31,28772.7,31820.1,
20241207,44,11.32,28952.7,31819.8,
20241207,44,11.34,28952.7,31819.8,
20241207,44,11.40,28952.7,31354.6,
20241207,44,11.42,28952.7,31354.4,
20241207,44,11.50,28952.7,31254.4,
20241207,44,11.51,28952.7,31034.9,
20241207,44,11.52,28953.5,31030.7,
20241207,44,11.53,28953.5,31030.7,
20241207,44,11.54,28956.5,30930.7,
20241207,44,11.57,29025.2,30807.7,
20241207,44,11.61,29025.2,30802.7,
20241207,44,11.65,29025.2,30772.7,
20241207,44,11.70,29032.4,30549.7,
20241207,44,11.75,29032.4,30549.7,
20241207,44,11.78,29033.8,30524.7,
20241207,44,11.84,29063.8,30524.7,
20241207,44,11.86,29065.2,30524.7,
20241207,44,11.87,29065.2,30524.7,
20241207,44,11.88,29065.2,30401.7,
20241207,44,11.93,29066.7,30301.7,
20241207,44,11.95,29066.7,30301.7,
20241207,44,11.96,29066.7,30271.7,
20241207,44,11.97,29086.8,30261.8,
20241207,44,12.00,29180.8,30261.8,
20241207,44,12.01,29182.3,30233.4,
20241207,44,12.02,29184.3,30143.4,
20241207,44,12.03,29199.3,30143.4,
20241207,44,12.07,29422.3,30124.1,
20241207,44,12.09,29423.6,30098.1,
20241207,44,12.10,29423.6,30097.1,
20241207,44,12.11,29424.1,30094.7,
20241207,44,12.25,29439.1,30094.7,
20241207,44,12.26,29439.2,30094.7,
20241207,44,12.28,29439.2,30094.7,
20241207,44,12.40,29439.2,30094.6,
20241207,44,12.42,29439.2,30093.0,
20241207,44,12.48,29439.2,30053.7,
20241207,44,12.50,29442.7,30028.7,
20241207,44,12.52,29442.7,29985.0,
20241207,44,12.56,29472.7,29981.2,
20241207,44,12.61,29475.2,29981.2,
20241207,44,12.66,29475.2,29981.2,
20241207,44,12.67,29475.2,29977.4,
20241207,44,12.68,29476.3,29927.4,
20241207,44,12.80,29476.3,29927.0,
20241207,44,12.81,29486.3,29926.9,
20241207,44,12.82,29495.3,29773.1,
20241207,44,12.83,29495.3,29773.1,
20241207,44,12.85,29514.7,29772.6,
20241207,44,12.87,29514.7,29762.6,
20241207,44,12.92,29514.7,29758.1,
20241207,44,12.95,29518.0,29757.0,
20241207,44,12.96,29518.0,29749.3,
20241207,44,13.00,29577.5,29747.6,
20241207,44,13.01,29581.5,29721.4,
20241207,44,13.10,29581.5,29718.4,
20241207,44,13.12,29582.5,29717.9,
20241207,44,13.14,29632.5,29552.9,
20241207,44,13.16,29652.5,29552.9,
20241207,44,13.19,29652.5,29552.9,
20241207,44,13.20,29654.0,29495.2,
20241207,44,13.21,29654.0,29395.2,
20241207,44,13.22,29656.0,29295.2,
20241207,44,13.29,29656.9,29295.2,
20241207,44,13.33,29656.9,29295.2,
20241207,44,13.34,29656.9,29275.2,
20241207,44,13.36,29666.9,29245.2,
20241207,44,13.46,29675.9,29245.2,
20241207,44,13.47,29676.7,29240.3,
20241207,44,13.49,29677.9,29240.3,
20241207,44,13.50,29677.9,29235.3,
20241207,44,13.51,29677.9,29165.3,
20241207,44,13.64,29678.8,29151.8,
20241207,44,13.69,29678.8,29151.7,
20241207,44,13.75,29698.8,29151.6,
20241207,44,13.76,29698.8,29150.6,
20241207,44,13.81,29699.6,29150.4,
20241207,44,13.87,29709.6,29146.4,
20241207,44,14.00,29838.7,29146.4,
20241207,44,14.01,29850.7,29091.5,
20241207,44,14.03,29850.7,29060.8,
20241207,44,14.06,29850.7,29056.2,
20241207,44,14.14,29866.9,29055.9,
20241207,44,14.16,29866.9,29055.9,
20241207,44,14.19,29866.9,29051.4,
20241207,44,14.28,29866.9,28851.4,
20241207,44,14.29,29866.9,28651.4,
20241207,44,14.30,29866.9,28641.5,
20241207,44,14.31,29866.9,28541.5,
20241207,44,14.37,29916.9,28341.5,
20241207,44,14.40,29934.9,28141.5,
20241207,44,14.42,29936.9,27941.5,
20241207,44,14.44,29936.9,27941.5,
20241207,44,14.50,29936.9,27741.5,
20241207,44,14.51,29941.9,27721.5,
20241207,44,14.54,29941.9,27721.5,
20241207,44,14.58,29941.9,27521.5,
20241207,44,14.60,29941.9,27518.9,
20241207,44,14.61,29941.9,27518.8,
20241207,44,14.63,29979.9,27468.8,
20241207,44,14.66,30019.9,27468.8,
20241207,44,14.72,30061.9,27418.8,
20241207,44,14.75,30061.9,27418.8,
20241207,44,14.78,30091.9,27218.8,
20241207,44,14.84,30091.9,27218.8,
20241207,44,14.88,30148.9,27217.8,
20241207,44,14.89,30148.9,27217.8,
20241207,44,14.90,30161.9,27017.8,
20241207,44,14.93,30227.9,27017.8,
20241207,44,14.98,30287.9,27017.8,
20241207,44,14.99,30317.9,27017.8,
20241207,44,15.00,30387.9,27017.8,
20241207,44,15.01,30388.9,26985.7,
20241207,44,15.02,30388.9,26985.7,
20241207,44,15.03,30451.9,26978.1,
20241207,44,15.04,30451.9,26978.1,
20241207,44,15.13,30461.9,26778.1,
20241207,44,15.22,30612.9,26778.1,
20241207,44,15.23,30612.9,26693.0,
20241207,44,15.36,30612.9,26690.0,
20241207,44,15.38,30615.9,26685.7,
20241207,44,15.39,30805.9,26685.7,
20241207,44,15.41,30995.9,26685.7,
20241207,44,15.42,31037.6,26685.7,
20241207,44,15.43,31037.6,26685.7,
20241207,44,15.47,31037.6,26685.0,
20241207,44,15.50,31172.6,26600.6,
20241207,44,15.51,31201.5,26600.6,
20241207,44,15.57,31231.5,26600.6,
20241207,44,15.60,31231.5,26600.6,
20241207,44,15.62,31233.5,26600.5,
20241207,44,15.70,31233.5,26600.5,
20241207,44,15.71,31233.5,26600.4,
20241207,44,15.73,31643.5,26590.7,
20241207,44,15.90,31643.5,26590.7,
20241207,44,15.93,31746.5,26590.5,
20241207,44,15.95,31746.5,26590.5,
20241207,44,16.00,31756.5,26531.5,
20241207,44,16.04,31756.5,26441.3,
20241207,44,16.05,31756.5,26440.3,
20241207,44,16.06,31856.5,26353.3,
20241207,44,16.10,31856.5,26353.3,
20241207,44,16.14,31906.4,26350.0,
20241207,44,16.15,31941.4,26350.0,
20241207,44,16.26,31991.4,26350.0,
20241207,44,16.28,32011.4,26350.0,
20241207,44,16.36,32011.4,26350.0,
20241207,44,16.39,32013.9,26349.2,
20241207,44,16.40,32013.9,26349.2,
20241207,44,16.43,32013.9,26349.1,
20241207,44,16.50,32088.9,26346.8,
20241207,44,16.56,32138.9,26345.8,
20241207,44,16.59,32138.9,26345.8,
20241207,44,16.60,32169.9,26344.4,
20241207,44,16.67,32169.9,26344.4,
20241207,44,16.68,32198.9,26343.4,
20241207,44,16.70,32198.9,26343.4,
20241207,44,16.88,32223.9,26334.4,
20241207,44,16.91,32223.9,26334.4,
20241207,44,16.95,32223.9,26330.3,
20241207,44,16.97,32223.9,26330.1,
20241207,44,17.00,32255.9,26314.7,
20241207,44,17.01,32264.5,26294.3,
20241207,44,17.03,32264.5,26288.2,
20241207,44,17.07,32264.5,26238.7,
20241207,44,17.14,32284.5,26238.0,
20241207,44,17.17,32384.5,26238.0,
20241207,44,17.20,32384.5,26238.0,
20241207,44,17.22,32609.0,26227.6,
20241207,44,17.24,32609.0,26227.6,
20241207,44,17.41,32639.0,26226.6,
20241207,44,17.43,32639.0,26226.6,
20241207,44,17.50,32639.0,26226.4,
20241207,44,17.51,32649.2,26223.3,
20241207,44,17.58,32649.2,26223.3,
20241207,44,17.62,32674.2,26207.1,
20241207,44,17.63,32674.2,26207.1,
20241207,44,17.71,32674.2,26205.7,
20241207,44,17.73,32674.2,26204.9,
20241207,44,17.83,32674.2,26182.9,
20241207,44,17.90,32851.2,26181.3,
20241207,44,18.00,32851.2,26181.3,
20241207,44,18.01,32851.2,26115.1,
20241207,44,18.02,32851.2,26114.7,
20241207,44,18.13,32951.2,26114.4,
20241207,44,18.17,32951.2,26114.4,
20241207,44,18.18,32951.2,26114.3,
20241207,44,18.30,32951.7,26113.9,
20241207,44,18.34,32951.7,26113.9,
20241207,44,18.43,33056.7,26007.3,
20241207,44,18.44,33056.7,26007.3,
20241207,44,18.46,33056.7,26006.3,
20241207,44,18.47,33056.7,25996.3,
20241207,44,18.50,33086.7,25988.6,
20241207,44,18.54,33086.7,25987.5,
20241207,44,18.70,33086.7,25987.3,
20241207,44,18.78,33086.7,25908.3,
20241207,44,18.83,33086.7,25900.7,
20241207,44,19.00,33086.7,25899.7,
20241207,44,19.05,33138.7,25898.5,
20241207,44,19.22,33138.7,25898.5,
20241207,44,19.32,33138.7,25895.5,
20241207,44,19.42,33568.7,25894.6,
20241207,44,19.59,33710.7,25894.6,
20241207,44,19.63,33851.7,25894.6,
20241207,44,19.64,33851.7,25894.6,
20241207,44,19.66,33993.7,25893.8,
20241207,44,19.73,34134.7,25893.8,
20241207,44,19.75,34193.7,25893.8,
20241207,44,19.77,34335.7,25893.8,
20241207,44,19.79,34335.7,25893.8,
20241207,44,19.84,34335.7,25893.7,
20241207,44,20.00,34335.7,25883.6,
20241207,44,20.03,34335.7,25827.6,
20241207,44,20.12,34335.7,25825.1,
20241207,44,20.14,34335.7,25808.3,
20241207,44,20.42,34335.7,25808.1,
20241207,44,20.48,34335.7,25805.6,
20241207,44,21.02,34335.7,25765.1,
20241207,44,21.10,34346.8,24965.1,
20241207,44,21.13,34346.8,24965.1,
20241207,44,21.62,34346.8,24695.2,
20241207,44,21.73,34346.8,24693.2,
20241207,44,21.92,34346.8,24692.0,
20241207,44,22.00,34346.8,24684.4,
20241207,44,22.14,34346.8,24617.2,
20241207,44,22.28,34346.8,24612.4,
20241207,44,22.35,34487.8,24611.6,
20241207,44,22.57,34487.8,24611.6,
20241207,44,22.58,34493.4,24609.5,
20241207,44,22.82,34493.4,24609.5,
20241207,44,22.83,34493.4,24608.4,
20241207,44,23.17,34493.4,24593.1,
20241207,44,23.18,34493.4,24592.8,
20241207,44,23.20,34508.8,24588.9,
20241207,44,23.39,34508.8,24588.9,
20241207,44,24.00,34508.8,24584.7,
20241207,44,24.02,34508.8,24558.1,
20241207,44,24.04,34508.8,24557.1,
20241207,44,24.22,34508.8,24555.3,
20241207,44,24.25,34508.8,24547.6,
20241207,44,25.00,34508.8,24546.7,
20241207,44,25.03,34508.8,24525.6,
20241207,44,25.08,34508.8,24505.3,
20241207,44,25.12,34508.8,24504.5,
20241207,44,25.18,34508.8,24496.5,
20241207,44,25.22,34508.8,24488.9,
20241207,44,25.24,34508.8,24487.9,
20241207,44,25.37,34508.8,24478.6,
20241207,44,26.00,34508.8,24409.9,
20241207,44,26.42,34508.8,24329.8,
20241207,44,27.17,34650.8,24328.8,
20241207,44,27.50,34650.8,24328.8,
20241207,44,27.62,34650.8,24325.0,
20241207,44,28.82,34650.8,24324.0,
20241207,44,28.87,34660.4,24323.0,
20241207,44,29.90,34660.4,24323.0,
20241207,44,30.00,34660.4,24320.7,
20241207,44,30.02,34660.4,24236.5,
20241207,44,30.40,34801.4,24235.5,
20241207,44,31.22,34801.4,24235.5,
20241207,44,31.36,34801.4,24234.5,
20241207,44,31.43,34801.4,23413.3,
20241207,44,31.79,34801.4,23413.2,
20241207,44,32.00,34801.4,23410.3,
20241207,44,32.42,34801.4,23374.7,
20241207,44,33.00,34801.4,23366.1,
20241207,44,33.62,34913.1,23365.6,
20241207,44,34.94,34913.1,23365.6,
20241207,44,35.00,34913.1,23348.6,
20241207,44,36.00,34913.1,23334.1,
20241207,44,36.79,34913.1,23264.7,
20241207,44,37.50,34913.1,23253.6,
20241207,44,38.43,34913.1,23211.9,
20241207,44,39.00,34913.1,23211.8,
20241207,44,39.69,35511.1,23030.2,
20241207,44,40.00,35511.1,23030.2,
20241207,44,40.01,35511.1,22938.9,
20241207,44,41.36,35511.1,22902.6,
20241207,44,43.46,35511.1,22896.3,
20241207,44,45.00,35511.1,22893.9,
20241207,44,45.01,35511.1,22153.9,
20241207,44,45.43,35511.1,21792.0,
20241207,44,45.48,35511.1,21791.7,
20241207,44,46.00,35511.1,21790.1,
20241207,44,48.32,35511.1,21740.1,
20241207,44,50.00,35512.5,21714.7,
20241207,44,50.01,35512.5,21340.2,
20241207,44,50.90,35512.5,21336.9,
20241207,44,55.00,35512.5,21335.0,
20241207,44,58.40,35512.5,21252.7,
20241207,44,60.00,35512.5,21251.1,
20241207,44,63.18,35512.5,21113.2,
20241207,44,70.00,35512.5,21074.0,
20241207,44,71.32,35512.5,21072.9,
20241207,44,72.00,35512.5,21071.2,
20241207,44,77.80,35512.5,21071.1,
20241207,44,79.90,35512.5,20923.4,
20241207,44,80.00,35512.5,20921.9,
20241207,44,80.01,35512.5,19856.8,
20241207,44,80.10,35512.5,19765.1,
20241207,44,80.21,35662.4,19765.0,
20241207,44,81.00,35662.4,19765.0,
20241207,44,82.01,35662.4,19693.4,
20241207,44,84.24,35662.4,19523.0,
20241207,44,85.00,35662.4,19521.4,
20241207,44,90.00,35662.4,19517.6,
20241207,44,97.16,35662.4,19512.6,
20241207,44,99.00,35662.4,19510.9,
20241207,44,99.90,35662.4,19510.7,
20241207,44,100.00,35708.2,19502.0,
20241207,44,100.01,35743.5,19123.2,
20241207,44,101.00,35743.5,19123.2,
20241207,44,120.10,35743.5,18958.7,
20241207,44,138.00,35743.5,18921.1,
20241207,44,150.00,35743.5,18745.4,
20241207,44,151.00,35743.5,18741.0,
20241207,44,190.00,35743.5,18700.9,
20241207,44,200.00,35743.5,18700.0,
20241207,44,200.01,35743.5,16166.5,
20241207,44,200.10,35743.5,13810.7,
20241207,44,200.50,35743.5,13622.9,
20241207,44,200.98,35743.5,13622.7,
20241207,44,200.99,35743.5,13622.6,
20241207,44,201.00,35743.5,13622.5,
20241207,44,210.00,35743.5,13573.3,
20241207,44,250.00,35743.5,11944.9,
20241207,44,299.99,35744.0,11799.0,
20241207,44,300.00,35744.0,11799.0,
20241207,44,500.00,35744.0,11694.6,
20241207,44,550.02,35744.0,11684.6,
20241207,44,900.00,35744.0,11389.2,
20241207,44,999.00,35744.0,11379.2,
20241207,44,999.99,35744.0,0.0,
20241207,45,0.00,0.0,37760.4,
20241207,45,0.00,9418.0,37760.4,
20241207,45,0.01,26679.6,37760.4,
20241207,45,0.02,26826.8,37749.8,
20241207,45,0.03,26830.7,37739.4,
20241207,45,0.04,26853.5,37736.5,
20241207,45,0.10,26878.4,37736.5,
20241207,45,0.34,26919.2,37686.2,
20241207,45,1.00,27327.3,37686.2,
20241207,45,1.01,27334.4,37590.6,
20241207,45,1.11,27341.6,37580.1,
20241207,45,1.24,27342.6,37580.1,
20241207,45,2.00,27433.3,37580.1,
20241207,45,2.01,27433.3,37572.1,
20241207,45,2.14,27434.3,36972.1,
20241207,45,2.21,27441.5,36972.1,
20241207,45,3.00,27444.7,36972.1,
20241207,45,3.01,27445.2,36471.6,
20241207,45,3.04,27446.2,36271.6,
20241207,45,3.31,27453.4,36271.6,
20241207,45,3.50,27453.4,36271.6,
20241207,45,3.60,27453.5,36216.6,
20241207,45,3.94,27454.5,36216.6,
20241207,45,4.00,27454.5,36216.6,
20241207,45,4.27,27512.9,36215.6,
20241207,45,4.41,27520.2,36215.6,
20241207,45,4.50,27521.2,36215.6,
20241207,45,4.84,27522.2,36215.6,
20241207,45,5.00,27669.9,36215.6,
20241207,45,5.01,27670.3,35922.8,
20241207,45,5.34,27671.0,35394.1,
20241207,45,5.40,27672.0,35394.1,
20241207,45,5.51,27679.2,35394.1,
20241207,45,5.74,27680.2,35394.1,
20241207,45,5.90,27680.2,35394.1,
20241207,45,6.00,27771.9,35378.2,
20241207,45,6.01,27773.8,35368.2,
20241207,45,6.06,27775.2,35368.2,
20241207,45,6.10,27781.8,35368.2,
20241207,45,6.19,27781.8,35368.2,
20241207,45,6.26,27781.8,35168.2,
20241207,45,6.30,27782.8,35162.2,
20241207,45,6.50,27784.9,35162.2,
20241207,45,6.60,27785.5,35162.2,
20241207,45,6.61,27786.9,35162.2,
20241207,45,6.64,27787.9,35162.2,
20241207,45,6.96,27787.9,35162.2,
20241207,45,7.00,27790.8,35162.1,
20241207,45,7.16,27792.3,35141.4,
20241207,45,7.20,27793.3,35141.4,
20241207,45,7.50,27833.3,35141.4,
20241207,45,7.51,27833.3,35130.6,
20241207,45,7.54,27834.3,34830.6,
20241207,45,7.65,27835.1,34830.6,
20241207,45,7.71,27836.6,34830.6,
20241207,45,7.80,27836.6,34830.6,
20241207,45,7.81,27836.6,34787.3,
20241207,45,8.00,27844.6,34687.3,
20241207,45,8.01,27848.4,34566.9,
20241207,45,8.04,27848.4,34566.9,
20241207,45,8.10,27849.4,34466.9,
20241207,45,8.12,27849.4,34466.9,
20241207,45,8.26,27850.7,34464.6,
20241207,45,8.44,27851.7,34464.6,
20241207,45,8.50,27855.7,34464.6,
20241207,45,8.55,27856.7,34460.2,
20241207,45,8.85,27856.7,34460.2,
20241207,45,8.86,27856.9,34303.2,
20241207,45,8.89,27856.9,34303.2,
20241207,45,8.92,27856.9,34269.2,
20241207,45,8.95,27856.9,34239.2,
20241207,45,9.00,28078.9,34179.2,
20241207,45,9.01,28078.9,34148.1,
20241207,45,9.03,28078.9,34135.3,
20241207,45,9.06,28078.9,34105.3,
20241207,45,9.11,28078.9,34045.3,
20241207,45,9.13,28078.9,34015.3,
20241207,45,9.14,28078.9,34014.8,
20241207,45,9.17,28078.9,33984.8,
20241207,45,9.22,28078.9,33924.4,
20241207,45,9.24,28078.9,33894.4,
20241207,45,9.34,28079.9,33894.2,
20241207,45,9.45,28081.1,33894.2,
20241207,45,9.50,28081.1,33894.2,
20241207,45,9.59,28180.1,33874.2,
20241207,45,9.60,28180.1,33874.2,
20241207,45,9.73,28180.1,33874.1,
20241207,45,9.78,28180.1,33829.1,
20241207,45,9.80,28180.1,33774.1,
20241207,45,9.85,28180.1,33773.9,
20241207,45,9.90,28182.1,33582.9,
20241207,45,9.99,28182.1,33582.9,
20241207,45,10.00,28189.0,33552.9,
20241207,45,10.01,28193.6,33534.6,
20241207,45,10.03,28193.6,33530.9,
20241207,45,10.09,28193.6,33248.9,
20241207,45,10.14,28193.6,33247.9,
20241207,45,10.15,28193.6,33191.9,
20241207,45,10.24,28194.6,33091.9,
20241207,45,10.25,28194.6,33091.9,
20241207,45,10.29,28194.6,32517.9,
20241207,45,10.30,28264.4,32502.9,
20241207,45,10.35,28266.9,32502.9,
20241207,45,10.37,28269.9,32502.9,
20241207,45,10.39,28283.6,32502.9,
20241207,45,10.44,28283.6,32497.9,
20241207,45,10.50,28283.6,32350.9,
20241207,45,10.53,28283.6,32320.8,
20241207,45,10.60,28283.6,32312.9,
20241207,45,10.65,28283.6,32282.9,
20241207,45,10.67,28285.9,32217.9,
20241207,45,10.68,28285.9,32147.9,
20241207,45,10.79,28285.9,32144.3,
20241207,45,10.80,28287.9,31996.3,
20241207,45,10.81,28287.9,31849.3,
20241207,45,10.87,28287.9,31742.3,
20241207,45,10.93,28287.9,31740.9,
20241207,45,11.00,28297.9,31638.9,
20241207,45,11.01,28299.0,31569.8,
20241207,45,11.04,28299.0,31564.8,
20241207,45,11.08,28299.0,31417.8,
20241207,45,11.14,28300.0,31313.8,
20241207,45,11.26,28300.0,31313.8,
20241207,45,11.27,28300.0,31119.5,
20241207,45,11.32,28580.0,31089.5,
20241207,45,11.34,28580.0,31089.5,
20241207,45,11.40,28580.0,30624.3,
20241207,45,11.50,28609.8,30524.1,
20241207,45,11.52,28618.8,30299.2,
20241207,45,11.54,28635.2,30199.2,
20241207,45,11.55,28635.2,30066.2,
20241207,45,11.57,28687.2,30047.8,
20241207,45,11.58,28687.2,30047.8,
20241207,45,11.59,28687.2,30044.0,
20241207,45,11.60,28687.2,30014.0,
20241207,45,11.61,28707.3,30004.1,
20241207,45,11.64,28707.3,30004.1,
20241207,45,11.65,28707.3,29904.1,
20241207,45,11.70,28709.3,29781.1,
20241207,45,11.84,28739.3,29781.1,
20241207,45,11.87,28739.3,29781.1,
20241207,45,11.88,28739.3,29658.1,
20241207,45,11.93,28739.3,29558.1,
20241207,45,11.96,28739.3,29528.1,
20241207,45,12.00,28823.4,29502.9,
20241207,45,12.01,28824.0,29477.2,
20241207,45,12.03,28924.0,29447.2,
20241207,45,12.04,28925.0,29447.2,
20241207,45,12.07,29144.0,29447.2,
20241207,45,12.10,29153.0,29447.2,
20241207,45,12.11,29153.1,29445.8,
20241207,45,12.12,29156.1,29445.8,
20241207,45,12.13,29156.1,29440.8,
20241207,45,12.14,29156.1,29421.4,
20241207,45,12.15,29156.1,29421.2,
20241207,45,12.17,29156.2,29420.7,
20241207,45,12.18,29186.2,29420.7,
20241207,45,12.19,29188.7,29420.7,
20241207,45,12.20,29188.7,29383.2,
20241207,45,12.28,29188.7,29380.1,
20241207,45,12.40,29188.7,29380.0,
20241207,45,12.47,29188.7,29379.7,
20241207,45,12.50,29192.2,29354.7,
20241207,45,12.60,29194.2,29271.8,
20241207,45,12.63,29194.2,29271.8,
20241207,45,12.67,29194.2,29264.1,
20241207,45,12.68,29195.4,29189.1,
20241207,45,12.69,29212.8,29189.1,
20241207,45,12.71,29242.8,29189.1,
20241207,45,12.72,29242.8,29189.1,
20241207,45,12.76,29262.8,29188.9,
20241207,45,12.80,29262.8,29188.6,
20241207,45,12.81,29262.8,29188.5,
20241207,45,12.83,29262.8,29037.5,
20241207,45,12.89,29262.8,29037.1,
20241207,45,12.91,29262.8,29018.1,
20241207,45,12.96,29262.8,29017.8,
20241207,45,12.98,29262.8,29017.4,
20241207,45,13.00,29317.8,29016.5,
20241207,45,13.01,29321.6,29010.9,
20241207,45,13.02,29321.6,29008.0,
20241207,45,13.05,29321.6,28987.0,
20241207,45,13.12,29321.6,28982.5,
20241207,45,13.17,29323.0,28817.5,
20241207,45,13.19,29353.0,28817.5,
20241207,45,13.20,29353.0,28817.5,
20241207,45,13.21,29353.0,28817.3,
20241207,45,13.26,29353.8,28717.3,
20241207,45,13.30,29353.8,28717.3,
20241207,45,13.34,29376.1,28717.1,
20241207,45,13.39,29376.1,28687.1,
20241207,45,13.41,29383.6,28686.3,
20241207,45,13.46,29383.6,28686.3,
20241207,45,13.48,29384.1,28684.6,
20241207,45,13.50,29386.1,28684.6,
20241207,45,13.62,29386.6,28654.6,
20241207,45,13.77,29387.0,28654.6,
20241207,45,13.79,29407.0,28654.6,
20241207,45,13.80,29407.0,28654.6,
20241207,45,13.82,29410.0,28650.1,
20241207,45,13.84,29410.0,28650.1,
20241207,45,13.85,29416.7,28650.0,
20241207,45,13.89,29416.7,28650.0,
20241207,45,13.91,29417.2,28649.8,
20241207,45,13.95,29417.2,28589.8,
20241207,45,14.00,29437.2,28586.8,
20241207,45,14.01,29448.5,28521.8,
20241207,45,14.05,29448.9,28505.4,
20241207,45,14.06,29448.9,28501.4,
20241207,45,14.20,29448.9,28301.4,
20241207,45,14.25,29477.8,28101.4,
20241207,45,14.29,29477.8,28101.4,
20241207,45,14.30,29477.8,27891.5,
20241207,45,14.33,29477.8,27791.5,
20241207,45,14.37,29527.8,27591.5,
20241207,45,14.38,29573.8,27591.5,
20241207,45,14.40,29575.8,27591.5,
20241207,45,14.44,29575.8,27391.5,
20241207,45,14.47,29575.8,27191.5,
20241207,45,14.49,29575.8,27191.3,
20241207,45,14.50,29575.8,27177.8,
20241207,45,14.52,29595.8,27153.7,
20241207,45,14.54,29595.8,27153.7,
20241207,45,14.57,29595.8,26953.7,
20241207,45,14.60,29595.8,26894.7,
20241207,45,14.63,29623.3,26894.6,
20241207,45,14.66,29645.3,26894.6,
20241207,45,14.68,29645.3,26844.6,
20241207,45,14.70,29645.3,26794.6,
20241207,45,14.72,29671.3,26712.5,
20241207,45,14.74,29671.3,26712.5,
20241207,45,14.75,29671.3,26711.5,
20241207,45,14.85,29671.3,26511.5,
20241207,45,14.88,29711.3,26509.3,
20241207,45,14.90,29724.3,26509.3,
20241207,45,14.93,29772.3,26509.3,
20241207,45,14.96,29772.3,26509.3,
20241207,45,14.98,29817.3,26309.3,
20241207,45,15.00,29867.3,26309.3,
20241207,45,15.01,29868.3,26263.4,
20241207,45,15.03,29916.3,26263.4,
20241207,45,15.05,29916.3,26263.4,
20241207,45,15.11,29916.3,26262.4,
20241207,45,15.12,29916.3,26062.4,
20241207,45,15.18,29916.3,26047.2,
20241207,45,15.22,30067.3,26042.7,
20241207,45,15.23,30067.3,26042.7,
20241207,45,15.24,30096.3,26041.4,
20241207,45,15.25,30340.3,26037.4,
20241207,45,15.34,30340.3,26037.4,
20241207,45,15.39,30530.3,26036.6,
20241207,45,15.50,30665.3,26036.6,
20241207,45,15.64,30665.3,26035.9,
20241207,45,15.69,30695.3,26034.9,
20241207,45,15.70,30695.3,26034.9,
20241207,45,15.75,30695.3,26034.8,
20241207,45,15.85,30697.8,26033.5,
20241207,45,15.90,30697.8,26033.5,
20241207,45,15.91,30727.8,26033.3,
20241207,45,15.93,30830.8,26033.3,
20241207,45,16.00,30840.8,26033.3,
20241207,45,16.06,30940.8,25987.5,
20241207,45,16.20,30940.8,25987.5,
20241207,45,16.21,30940.8,25987.2,
20241207,45,16.25,30950.9,25904.0,
20241207,45,16.35,31000.8,25904.0,
20241207,45,16.37,31035.8,25904.0,
20241207,45,16.43,31035.8,25904.0,
20241207,45,16.47,31085.8,25899.9,
20241207,45,16.50,31160.8,25899.9,
20241207,45,16.54,31160.8,25897.9,
20241207,45,16.59,31160.8,25896.9,
20241207,45,16.64,31160.8,25895.5,
20241207,45,16.65,31160.8,25893.9,
20241207,45,16.68,31210.8,25892.9,
20241207,45,16.69,31210.8,25892.9,
20241207,45,16.70,31210.8,25868.7,
20241207,45,16.73,31210.8,25859.7,
20241207,45,16.74,31210.8,25859.6,
20241207,45,16.79,31520.8,25859.2,
20241207,45,17.00,31540.8,25859.2,
20241207,45,17.01,31544.9,25826.9,
20241207,45,17.03,31544.9,25821.0,
20241207,45,17.07,31544.9,25806.3,
20241207,45,17.10,31544.9,25758.8,
20241207,45,17.15,31579.9,25755.8,
20241207,45,17.17,31679.9,25755.8,
20241207,45,17.20,31679.9,25755.8,
20241207,45,17.37,31679.9,25755.2,
20241207,45,17.43,31679.9,25754.3,
20241207,45,17.44,31679.9,25754.1,
20241207,45,17.51,31679.9,25753.1,
20241207,45,17.55,31679.9,25752.6,
20241207,45,17.58,31679.9,25752.5,
20241207,45,17.62,31679.9,25736.3,
20241207,45,17.73,31679.9,25726.3,
20241207,45,17.92,31860.9,25704.3,
20241207,45,17.93,31885.9,25704.3,
20241207,45,18.00,31885.9,25704.3,
20241207,45,18.01,31885.9,25697.6,
20241207,45,18.08,31885.9,25697.3,
20241207,45,18.13,31985.9,25598.8,
20241207,45,18.34,31985.9,25598.8,
20241207,45,18.43,32061.9,25598.2,
20241207,45,18.50,32091.9,25598.2,
20241207,45,18.57,32091.9,25597.3,
20241207,45,18.71,32116.9,25580.3,
20241207,45,18.78,32116.9,25580.3,
20241207,45,18.90,32116.9,25568.1,
20241207,45,18.93,32168.9,25566.1,
20241207,45,18.95,32168.9,25566.1,
20241207,45,19.00,32168.9,25558.4,
20241207,45,19.20,32168.9,25558.1,
20241207,45,19.42,32588.9,25549.9,
20241207,45,19.45,32588.9,25549.9,
20241207,45,19.48,32670.9,25513.9,
20241207,45,19.57,32670.9,25513.9,
20241207,45,19.59,32812.9,25511.7,
20241207,45,19.60,32813.4,25511.7,
20241207,45,19.63,32954.4,25511.7,
20241207,45,19.70,33096.4,25511.7,
20241207,45,19.73,33237.4,25511.7,
20241207,45,19.80,33379.4,25511.7,
20241207,45,20.00,33379.4,25510.7,
20241207,45,20.12,33379.4,25425.1,
20241207,45,20.50,33379.4,25418.0,
20241207,45,20.70,33379.4,25417.2,
20241207,45,20.75,33520.4,25416.2,
20241207,45,21.01,33520.4,25416.2,
20241207,45,21.02,33520.4,25156.5,
20241207,45,21.10,33531.9,24356.5,
20241207,45,21.35,33531.9,24356.5,
20241207,45,21.60,33531.9,24355.7,
20241207,45,21.64,33531.9,24354.7,
20241207,45,21.73,33531.9,24339.5,
20241207,45,21.74,33531.9,24339.2,
20241207,45,22.00,33531.9,24335.4,
20241207,45,22.50,33531.9,24274.0,
20241207,45,22.91,33531.9,24273.0,
20241207,45,23.40,33531.9,24265.4,
20241207,45,23.97,33673.9,24264.4,
20241207,45,24.00,33673.9,24264.4,
20241207,45,24.04,33673.9,24238.3,
20241207,45,24.30,33673.9,24236.6,
20241207,45,24.57,33673.9,24235.6,
20241207,45,25.00,33673.9,24215.5,
20241207,45,25.10,33673.9,24195.2,
20241207,45,25.20,33673.9,24194.4,
20241207,45,25.32,33673.9,24193.4,
20241207,45,25.54,33673.9,24184.5,
20241207,45,25.74,33673.9,24176.8,
20241207,45,26.00,33673.9,24173.6,
20241207,45,26.10,33673.9,24098.3,
20241207,45,26.64,33673.9,24097.3,
20241207,45,26.86,33673.9,24089.7,
20241207,45,27.00,33673.9,24030.6,
20241207,45,27.50,33673.9,24022.6,
20241207,45,28.80,33814.9,24018.8,
20241207,45,28.87,33824.5,24018.8,
20241207,45,29.90,33824.5,24018.8,
20241207,45,30.00,33824.5,24017.1,
20241207,45,30.10,33824.5,23937.4,
20241207,45,31.25,33824.5,23935.2,
20241207,45,31.36,33824.5,23935.1,
20241207,45,31.79,33824.5,23177.8,
20241207,45,32.00,33824.5,23175.1,
20241207,45,32.02,33966.5,23140.5,
20241207,45,33.00,33966.5,23140.5,
20241207,45,33.62,34012.0,23139.9,
20241207,45,34.94,34012.0,23139.9,
20241207,45,35.00,34012.0,23123.8,
20241207,45,36.00,34012.0,23110.5,
20241207,45,36.79,34012.0,23046.3,
20241207,45,37.50,34012.0,23035.2,
20241207,45,38.25,34012.0,22994.3,
20241207,45,38.52,34012.0,22994.2,
20241207,45,39.69,34593.0,22819.5,
20241207,45,40.00,34593.0,22819.5,
20241207,45,40.01,34593.0,22732.0,
20241207,45,41.36,34593.0,22669.0,
20241207,45,42.50,34593.0,22662.5,
20241207,45,45.00,34593.0,22660.9,
20241207,45,45.01,34593.0,21927.3,
20241207,45,45.25,34593.0,21446.7,
20241207,45,46.00,34593.0,21446.4,
20241207,45,48.32,34593.0,21396.4,
20241207,45,50.00,34594.0,21371.1,
20241207,45,50.01,34594.0,20982.9,
20241207,45,50.90,34594.0,20978.9,
20241207,45,55.00,34594.0,20977.4,
20241207,45,60.00,34594.0,20912.5,
20241207,45,63.09,34594.0,20781.5,
20241207,45,63.48,34594.0,20753.0,
20241207,45,63.53,34594.0,20752.1,
20241207,45,70.00,34594.0,20738.5,
20241207,45,72.00,34594.0,20738.4,
20241207,45,77.80,34594.0,20738.3,
20241207,45,79.90,34594.0,20599.2,
20241207,45,80.00,34594.0,20598.0,
20241207,45,80.01,34594.0,19547.0,
20241207,45,80.05,34594.0,19460.6,
20241207,45,80.10,34594.0,19455.1,
20241207,45,80.21,34743.9,19455.0,
20241207,45,81.00,34743.9,19455.0,
20241207,45,82.01,34743.9,19353.7,
20241207,45,85.00,34743.9,19189.0,
20241207,45,90.00,34743.9,19185.9,
20241207,45,95.00,34743.9,19181.6,
20241207,45,99.00,34743.9,19180.0,
20241207,45,99.90,34743.9,19179.8,
20241207,45,100.00,34909.7,19171.5,
20241207,45,100.01,34939.5,18794.9,
20241207,45,101.00,34939.5,18794.9,
20241207,45,107.92,34939.5,18630.4,
20241207,45,120.10,34939.5,18628.7,
20241207,45,120.84,34939.5,18592.9,
20241207,45,133.76,34939.5,18591.3,
20241207,45,138.00,34939.5,18589.6,
20241207,45,150.00,34939.5,18417.7,
20241207,45,151.00,34939.5,18295.0,
20241207,45,190.00,34939.5,18255.5,
20241207,45,200.00,34939.5,18254.7,
20241207,45,200.01,34939.5,15677.6,
20241207,45,200.10,34939.5,13377.0,
20241207,45,200.50,34939.5,13188.8,
20241207,45,200.98,34939.5,13188.6,
20241207,45,200.99,34939.5,13188.5,
20241207,45,201.00,34939.5,13188.4,
20241207,45,210.00,34939.5,13141.2,
20241207,45,250.00,34939.5,11490.8,
20241207,45,299.99,34940.0,11343.9,
20241207,45,300.00,34940.0,11343.9,
20241207,45,500.00,34940.0,11239.6,
20241207,45,550.02,34940.0,11229.6,
20241207,45,900.00,34940.0,10934.2,
20241207,45,999.00,34940.0,10931.2,
20241207,45,999.99,34940.0,0.0,
20241207,46,0.00,0.0,36766.6,
20241207,46,0.00,9354.2,36766.6,
20241207,46,0.01,26653.0,36766.6,
20241207,46,0.02,26801.9,36756.6,
20241207,46,0.03,26805.8,36746.2,
20241207,46,0.04,26829.3,36743.3,
20241207,46,0.10,26855.0,36743.3,
20241207,46,0.68,26909.5,36701.4,
20241207,46,1.00,27324.6,36701.4,
20241207,46,1.01,27331.4,36606.2,
20241207,46,1.58,27332.4,36596.0,
20241207,46,2.00,27424.2,36596.0,
20241207,46,2.01,27424.2,36588.0,
20241207,46,2.10,27431.4,35988.0,
20241207,46,2.48,27432.4,35988.0,
20241207,46,2.52,27434.5,35988.0,
20241207,46,3.00,27437.7,35988.0,
20241207,46,3.01,27438.2,35488.5,
20241207,46,3.02,27438.4,35288.5,
20241207,46,3.38,27439.4,35288.5,
20241207,46,3.92,27440.4,35288.5,
20241207,46,4.00,27445.7,35288.5,
20241207,46,4.20,27452.9,35287.5,
20241207,46,4.27,27511.3,35287.5,
20241207,46,4.28,27512.3,35287.5,
20241207,46,4.51,27512.3,35287.5,
20241207,46,4.82,27513.3,35232.5,
20241207,46,5.00,27660.7,35232.5,
20241207,46,5.01,27661.1,34930.4,
20241207,46,5.03,27663.4,34404.1,
20241207,46,5.18,27664.4,34404.1,
20241207,46,5.72,27665.4,34404.1,
20241207,46,5.90,27665.4,34404.1,
20241207,46,6.00,27757.7,34388.2,
20241207,46,6.01,27759.6,34378.2,
20241207,46,6.08,27760.6,34378.2,
20241207,46,6.10,27770.9,34378.2,
20241207,46,6.19,27770.9,34378.2,
20241207,46,6.26,27770.9,34178.2,
20241207,46,6.29,27778.1,34172.2,
20241207,46,6.50,27780.2,34172.2,
20241207,46,6.60,27780.8,34172.2,
20241207,46,6.62,27781.8,34172.2,
20241207,46,6.91,27782.6,34172.2,
20241207,46,6.96,27782.6,34172.2,
20241207,46,6.98,27783.6,34172.1,
20241207,46,7.00,27786.9,34172.1,
20241207,46,7.50,27826.9,34141.4,
20241207,46,7.51,27826.9,34141.4,
20241207,46,7.52,27827.9,33841.4,
20241207,46,7.54,27830.2,33841.4,
20241207,46,7.80,27830.2,33841.4,
20241207,46,7.81,27831.2,33797.6,
20241207,46,7.88,27832.2,33697.6,
20241207,46,8.00,27841.0,33697.6,
20241207,46,8.01,27842.5,33577.8,
20241207,46,8.04,27842.5,33577.8,
20241207,46,8.39,27849.8,33477.8,
20241207,46,8.42,28047.3,33477.8,
20241207,46,8.50,28051.3,33477.8,
20241207,46,8.58,28051.6,33473.5,
20241207,46,8.71,28052.8,33473.5,
20241207,46,8.78,28053.8,33473.5,
20241207,46,8.85,28053.8,33473.5,
20241207,46,8.89,28053.8,33316.5,
20241207,46,8.92,28053.8,33282.5,
20241207,46,8.95,28053.8,33252.5,
20241207,46,9.00,28089.6,33192.5,
20241207,46,9.01,28089.6,33161.5,
20241207,46,9.03,28089.6,33149.0,
20241207,46,9.06,28089.6,33119.0,
20241207,46,9.07,28089.6,33059.0,
20241207,46,9.11,28089.6,33058.3,
20241207,46,9.14,28089.6,33028.3,
20241207,46,9.17,28089.6,32998.3,
20241207,46,9.22,28089.6,32938.3,
20241207,46,9.23,28089.6,32908.3,
20241207,46,9.32,28091.6,32906.2,
20241207,46,9.50,28091.6,32906.2,
20241207,46,9.52,28091.6,32886.2,
20241207,46,9.60,28091.6,32730.2,
20241207,46,9.61,28094.6,32730.1,
20241207,46,9.65,28236.6,32730.1,
20241207,46,9.67,28236.6,32730.1,
20241207,46,9.68,28237.6,32539.1,
20241207,46,9.73,28237.6,32539.1,
20241207,46,9.80,28237.6,32494.1,
20241207,46,9.81,28237.6,32493.9,
20241207,46,9.82,28237.6,32211.9,
20241207,46,9.89,28240.6,32181.9,
20241207,46,9.99,28240.6,32181.9,
20241207,46,10.00,28247.8,32151.9,
20241207,46,10.01,28252.2,32144.8,
20241207,46,10.05,28254.5,32141.2,
20241207,46,10.11,28268.2,32141.2,
20241207,46,10.14,28268.2,32136.2,
20241207,46,10.15,28268.2,32080.2,
20241207,46,10.22,28270.2,31980.2,
20241207,46,10.25,28270.2,31980.2,
20241207,46,10.30,28339.9,31406.2,
20241207,46,10.43,28339.9,31406.2,
20241207,46,10.44,28339.9,31296.2,
20241207,46,10.48,28347.1,31148.2,
20241207,46,10.50,28347.1,31148.2,
20241207,46,10.51,28347.3,31098.1,
20241207,46,10.52,28348.7,31098.1,
20241207,46,10.57,28350.1,31098.1,
20241207,46,10.58,28351.1,31098.1,
20241207,46,10.61,28352.6,31094.2,
20241207,46,10.66,28354.1,31094.2,
20241207,46,10.67,28354.1,31094.2,
20241207,46,10.68,28354.1,31024.2,
20241207,46,10.70,28355.4,31019.6,
20241207,46,10.77,28355.4,31018.6,
20241207,46,10.79,28355.4,31017.5,
20241207,46,10.80,28355.4,30870.5,
20241207,46,10.81,28355.4,30722.5,
20241207,46,10.85,28355.4,30716.5,
20241207,46,10.92,28355.4,30715.5,
20241207,46,10.93,28355.4,30712.9,
20241207,46,10.99,28364.4,30610.9,
20241207,46,11.00,28374.4,30610.9,
20241207,46,11.01,28375.0,30564.4,
20241207,46,11.04,28375.0,30559.7,
20241207,46,11.05,28375.0,30411.7,
20241207,46,11.07,28375.0,30381.7,
20241207,46,11.08,28375.0,30376.6,
20241207,46,11.12,28377.7,30272.6,
20241207,46,11.22,28378.7,30272.6,
20241207,46,11.23,28395.1,30272.6,
20241207,46,11.26,28395.1,30262.6,
20241207,46,11.30,28395.1,30068.3,
20241207,46,11.32,28985.1,30067.1,
20241207,46,11.34,28985.1,30067.1,
20241207,46,11.35,28985.1,29601.9,
20241207,46,11.39,28985.1,29601.6,
20241207,46,11.40,28985.1,29501.6,
20241207,46,11.41,28985.1,29501.4,
20241207,46,11.46,28985.1,29500.9,
20241207,46,11.47,28985.1,29470.9,
20241207,46,11.48,29006.2,29436.0,
20241207,46,11.50,29044.4,29436.0,
20241207,46,11.51,29044.4,29194.4,
20241207,46,11.54,29053.4,29094.4,
20241207,46,11.57,29105.4,28971.4,
20241207,46,11.64,29105.4,28971.4,
20241207,46,11.65,29105.4,28871.4,
20241207,46,11.66,29105.4,28748.4,
20241207,46,11.72,29105.4,28718.4,
20241207,46,11.73,29105.4,28718.3,
20241207,46,11.76,29105.5,28700.8,
20241207,46,11.79,29108.5,28700.8,
20241207,46,11.84,29138.6,28695.8,
20241207,46,11.87,29138.6,28695.8,
20241207,46,11.88,29138.6,28572.8,
20241207,46,11.96,29138.6,28472.8,
20241207,46,12.00,29222.9,28469.0,
20241207,46,12.02,29227.1,28423.7,
20241207,46,12.03,29327.1,28423.7,
20241207,46,12.04,29357.1,28423.7,
20241207,46,12.05,29357.1,28423.7,
20241207,46,12.07,29569.1,28399.4,
20241207,46,12.13,29571.6,28399.4,
20241207,46,12.16,29571.6,28380.0,
20241207,46,12.19,29571.6,28376.2,
20241207,46,12.28,29571.6,28351.2,
20241207,46,12.31,29571.6,28350.9,
20241207,46,12.35,29589.0,28346.4,
20241207,46,12.36,29589.0,28346.4,
20241207,46,12.38,29590.0,28342.6,
20241207,46,12.40,29590.0,28324.6,
20241207,46,12.50,29593.5,28324.3,
20241207,46,12.56,29773.8,28271.9,
20241207,46,12.62,29793.8,28264.2,
20241207,46,12.67,29795.2,28264.2,
20241207,46,12.69,29796.0,28214.2,
20241207,46,12.75,29796.0,28212.5,
20241207,46,12.80,29796.5,28177.1,
20241207,46,12.88,29796.5,28177.0,
20241207,46,12.89,29826.5,28117.0,
20241207,46,12.92,29829.5,28117.0,
20241207,46,13.00,29884.5,28117.0,
20241207,46,13.01,29888.2,28047.8,
20241207,46,13.04,29888.7,28045.0,
20241207,46,13.10,29888.7,28045.0,
20241207,46,13.12,29888.7,28042.2,
20241207,46,13.13,29928.7,27877.2,
20241207,46,13.17,29928.7,27877.2,
20241207,46,13.19,29951.7,27876.4,
20241207,46,13.20,29962.7,27876.4,
20241207,46,13.21,29962.7,27876.4,
20241207,46,13.25,29962.7,27873.4,
20241207,46,13.27,29991.6,27868.9,
20241207,46,13.28,29992.0,27868.9,
20241207,46,13.34,29999.5,27868.9,
20241207,46,13.38,30029.5,27838.9,
20241207,46,13.48,30036.2,27838.9,
20241207,46,13.49,30036.2,27838.7,
20241207,46,13.52,30036.7,27779.7,
20241207,46,13.76,30037.1,27779.7,
20241207,46,13.82,30040.1,27775.7,
20241207,46,13.91,30040.1,27775.7,
20241207,46,13.92,30040.1,27762.2,
20241207,46,13.97,30040.1,27562.2,
20241207,46,13.99,30060.1,27546.1,
20241207,46,14.00,30080.1,27546.1,
20241207,46,14.01,30090.8,27521.9,
20241207,46,14.09,30090.8,27508.6,
20241207,46,14.11,30090.8,27308.6,
20241207,46,14.12,30119.8,27305.5,
20241207,46,14.18,30119.8,27305.5,
20241207,46,14.20,30119.8,27305.4,
20241207,46,14.26,30258.8,27105.4,
20241207,46,14.30,30258.8,27105.4,
20241207,46,14.35,30258.8,26833.8,
20241207,46,14.40,30291.8,26633.8,
20241207,46,14.43,30291.8,26433.8,
20241207,46,14.44,30321.8,26383.8,
20241207,46,14.45,30321.8,26383.8,
20241207,46,14.50,30321.8,26333.8,
20241207,46,14.51,30321.8,26309.8,
20241207,46,14.56,30329.3,26109.8,
20241207,46,14.58,30329.3,26109.8,
20241207,46,14.61,30329.3,26105.3,
20241207,46,14.63,30380.3,26026.3,
20241207,46,14.64,30380.3,26026.3,
20241207,46,14.66,30433.3,25826.3,
20241207,46,14.68,30433.3,25826.3,
20241207,46,14.72,30486.3,25826.1,
20241207,46,14.73,30536.3,25826.1,
20241207,46,14.78,30536.3,25826.1,
20241207,46,14.88,30604.3,25618.5,
20241207,46,14.90,30617.3,25618.5,
20241207,46,14.93,30695.3,25618.5,
20241207,46,14.98,30765.3,25618.5,
20241207,46,15.00,30825.3,25618.5,
20241207,46,15.01,30864.3,25580.0,
20241207,46,15.03,30937.3,25578.8,
20241207,46,15.05,30972.3,25378.8,
20241207,46,15.06,31216.3,25378.8,
20241207,46,15.08,31216.3,25378.8,
20241207,46,15.12,31216.3,25377.8,
20241207,46,15.15,31216.3,25364.0,
20241207,46,15.27,31226.4,25340.9,
20241207,46,15.34,31419.4,25340.9,
20241207,46,15.39,31529.4,25340.9,
20241207,46,15.50,31654.4,25340.9,
20241207,46,15.60,31707.4,25340.9,
20241207,46,15.62,31707.4,25340.9,
20241207,46,15.70,31707.4,25340.6,
20241207,46,15.77,31744.9,25340.5,
20241207,46,15.85,31744.9,25340.5,
20241207,46,15.87,31744.9,25336.5,
20241207,46,15.90,31744.9,25336.3,
20241207,46,15.91,31744.9,25336.1,
20241207,46,15.93,31847.9,25335.2,
20241207,46,15.95,31897.9,25335.2,
20241207,46,15.98,31897.9,25335.2,
20241207,46,15.99,31947.9,25332.6,
20241207,46,16.00,31957.9,25332.6,
20241207,46,16.03,31988.9,25234.0,
20241207,46,16.06,32100.9,25234.0,
20241207,46,16.07,32107.9,25234.0,
20241207,46,16.16,32123.9,25234.0,
20241207,46,16.21,32136.9,25234.0,
20241207,46,16.23,32149.9,25234.0,
20241207,46,16.27,32149.9,25234.0,
20241207,46,16.28,32157.9,25233.9,
20241207,46,16.29,32174.9,25233.5,
20241207,46,16.41,32186.9,25233.5,
20241207,46,16.42,32207.9,25154.5,
20241207,46,16.43,32218.9,25154.5,
20241207,46,16.49,32243.9,25154.5,
20241207,46,16.50,32318.9,25154.5,
20241207,46,16.52,32318.9,25151.8,
20241207,46,16.58,32342.9,25148.8,
20241207,46,16.59,32342.9,25148.8,
20241207,46,16.61,32357.9,25147.4,
20241207,46,16.64,32368.9,25147.4,
20241207,46,16.70,32368.9,25147.4,
20241207,46,16.88,32368.9,25138.4,
20241207,46,16.92,32368.9,25137.4,
20241207,46,17.00,32388.9,25136.5,
20241207,46,17.01,32392.8,25104.2,
20241207,46,17.03,32392.8,25098.5,
20241207,46,17.07,32392.8,25084.6,
20241207,46,17.17,32492.8,25084.4,
20241207,46,17.20,32517.8,25084.4,
20241207,46,17.28,32517.8,25037.6,
20241207,46,17.42,32517.8,25015.6,
20241207,46,17.43,32517.8,25013.2,
20241207,46,17.57,32567.7,25013.0,
20241207,46,17.58,32567.7,25013.0,
20241207,46,17.78,32567.7,24996.8,
20241207,46,17.95,32567.7,24995.8,
20241207,46,17.96,32585.7,24991.7,
20241207,46,18.00,32585.7,24991.7,
20241207,46,18.01,32585.7,24991.6,
20241207,46,18.13,32685.7,24991.5,
20241207,46,18.27,32685.7,24991.5,
20241207,46,18.32,32685.7,24990.6,
20241207,46,18.43,32759.7,24988.8,
20241207,46,18.49,32759.7,24988.8,
20241207,46,18.50,32789.7,24981.1,
20241207,46,18.64,32789.7,24980.1,
20241207,46,18.68,32789.7,24890.9,
20241207,46,18.78,32789.7,24890.4,
20241207,46,18.79,32791.3,24879.8,
20241207,46,18.93,32843.3,24879.8,
20241207,46,19.00,32843.3,24879.8,
20241207,46,19.22,32843.3,24879.6,
20241207,46,19.23,32925.3,24878.6,
20241207,46,19.30,32925.3,24878.6,
20241207,46,19.42,33395.3,24847.3,
20241207,46,19.53,33395.3,24847.3,
20241207,46,19.56,33537.3,24845.2,
20241207,46,19.63,33678.3,24845.2,
20241207,46,19.66,33820.3,24845.2,
20241207,46,19.70,33961.3,24845.2,
20241207,46,19.77,34103.3,24845.2,
20241207,46,19.80,34244.3,24845.2,
20241207,46,20.00,34244.3,24845.2,
20241207,46,20.04,34244.3,24808.1,
20241207,46,20.12,34244.3,24800.3,
20241207,46,20.50,34244.3,24792.7,
20241207,46,20.68,34244.3,24792.0,
20241207,46,20.98,34244.3,24791.2,
20241207,46,21.02,34244.3,24776.0,
20241207,46,21.10,34255.6,23975.0,
20241207,46,21.27,34255.6,23975.0,
20241207,46,21.28,34255.6,23974.7,
20241207,46,21.31,34255.6,23971.0,
20241207,46,21.92,34255.6,23725.7,
20241207,46,22.00,34255.6,23724.7,
20241207,46,22.20,34255.6,23667.6,
20241207,46,22.35,34397.6,23660.0,
20241207,46,22.82,34397.6,23660.0,
20241207,46,23.18,34397.6,23659.0,
20241207,46,23.40,34397.6,23658.1,
20241207,46,23.72,34397.6,23655.5,
20241207,46,24.00,34397.6,23654.5,
20241207,46,24.04,34397.6,23630.5,
20241207,46,24.22,34397.6,23628.8,
20241207,46,24.43,34397.6,23628.0,
20241207,46,24.53,34397.6,23620.3,
20241207,46,24.62,34397.6,23600.6,
20241207,46,24.67,34397.6,23599.6,
20241207,46,25.00,34397.6,23591.9,
20241207,46,25.05,34397.6,23572.3,
20241207,46,25.52,34397.6,23572.2,
20241207,46,25.57,34538.6,23571.2,
20241207,46,25.70,34538.6,23571.2,
20241207,46,25.90,34538.6,23563.6,
20241207,46,26.00,34538.6,23513.1,
20241207,46,26.42,34538.6,23441.8,
20241207,46,27.50,34538.6,23434.6,
20241207,46,28.87,34548.2,23431.0,
20241207,46,29.00,34548.2,23431.0,
20241207,46,29.90,34548.2,23430.7,
20241207,46,30.00,34548.2,23429.2,
20241207,46,30.40,34690.2,23355.0,
20241207,46,31.36,34690.2,23355.0,
20241207,46,31.79,34690.2,22692.2,
20241207,46,32.00,34690.2,22689.6,
20241207,46,32.05,34690.2,22656.8,
20241207,46,33.62,34824.5,22656.7,
20241207,46,33.74,34824.5,22656.7,
20241207,46,34.94,34824.5,22486.1,
20241207,46,35.00,34824.5,22471.0,
20241207,46,36.00,34824.5,22458.0,
20241207,46,36.54,34824.5,22399.8,
20241207,46,36.79,34824.5,22397.9,
20241207,46,37.50,34824.5,22386.8,
20241207,46,39.05,34824.5,22346.7,
20241207,46,39.69,35365.5,22346.4,
20241207,46,40.00,35365.5,22346.4,
20241207,46,40.01,35365.5,22261.9,
20241207,46,41.36,35365.5,22217.6,
20241207,46,42.43,35365.5,22210.3,
20241207,46,45.00,35365.5,22208.7,
20241207,46,45.01,35365.5,21558.6,
20241207,46,46.00,35365.5,21151.7,
20241207,46,48.32,35365.5,21101.7,
20241207,46,50.00,35366.7,21076.4,
20241207,46,50.01,35366.7,20697.3,
20241207,46,50.90,35366.7,20693.7,
20241207,46,55.00,35366.7,20692.6,
20241207,46,60.00,35366.7,20627.8,
20241207,46,61.98,35366.7,20504.2,
20241207,46,62.78,35366.7,20477.1,
20241207,46,70.00,35366.7,20463.2,
20241207,46,72.00,35366.7,20463.1,
20241207,46,77.80,35366.7,20463.0,
20241207,46,79.90,35366.7,20335.3,
20241207,46,80.00,35366.7,20334.2,
20241207,46,80.01,35366.7,19319.3,
20241207,46,80.10,35366.7,19235.7,
20241207,46,80.21,35516.6,19235.6,
20241207,46,81.00,35516.6,19235.6,
20241207,46,82.01,35516.6,19156.9,
20241207,46,85.00,35516.6,18998.8,
20241207,46,90.00,35516.6,18996.1,
20241207,46,94.95,35516.6,18992.0,
20241207,46,99.00,35516.6,18990.4,
20241207,46,99.90,35516.6,18990.2,
20241207,46,100.00,35682.4,18982.2,
20241207,46,100.01,35712.1,18613.1,
20241207,46,101.00,35712.1,18613.1,
20241207,46,107.87,35712.1,18448.6,
20241207,46,120.10,35712.1,18446.9,
20241207,46,120.79,35712.1,18412.3,
20241207,46,133.71,35712.1,18410.7,
20241207,46,138.00,35712.1,18409.0,
20241207,46,150.00,35712.1,18239.6,
20241207,46,151.00,35712.1,18121.0,
20241207,46,190.00,35712.1,18082.5,
20241207,46,200.00,35712.1,18081.8,
20241207,46,200.01,35712.1,15599.4,
20241207,46,200.10,35712.1,13307.0,
20241207,46,200.50,35712.1,13118.4,
20241207,46,200.98,35712.1,13118.2,
20241207,46,200.99,35712.1,13118.1,
20241207,46,201.00,35712.1,13118.0,
20241207,46,210.00,35712.1,13074.8,
20241207,46,250.00,35712.1,11423.3,
20241207,46,299.99,35712.6,11276.0,
20241207,46,300.00,35712.6,11276.0,
20241207,46,500.00,35712.6,11171.8,
20241207,46,550.02,35712.6,11161.8,
20241207,46,900.00,35712.6,10866.4,
20241207,46,999.00,35712.6,10863.4,
20241207,46,999.99,35712.6,0.0,
20241207,47,0.00,0.0,36368.1,
20241207,47,0.00,9329.0,36368.1,
20241207,47,0.01,26660.7,36368.1,
20241207,47,0.02,26811.6,36358.6,
20241207,47,0.03,26815.4,36348.2,
20241207,47,0.04,26839.5,36345.5,
20241207,47,0.10,26866.1,36345.5,
20241207,47,0.68,26930.7,36314.0,
20241207,47,0.69,27133.5,36314.0,
20241207,47,1.00,27554.8,36314.0,
20241207,47,1.01,27561.3,36219.6,
20241207,47,1.58,27562.3,36210.2,
20241207,47,1.59,27563.3,36210.2,
20241207,47,2.00,27657.5,36210.2,
20241207,47,2.01,27657.5,36202.2,
20241207,47,2.21,27664.7,35602.2,
20241207,47,2.48,27665.7,35602.2,
20241207,47,2.49,27669.3,35602.2,
20241207,47,3.00,27672.7,35602.2,
20241207,47,3.01,27673.3,35104.1,
20241207,47,3.38,27674.3,34904.1,
20241207,47,3.39,27676.3,34904.1,
20241207,47,4.00,27682.4,34904.1,
20241207,47,4.27,27740.8,34903.1,
20241207,47,4.28,27741.8,34903.1,
20241207,47,4.29,27743.8,34903.1,
20241207,47,4.41,27751.0,34903.1,
20241207,47,4.73,27751.4,34903.1,
20241207,47,4.97,27753.7,34903.1,
20241207,47,5.00,27900.8,34903.1,
20241207,47,5.01,27901.2,34612.1,
20241207,47,5.18,27902.2,34088.2,
20241207,47,5.19,27904.2,34088.2,
20241207,47,5.20,27904.3,34088.2,
20241207,47,5.42,27904.3,34088.2,
20241207,47,5.67,27904.4,34033.2,
20241207,47,5.90,27904.4,34033.2,
20241207,47,6.00,27980.9,34017.3,
20241207,47,6.01,27982.9,34007.3,
20241207,47,6.08,27983.9,34007.3,
20241207,47,6.09,27985.9,34007.3,
20241207,47,6.10,27998.5,34007.3,
20241207,47,6.15,27998.6,34007.3,
20241207,47,6.19,27998.6,34007.3,
20241207,47,6.26,27998.6,33807.3,
20241207,47,6.35,27999.5,33801.3,
20241207,47,6.50,28001.6,33801.3,
20241207,47,6.60,28009.4,33801.3,
20241207,47,6.62,28009.5,33801.3,
20241207,47,6.96,28009.5,33801.3,
20241207,47,6.98,28010.5,33801.2,
20241207,47,6.99,28012.5,33801.2,
20241207,47,7.00,28015.9,33801.2,
20241207,47,7.09,28016.0,33770.5,
20241207,47,7.25,28017.0,33770.5,
20241207,47,7.44,28019.3,33770.5,
20241207,47,7.50,28059.3,33770.5,
20241207,47,7.51,28059.3,33760.8,
20241207,47,7.80,28059.3,33460.8,
20241207,47,7.81,28059.3,33416.8,
20241207,47,7.88,28060.3,33316.8,
20241207,47,7.89,28071.3,33316.8,
20241207,47,8.00,28081.8,33316.8,
20241207,47,8.01,28083.3,33197.7,
20241207,47,8.04,28083.3,33197.7,
20241207,47,8.10,28083.3,33097.7,
20241207,47,8.15,28084.5,33097.6,
20241207,47,8.41,28084.7,33097.6,
20241207,47,8.50,28088.7,33097.6,
20241207,47,8.69,28088.7,33093.4,
20241207,47,8.78,28089.7,33092.2,
20241207,47,8.79,28092.7,33092.2,
20241207,47,8.80,28100.0,33092.2,
20241207,47,8.85,28100.0,33092.2,
20241207,47,8.89,28100.0,32935.2,
20241207,47,8.92,28100.0,32901.2,
20241207,47,8.95,28100.0,32871.2,
20241207,47,9.00,28135.8,32811.2,
20241207,47,9.01,28135.8,32780.1,
20241207,47,9.03,28135.8,32768.2,
20241207,47,9.05,28138.7,32738.2,
20241207,47,9.06,28138.7,32738.2,
20241207,47,9.11,28138.7,32678.2,
20241207,47,9.14,28138.7,32648.2,
20241207,47,9.17,28138.7,32618.2,
20241207,47,9.22,28138.7,32558.2,
20241207,47,9.25,28138.7,32532.2,
20241207,47,9.39,28141.7,32528.2,
20241207,47,9.41,28155.4,32528.2,
20241207,47,9.50,28155.4,32523.2,
20241207,47,9.57,28155.4,32503.2,
20241207,47,9.60,28155.4,32364.2,
20241207,47,9.63,28155.4,32364.1,
20241207,47,9.65,28341.4,32334.1,
20241207,47,9.68,28342.4,32334.1,
20241207,47,9.69,28345.4,32334.1,
20241207,47,9.71,28345.4,32334.1,
20241207,47,9.73,28345.4,32143.1,
20241207,47,9.80,28345.4,32097.2,
20241207,47,9.81,28345.4,32097.1,
20241207,47,9.85,28345.4,32082.1,
20241207,47,9.90,28345.4,31800.1,
20241207,47,9.92,28347.7,31796.4,
20241207,47,9.99,28347.7,31796.4,
20241207,47,10.00,28355.4,31766.4,
20241207,47,10.01,28359.5,31719.6,
20241207,47,10.14,28359.5,31716.1,
20241207,47,10.15,28359.5,31699.7,
20241207,47,10.23,28359.5,31599.7,
20241207,47,10.24,28359.5,31569.7,
20241207,47,10.25,28359.5,31564.9,
20241207,47,10.30,28429.2,30990.9,
20241207,47,10.39,28429.2,30990.9,
20241207,47,10.43,28438.2,30975.9,
20241207,47,10.44,28438.2,30975.9,
20241207,47,10.45,28454.6,30827.9,
20241207,47,10.50,28454.6,30817.9,
20241207,47,10.58,28455.6,30722.8,
20241207,47,10.59,28458.6,30722.8,
20241207,47,10.67,28458.6,30722.8,
20241207,47,10.68,28458.6,30667.8,
20241207,47,10.79,28458.6,30664.6,
20241207,47,10.80,28458.6,30517.6,
20241207,47,10.81,28458.6,30370.6,
20241207,47,10.83,28458.6,30331.2,
20241207,47,10.85,28498.1,30301.2,
20241207,47,10.93,28498.1,30300.7,
20241207,47,10.95,28507.1,30198.7,
20241207,47,10.97,28507.1,30198.7,
20241207,47,11.00,28517.1,30192.4,
20241207,47,11.01,28517.3,30163.8,
20241207,47,11.04,28517.3,30162.0,
20241207,47,11.08,28517.3,30015.0,
20241207,47,11.11,28517.8,29911.0,
20241207,47,11.12,28518.8,29911.0,
20241207,47,11.13,28518.8,29911.0,
20241207,47,11.23,28531.7,29910.8,
20241207,47,11.26,28531.7,29910.8,
20241207,47,11.32,29241.7,29716.9,
20241207,47,11.34,29241.7,29716.9,
20241207,47,11.38,29241.7,29251.7,
20241207,47,11.39,29241.7,29151.7,
20241207,47,11.40,29241.7,29151.2,
20241207,47,11.44,29241.7,29151.0,
20241207,47,11.48,29242.7,29121.0,
20241207,47,11.49,29245.7,29121.0,
20241207,47,11.50,29311.7,29121.0,
20241207,47,11.51,29311.7,28880.5,
20241207,47,11.54,29311.7,28780.5,
20241207,47,11.57,29363.7,28657.5,
20241207,47,11.61,29363.7,28657.5,
20241207,47,11.62,29363.7,28627.5,
20241207,47,11.63,29383.8,28617.6,
20241207,47,11.65,29383.8,28517.6,
20241207,47,11.70,29383.8,28394.6,
20241207,47,11.73,29383.9,28394.4,
20241207,47,11.75,29383.9,28394.4,
20241207,47,11.79,29385.2,28390.0,
20241207,47,11.80,29385.2,28373.3,
20241207,47,11.84,29415.2,28372.8,
20241207,47,11.87,29415.2,28372.8,
20241207,47,11.88,29415.2,28249.8,
20241207,47,12.00,29501.8,28149.8,
20241207,47,12.03,29601.8,28082.6,
20241207,47,12.07,29815.8,28082.6,
20241207,47,12.12,29845.8,28082.6,
20241207,47,12.13,29845.8,28082.6,
20241207,47,12.16,29845.8,28063.2,
20241207,47,12.20,29875.8,28037.1,
20241207,47,12.24,29875.8,28037.1,
20241207,47,12.28,29875.8,28004.2,
20241207,47,12.38,29876.8,28004.1,
20241207,47,12.39,29879.8,28004.1,
20241207,47,12.40,29882.1,28004.1,
20241207,47,12.44,29882.1,28003.8,
20241207,47,12.45,29883.5,27999.3,
20241207,47,12.50,29887.0,27999.3,
20241207,47,12.52,29890.0,27967.2,
20241207,47,12.54,29899.7,27967.2,
20241207,47,12.56,30072.7,27967.2,
20241207,47,12.58,30102.7,27967.2,
20241207,47,12.63,30102.7,27967.2,
20241207,47,12.65,30102.7,27907.0,
20241207,47,12.67,30102.7,27904.0,
20241207,47,12.68,30103.2,27829.0,
20241207,47,12.69,30104.0,27829.0,
20241207,47,12.78,30124.0,27829.0,
20241207,47,12.80,30124.0,27829.0,
20241207,47,12.90,30124.0,27828.9,
20241207,47,12.94,30124.1,27826.6,
20241207,47,12.96,30124.6,27826.6,
20241207,47,13.00,30179.6,27826.6,
20241207,47,13.01,30183.0,27757.6,
20241207,47,13.04,30211.9,27754.9,
20241207,47,13.06,30211.9,27754.9,
20241207,47,13.12,30211.9,27741.4,
20241207,47,13.13,30251.9,27576.4,
20241207,47,13.16,30271.9,27576.4,
20241207,47,13.20,30279.4,27576.4,
20241207,47,13.23,30279.4,27576.4,
20241207,47,13.24,30279.8,27517.4,
20241207,47,13.29,30282.8,27517.4,
20241207,47,13.31,30282.8,27517.4,
20241207,47,13.34,30282.8,27516.4,
20241207,47,13.36,30302.8,27486.4,
20241207,47,13.52,30303.3,27486.4,
20241207,47,13.55,30303.3,27486.4,
20241207,47,13.56,30303.3,27484.4,
20241207,47,13.64,30306.8,27484.2,
20241207,47,13.68,30306.8,27484.2,
20241207,47,13.80,30307.2,27479.7,
20241207,47,13.83,30307.2,27471.9,
20241207,47,13.84,30336.2,27470.9,
20241207,47,13.85,30356.2,27470.9,
20241207,47,13.92,30356.2,27470.9,
20241207,47,13.94,30356.2,27270.9,
20241207,47,14.00,30376.2,27269.3,
20241207,47,14.01,30386.6,27245.1,
20241207,47,14.09,30386.6,27234.3,
20241207,47,14.18,30386.6,27034.3,
20241207,47,14.20,30386.6,27034.2,
20241207,47,14.25,30386.6,26834.2,
20241207,47,14.26,30426.6,26784.2,
20241207,47,14.29,30426.6,26784.2,
20241207,47,14.33,30426.6,26584.2,
20241207,47,14.35,30426.6,26534.2,
20241207,47,14.38,30491.6,26334.2,
20241207,47,14.40,30499.1,26259.5,
20241207,47,14.45,30529.1,26059.5,
20241207,47,14.47,30529.1,26058.4,
20241207,47,14.48,30529.1,26055.8,
20241207,47,14.49,30529.1,26055.6,
20241207,47,14.50,30529.1,25855.6,
20241207,47,14.58,30529.1,25831.5,
20241207,47,14.63,30537.1,25827.7,
20241207,47,14.64,30537.1,25827.7,
20241207,47,14.66,30548.1,25627.7,
20241207,47,14.72,30563.1,25627.7,
20241207,47,14.76,30563.1,25627.7,
20241207,47,14.88,30593.1,25427.7,
20241207,47,14.90,30606.1,25427.7,
20241207,47,14.93,30643.1,25427.7,
20241207,47,14.98,30678.1,25427.7,
20241207,47,15.00,30738.6,25427.7,
20241207,47,15.01,30839.6,25389.5,
20241207,47,15.02,30849.1,25389.5,
20241207,47,15.03,30888.1,25389.5,
20241207,47,15.04,30898.1,25189.5,
20241207,47,15.08,30898.1,25167.6,
20241207,47,15.09,30898.1,25166.6,
20241207,47,15.12,30898.1,25166.3,
20241207,47,15.20,31142.1,25154.3,
20241207,47,15.30,31172.1,25154.3,
20241207,47,15.35,31172.1,25154.3,
20241207,47,15.39,31292.1,25149.9,
20241207,47,15.41,31292.1,25149.9,
20241207,47,15.45,31485.1,25149.7,
20241207,47,15.46,31485.1,25148.1,
20241207,47,15.47,31485.1,25148.0,
20241207,47,15.50,31610.1,25147.6,
20241207,47,15.60,31612.6,25147.6,
20241207,47,15.70,31612.6,25147.6,
20241207,47,15.90,31612.6,25147.5,
20241207,47,15.91,31710.6,25147.3,
20241207,47,15.93,31813.6,25147.3,
20241207,47,15.94,31813.6,25147.3,
20241207,47,15.96,31848.6,25144.0,
20241207,47,15.98,31848.6,25144.0,
20241207,47,15.99,31848.6,25143.0,
20241207,47,16.00,31858.6,25140.0,
20241207,47,16.03,31858.6,25045.9,
20241207,47,16.06,31958.6,25045.1,
20241207,47,16.13,31958.6,25045.1,
20241207,47,16.18,32008.6,25037.4,
20241207,47,16.31,32058.6,25037.4,
20241207,47,16.33,32058.6,25037.4,
20241207,47,16.40,32058.6,25036.5,
20241207,47,16.44,32089.6,25036.4,
20241207,47,16.50,32164.6,25036.4,
20241207,47,16.55,32176.6,25035.4,
20241207,47,16.56,32183.6,25035.4,
20241207,47,16.57,32199.6,25035.4,
20241207,47,16.59,32199.6,25035.4,
20241207,47,16.60,32212.6,25034.0,
20241207,47,16.65,32212.6,25034.0,
20241207,47,16.70,32212.6,24989.5,
20241207,47,16.72,32247.6,24980.5,
20241207,47,16.76,32260.6,24980.5,
20241207,47,16.88,32260.6,24980.5,
20241207,47,16.89,32260.6,24979.5,
20241207,47,17.00,32280.6,24977.1,
20241207,47,17.01,32284.3,24944.8,
20241207,47,17.17,32384.3,24939.2,
20241207,47,17.20,32384.3,24939.2,
20241207,47,17.33,32384.3,24938.7,
20241207,47,17.43,32384.3,24925.6,
20241207,47,17.44,32384.3,24925.4,
20241207,47,17.48,32409.3,24851.6,
20241207,47,17.50,32409.3,24851.6,
20241207,47,17.58,32409.3,24850.6,
20241207,47,17.70,32409.3,24834.4,
20241207,47,17.73,32409.3,24826.8,
20241207,47,17.78,32409.3,24804.8,
20241207,47,17.79,32409.3,24803.8,
20241207,47,18.00,32409.3,24802.2,
20241207,47,18.01,32409.6,24802.1,
20241207,47,18.05,32409.6,24802.1,
20241207,47,18.13,32509.6,24724.2,
20241207,47,18.20,32559.5,24724.2,
20241207,47,18.25,32584.5,24724.2,
20241207,47,18.40,32584.5,24724.2,
20241207,47,18.43,32658.5,24722.1,
20241207,47,18.50,32688.5,24722.1,
20241207,47,18.62,32688.5,24721.1,
20241207,47,18.68,32688.5,24720.2,
20241207,47,18.69,32688.5,24719.9,
20241207,47,18.78,32688.5,24718.9,
20241207,47,18.79,32692.1,24710.3,
20241207,47,18.90,32692.1,24710.3,
20241207,47,19.24,32692.1,24576.3,
20241207,47,19.25,32692.1,24567.1,
20241207,47,19.29,32744.1,24541.6,
20241207,47,19.42,33214.1,24541.6,
20241207,47,19.50,33214.1,24541.6,
20241207,47,19.56,33356.1,24541.4,
20241207,47,19.59,33356.1,24541.4,
20241207,47,19.63,33497.1,24540.4,
20241207,47,19.66,33639.1,24540.4,
20241207,47,19.70,33780.1,24540.4,
20241207,47,19.77,33922.1,24540.4,
20241207,47,19.80,34063.1,24540.4,
20241207,47,20.00,34063.1,24540.4,
20241207,47,20.07,34078.1,24503.8,
20241207,47,20.12,34078.1,24503.8,
20241207,47,20.31,34078.1,24496.6,
20241207,47,20.45,34078.1,24488.9,
20241207,47,20.46,34078.1,24473.7,
20241207,47,20.47,34078.1,24473.4,
20241207,47,20.49,34078.1,24469.6,
20241207,47,21.00,34078.1,24468.6,
20241207,47,21.02,34078.1,24468.4,
20241207,47,21.10,34089.4,23668.4,
20241207,47,21.22,34089.4,23668.4,
20241207,47,21.33,34089.4,23667.6,
20241207,47,21.39,34089.4,23441.2,
20241207,47,22.00,34089.4,23440.2,
20241207,47,22.26,34089.4,23387.0,
20241207,47,22.29,34089.4,23385.2,
20241207,47,22.35,34231.4,23384.2,
20241207,47,22.72,34231.4,23384.2,
20241207,47,22.93,34231.4,23384.1,
20241207,47,22.95,34231.4,23376.5,
20241207,47,23.19,34231.4,23375.6,
20241207,47,23.40,34231.4,23374.6,
20241207,47,23.67,34231.4,23354.8,
20241207,47,23.81,34231.4,23354.0,
20241207,47,24.00,34231.4,23347.8,
20241207,47,24.04,34231.4,23325.0,
20241207,47,24.09,34231.4,23323.4,
20241207,47,24.67,34231.4,23322.4,
20241207,47,24.99,34231.4,23314.7,
20241207,47,25.00,34231.4,23307.3,
20241207,47,25.40,34231.4,23288.3,
20241207,47,25.54,34231.4,23280.7,
20241207,47,25.57,34372.4,23235.5,
20241207,47,26.00,34372.4,23235.5,
20241207,47,27.00,34372.4,23167.7,
20241207,47,27.50,34372.4,23167.3,
20241207,47,28.80,34514.4,23164.0,
20241207,47,28.87,34524.0,23164.0,
20241207,47,29.72,34524.0,23164.0,
20241207,47,29.90,34524.0,23163.9,
20241207,47,30.00,34524.0,23162.4,
20241207,47,31.00,34524.0,23096.5,
20241207,47,31.36,34524.0,23095.4,
20241207,47,31.79,34524.0,22544.6,
20241207,47,31.94,34524.0,22542.1,
20241207,47,32.00,34524.0,22473.3,
20241207,47,32.66,34524.0,22443.2,
20241207,47,32.73,34524.0,22441.4,
20241207,47,33.62,34671.3,22332.9,
20241207,47,34.94,34671.3,22332.9,
20241207,47,35.00,34671.3,22317.9,
20241207,47,36.00,34671.3,22305.7,
20241207,47,36.72,34671.3,22255.7,
20241207,47,36.79,34671.3,22255.4,
20241207,47,37.50,34671.3,22244.3,
20241207,47,39.69,35201.3,22204.9,
20241207,47,40.00,35201.3,22204.9,
20241207,47,40.01,35201.3,22124.2,
20241207,47,41.36,35201.3,22095.2,
20241207,47,45.00,35201.3,22088.2,
20241207,47,45.01,35201.3,21771.4,
20241207,47,45.39,35201.3,21452.9,
20241207,47,46.00,35201.3,21451.3,
20241207,47,48.32,35201.3,21401.3,
20241207,47,50.00,35202.5,21375.6,
20241207,47,50.01,35202.5,21008.5,
20241207,47,50.90,35202.5,21005.5,
20241207,47,55.00,35202.5,21004.8,
20241207,47,58.31,35202.5,20940.6,
20241207,47,60.00,35202.5,20939.0,
20241207,47,61.85,35202.5,20822.9,
20241207,47,62.60,35202.5,20797.0,
20241207,47,70.00,35202.5,20783.6,
20241207,47,71.23,35202.5,20783.5,
20241207,47,72.00,35202.5,20781.8,
20241207,47,77.80,35202.5,20781.7,
20241207,47,79.90,35202.5,20667.2,
20241207,47,80.00,35202.5,20666.1,
20241207,47,80.01,35202.5,19697.9,
20241207,47,80.10,35202.5,19612.8,
20241207,47,80.21,35352.4,19612.7,
20241207,47,81.00,35352.4,19612.7,
20241207,47,82.01,35352.4,19558.1,
20241207,47,84.15,35352.4,19407.0,
20241207,47,85.00,35352.4,19405.4,
20241207,47,90.00,35352.4,19402.9,
20241207,47,97.07,35352.4,19399.2,
20241207,47,99.00,35352.4,19397.5,
20241207,47,99.90,35352.4,19397.3,
20241207,47,100.00,35518.2,19389.3,
20241207,47,100.01,35547.9,19025.7,
20241207,47,101.00,35547.9,19025.7,
20241207,47,120.10,35547.9,18861.2,
20241207,47,138.00,35547.9,18828.3,
20241207,47,150.00,35547.9,18661.9,
20241207,47,151.00,35547.9,18543.8,
20241207,47,190.00,35547.9,18505.5,
20241207,47,200.00,35547.9,18505.0,
20241207,47,200.01,35547.9,16098.8,
20241207,47,200.10,35547.9,13825.0,
20241207,47,200.50,35547.9,13636.4,
20241207,47,200.98,35547.9,13636.2,
20241207,47,200.99,35547.9,13636.1,
20241207,47,201.00,35547.9,13636.0,
20241207,47,210.00,35547.9,13599.7,
20241207,47,250.00,35547.9,11921.3,
20241207,47,299.99,35548.4,11773.8,
20241207,47,300.00,35548.4,11773.8,
20241207,47,500.00,35548.4,11669.6,
20241207,47,550.02,35548.4,11659.6,
20241207,47,900.00,35548.4,11364.2,
20241207,47,999.00,35548.4,11361.2,
20241207,47,999.99,35548.4,0.0,
20241207,48,0.00,0.0,35309.4,
20241207,48,0.00,9306.2,35309.4,
20241207,48,0.01,26645.4,35309.4,
20241207,48,0.02,26798.8,35302.5,
20241207,48,0.03,26802.6,35292.1,
20241207,48,0.04,26827.3,35289.5,
20241207,48,0.10,26854.4,35289.5,
20241207,48,0.22,27070.4,35266.5,
20241207,48,0.53,27145.0,35266.5,
20241207,48,1.00,27581.4,35266.5,
20241207,48,1.01,27587.5,35170.3,
20241207,48,1.12,27588.5,35163.4,
20241207,48,1.43,27589.5,35163.4,
20241207,48,2.00,27682.6,35163.4,
20241207,48,2.01,27682.6,35155.4,
20241207,48,2.02,27684.2,34555.4,
20241207,48,2.03,27691.4,34555.4,
20241207,48,2.33,27692.4,34555.4,
20241207,48,2.36,27694.7,34555.4,
20241207,48,2.80,27695.2,34555.4,
20241207,48,2.92,27697.2,34555.4,
20241207,48,3.00,27700.6,34555.4,
20241207,48,3.01,27700.8,34059.1,
20241207,48,3.23,27701.8,33859.1,
20241207,48,3.73,27702.4,33859.1,
20241207,48,3.82,27704.4,33859.1,
20241207,48,4.00,27709.8,33859.1,
20241207,48,4.04,27717.0,33858.1,
20241207,48,4.13,27718.0,33858.1,
20241207,48,4.27,27776.4,33858.1,
20241207,48,4.66,27776.9,33858.1,
20241207,48,4.71,27779.2,33858.1,
20241207,48,4.72,27781.2,33858.1,
20241207,48,5.00,27929.9,33858.1,
20241207,48,5.01,27930.2,33568.2,
20241207,48,5.03,27931.2,33098.9,
20241207,48,5.12,27931.3,33098.9,
20241207,48,5.59,27931.4,33098.9,
20241207,48,5.62,27933.4,33098.9,
20241207,48,5.90,27933.4,33098.9,
20241207,48,5.93,27934.4,33083.0,
20241207,48,5.98,27935.3,33083.0,
20241207,48,6.00,28012.9,33083.0,
20241207,48,6.01,28013.5,33073.0,
20241207,48,6.05,28013.6,33073.0,
20241207,48,6.06,28020.8,33073.0,
20241207,48,6.10,28035.0,33073.0,
20241207,48,6.19,28035.0,33073.0,
20241207,48,6.26,28035.0,32873.0,
20241207,48,6.50,28037.1,32867.0,
20241207,48,6.52,28039.2,32867.0,
20241207,48,6.60,28039.8,32867.0,
20241207,48,6.83,28040.8,32867.0,
20241207,48,6.88,28041.8,32867.0,
20241207,48,6.98,28041.9,32867.0,
20241207,48,7.00,28045.6,32867.0,
20241207,48,7.02,28045.6,32836.2,
20241207,48,7.06,28047.9,32836.1,
20241207,48,7.42,28058.9,32836.1,
20241207,48,7.50,28098.9,32836.1,
20241207,48,7.51,28098.9,32827.0,
20241207,48,7.73,28099.9,32527.0,
20241207,48,7.78,28101.0,32527.0,
20241207,48,7.80,28101.0,32527.0,
20241207,48,7.81,28101.0,32482.4,
20241207,48,8.00,28112.3,32382.4,
20241207,48,8.01,28113.8,32261.7,
20241207,48,8.04,28113.8,32261.7,
20241207,48,8.07,28121.1,32161.7,
20241207,48,8.12,28121.1,32161.7,
20241207,48,8.17,28121.4,32159.7,
20241207,48,8.32,28124.4,32159.7,
20241207,48,8.50,28128.4,32159.7,
20241207,48,8.63,28129.4,32155.5,
20241207,48,8.68,28132.4,32155.5,
20241207,48,8.72,28132.4,32155.5,
20241207,48,8.85,28132.4,32140.5,
20241207,48,8.86,28132.4,31983.5,
20241207,48,8.87,28135.4,31949.7,
20241207,48,8.89,28135.4,31949.7,
20241207,48,8.92,28135.4,31915.7,
20241207,48,8.95,28135.5,31885.7,
20241207,48,9.00,28171.3,31825.7,
20241207,48,9.01,28172.9,31794.7,
20241207,48,9.03,28172.9,31787.7,
20241207,48,9.06,28172.9,31757.7,
20241207,48,9.11,28172.9,31697.7,
20241207,48,9.14,28172.9,31667.7,
20241207,48,9.15,28172.9,31637.7,
20241207,48,9.17,28172.9,31636.4,
20241207,48,9.22,28175.9,31576.4,
20241207,48,9.23,28175.9,31546.4,
20241207,48,9.25,28175.9,31531.4,
20241207,48,9.34,28175.9,31530.8,
20241207,48,9.35,28175.9,31524.8,
20241207,48,9.37,28189.6,31312.8,
20241207,48,9.41,28191.9,31307.8,
20241207,48,9.46,28191.9,31277.8,
20241207,48,9.50,28191.9,31259.3,
20241207,48,9.51,28192.1,31239.3,
20241207,48,9.53,28193.1,31239.3,
20241207,48,9.54,28193.1,31239.3,
20241207,48,9.55,28193.1,31023.3,
20241207,48,9.60,28193.1,31022.9,
20241207,48,9.65,28412.1,31022.8,
20241207,48,9.73,28412.1,30831.8,
20241207,48,9.74,28412.1,30786.8,
20241207,48,9.75,28412.1,30756.8,
20241207,48,9.80,28412.1,30753.0,
20241207,48,9.86,28421.1,30752.9,
20241207,48,9.97,28421.1,30752.9,
20241207,48,9.99,28421.1,30722.9,
20241207,48,10.00,28428.7,30692.9,
20241207,48,10.01,28432.6,30645.1,
20241207,48,10.02,28432.6,30641.7,
20241207,48,10.09,28439.8,30626.7,
20241207,48,10.12,28444.2,30625.0,
20241207,48,10.15,28445.6,30625.0,
20241207,48,10.17,28447.1,30610.2,
20241207,48,10.20,28448.6,30610.2,
20241207,48,10.21,28448.9,30610.2,
20241207,48,10.23,28450.2,30610.2,
20241207,48,10.25,28450.2,30609.8,
20241207,48,10.27,28450.2,30035.8,
20241207,48,10.29,28450.7,30035.4,
20241207,48,10.30,28520.4,30035.4,
20241207,48,10.32,28520.4,30034.5,
20241207,48,10.35,28529.4,30034.1,
20241207,48,10.36,28529.4,30034.1,
20241207,48,10.38,28529.8,30033.2,
20241207,48,10.40,28529.8,30033.2,
20241207,48,10.41,28546.2,30032.7,
20241207,48,10.43,28547.2,30022.7,
20241207,48,10.44,28547.2,30022.7,
20241207,48,10.46,28547.6,29874.7,
20241207,48,10.48,28547.6,29874.7,
20241207,48,10.50,28547.6,29874.2,
20241207,48,10.51,28548.1,29824.1,
20241207,48,10.52,28548.1,29824.1,
20241207,48,10.55,28548.5,29794.1,
20241207,48,10.56,28548.5,29794.1,
20241207,48,10.57,28548.5,29793.9,
20241207,48,10.60,28548.5,29768.9,
20241207,48,10.63,28548.9,29764.4,
20241207,48,10.68,28548.9,29756.7,
20241207,48,10.70,28548.9,29753.6,
20241207,48,10.72,28548.9,29751.8,
20241207,48,10.76,28548.9,29726.8,
20241207,48,10.79,28548.9,29696.8,
20241207,48,10.80,28548.9,29548.8,
20241207,48,10.83,28948.9,29401.8,
20241207,48,10.85,29050.3,29401.8,
20241207,48,10.86,29092.5,29401.8,
20241207,48,10.93,29092.5,29401.8,
20241207,48,11.00,29109.7,29294.8,
20241207,48,11.01,29113.3,29266.3,
20241207,48,11.02,29116.3,29265.8,
20241207,48,11.04,29116.3,29265.8,
20241207,48,11.08,29116.3,29118.8,
20241207,48,11.11,29116.3,29014.8,
20241207,48,11.12,29116.3,29014.6,
20241207,48,11.13,29136.4,29004.7,
20241207,48,11.14,29166.4,29004.7,
20241207,48,11.15,29166.4,29004.7,
20241207,48,11.18,29196.4,29004.5,
20241207,48,11.26,29196.4,29004.5,
20241207,48,11.32,29786.4,28907.6,
20241207,48,11.33,29787.4,28907.6,
20241207,48,11.34,29787.4,28907.6,
20241207,48,11.37,29787.4,28442.4,
20241207,48,11.38,29787.4,28427.2,
20241207,48,11.39,29787.4,28422.8,
20241207,48,11.40,29787.4,28397.8,
20241207,48,11.41,29787.4,28397.6,
20241207,48,11.45,29804.8,28297.6,
20241207,48,11.50,29861.9,28297.6,
20241207,48,11.51,29881.0,28057.4,
20241207,48,11.53,29881.0,28057.4,
20241207,48,11.54,29881.0,27957.4,
20241207,48,11.57,29933.0,27834.4,
20241207,48,11.61,29933.0,27834.4,
20241207,48,11.65,29933.0,27804.0,
20241207,48,11.69,29983.1,27580.8,
20241207,48,11.76,29985.4,27580.8,
20241207,48,11.84,30015.4,27580.8,
20241207,48,11.87,30015.4,27580.8,
20241207,48,11.88,30015.4,27457.8,
20241207,48,11.92,30018.4,27357.8,
20241207,48,11.97,30020.9,27357.8,
20241207,48,11.99,30021.4,27357.8,
20241207,48,12.00,30105.9,27357.8,
20241207,48,12.01,30108.9,27312.7,
20241207,48,12.02,30108.9,27312.7,
20241207,48,12.03,30208.9,27252.7,
20241207,48,12.04,30208.9,27252.7,
20241207,48,12.06,30208.9,27237.2,
20241207,48,12.07,30448.8,27212.2,
20241207,48,12.13,30448.8,27212.2,
20241207,48,12.17,30448.8,27192.8,
20241207,48,12.20,30448.8,27133.8,
20241207,48,12.21,30449.3,27133.6,
20241207,48,12.23,30450.3,27133.6,
20241207,48,12.24,30470.3,27133.6,
20241207,48,12.28,30470.3,27133.6,
20241207,48,12.29,30470.3,27130.5,
20241207,48,12.31,30490.3,27129.7,
20241207,48,12.37,30490.3,27129.7,
20241207,48,12.40,30490.3,27125.2,
20241207,48,12.44,30490.7,27124.9,
20241207,48,12.45,30492.1,27124.9,
20241207,48,12.49,30501.9,27124.9,
20241207,48,12.50,30505.4,27124.9,
20241207,48,12.52,30673.4,27093.4,
20241207,48,12.66,30674.4,27093.4,
20241207,48,12.67,30674.4,27093.4,
20241207,48,12.69,30675.3,27068.4,
20241207,48,12.73,30675.3,27068.4,
20241207,48,12.74,30704.3,27067.4,
20241207,48,12.75,30704.3,27067.4,
20241207,48,12.80,30724.3,27067.2,
20241207,48,12.82,30727.3,27067.1,
20241207,48,12.89,30730.1,27067.1,
20241207,48,12.96,30730.1,27059.5,
20241207,48,12.99,30730.1,27057.9,
20241207,48,13.00,30895.1,27044.4,
20241207,48,13.01,30898.3,26976.6,
20241207,48,13.06,30898.3,26974.0,
20241207,48,13.12,30898.3,26944.0,
20241207,48,13.13,30938.3,26779.0,
20241207,48,13.17,30945.8,26779.0,
20241207,48,13.18,30945.8,26779.0,
20241207,48,13.29,30975.8,26777.0,
20241207,48,13.30,30975.8,26777.0,
20241207,48,13.50,31005.8,26776.2,
20241207,48,13.61,31005.8,26776.2,
20241207,48,13.64,31009.1,26771.7,
20241207,48,13.65,31108.1,26771.7,
20241207,48,13.71,31108.1,26771.7,
20241207,48,13.79,31108.1,26571.7,
20241207,48,13.89,31108.1,26371.7,
20241207,48,13.91,31108.1,26321.7,
20241207,48,13.95,31108.1,26121.7,
20241207,48,14.00,31128.1,26071.7,
20241207,48,14.01,31143.5,26047.5,
20241207,48,14.02,31143.5,26036.9,
20241207,48,14.03,31143.5,25836.9,
20241207,48,14.07,31188.5,25836.8,
20241207,48,14.08,31188.5,25836.8,
20241207,48,14.19,31188.5,25835.8,
20241207,48,14.23,31188.5,25635.8,
20241207,48,14.26,31228.5,25565.8,
20241207,48,14.28,31228.5,25565.8,
20241207,48,14.33,31228.5,25365.8,
20241207,48,14.36,31236.0,25165.8,
20241207,48,14.40,31236.0,25165.8,
20241207,48,14.44,31236.0,24965.8,
20241207,48,14.50,31236.0,24765.8,
20241207,48,14.60,31480.5,24741.6,
20241207,48,14.62,31480.5,24741.6,
20241207,48,14.63,31495.5,24741.3,
20241207,48,14.64,31495.5,24741.3,
20241207,48,14.66,31512.5,24541.3,
20241207,48,14.72,31533.5,24541.3,
20241207,48,14.74,31568.5,24541.3,
20241207,48,14.86,31568.5,24541.3,
20241207,48,14.88,31604.5,24539.7,
20241207,48,14.90,31617.5,24539.7,
20241207,48,14.91,31764.5,24539.7,
20241207,48,14.93,31807.5,24539.7,
20241207,48,14.98,31848.5,24538.7,
20241207,48,15.00,31908.5,24538.4,
20241207,48,15.01,32009.5,24502.5,
20241207,48,15.02,32019.4,24502.5,
20241207,48,15.03,32063.4,24502.5,
20241207,48,15.12,32063.4,24502.5,
20241207,48,15.20,32063.4,24471.6,
20241207,48,15.34,32063.4,24459.3,
20241207,48,15.36,32063.4,24456.7,
20241207,48,15.39,32183.4,24388.3,
20241207,48,15.41,32208.4,24388.3,
20241207,48,15.45,32208.4,24388.3,
20241207,48,15.46,32208.4,24388.2,
20241207,48,15.50,32333.4,24387.8,
20241207,48,15.51,32333.4,24387.2,
20241207,48,15.52,32475.4,24386.3,
20241207,48,15.56,32477.9,24383.3,
20241207,48,15.58,32618.9,24383.3,
20241207,48,15.70,32618.9,24383.3,
20241207,48,15.79,32760.9,24383.2,
20241207,48,15.83,32760.9,24383.2,
20241207,48,15.90,32760.9,24382.2,
20241207,48,15.93,32863.9,24382.0,
20241207,48,16.00,32873.9,24382.0,
20241207,48,16.02,32923.9,24292.0,
20241207,48,16.03,32973.9,24292.0,
20241207,48,16.06,33073.9,24292.0,
20241207,48,16.08,33098.9,24292.0,
20241207,48,16.11,33148.8,24292.0,
20241207,48,16.21,33179.8,24292.0,
20241207,48,16.23,33191.8,24292.0,
20241207,48,16.24,33198.8,24292.0,
20241207,48,16.30,33214.8,24292.0,
20241207,48,16.32,33227.8,24292.0,
20241207,48,16.40,33227.8,24292.0,
20241207,48,16.41,33240.8,24291.9,
20241207,48,16.42,33248.8,24291.9,
20241207,48,16.43,33265.8,24289.6,
20241207,48,16.50,33340.8,24289.6,
20241207,48,16.53,33352.8,24288.6,
20241207,48,16.59,33352.8,24288.6,
20241207,48,16.60,33373.8,24287.2,
20241207,48,16.65,33373.8,24287.2,
20241207,48,16.66,33373.8,24243.6,
20241207,48,16.67,33384.8,24235.9,
20241207,48,16.70,33384.8,24235.9,
20241207,48,16.73,33384.8,24226.9,
20241207,48,16.91,33408.8,24225.9,
20241207,48,17.00,33428.8,24225.9,
20241207,48,17.01,33432.3,24193.5,
20241207,48,17.17,33532.3,24187.9,
20241207,48,17.20,33532.3,24187.9,
20241207,48,17.32,33532.3,24187.4,
20241207,48,17.43,33532.3,24185.9,
20241207,48,17.47,33532.3,24185.7,
20241207,48,17.50,33532.3,24119.1,
20241207,48,17.58,33532.3,24118.8,
20241207,48,17.63,33532.3,24102.6,
20241207,48,17.73,33532.3,24101.6,
20241207,48,18.00,33532.3,24079.6,
20241207,48,18.01,33532.6,24079.5,
20241207,48,18.13,33632.6,24079.5,
20241207,48,18.20,33632.6,24079.5,
20241207,48,18.22,33632.6,24077.4,
20241207,48,18.43,33706.6,24076.4,
20241207,48,18.50,33736.6,24076.4,
20241207,48,18.53,33736.6,24075.2,
20241207,48,18.74,33736.6,24075.1,
20241207,48,18.78,33736.6,24074.3,
20241207,48,18.79,33742.1,23968.6,
20241207,48,19.12,33742.1,23968.6,
20241207,48,19.17,33794.1,23967.6,
20241207,48,19.21,33794.1,23967.6,
20241207,48,19.42,34264.1,23947.5,
20241207,48,19.56,34405.1,23947.5,
20241207,48,19.59,34547.1,23947.5,
20241207,48,19.63,34688.1,23947.5,
20241207,48,19.70,34830.1,23947.5,
20241207,48,19.73,34971.1,23947.5,
20241207,48,19.75,35030.1,23947.5,
20241207,48,19.80,35172.1,23947.5,
20241207,48,19.86,35172.1,23947.5,
20241207,48,20.00,35172.1,23932.3,
20241207,48,20.02,35172.1,23897.2,
20241207,48,20.12,35172.1,23896.2,
20241207,48,20.43,35172.1,23890.3,
20241207,48,20.45,35172.1,23882.7,
20241207,48,20.46,35172.1,23882.4,
20241207,48,20.50,35172.1,23878.8,
20241207,48,20.75,35313.1,23878.6,
20241207,48,20.89,35313.1,23878.6,
20241207,48,20.92,35313.1,23877.7,
20241207,48,21.02,35313.1,23876.7,
20241207,48,21.10,35324.6,23076.7,
20241207,48,21.27,35324.6,23076.7,
20241207,48,21.61,35324.6,22871.8,
20241207,48,21.78,35324.6,22871.7,
20241207,48,21.82,35324.6,22870.9,
20241207,48,21.96,35324.6,22869.9,
20241207,48,22.00,35324.6,22864.4,
20241207,48,22.18,35324.6,22814.1,
20241207,48,22.72,35324.6,22812.8,
20241207,48,22.94,35324.6,22811.8,
20241207,48,23.20,35324.6,22804.1,
20241207,48,23.62,35324.6,22784.8,
20241207,48,23.97,35466.6,22783.8,
20241207,48,23.98,35466.6,22783.8,
20241207,48,24.00,35466.6,22776.2,
20241207,48,24.04,35466.6,22754.6,
20241207,48,24.19,35466.6,22752.9,
20241207,48,24.52,35466.6,22716.3,
20241207,48,25.00,35466.6,22709.9,
20241207,48,26.00,35466.6,22691.3,
20241207,48,26.60,35466.6,22626.0,
20241207,48,27.00,35466.6,22624.2,
20241207,48,27.50,35466.6,22623.8,
20241207,48,28.61,35466.6,22620.7,
20241207,48,28.80,35607.6,22620.6,
20241207,48,28.87,35617.2,22620.6,
20241207,48,29.90,35617.2,22620.6,
20241207,48,30.00,35617.2,22619.2,
20241207,48,30.17,35617.2,22492.7,
20241207,48,31.36,35617.2,22390.6,
20241207,48,31.79,35617.2,21966.6,
20241207,48,32.00,35617.2,21964.2,
20241207,48,32.02,35759.2,21935.4,
20241207,48,33.62,35804.6,21935.4,
20241207,48,34.94,35804.6,21935.4,
20241207,48,35.00,35804.6,21921.3,
20241207,48,35.61,35804.6,21909.6,
20241207,48,36.00,35804.6,21909.4,
20241207,48,36.79,35804.6,21859.4,
20241207,48,37.50,35804.6,21848.3,
20241207,48,39.69,36305.6,21809.7,
20241207,48,40.00,36305.6,21809.7,
20241207,48,40.01,36305.6,21732.9,
20241207,48,41.36,36305.6,21640.1,
20241207,48,41.74,36305.6,21633.0,
20241207,48,45.00,36305.6,21631.4,
20241207,48,45.01,36305.6,21320.2,
20241207,48,46.00,36305.6,21087.5,
20241207,48,48.32,36305.6,21039.5,
20241207,48,50.00,36306.6,21013.9,
20241207,48,50.01,36306.6,20656.9,
20241207,48,50.90,36306.6,20654.4,
20241207,48,55.00,36306.6,20653.9,
20241207,48,60.00,36306.6,20590.4,
20241207,48,60.91,36306.6,20481.4,
20241207,48,62.42,36306.6,20456.9,
20241207,48,70.00,36306.6,20444.1,
20241207,48,72.00,36306.6,20444.0,
20241207,48,77.80,36306.6,20443.9,
20241207,48,79.90,36306.6,20340.0,
20241207,48,80.00,36306.6,20339.0,
20241207,48,80.01,36306.6,19409.3,
20241207,48,80.10,36306.6,19326.0,
20241207,48,80.21,36456.5,19325.9,
20241207,48,81.00,36456.5,19325.9,
20241207,48,82.01,36456.5,19297.3,
20241207,48,85.00,36456.5,19154.0,
20241207,48,90.00,36456.5,19151.5,
20241207,48,94.49,36456.5,19148.1,
20241207,48,99.00,36456.5,19146.5,
20241207,48,99.90,36456.5,19146.3,
20241207,48,100.00,36622.3,19138.7,
20241207,48,100.01,36652.1,18778.7,
20241207,48,101.00,36652.1,18778.7,
20241207,48,107.41,36652.1,18614.2,
20241207,48,120.10,36652.1,18612.5,
20241207,48,120.33,36652.1,18581.4,
20241207,48,133.25,36652.1,18579.8,
20241207,48,138.00,36652.1,18578.1,
20241207,48,150.00,36652.1,18413.5,
20241207,48,151.00,36652.1,18301.1,
20241207,48,190.00,36652.1,18264.2,
20241207,48,200.00,36652.1,18263.9,
20241207,48,200.01,36652.1,15937.6,
20241207,48,200.10,36652.1,13674.0,
20241207,48,200.50,36652.1,13568.9,
20241207,48,200.98,36652.1,13568.7,
20241207,48,200.99,36652.1,13568.6,
20241207,48,201.00,36652.1,13568.5,
20241207,48,210.00,36652.1,13535.5,
20241207,48,250.00,36652.1,11858.3,
20241207,48,299.99,36652.6,11710.2,
20241207,48,300.00,36652.6,11710.2,
20241207,48,500.00,36652.6,11606.0,
20241207,48,550.02,36652.6,11596.0,
20241207,48,900.00,36652.6,11300.6,
20241207,48,999.00,36652.6,11297.6,
20241207,48,999.99,36652.6,0.0,
20241207,1,0.00,0.0,8191.8,0
20241207,1,0.00,2847.1,8191.8,0
20241207,1,0.01,6954.0,8191.8,0
20241207,1,0.02,6990.7,8188.6,0
20241207,1,0.03,6996.0,8188.2,0
20241207,1,0.10,6996.0,8188.2,0
20241207,1,0.93,6999.4,8168.2,0
20241207,1,1.00,7088.1,8168.2,0
20241207,1,1.01,7088.1,8160.0,0
20241207,1,1.83,7090.1,8156.7,0
20241207,1,2.01,7090.1,8156.7,0
20241207,1,2.73,7094.4,7856.7,0
20241207,1,3.00,7095.4,7856.7,0
20241207,1,3.01,7095.5,7776.7,0
20241207,1,3.63,7097.5,7676.7,0
20241207,1,4.00,7097.5,7676.7,0
20241207,1,4.53,7099.5,7676.6,0
20241207,1,5.00,7183.0,7676.6,0
20241207,1,5.01,7183.0,7618.4,0
20241207,1,5.43,7185.0,7402.6,0
20241207,1,5.44,7187.3,7402.6,0
20241207,1,5.90,7187.3,7402.6,0
20241207,1,6.00,7207.8,7386.2,0
20241207,1,6.26,7207.8,7386.2,0
20241207,1,6.33,7209.8,7380.2,0
20241207,1,6.50,7209.8,7380.2,0
20241207,1,6.60,7210.4,7379.2,0
20241207,1,7.00,7214.4,7379.2,0
20241207,1,7.23,7216.4,7379.2,0
20241207,1,7.50,7236.4,7379.2,0
20241207,1,8.00,7236.4,7379.2,0
20241207,1,8.01,7236.9,7362.2,0
20241207,1,8.13,7238.9,7362.2,0
20241207,1,8.16,7241.2,7362.2,0
20241207,1,8.85,7241.2,7362.2,0
20241207,1,9.01,7241.2,7205.2,0
20241207,1,9.03,7243.2,7198.5,0
20241207,1,9.55,7243.2,7198.5,0
20241207,1,9.73,7243.2,7198.1,0
20241207,1,9.93,7245.2,7153.1,0
20241207,1,9.99,7245.2,7153.1,0
20241207,1,10.00,7247.6,7123.1,0
20241207,1,10.20,7247.6,7122.0,0
20241207,1,10.22,7247.6,7107.0,0
20241207,1,10.76,7247.6,6825.0,0
20241207,1,10.83,7249.6,6760.0,0
20241207,1,10.86,7249.6,6760.0,0
20241207,1,10.87,7251.9,6530.0,0
20241207,1,11.00,7251.9,6530.0,0
20241207,1,11.35,7251.9,6510.0,0
20241207,1,11.73,7253.9,6496.3,0
20241207,1,12.00,7327.9,6496.3,0
20241207,1,12.13,7327.9,6496.3,0
20241207,1,12.16,7327.9,6476.9,0
20241207,1,13.00,7327.9,6468.9,0
20241207,1,13.01,7327.9,6468.7,0
20241207,1,13.12,7327.9,6462.3,0
20241207,1,13.34,7327.9,6297.3,0
20241207,1,13.49,7561.9,6267.3,0
20241207,1,13.53,7561.9,6267.3,0
20241207,1,13.76,7662.9,6267.1,0
20241207,1,14.00,7667.9,6267.1,0
20241207,1,14.01,7668.4,6267.0,0
20241207,1,14.43,7668.4,6267.0,0
20241207,1,14.52,7670.1,6265.0,0
20241207,1,15.00,7670.1,6265.0,0
20241207,1,15.33,7670.1,6263.3,0
20241207,1,15.50,7670.1,6262.0,0
20241207,1,15.90,7670.1,6259.9,0
20241207,1,16.00,7670.1,6259.7,0
20241207,1,16.23,7670.1,6206.5,0
20241207,1,16.59,7670.1,6206.1,0
20241207,1,16.85,7670.1,6203.4,0
20241207,1,17.00,7675.1,6198.0,0
20241207,1,17.43,7675.1,6172.8,0
20241207,1,17.73,7675.1,6172.6,0
20241207,1,17.96,7675.1,6150.6,0
20241207,1,18.01,7675.4,6138.6,0
20241207,1,18.08,7675.6,6138.6,0
20241207,1,18.50,7675.6,6138.6,0
20241207,1,19.05,7675.6,6138.3,0
20241207,1,20.00,7675.6,6056.3,0
20241207,1,20.05,7703.6,6049.4,0
20241207,1,20.12,7703.6,6049.4,0
20241207,1,22.15,7703.6,6045.4,0
20241207,1,24.04,7703.6,6036.4,0
20241207,1,25.00,7703.6,6034.8,0
20241207,1,29.12,7703.6,6028.8,0
20241207,1,29.90,7703.6,6023.3,0
20241207,1,30.00,7703.6,6022.5,0
20241207,1,30.35,7703.6,5973.7,0
20241207,1,31.50,7703.6,5904.1,0
20241207,1,34.00,7703.6,5903.9,0
20241207,1,35.00,7703.6,5893.4,0
20241207,1,37.50,7703.6,5893.0,0
20241207,1,40.00,7703.6,5886.5,0
20241207,1,45.00,7703.6,5872.0,0
20241207,1,45.01,7703.6,5868.9,0
20241207,1,48.32,7703.6,5864.7,0
20241207,1,50.00,7703.6,5838.9,0
20241207,1,50.01,7703.6,5767.7,0
20241207,1,55.00,7703.6,5765.4,0
20241207,1,60.00,7703.6,5744.2,0
20241207,1,62.77,7703.6,5725.2,0
20241207,1,77.80,7703.6,5712.4,0
20241207,1,79.90,7703.6,5666.0,0
20241207,1,80.00,7703.6,5665.5,0
20241207,1,80.01,7703.6,5547.4,0
20241207,1,81.00,7703.6,5533.6,0
20241207,1,82.01,7703.6,5533.3,0
20241207,1,85.00,7703.6,5517.7,0
20241207,1,90.00,7703.6,5516.1,0
20241207,1,99.90,7703.6,5514.5,0
20241207,1,100.00,7703.6,5507.7,0
20241207,1,100.01,7716.1,5454.5,0
20241207,1,101.00,7716.1,5454.5,0
20241207,1,138.00,7716.1,5449.0,0
20241207,1,150.00,7716.1,5431.3,0
20241207,1,200.00,7716.1,5415.9,0
20241207,1,200.01,7716.1,5017.2,0
20241207,1,201.00,7716.1,4884.3,0
20241207,1,210.00,7716.1,4883.9,0
20241207,1,300.00,7716.1,4814.8,0
20241207,1,500.00,7716.1,4809.8,0
20241207,1,900.00,7716.1,4799.8,0
20241207,1,999.00,7716.2,4793.8,0
20241207,1,999.99,7716.2,0.0,0
20241207,1,0.00,0.0,15188.3,1
20241207,1,0.00,6578.5,15188.3,1
20241207,1,0.01,11734.3,15188.3,1
20241207,1,0.02,11739.6,15186.4,1
20241207,1,0.03,11739.6,15186.4,1
20241207,1,0.04,11763.7,15184.6,1
20241207,1,0.10,11763.7,15184.6,1
20241207,1,0.93,12079.6,15168.0,1
20241207,1,1.00,12350.1,15168.0,1
20241207,1,1.01,12354.8,15156.2,1
20241207,1,1.83,12356.8,15154.3,1
20241207,1,2.00,12400.6,15154.3,1
20241207,1,2.73,12402.6,15154.3,1
20241207,1,3.00,12404.4,15154.3,1
20241207,1,3.63,12406.4,15070.4,1
20241207,1,4.53,12408.4,15070.4,1
20241207,1,5.00,12461.4,15070.4,1
20241207,1,5.01,12461.4,14953.7,1
20241207,1,5.43,12463.4,14913.6,1
20241207,1,6.33,12465.4,14913.6,1
20241207,1,7.00,12468.1,14913.6,1
20241207,1,7.23,12470.1,14913.6,1
20241207,1,7.50,12510.1,14913.6,1
20241207,1,7.90,12510.3,14913.6,1
20241207,1,8.00,12522.5,14913.6,1
20241207,1,8.12,12522.5,14909.2,1
20241207,1,8.13,12524.5,14907.9,1
20241207,1,9.03,12526.5,14907.9,1
20241207,1,9.60,12526.5,14907.9,1
20241207,1,9.80,12526.5,14907.8,1
20241207,1,9.93,12528.5,14907.7,1
20241207,1,10.00,12530.9,14907.7,1
20241207,1,10.25,12530.9,14907.7,1
20241207,1,10.40,12530.9,14333.7,1
20241207,1,10.50,12530.9,14333.2,1
20241207,1,10.83,12532.9,14333.1,1
20241207,1,11.00,12553.4,14333.1,1
20241207,1,11.02,12553.4,14333.1,1
20241207,1,11.26,12553.4,14308.1,1
20241207,1,11.34,12553.4,14211.9,1
20241207,1,11.40,12553.4,13746.7,1
20241207,1,11.50,12596.9,13746.5,1
20241207,1,11.71,12596.9,13650.0,1
20241207,1,11.73,12598.9,13625.0,1
20241207,1,12.00,12607.4,13625.0,1
20241207,1,12.28,12607.4,13624.4,1
20241207,1,12.40,12607.4,13624.3,1
20241207,1,12.54,12607.4,13598.9,1
20241207,1,12.67,12607.4,13569.7,1
20241207,1,12.80,12607.4,13544.7,1
20241207,1,12.83,12607.4,13544.6,1
20241207,1,12.88,12607.4,13543.1,1
20241207,1,13.00,12667.1,13542.0,1
20241207,1,13.50,12667.1,13541.3,1
20241207,1,13.53,12667.1,13480.8,1
20241207,1,13.59,12667.1,13480.6,1
20241207,1,13.71,12667.1,13476.8,1
20241207,1,13.85,12667.1,13276.8,1
20241207,1,13.88,12697.1,13076.8,1
20241207,1,13.92,12697.1,13076.8,1
20241207,1,13.95,12697.1,13073.0,1
20241207,1,14.00,12747.1,12873.0,1
20241207,1,14.01,12756.6,12867.8,1
20241207,1,14.13,12756.6,12864.0,1
20241207,1,14.20,12756.6,12664.0,1
20241207,1,14.24,12756.6,12614.0,1
20241207,1,14.26,12756.6,12564.0,1
20241207,1,14.27,12756.6,12560.2,1
20241207,1,14.31,12756.6,12360.2,1
20241207,1,14.38,12756.6,12160.2,1
20241207,1,14.42,12756.6,11960.2,1
20241207,1,14.43,12756.6,11760.2,1
20241207,1,14.47,12791.6,11758.2,1
20241207,1,14.54,12791.6,11758.2,1
20241207,1,14.59,12791.6,11558.2,1
20241207,1,14.76,12791.6,11550.5,1
20241207,1,14.90,12804.6,11350.5,1
20241207,1,15.00,12814.6,11350.5,1
20241207,1,15.16,12849.6,11317.8,1
20241207,1,15.33,12849.6,11317.8,1
20241207,1,15.50,12926.6,11315.8,1
20241207,1,15.65,12976.5,11315.8,1
20241207,1,15.79,13118.5,11315.8,1
20241207,1,15.85,13143.5,11315.8,1
20241207,1,15.93,13246.5,11315.8,1
20241207,1,16.00,13266.5,11315.8,1
20241207,1,16.23,13266.5,11305.3,1
20241207,1,16.50,13336.5,11303.3,1
20241207,1,16.54,13361.5,11301.9,1
20241207,1,16.58,13411.5,11301.9,1
20241207,1,16.68,13411.5,11301.9,1
20241207,1,16.70,13411.5,11294.3,1
20241207,1,16.88,13461.5,11285.3,1
20241207,1,17.00,13461.5,11285.3,1
20241207,1,17.13,13461.5,11284.6,1
20241207,1,17.20,13461.5,11282.6,1
20241207,1,17.45,13461.5,11237.9,1
20241207,1,17.50,13491.5,11176.8,1
20241207,1,17.58,13491.5,11176.8,1
20241207,1,18.00,13491.5,11160.6,1
20241207,1,18.03,13491.5,11155.3,1
20241207,1,18.40,13491.5,11154.0,1
20241207,1,18.43,13565.5,11152.0,1
20241207,1,18.50,13565.5,11152.0,1
20241207,1,18.78,13565.5,11151.4,1
20241207,1,18.79,13572.2,11145.9,1
20241207,1,18.93,13572.2,11145.9,1
20241207,1,19.56,13713.2,11144.9,1
20241207,1,19.59,13855.2,11144.9,1
20241207,1,19.66,13996.2,11144.9,1
20241207,1,19.70,14138.2,11144.9,1
20241207,1,19.73,14279.2,11144.9,1
20241207,1,19.80,14421.2,11144.9,1
20241207,1,19.83,14421.2,11144.9,1
20241207,1,20.00,14421.2,11143.9,1
20241207,1,20.12,14421.2,11136.1,1
20241207,1,20.16,14421.2,11134.2,1
20241207,1,20.63,14421.2,11126.5,1
20241207,1,20.73,14421.2,11126.4,1
20241207,1,21.02,14421.2,11125.4,1
20241207,1,21.10,14432.7,10325.4,1
20241207,1,21.63,14432.7,10325.4,1
20241207,1,21.89,14432.7,10324.4,1
20241207,1,22.15,14432.7,10162.1,1
20241207,1,22.35,14573.7,10161.8,1
20241207,1,22.53,14573.7,10161.8,1
20241207,1,22.58,14581.4,10160.8,1
20241207,1,23.00,14581.4,10160.8,1
20241207,1,23.20,14596.8,10102.1,1
20241207,1,23.40,14596.8,10102.1,1
20241207,1,23.43,14596.8,10083.5,1
20241207,1,23.64,14596.8,10077.6,1
20241207,1,24.00,14596.8,10070.0,1
20241207,1,25.00,14596.8,10049.2,1
20241207,1,25.57,14738.8,10049.1,1
20241207,1,25.95,14738.8,10049.1,1
20241207,1,26.92,14738.8,10041.4,1
20241207,1,27.00,14738.8,10033.8,1
20241207,1,27.11,14738.8,10033.3,1
20241207,1,27.63,14738.8,9990.3,1
20241207,1,28.80,14879.8,9990.2,1
20241207,1,30.00,14879.8,9990.2,1
20241207,1,31.36,14879.8,9983.9,1
20241207,1,32.02,15021.8,9509.3,1
20241207,1,33.62,15045.2,9509.3,1
20241207,1,34.63,15045.2,9509.3,1
20241207,1,34.94,15045.2,9509.1,1
20241207,1,35.00,15045.2,9494.3,1
20241207,1,36.00,15045.2,9492.5,1
20241207,1,37.50,15045.2,9467.5,1
20241207,1,40.00,15045.2,9435.8,1
20241207,1,40.01,15045.2,9409.6,1
20241207,1,45.00,15045.2,9263.6,1
20241207,1,46.00,15045.2,9245.9,1
20241207,1,50.00,15046.2,9220.9,1
20241207,1,50.90,15046.2,9039.6,1
20241207,1,55.00,15046.2,9039.2,1
20241207,1,60.00,15046.2,9032.9,1
20241207,1,61.04,15046.2,8985.4,1
20241207,1,70.00,15046.2,8981.3,1
20241207,1,72.00,15046.2,8981.2,1
20241207,1,77.80,15046.2,8981.1,1
20241207,1,80.00,15046.2,8973.2,1
20241207,1,80.01,15046.2,8548.4,1
20241207,1,80.02,15046.2,8495.2,1
20241207,1,81.00,15046.2,8419.2,1
20241207,1,82.01,15046.2,8373.2,1
20241207,1,85.00,15046.2,8291.9,1
20241207,1,90.00,15046.2,8291.3,1
20241207,1,100.00,15046.2,8289.2,1
20241207,1,100.01,15055.4,8015.6,1
20241207,1,101.00,15055.4,8015.6,1
20241207,1,120.10,15055.4,8012.9,1
20241207,1,150.00,15055.4,7988.2,1
20241207,1,151.00,15055.4,7933.2,1
20241207,1,190.00,15055.4,7895.3,1
20241207,1,200.00,15055.4,7894.9,1
20241207,1,200.01,15055.4,6903.7,1
20241207,1,200.10,15055.4,5975.8,1
20241207,1,200.98,15055.4,5907.7,1
20241207,1,200.99,15055.4,5907.6,1
20241207,1,201.00,15055.4,5907.5,1
20241207,1,210.00,15055.4,5870.8,1
20241207,1,250.00,15055.4,5613.4,1
20241207,1,299.99,15055.6,5465.0,1
20241207,1,300.00,15055.6,5465.0,1
20241207,1,550.02,15055.6,5373.7,1
20241207,1,999.00,15055.8,5291.9,1
20241207,1,999.99,15055.8,0.0,1
20241207,1,0.00,0.0,17081.2,2
20241207,1,0.00,5408.7,17081.2,2
20241207,1,0.01,12927.2,17081.2,2
20241207,1,0.02,13054.6,17079.2,2
20241207,1,0.03,13054.6,17069.2,2
20241207,1,0.92,13055.2,17068.5,2
20241207,1,1.00,13103.5,17068.5,2
20241207,1,1.01,13106.9,16992.3,2
20241207,1,1.83,13107.4,16990.2,2
20241207,1,2.00,13145.7,16990.2,2
20241207,1,2.01,13145.7,16982.2,2
20241207,1,2.29,13152.9,16682.2,2
20241207,1,2.73,13153.4,16682.2,2
20241207,1,3.00,13176.4,16682.2,2
20241207,1,3.01,13176.4,16350.5,2
20241207,1,3.64,13177.0,16250.5,2
20241207,1,4.00,13177.0,16250.5,2
20241207,1,4.27,13235.4,16249.5,2
20241207,1,4.55,13235.9,16249.5,2
20241207,1,4.57,13243.1,16249.5,2
20241207,1,5.00,13282.5,16249.5,2
20241207,1,5.01,13283.1,16092.4,2
20241207,1,5.46,13283.2,15880.9,2
20241207,1,5.91,13283.3,15880.9,2
20241207,1,6.00,13335.5,15880.9,2
20241207,1,6.01,13345.5,15870.9,2
20241207,1,6.19,13345.5,15870.9,2
20241207,1,6.29,13346.5,15670.9,2
20241207,1,6.37,13346.6,15670.9,2
20241207,1,6.50,13348.7,15670.9,2
20241207,1,6.82,13348.8,15670.9,2
20241207,1,6.84,13356.0,15670.9,2
20241207,1,6.96,13356.0,15670.9,2
20241207,1,7.00,13356.0,15670.8,2
20241207,1,7.10,13366.2,15649.5,2
20241207,1,7.19,13367.2,15649.5,2
20241207,1,7.47,13367.2,15649.5,2
20241207,1,7.51,13367.2,15647.4,2
20241207,1,7.81,13367.2,15347.4,2
20241207,1,8.00,13367.2,15293.6,2
20241207,1,8.01,13368.0,15163.0,2
20241207,1,8.04,13368.0,15163.0,2
20241207,1,8.09,13369.3,15063.0,2
20241207,1,8.50,13369.3,15063.0,2
20241207,1,8.55,13372.3,15058.7,2
20241207,1,8.69,13372.3,15058.7,2
20241207,1,8.73,13372.3,15028.7,2
20241207,1,8.89,13372.3,15025.4,2
20241207,1,8.93,13372.3,14976.4,2
20241207,1,8.95,13372.7,14946.4,2
20241207,1,8.96,13372.7,14946.4,2
20241207,1,8.99,13375.6,14916.4,2
20241207,1,9.00,13375.6,14856.4,2
20241207,1,9.01,13379.7,14825.1,2
20241207,1,9.04,13379.7,14824.4,2
20241207,1,9.07,13379.7,14794.4,2
20241207,1,9.10,13379.7,14764.4,2
20241207,1,9.12,13396.4,14734.4,2
20241207,1,9.13,13396.4,14734.4,2
20241207,1,9.18,13396.4,14674.4,2
20241207,1,9.21,13396.4,14644.4,2
20241207,1,9.23,13396.4,14614.4,2
20241207,1,9.24,13396.4,14569.4,2
20241207,1,9.65,13548.4,14539.4,2
20241207,1,9.78,13548.4,14539.4,2
20241207,1,9.83,13548.4,14494.4,2
20241207,1,9.90,13548.4,14479.4,2
20241207,1,10.00,13550.7,14479.2,2
20241207,1,10.01,13553.9,14433.2,2
20241207,1,10.10,13553.9,14429.6,2
20241207,1,10.14,13553.9,14404.6,2
20241207,1,10.15,13553.9,14348.6,2
20241207,1,10.24,13559.9,14248.6,2
20241207,1,10.30,13608.4,14248.6,2
20241207,1,10.31,13608.4,14248.6,2
20241207,1,10.32,13608.4,14244.6,2
20241207,1,10.41,13608.4,14184.6,2
20241207,1,10.44,13608.4,14169.6,2
20241207,1,10.50,13624.2,14022.6,2
20241207,1,10.68,13624.2,14002.0,2
20241207,1,10.70,13624.2,13999.0,2
20241207,1,10.79,13624.2,13985.7,2
20241207,1,10.80,13624.2,13837.2,2
20241207,1,10.88,13643.2,13690.2,2
20241207,1,10.93,13643.2,13690.2,2
20241207,1,10.98,13643.2,13588.2,2
20241207,1,11.00,13643.2,13563.2,2
20241207,1,11.01,13648.4,13492.7,2
20241207,1,11.04,13648.4,13492.2,2
20241207,1,11.08,13648.4,13345.2,2
20241207,1,11.17,13649.2,13241.2,2
20241207,1,11.18,13649.2,13241.2,2
20241207,1,11.32,14599.2,13241.0,2
20241207,1,11.39,14599.2,13241.0,2
20241207,1,11.40,14608.6,13211.0,2
20241207,1,11.50,14608.6,13210.0,2
20241207,1,11.54,14608.6,13037.0,2
20241207,1,11.55,14608.6,12914.0,2
20241207,1,11.56,14628.7,12904.1,2
20241207,1,11.57,14710.7,12904.1,2
20241207,1,11.60,14711.2,12904.1,2
20241207,1,11.61,14711.3,12904.1,2
20241207,1,11.65,14711.3,12904.1,2
20241207,1,11.69,14711.3,12780.1,2
20241207,1,11.70,14712.9,12775.7,2
20241207,1,11.81,14712.9,12775.7,2
20241207,1,11.84,14772.9,12775.0,2
20241207,1,11.85,14772.9,12775.0,2
20241207,1,11.87,14772.9,12774.6,2
20241207,1,11.97,14775.9,12651.6,2
20241207,1,12.00,14775.9,12651.6,2
20241207,1,12.02,14775.9,12637.8,2
20241207,1,12.03,14904.8,12557.8,2
20241207,1,12.13,14904.8,12557.8,2
20241207,1,12.14,14934.8,12557.5,2
20241207,1,12.22,14934.8,12557.5,2
20241207,1,12.30,14934.8,12556.9,2
20241207,1,12.38,14956.0,12556.5,2
20241207,1,12.48,14956.0,12556.5,2
20241207,1,12.50,14956.0,12526.5,2
20241207,1,12.52,14962.0,12494.2,2
20241207,1,12.59,14962.0,12494.2,2
20241207,1,12.60,14962.0,12491.3,2
20241207,1,12.63,14962.0,12490.1,2
20241207,1,12.72,14982.0,12488.4,2
20241207,1,12.75,14982.0,12488.4,2
20241207,1,12.81,14982.0,12487.5,2
20241207,1,13.00,14982.0,12364.5,2
20241207,1,13.01,14984.3,12359.4,2
20241207,1,13.02,14984.3,12356.6,2
20241207,1,13.03,15024.3,12346.6,2
20241207,1,13.07,15024.3,12346.6,2
20241207,1,13.13,15034.3,12346.4,2
20241207,1,13.21,15034.3,12346.4,2
20241207,1,13.30,15054.3,12262.7,2
20241207,1,13.49,15054.3,12262.7,2
20241207,1,13.50,15054.3,12260.8,2
20241207,1,13.86,15063.5,12240.8,2
20241207,1,14.00,15063.5,12240.8,2
20241207,1,14.01,15070.5,12167.4,2
20241207,1,14.02,15070.5,12166.7,2
20241207,1,14.26,15080.5,12166.5,2
20241207,1,14.29,15080.5,12166.5,2
20241207,1,14.30,15080.5,12156.6,2
20241207,1,14.32,15080.5,12045.3,2
20241207,1,14.39,15080.5,12027.4,2
20241207,1,14.40,15125.5,12026.4,2
20241207,1,14.63,15186.5,12026.4,2
20241207,1,14.66,15248.5,12026.4,2
20241207,1,14.72,15310.5,12026.4,2
20241207,1,14.87,15310.5,12026.4,2
20241207,1,14.88,15386.5,12025.6,2
20241207,1,14.93,15473.5,12025.6,2
20241207,1,14.97,15473.5,12025.6,2
20241207,1,14.98,15551.5,12025.4,2
20241207,1,15.00,15551.5,12025.4,2
20241207,1,15.01,15552.5,12022.8,2
20241207,1,15.03,15633.5,12022.8,2
20241207,1,15.12,15633.5,12022.8,2
20241207,1,15.22,15784.5,12013.5,2
20241207,1,15.29,15784.5,12013.5,2
20241207,1,15.39,15794.5,12013.3,2
20241207,1,15.70,15794.5,12013.3,2
20241207,1,15.91,15794.5,12013.2,2
20241207,1,15.98,15794.5,12012.1,2
20241207,1,16.06,15894.5,11951.9,2
20241207,1,16.40,15894.5,11951.9,2
20241207,1,16.48,15894.5,11951.8,2
20241207,1,16.49,15894.5,11949.9,2
20241207,1,16.50,15894.5,11949.8,2
20241207,1,17.01,15898.0,11949.5,2
20241207,1,17.17,15998.0,11943.8,2
20241207,1,17.20,15998.0,11943.8,2
20241207,1,18.00,15998.0,11943.3,2
20241207,1,18.13,16098.0,11942.7,2
20241207,1,18.40,16098.0,11942.7,2
20241207,1,19.42,16338.0,11941.8,2
20241207,1,20.00,16338.0,11941.8,2
20241207,1,21.48,16338.0,11889.8,2
20241207,1,21.49,16338.0,11872.0,2
20241207,1,21.50,16338.0,11871.7,2
20241207,1,21.93,16338.0,11868.2,2
20241207,1,24.28,16338.0,11867.4,2
20241207,1,25.26,16338.0,11866.5,2
20241207,1,25.46,16338.0,11865.7,2
20241207,1,27.00,16338.0,11860.7,2
20241207,1,27.50,16338.0,11860.4,2
20241207,1,28.87,16347.6,11857.7,2
20241207,1,29.12,16347.6,11857.7,2
20241207,1,29.90,16347.6,11793.3,2
20241207,1,30.00,16347.6,11792.7,2
20241207,1,30.88,16347.6,11762.3,2
20241207,1,31.79,16347.6,11730.5,2
20241207,1,31.82,16347.6,11728.2,2
20241207,1,35.00,16347.6,11725.9,2
20241207,1,36.00,16347.6,11718.1,2
20241207,1,36.79,16347.6,11693.1,2
20241207,1,39.69,16836.6,11682.0,2
20241207,1,40.00,16836.6,11682.0,2
20241207,1,43.86,16836.6,11646.8,2
20241207,1,45.00,16836.6,11645.2,2
20241207,1,45.01,16836.6,11184.4,2
20241207,1,46.00,16836.6,10925.7,2
20241207,1,50.00,16836.6,10903.2,2
20241207,1,55.00,16836.6,10836.6,2
20241207,1,60.00,16836.6,10799.8,2
20241207,1,61.04,16836.6,10760.9,2
20241207,1,77.80,16836.6,10740.9,2
20241207,1,79.90,16836.6,10695.4,2
20241207,1,80.00,16836.6,10695.0,2
20241207,1,80.01,16836.6,10275.2,2
20241207,1,80.05,16836.6,10255.4,2
20241207,1,80.10,16836.6,10254.9,2
20241207,1,80.21,16986.5,10254.8,2
20241207,1,82.01,16986.5,10254.8,2
20241207,1,85.00,16986.5,10211.4,2
20241207,1,90.00,16986.5,10210.5,2
20241207,1,95.91,16986.5,10209.3,2
20241207,1,99.00,16986.5,10207.7,2
20241207,1,99.90,16986.5,10207.5,2
20241207,1,100.00,17175.3,10206.2,2
20241207,1,100.01,17183.4,10024.8,2
20241207,1,101.00,17183.4,10024.8,2
20241207,1,108.83,17183.4,9868.5,2
20241207,1,120.10,17183.4,9866.8,2
20241207,1,121.75,17183.4,9862.2,2
20241207,1,134.67,17183.4,9860.6,2
20241207,1,138.00,17183.4,9858.9,2
20241207,1,150.00,17183.4,9739.8,2
20241207,1,190.00,17183.4,9699.6,2
20241207,1,200.00,17183.4,9699.5,2
20241207,1,200.01,17183.4,8933.0,2
20241207,1,200.10,17183.4,7800.6,2
20241207,1,200.50,17183.4,7797.7,2
20241207,1,201.00,17183.4,7797.5,2
20241207,1,210.00,17183.4,7793.0,2
20241207,1,250.00,17183.4,6801.6,2
20241207,1,299.99,17183.7,6795.3,2
20241207,1,300.00,17183.7,6795.3,2
20241207,1,550.02,17183.7,6787.3,2
20241207,1,999.00,17184.0,6606.0,2
20241207,1,999.99,17184.0,0.0,2
20241207,2,0.00,0.0,8244.2,0
20241207,2,0.00,2815.9,8244.2,0
20241207,2,0.01,6928.4,8244.2,0
20241207,2,0.02,6967.0,8241.0,0
20241207,2,0.03,6972.4,8240.6,0
20241207,2,0.10,6972.4,8240.6,0
20241207,2,0.90,6977.4,8220.6,0
20241207,2,1.00,7070.3,8220.6,0
20241207,2,1.01,7070.5,8214.2,0
20241207,2,1.80,7072.5,8211.0,0
20241207,2,2.01,7072.5,8211.0,0
20241207,2,2.67,7074.8,7911.0,0
20241207,2,2.70,7076.8,7911.0,0
20241207,2,3.00,7077.8,7911.0,0
20241207,2,3.01,7077.9,7831.0,0
20241207,2,3.60,7079.9,7731.0,0
20241207,2,4.00,7079.9,7731.0,0
20241207,2,4.50,7081.9,7730.9,0
20241207,2,5.00,7165.5,7730.9,0
20241207,2,5.01,7165.5,7673.1,0
20241207,2,5.33,7167.8,7440.8,0
20241207,2,5.40,7169.8,7440.8,0
20241207,2,5.90,7169.8,7440.8,0
20241207,2,6.00,7190.3,7424.4,0
20241207,2,6.26,7190.3,7424.4,0
20241207,2,6.30,7192.3,7418.4,0
20241207,2,6.50,7192.3,7418.4,0
20241207,2,6.60,7192.9,7417.4,0
20241207,2,7.00,7196.9,7417.4,0
20241207,2,7.20,7198.9,7417.4,0
20241207,2,7.50,7203.9,7417.4,0
20241207,2,7.99,7206.2,7417.4,0
20241207,2,8.00,7206.2,7417.4,0
20241207,2,8.01,7206.7,7406.2,0
20241207,2,8.10,7208.7,7406.2,0
20241207,2,8.85,7208.7,7406.2,0
20241207,2,9.00,7210.7,7249.2,0
20241207,2,9.01,7210.7,7249.2,0
20241207,2,9.54,7210.7,7242.7,0
20241207,2,9.73,7210.7,7242.5,0
20241207,2,9.80,7210.7,7197.5,0
20241207,2,9.86,7210.7,7149.5,0
20241207,2,9.90,7212.7,6958.5,0
20241207,2,9.99,7212.7,6958.5,0
20241207,2,10.00,7215.1,6928.5,0
20241207,2,10.04,7215.1,6928.5,0
20241207,2,10.08,7215.1,6646.5,0
20241207,2,10.65,7217.4,6646.1,0
20241207,2,10.66,7217.4,6646.1,0
20241207,2,10.80,7219.4,6581.1,0
20241207,2,10.81,7219.4,6581.1,0
20241207,2,11.44,7219.4,6467.1,0
20241207,2,11.70,7221.4,6454.5,0
20241207,2,12.00,7295.4,6454.5,0
20241207,2,12.13,7295.4,6454.5,0
20241207,2,12.50,7295.4,6435.1,0
20241207,2,13.00,7295.4,6415.1,0
20241207,2,13.01,7295.4,6415.0,0
20241207,2,13.12,7295.4,6408.6,0
20241207,2,13.34,7652.4,6243.6,0
20241207,2,13.50,7652.4,6213.6,0
20241207,2,13.76,7895.4,6213.4,0
20241207,2,14.00,7900.4,6213.4,0
20241207,2,14.01,7900.9,6213.3,0
20241207,2,14.40,7900.9,6213.3,0
20241207,2,14.70,7902.6,6211.3,0
20241207,2,15.00,7902.6,6211.3,0
20241207,2,15.30,7902.6,6208.6,0
20241207,2,15.48,7902.6,6207.4,0
20241207,2,15.50,7902.6,6206.5,0
20241207,2,15.89,7902.8,6204.5,0
20241207,2,15.90,7902.8,6204.5,0
20241207,2,16.00,7902.8,6204.3,0
20241207,2,16.20,7902.8,6152.7,0
20241207,2,16.59,7902.8,6152.4,0
20241207,2,17.00,7907.8,6149.6,0
20241207,2,17.43,7907.8,6124.4,0
20241207,2,17.50,7907.8,6124.2,0
20241207,2,17.73,7907.8,6124.0,0
20241207,2,18.00,7907.8,6102.0,0
20241207,2,18.01,7908.1,6101.8,0
20241207,2,18.42,7908.1,6101.8,0
20241207,2,19.03,7908.1,6094.6,0
20241207,2,20.00,7908.1,6013.6,0
20241207,2,20.04,7938.1,6007.1,0
20241207,2,20.12,7938.1,6007.1,0
20241207,2,21.50,7938.1,6003.5,0
20241207,2,21.99,7938.1,6003.4,0
20241207,2,24.04,7938.1,5994.9,0
20241207,2,25.00,7938.1,5993.2,0
20241207,2,27.95,7938.1,5987.2,0
20241207,2,28.36,7938.1,5921.6,0
20241207,2,29.90,7938.1,5915.8,0
20241207,2,30.00,7938.1,5915.0,0
20241207,2,34.00,7938.1,5869.7,0
20241207,2,35.00,7938.1,5859.5,0
20241207,2,37.50,7938.1,5859.2,0
20241207,2,40.00,7938.1,5852.9,0
20241207,2,45.00,7938.1,5839.0,0
20241207,2,45.01,7938.1,5835.9,0
20241207,2,48.32,7938.1,5831.7,0
20241207,2,50.00,7938.1,5806.0,0
20241207,2,50.01,7938.1,5736.9,0
20241207,2,55.00,7938.1,5734.9,0
20241207,2,60.00,7938.1,5714.0,0
20241207,2,62.62,7938.1,5695.6,0
20241207,2,77.80,7938.1,5683.2,0
20241207,2,79.90,7938.1,5639.0,0
20241207,2,80.00,7938.1,5638.5,0
20241207,2,80.01,7938.1,5535.2,0
20241207,2,81.00,7938.1,5521.8,0
20241207,2,82.01,7938.1,5521.6,0
20241207,2,85.00,7938.1,5507.0,0
20241207,2,90.00,7938.1,5505.4,0
20241207,2,99.90,7938.1,5503.7,0
20241207,2,100.00,7938.1,5497.1,0
20241207,2,100.01,7950.6,5443.7,0
20241207,2,101.00,7950.6,5443.7,0
20241207,2,138.00,7950.6,5438.2,0
20241207,2,150.00,7950.6,5420.9,0
20241207,2,200.00,7950.6,5407.1,0
20241207,2,200.01,7950.6,5021.8,0
20241207,2,201.00,7950.6,4890.6,0
20241207,2,210.00,7950.6,4890.3,0
20241207,2,300.00,7950.6,4823.4,0
20241207,2,500.00,7950.6,4818.4,0
20241207,2,900.00,7950.6,4808.4,0
20241207,2,999.00,7950.6,4802.4,0
20241207,2,999.99,7950.6,0.0,0
20241207,2,0.00,0.0,15971.8,3
20241207,2,0.00,5055.2,15971.8,3
20241207,2,0.01,12308.2,15971.8,3
20241207,2,0.02,12445.7,15969.7,3
20241207,2,0.03,12445.7,15959.7,3
20241207,2,0.04,12445.8,15959.0,3
20241207,2,0.93,12446.4,15959.0,3
20241207,2,1.00,12497.6,15959.0,3
20241207,2,1.01,12500.8,15879.8,3
20241207,2,1.84,12501.3,15877.8,3
20241207,2,2.00,12539.8,15877.8,3
20241207,2,2.01,12539.8,15869.8,3
20241207,2,2.24,12547.0,15569.8,3
20241207,2,2.76,12547.5,15569.8,3
20241207,2,3.00,12571.2,15569.8,3
20241207,2,3.01,12571.2,15239.9,3
20241207,2,3.67,12571.8,15139.9,3
20241207,2,4.00,12571.8,15139.9,3
20241207,2,4.27,12630.2,15138.9,3
20241207,2,4.47,12637.4,15138.9,3
20241207,2,4.59,12637.9,15138.9,3
20241207,2,5.00,12677.5,15138.9,3
20241207,2,5.01,12678.1,14982.3,3
20241207,2,5.05,12678.2,14770.9,3
20241207,2,5.51,12678.3,14770.9,3
20241207,2,5.96,12678.4,14770.9,3
20241207,2,6.00,12731.4,14770.9,3
20241207,2,6.01,12741.4,14760.9,3
20241207,2,6.10,12754.2,14760.9,3
20241207,2,6.19,12754.2,14760.9,3
20241207,2,6.32,12755.2,14560.9,3
20241207,2,6.42,12755.3,14560.9,3
20241207,2,6.50,12757.4,14560.9,3
20241207,2,6.70,12764.6,14560.9,3
20241207,2,6.88,12764.7,14560.9,3
20241207,2,7.00,12764.7,14560.9,3
20241207,2,7.22,12765.7,14539.6,3
20241207,2,7.43,12765.7,14539.6,3
20241207,2,7.51,12765.7,14539.5,3
20241207,2,7.80,12765.7,14239.5,3
20241207,2,8.00,12765.7,14167.8,3
20241207,2,8.01,12766.6,14033.5,3
20241207,2,8.04,12766.6,14033.5,3
20241207,2,8.12,12767.8,13933.5,3
20241207,2,8.47,12767.8,13933.5,3
20241207,2,8.50,12767.8,13903.5,3
20241207,2,8.69,12770.8,13899.2,3
20241207,2,8.89,12770.8,13899.2,3
20241207,2,8.90,12770.8,13850.2,3
20241207,2,8.93,12778.1,13847.1,3
20241207,2,8.95,12778.6,13817.1,3
20241207,2,8.96,12778.6,13817.1,3
20241207,2,8.99,12778.6,13787.1,3
20241207,2,9.00,12778.6,13727.1,3
20241207,2,9.01,12782.4,13650.9,3
20241207,2,9.02,12785.6,13650.2,3
20241207,2,9.04,12785.6,13650.2,3
20241207,2,9.06,12785.6,13620.2,3
20241207,2,9.07,12785.6,13618.1,3
20241207,2,9.10,12785.6,13588.1,3
20241207,2,9.13,12785.6,13558.1,3
20241207,2,9.18,12785.6,13498.1,3
20241207,2,9.21,12785.6,13468.1,3
20241207,2,9.24,12785.6,13438.1,3
20241207,2,9.27,12795.0,13408.1,3
20241207,2,9.53,12795.0,13408.1,3
20241207,2,9.58,12801.0,13363.1,3
20241207,2,9.65,12968.0,13363.1,3
20241207,2,9.84,12968.0,13363.1,3
20241207,2,9.85,12968.0,13338.1,3
20241207,2,10.00,12970.4,13323.1,3
20241207,2,10.01,12973.2,13277.8,3
20241207,2,10.06,12973.2,13274.3,3
20241207,2,10.14,12973.2,13214.3,3
20241207,2,10.15,12973.2,13158.3,3
20241207,2,10.30,13021.7,13058.3,3
20241207,2,10.36,13021.7,13057.9,3
20241207,2,10.43,13021.7,13054.3,3
20241207,2,10.44,13021.7,13039.3,3
20241207,2,10.50,13037.5,12891.3,3
20241207,2,10.68,13037.5,12871.3,3
20241207,2,10.70,13037.5,12868.3,3
20241207,2,10.77,13037.5,12856.0,3
20241207,2,10.79,13037.5,12855.8,3
20241207,2,10.80,13037.5,12707.8,3
20241207,2,10.82,13037.5,12559.8,3
20241207,2,10.88,13054.9,12559.3,3
20241207,2,10.89,13055.7,12559.3,3
20241207,2,10.90,13055.7,12559.3,3
20241207,2,10.93,13055.7,12558.6,3
20241207,2,11.00,13055.7,12456.6,3
20241207,2,11.01,13060.2,12387.4,3
20241207,2,11.04,13060.2,12362.0,3
20241207,2,11.08,13060.2,12215.0,3
20241207,2,11.10,13060.2,12111.0,3
20241207,2,11.11,13060.7,12109.2,3
20241207,2,11.16,13067.9,12079.2,3
20241207,2,11.20,13069.3,12079.0,3
20241207,2,11.24,13070.7,12079.0,3
20241207,2,11.27,13072.2,12079.0,3
20241207,2,11.31,13073.7,12079.0,3
20241207,2,11.32,14433.7,12079.0,3
20241207,2,11.35,14435.0,12079.0,3
20241207,2,11.50,14435.0,12078.0,3
20241207,2,11.53,14435.0,11905.0,3
20241207,2,11.54,14455.1,11895.1,3
20241207,2,11.56,14455.1,11772.1,3
20241207,2,11.57,14507.1,11771.8,3
20241207,2,11.59,14546.6,11771.8,3
20241207,2,11.60,14577.1,11771.8,3
20241207,2,11.62,14577.1,11771.8,3
20241207,2,11.65,14577.1,11770.7,3
20241207,2,11.70,14584.7,11647.7,3
20241207,2,11.72,14584.7,11647.7,3
20241207,2,11.84,14614.7,11643.4,3
20241207,2,11.87,14614.7,11643.4,3
20241207,2,11.89,14614.7,11520.4,3
20241207,2,11.95,14614.7,11519.4,3
20241207,2,12.00,14614.7,11519.2,3
20241207,2,12.02,14614.7,11505.5,3
20241207,2,12.03,14743.6,11425.5,3
20241207,2,12.07,14763.6,11425.5,3
20241207,2,12.16,14763.6,11425.5,3
20241207,2,12.17,14796.6,11392.9,3
20241207,2,12.35,14796.6,11392.9,3
20241207,2,12.38,14797.8,11392.7,3
20241207,2,12.50,14797.8,11392.7,3
20241207,2,12.62,14797.8,11361.5,3
20241207,2,12.69,14797.8,11358.7,3
20241207,2,12.70,14837.8,11348.7,3
20241207,2,12.74,14837.8,11348.7,3
20241207,2,12.75,14857.8,11347.7,3
20241207,2,12.81,14857.8,11347.7,3
20241207,2,13.00,14857.8,11197.7,3
20241207,2,13.01,14859.9,11192.6,3
20241207,2,13.13,14869.9,11189.9,3
20241207,2,13.21,14869.9,11189.9,3
20241207,2,13.33,14889.9,11139.1,3
20241207,2,13.50,14889.9,11139.1,3
20241207,2,13.52,14889.9,11119.1,3
20241207,2,13.59,14899.1,11117.4,3
20241207,2,14.00,14899.1,11117.4,3
20241207,2,14.01,14905.6,11043.7,3
20241207,2,14.15,14905.6,11042.9,3
20241207,2,14.26,14915.6,11042.1,3
20241207,2,14.29,14915.6,11042.1,3
20241207,2,14.30,14915.6,11032.2,3
20241207,2,14.36,14915.6,10921.7,3
20241207,2,14.42,14915.6,10905.2,3
20241207,2,14.63,14934.6,10904.3,3
20241207,2,14.66,14955.6,10904.3,3
20241207,2,14.72,14980.6,10904.3,3
20241207,2,14.88,15020.6,10904.3,3
20241207,2,14.93,15067.6,10904.3,3
20241207,2,14.98,15111.6,10904.3,3
20241207,2,15.00,15111.6,10904.3,3
20241207,2,15.01,15112.6,10902.1,3
20241207,2,15.03,15159.6,10902.1,3
20241207,2,15.12,15159.6,10902.1,3
20241207,2,15.22,15310.6,10894.6,3
20241207,2,15.39,15320.6,10894.6,3
20241207,2,15.70,15320.6,10894.6,3
20241207,2,16.01,15320.6,10892.6,3
20241207,2,16.06,15420.6,10837.3,3
20241207,2,16.40,15420.6,10837.3,3
20241207,2,16.51,15420.6,10837.2,3
20241207,2,16.52,15420.6,10837.1,3
20241207,2,17.01,15423.9,10836.8,3
20241207,2,17.17,15523.9,10831.1,3
20241207,2,17.20,15523.9,10831.1,3
20241207,2,17.46,15523.9,10830.6,3
20241207,2,18.00,15523.9,10829.7,3
20241207,2,18.13,15623.9,10829.2,3
20241207,2,19.42,15863.9,10829.2,3
20241207,2,20.00,15863.9,10829.2,3
20241207,2,20.70,15863.9,10779.6,3
20241207,2,20.77,15863.9,10761.6,3
20241207,2,21.51,15863.9,10760.8,3
20241207,2,21.52,15863.9,10760.5,3
20241207,2,22.97,15863.9,10757.4,3
20241207,2,23.89,15863.9,10756.5,3
20241207,2,24.07,15863.9,10755.7,3
20241207,2,25.48,15863.9,10751.0,3
20241207,2,26.00,15863.9,10748.8,3
20241207,2,27.00,15863.9,10748.5,3
20241207,2,27.50,15863.9,10717.2,3
20241207,2,28.87,15873.5,10714.4,3
20241207,2,28.88,15873.5,10714.4,3
20241207,2,29.90,15873.5,10673.4,3
20241207,2,30.00,15873.5,10672.8,3
20241207,2,31.79,15873.5,10645.3,3
20241207,2,35.00,15873.5,10643.1,3
20241207,2,36.00,15873.5,10634.8,3
20241207,2,36.79,15873.5,10609.8,3
20241207,2,39.69,16346.5,10598.7,3
20241207,2,40.00,16346.5,10598.7,3
20241207,2,43.47,16346.5,10565.8,3
20241207,2,45.00,16346.5,10564.2,3
20241207,2,45.01,16346.5,9881.5,3
20241207,2,46.00,16346.5,9709.2,3
20241207,2,50.00,16346.5,9684.2,3
20241207,2,55.00,16346.5,9621.9,3
20241207,2,60.00,16346.5,9585.3,3
20241207,2,61.00,16346.5,9547.7,3
20241207,2,77.80,16346.5,9528.6,3
20241207,2,79.90,16346.5,9482.8,3
20241207,2,80.00,16346.5,9482.4,3
20241207,2,80.01,16346.5,9087.6,3
20241207,2,80.10,16346.5,9068.3,3
20241207,2,80.21,16496.4,9068.2,3
20241207,2,82.01,16496.4,9068.2,3
20241207,2,85.00,16496.4,9027.3,3
20241207,2,90.00,16496.4,9026.4,3
20241207,2,95.65,16496.4,9025.4,3
20241207,2,99.00,16496.4,9023.8,3
20241207,2,99.90,16496.4,9023.6,3
20241207,2,100.00,16685.2,9022.4,3
20241207,2,100.01,16693.3,8952.7,3
20241207,2,101.00,16693.3,8952.7,3
20241207,2,108.57,16693.3,8796.4,3
20241207,2,120.10,16693.3,8794.7,3
20241207,2,121.49,16693.3,8790.5,3
20241207,2,134.41,16693.3,8788.9,3
20241207,2,138.00,16693.3,8787.2,3
20241207,2,150.00,16693.3,8669.6,3
20241207,2,190.00,16693.3,8631.9,3
20241207,2,200.00,16693.3,8631.8,3
20241207,2,200.01,16693.3,7896.1,3
20241207,2,200.10,16693.3,6777.9,3
20241207,2,200.50,16693.3,6775.0,3
20241207,2,201.00,16693.3,6774.8,3
20241207,2,210.00,16693.3,6770.3,3
20241207,2,250.00,16693.3,6256.1,3
20241207,2,299.99,16693.6,6249.9,3
20241207,2,300.00,16693.6,6249.9,3
20241207,2,550.02,16693.6,6241.9,3
20241207,2,999.00,16693.6,6171.1,3
20241207,2,999.99,16693.6,0.0,3
20241207,3,0.00,0.0,8236.9,0
20241207,3,0.00,2823.2,8236.9,0
20241207,3,0.01,6944.8,8236.9,0
20241207,3,0.02,6985.3,8233.7,0
20241207,3,0.03,6990.7,8233.3,0
20241207,3,0.08,6996.2,8233.3,0
20241207,3,0.10,6996.2,8233.3,0
20241207,3,0.98,6998.2,8213.3,0
20241207,3,1.00,7091.8,8213.3,0
20241207,3,1.01,7092.0,8206.7,0
20241207,3,1.88,7094.0,8203.5,0
20241207,3,2.01,7094.0,8203.5,0
20241207,3,2.67,7096.3,7903.5,0
20241207,3,2.78,7098.3,7903.5,0
20241207,3,3.00,7099.3,7903.5,0
20241207,3,3.01,7099.6,7823.5,0
20241207,3,3.68,7101.6,7723.5,0
20241207,3,4.00,7101.6,7723.5,0
20241207,3,4.58,7103.6,7723.4,0
20241207,3,5.00,7187.9,7723.4,0
20241207,3,5.01,7187.9,7666.0,0
20241207,3,5.33,7190.2,7433.0,0
20241207,3,5.48,7192.2,7433.0,0
20241207,3,5.90,7192.2,7433.0,0
20241207,3,6.00,7212.7,7416.6,0
20241207,3,6.26,7212.7,7416.6,0
20241207,3,6.38,7214.7,7410.6,0
20241207,3,6.50,7214.7,7410.6,0
20241207,3,6.60,7215.3,7409.6,0
20241207,3,7.00,7219.3,7409.6,0
20241207,3,7.28,7221.3,7409.6,0
20241207,3,7.50,7226.3,7409.6,0
20241207,3,8.00,7228.6,7409.6,0
20241207,3,8.01,7229.1,7397.4,0
20241207,3,8.18,7231.1,7397.4,0
20241207,3,8.85,7231.1,7397.4,0
20241207,3,8.98,7231.1,7240.4,0
20241207,3,9.01,7231.1,7240.2,0
20241207,3,9.08,7233.1,7233.8,0
20241207,3,9.73,7233.1,7233.8,0
20241207,3,9.98,7235.1,7188.8,0
20241207,3,9.99,7235.1,7188.8,0
20241207,3,10.00,7237.5,7158.8,0
20241207,3,10.13,7237.5,7158.8,0
20241207,3,10.26,7237.5,7054.8,0
20241207,3,10.66,7240.1,6772.8,0
20241207,3,10.81,7240.1,6772.8,0
20241207,3,10.88,7242.1,6707.8,0
20241207,3,10.91,7242.1,6707.8,0
20241207,3,11.59,7242.1,6477.8,0
20241207,3,11.78,7244.1,6465.9,0
20241207,3,12.00,7318.1,6465.9,0
20241207,3,12.05,7318.1,6465.9,0
20241207,3,12.13,7318.1,6465.5,0
20241207,3,12.17,7318.1,6446.1,0
20241207,3,12.50,7318.1,6427.1,0
20241207,3,13.00,7318.1,6407.1,0
20241207,3,13.01,7318.1,6407.0,0
20241207,3,13.12,7318.1,6400.7,0
20241207,3,13.34,7318.1,6235.7,0
20241207,3,13.51,7540.1,6205.7,0
20241207,3,13.58,7540.1,6205.7,0
20241207,3,13.99,7819.1,6205.5,0
20241207,3,14.00,7824.1,6205.5,0
20241207,3,14.01,7824.6,6205.4,0
20241207,3,14.23,7923.6,6205.4,0
20241207,3,14.48,7923.6,6205.4,0
20241207,3,14.54,7925.3,6203.4,0
20241207,3,15.00,7925.3,6203.4,0
20241207,3,15.38,7925.3,6198.8,0
20241207,3,15.90,7925.3,6197.6,0
20241207,3,16.00,7925.3,6197.4,0
20241207,3,16.28,7925.3,6147.3,0
20241207,3,16.59,7925.3,6147.1,0
20241207,3,17.00,7930.3,6144.4,0
20241207,3,17.43,7930.3,6119.2,0
20241207,3,17.73,7930.3,6119.0,0
20241207,3,18.01,7930.6,6097.0,0
20241207,3,18.28,7930.6,6097.0,0
20241207,3,18.43,7930.8,6093.3,0
20241207,3,18.50,7930.8,6093.3,0
20241207,3,19.36,7930.8,6093.0,0
20241207,3,20.00,7930.8,6011.0,0
20241207,3,20.12,7930.8,6004.6,0
20241207,3,20.21,7937.8,6001.1,0
20241207,3,22.23,7937.8,6001.1,0
20241207,3,22.95,7937.8,5992.7,0
20241207,3,24.04,7937.8,5991.9,0
20241207,3,25.00,7937.8,5988.3,0
20241207,3,28.10,7937.8,5982.4,0
20241207,3,29.90,7937.8,5913.0,0
20241207,3,30.00,7937.8,5912.2,0
20241207,3,31.50,7937.8,5869.5,0
20241207,3,34.00,7937.8,5869.3,0
20241207,3,35.00,7937.8,5859.3,0
20241207,3,37.50,7937.8,5859.0,0
20241207,3,40.00,7937.8,5852.7,0
20241207,3,45.00,7937.8,5839.4,0
20241207,3,45.01,7937.8,5836.3,0
20241207,3,48.32,7937.8,5832.1,0
20241207,3,50.00,7937.8,5806.4,0
20241207,3,50.01,7937.8,5738.4,0
20241207,3,55.00,7937.8,5736.8,0
20241207,3,60.00,7937.8,5715.7,0
20241207,3,62.35,7937.8,5698.2,0
20241207,3,77.80,7937.8,5685.9,0
20241207,3,79.90,7937.8,5643.3,0
20241207,3,80.00,7937.8,5642.8,0
20241207,3,80.01,7937.8,5545.7,0
20241207,3,81.00,7937.8,5532.4,0
20241207,3,82.01,7937.8,5532.2,0
20241207,3,85.00,7937.8,5518.2,0
20241207,3,90.00,7937.8,5516.6,0
20241207,3,99.90,7937.8,5514.9,0
20241207,3,100.00,7937.8,5508.3,0
20241207,3,100.01,7950.2,5454.5,0
20241207,3,101.00,7950.2,5454.5,0
20241207,3,138.00,7950.2,5449.0,0
20241207,3,150.00,7950.2,5431.9,0
20241207,3,200.00,7950.2,5419.1,0
20241207,3,200.01,7950.2,5041.6,0
20241207,3,201.00,7950.2,4910.9,0
20241207,3,210.00,7950.2,4910.6,0
20241207,3,300.00,7950.2,4845.4,0
20241207,3,500.00,7950.2,4840.4,0
20241207,3,900.00,7950.2,4830.4,0
20241207,3,999.00,7950.2,4824.4,0
20241207,3,999.99,7950.2,0.0,0
20241207,3,0.00,0.0,15409.1,3
20241207,3,0.00,4655.1,15409.1,3
20241207,3,0.01,11907.8,15409.1,3
20241207,3,0.02,12052.4,15407.1,3
20241207,3,0.03,12052.4,15397.1,3
20241207,3,0.04,12052.6,15396.5,3
20241207,3,0.93,12053.2,15396.5,3
20241207,3,1.00,12105.4,15396.5,3
20241207,3,1.01,12108.4,15317.5,3
20241207,3,1.84,12108.9,15315.5,3
20241207,3,2.00,12147.4,15315.5,3
20241207,3,2.01,12147.4,15307.5,3
20241207,3,2.21,12154.6,15007.5,3
20241207,3,2.76,12155.1,15007.5,3
20241207,3,3.00,12181.3,15007.5,3
20241207,3,3.01,12181.3,14679.4,3
20241207,3,3.67,12181.9,14579.4,3
20241207,3,4.00,12181.9,14579.4,3
20241207,3,4.27,12240.3,14578.4,3
20241207,3,4.41,12247.5,14578.4,3
20241207,3,4.59,12248.0,14578.4,3
20241207,3,5.00,12287.4,14578.4,3
20241207,3,5.01,12288.0,14422.3,3
20241207,3,5.05,12288.1,14211.0,3
20241207,3,5.51,12288.2,14211.0,3
20241207,3,5.96,12288.3,14211.0,3
20241207,3,6.00,12342.0,14211.0,3
20241207,3,6.01,12352.0,14201.0,3
20241207,3,6.10,12365.7,14201.0,3
20241207,3,6.19,12365.7,14201.0,3
20241207,3,6.37,12366.7,14001.0,3
20241207,3,6.42,12366.8,14001.0,3
20241207,3,6.50,12368.9,14001.0,3
20241207,3,6.61,12376.1,14001.0,3
20241207,3,6.88,12376.2,14001.0,3
20241207,3,7.00,12376.2,14001.0,3
20241207,3,7.27,12377.2,13979.7,3
20241207,3,7.51,12377.2,13979.7,3
20241207,3,7.70,12377.2,13679.7,3
20241207,3,7.77,12377.2,13679.6,3
20241207,3,7.80,12377.2,13649.6,3
20241207,3,7.99,12377.2,13577.8,3
20241207,3,8.00,12377.2,13576.0,3
20241207,3,8.01,12378.0,13441.6,3
20241207,3,8.04,12378.0,13441.6,3
20241207,3,8.17,12379.2,13341.6,3
20241207,3,8.25,12379.2,13341.6,3
20241207,3,8.30,12379.2,13311.6,3
20241207,3,8.50,12382.2,13296.6,3
20241207,3,8.64,12382.2,13292.4,3
20241207,3,8.74,12382.2,13289.4,3
20241207,3,8.79,12382.2,13259.4,3
20241207,3,8.81,12389.5,13244.4,3
20241207,3,8.89,12389.5,13244.4,3
20241207,3,8.93,12389.5,13195.4,3
20241207,3,8.95,12390.1,13165.4,3
20241207,3,8.96,12390.1,13165.4,3
20241207,3,8.99,12390.1,13135.4,3
20241207,3,9.00,12390.1,13075.4,3
20241207,3,9.01,12393.9,13044.2,3
20241207,3,9.04,12393.9,13043.5,3
20241207,3,9.06,12403.3,13013.5,3
20241207,3,9.07,12406.4,13013.5,3
20241207,3,9.08,12406.4,12983.5,3
20241207,3,9.10,12406.4,12958.5,3
20241207,3,9.13,12406.4,12928.5,3
20241207,3,9.18,12406.4,12868.5,3
20241207,3,9.20,12406.4,12838.5,3
20241207,3,9.21,12406.4,12823.5,3
20241207,3,9.23,12406.4,12793.5,3
20241207,3,9.24,12406.4,12763.5,3
20241207,3,9.28,12406.4,12733.5,3
20241207,3,9.30,12412.4,12703.5,3
20241207,3,9.65,12564.4,12703.5,3
20241207,3,9.74,12564.4,12703.5,3
20241207,3,9.90,12564.4,12688.5,3
20241207,3,9.97,12564.4,12688.3,3
20241207,3,10.00,12566.7,12688.1,3
20241207,3,10.01,12569.8,12642.2,3
20241207,3,10.10,12569.8,12638.8,3
20241207,3,10.14,12569.8,12638.4,3
20241207,3,10.15,12569.8,12582.4,3
20241207,3,10.25,12569.8,12482.4,3
20241207,3,10.28,12569.8,12479.0,3
20241207,3,10.30,12618.3,12454.0,3
20241207,3,10.36,12618.3,12453.8,3
20241207,3,10.44,12618.3,12442.4,3
20241207,3,10.50,12634.1,12295.4,3
20241207,3,10.51,12634.3,12273.9,3
20241207,3,10.58,12634.3,12273.9,3
20241207,3,10.66,12635.1,12273.7,3
20241207,3,10.68,12635.1,12273.7,3
20241207,3,10.70,12635.1,12270.8,3
20241207,3,10.71,12655.2,12230.9,3
20241207,3,10.79,12655.2,12230.9,3
20241207,3,10.80,12655.2,12083.9,3
20241207,3,10.82,12685.2,11936.9,3
20241207,3,10.83,12715.2,11936.9,3
20241207,3,10.86,12731.3,11936.9,3
20241207,3,10.87,12731.3,11936.9,3
20241207,3,10.93,12731.3,11936.4,3
20241207,3,11.00,12731.3,11834.4,3
20241207,3,11.01,12735.5,11766.0,3
20241207,3,11.04,12735.5,11764.6,3
20241207,3,11.08,12735.5,11617.6,3
20241207,3,11.13,12755.5,11513.6,3
20241207,3,11.24,12755.5,11513.6,3
20241207,3,11.32,14215.5,11513.4,3
20241207,3,11.33,14224.9,11513.4,3
20241207,3,11.34,14224.9,11513.4,3
20241207,3,11.36,14260.9,11512.3,3
20241207,3,11.41,14261.0,11512.3,3
20241207,3,11.50,14261.0,11512.3,3
20241207,3,11.54,14261.0,11339.3,3
20241207,3,11.57,14313.0,11216.3,3
20241207,3,11.65,14313.0,11216.3,3
20241207,3,11.68,14313.0,11093.3,3
20241207,3,11.70,14314.6,11092.3,3
20241207,3,11.72,14334.6,11092.3,3
20241207,3,11.77,14334.6,11092.3,3
20241207,3,11.84,14364.6,11088.1,3
20241207,3,11.87,14364.6,11088.1,3
20241207,3,11.90,14387.6,10965.1,3
20241207,3,12.00,14388.1,10964.9,3
20241207,3,12.01,14388.1,10951.2,3
20241207,3,12.02,14388.1,10948.6,3
20241207,3,12.03,14537.0,10828.6,3
20241207,3,12.38,14538.2,10828.6,3
20241207,3,12.44,14558.2,10828.6,3
20241207,3,12.50,14558.2,10828.6,3
20241207,3,12.56,14558.2,10795.7,3
20241207,3,12.67,14558.2,10795.5,3
20241207,3,12.71,14567.4,10792.7,3
20241207,3,12.81,14567.4,10792.7,3
20241207,3,13.00,14567.4,10641.7,3
20241207,3,13.01,14569.4,10636.3,3
20241207,3,13.13,14579.4,10633.6,3
20241207,3,13.21,14579.4,10633.6,3
20241207,3,13.23,14579.4,10577.9,3
20241207,3,13.50,14579.4,10577.0,3
20241207,3,13.57,14579.4,10557.0,3
20241207,3,13.85,14579.4,10555.4,3
20241207,3,14.00,14579.4,10554.6,3
20241207,3,14.01,14585.6,10483.5,3
20241207,3,14.26,14595.6,10482.7,3
20241207,3,14.29,14595.6,10482.7,3
20241207,3,14.30,14595.6,10472.8,3
20241207,3,14.41,14595.6,10372.8,3
20241207,3,14.45,14595.6,10363.0,3
20241207,3,14.47,14595.6,10347.5,3
20241207,3,14.88,14607.6,10346.9,3
20241207,3,14.89,14607.6,10346.9,3
20241207,3,14.93,14624.6,10295.4,3
20241207,3,14.98,14643.6,10295.4,3
20241207,3,15.00,14643.6,10295.4,3
20241207,3,15.01,14644.6,10293.1,3
20241207,3,15.03,14667.6,10293.1,3
20241207,3,15.12,14667.6,10293.1,3
20241207,3,15.22,14772.6,10286.6,3
20241207,3,15.39,14782.6,10286.6,3
20241207,3,15.41,14782.6,10286.6,3
20241207,3,15.70,14782.6,10284.7,3
20241207,3,16.06,14882.6,10284.6,3
20241207,3,16.12,14882.6,10284.6,3
20241207,3,16.13,14882.6,10284.5,3
20241207,3,16.40,14882.6,10284.2,3
20241207,3,16.91,14882.6,10284.1,3
20241207,3,17.01,14885.8,10283.2,3
20241207,3,17.17,14985.8,10277.7,3
20241207,3,17.20,14985.8,10277.7,3
20241207,3,18.00,14985.8,10277.2,3
20241207,3,18.13,15085.8,10276.7,3
20241207,3,19.42,15325.8,10276.7,3
20241207,3,19.98,15325.8,10276.7,3
20241207,3,20.00,15325.8,10275.9,3
20241207,3,20.41,15325.8,10227.8,3
20241207,3,21.12,15325.8,10209.8,3
20241207,3,21.13,15325.8,10209.5,3
20241207,3,22.02,15325.8,10206.7,3
20241207,3,22.87,15325.8,10205.8,3
20241207,3,23.04,15325.8,10205.0,3
20241207,3,26.00,15325.8,10201.1,3
20241207,3,26.46,15325.8,10200.9,3
20241207,3,27.00,15325.8,10198.9,3
20241207,3,27.50,15325.8,10169.2,3
20241207,3,28.10,15325.8,10166.9,3
20241207,3,28.87,15335.4,10129.8,3
20241207,3,29.90,15335.4,10129.8,3
20241207,3,30.00,15335.4,10129.3,3
20241207,3,31.79,15335.4,10103.9,3
20241207,3,35.00,15335.4,10101.8,3
20241207,3,36.00,15335.4,10095.3,3
20241207,3,36.79,15335.4,10070.3,3
20241207,3,39.69,15693.4,10059.2,3
20241207,3,40.00,15693.4,10059.2,3
20241207,3,43.34,15693.4,10028.2,3
20241207,3,45.00,15693.4,10026.6,3
20241207,3,45.01,15693.4,9348.0,3
20241207,3,46.00,15693.4,9245.0,3
20241207,3,50.00,15693.4,9220.0,3
20241207,3,55.00,15693.4,9159.2,3
20241207,3,60.00,15693.4,9122.8,3
20241207,3,60.83,15693.4,9086.7,3
20241207,3,77.80,15693.4,9067.7,3
20241207,3,79.90,15693.4,9027.1,3
20241207,3,80.00,15693.4,9026.7,3
20241207,3,80.01,15693.4,8651.7,3
20241207,3,80.10,15693.4,8633.8,3
20241207,3,80.21,15843.3,8633.7,3
20241207,3,82.01,15843.3,8633.7,3
20241207,3,85.00,15843.3,8594.7,3
20241207,3,90.00,15843.3,8593.9,3
20241207,3,95.56,15843.3,8593.0,3
20241207,3,99.00,15843.3,8591.4,3
20241207,3,99.90,15843.3,8591.2,3
20241207,3,100.00,16032.1,8590.1,3
20241207,3,100.01,16040.2,8521.9,3
20241207,3,101.00,16040.2,8521.9,3
20241207,3,108.48,16040.2,8365.6,3
20241207,3,120.10,16040.2,8363.9,3
20241207,3,121.40,16040.2,8359.8,3
20241207,3,134.32,16040.2,8358.2,3
20241207,3,138.00,16040.2,8356.5,3
20241207,3,150.00,16040.2,8239.3,3
20241207,3,190.00,16040.2,8203.1,3
20241207,3,200.00,16040.2,8203.0,3
20241207,3,200.01,16040.2,7489.0,3
20241207,3,200.10,16040.2,6381.7,3
20241207,3,200.50,16040.2,6378.8,3
20241207,3,201.00,16040.2,6378.6,3
20241207,3,210.00,16040.2,6374.2,3
20241207,3,250.00,16040.2,6256.3,3
20241207,3,299.99,16040.5,6250.2,3
20241207,3,300.00,16040.5,6250.2,3
20241207,3,550.02,16040.5,6242.2,3
20241207,3,999.00,16040.5,6171.4,3
20241207,3,999.99,16040.5,0.0,3
20241207,4,0.00,0.0,8226.3,0
20241207,4,0.00,2836.5,8226.3,0
20241207,4,0.01,6960.9,8226.3,0
20241207,4,0.02,7002.6,8223.1,0
20241207,4,0.03,7007.9,8222.7,0
20241207,4,0.10,7007.9,8222.7,0
20241207,4,1.00,7101.2,8202.7,0
20241207,4,1.01,7101.4,8194.7,0
20241207,4,2.01,7101.4,8191.6,0
20241207,4,2.67,7103.7,7891.6,0
20241207,4,3.00,7104.7,7891.6,0
20241207,4,3.01,7105.2,7811.6,0
20241207,4,4.00,7105.2,7711.6,0
20241207,4,5.00,7190.1,7711.5,0
20241207,4,5.01,7190.1,7654.6,0
20241207,4,5.32,7192.4,7423.3,0
20241207,4,5.90,7192.4,7423.3,0
20241207,4,6.00,7212.9,7407.0,0
20241207,4,6.26,7212.9,7407.0,0
20241207,4,6.50,7212.9,7401.0,0
20241207,4,6.60,7213.5,7400.0,0
20241207,4,7.00,7217.5,7400.0,0
20241207,4,7.45,7239.7,7400.0,0
20241207,4,7.50,7244.7,7400.0,0
20241207,4,7.98,7247.0,7400.0,0
20241207,4,8.00,7247.0,7400.0,0
20241207,4,8.01,7247.5,7383.2,0
20241207,4,8.20,7249.5,7383.2,0
20241207,4,8.85,7249.5,7383.2,0
20241207,4,8.95,7251.5,7226.2,0
20241207,4,9.01,7251.5,7226.2,0
20241207,4,9.70,7253.5,7219.8,0
20241207,4,9.73,7253.5,7219.8,0
20241207,4,9.99,7253.5,7174.8,0
20241207,4,10.00,7255.9,7144.8,0
20241207,4,10.45,7257.9,7144.8,0
20241207,4,10.63,7261.5,7144.8,0
20241207,4,10.66,7261.5,7144.8,0
20241207,4,11.20,7263.5,6886.8,0
20241207,4,11.25,7263.5,6886.8,0
20241207,4,11.40,7263.5,6821.8,0
20241207,4,11.57,7263.5,6591.8,0
20241207,4,11.95,7265.5,6580.5,0
20241207,4,12.00,7339.5,6580.5,0
20241207,4,12.13,7339.5,6580.5,0
20241207,4,12.25,7339.5,6561.1,0
20241207,4,12.32,7339.5,6560.7,0
20241207,4,12.50,7339.5,6413.7,0
20241207,4,13.00,7339.5,6393.7,0
20241207,4,13.01,7339.5,6393.6,0
20241207,4,13.03,7339.5,6387.3,0
20241207,4,13.12,7339.5,6387.1,0
20241207,4,13.34,7339.5,6222.1,0
20241207,4,13.45,7339.5,6192.1,0
20241207,4,13.67,7433.5,6191.9,0
20241207,4,14.00,7438.5,6191.9,0
20241207,4,14.01,7439.0,6191.8,0
20241207,4,14.20,7718.0,6191.8,0
20241207,4,14.31,7719.7,6189.8,0
20241207,4,14.66,7946.7,6189.8,0
20241207,4,14.95,7946.7,6189.8,0
20241207,4,15.00,7946.7,6188.7,0
20241207,4,15.70,7946.7,6186.1,0
20241207,4,15.90,7946.7,6186.0,0
20241207,4,16.00,7946.7,6185.8,0
20241207,4,16.59,7946.7,6137.1,0
20241207,4,17.00,7951.7,6134.6,0
20241207,4,17.41,7951.9,6107.5,0
20241207,4,17.43,7951.9,6107.5,0
20241207,4,17.73,7951.9,6107.3,0
20241207,4,18.01,7952.2,6085.3,0
20241207,4,18.18,7952.2,6085.3,0
20241207,4,18.30,7952.2,6084.1,0
20241207,4,18.50,7952.2,6083.3,0
20241207,4,19.40,7952.2,6082.9,0
20241207,4,20.00,7952.2,6000.9,0
20241207,4,20.12,7952.2,5994.7,0
20241207,4,20.23,7956.2,5991.4,0
20241207,4,21.00,7956.2,5991.4,0
20241207,4,22.97,7956.2,5991.3,0
20241207,4,24.04,7956.2,5983.1,0
20241207,4,25.00,7956.2,5979.2,0
20241207,4,27.01,7956.2,5973.4,0
20241207,4,29.90,7956.2,5906.0,0
20241207,4,30.00,7956.2,5905.3,0
20241207,4,34.00,7956.2,5864.3,0
20241207,4,35.00,7956.2,5854.5,0
20241207,4,37.50,7956.2,5854.1,0
20241207,4,40.00,7956.2,5847.9,0
20241207,4,45.00,7956.2,5835.2,0
20241207,4,45.01,7956.2,5832.0,0
20241207,4,48.32,7956.2,5827.8,0
20241207,4,50.00,7956.2,5802.1,0
20241207,4,50.01,7956.2,5735.1,0
20241207,4,55.00,7956.2,5733.6,0
20241207,4,60.00,7956.2,5712.7,0
20241207,4,62.39,7956.2,5695.7,0
20241207,4,77.80,7956.2,5683.6,0
20241207,4,79.90,7956.2,5642.4,0
20241207,4,80.00,7956.2,5641.9,0
20241207,4,80.01,7956.2,5537.9,0
20241207,4,81.00,7956.2,5524.7,0
20241207,4,82.01,7956.2,5524.5,0
20241207,4,85.00,7956.2,5510.8,0
20241207,4,90.00,7956.2,5509.2,0
20241207,4,99.90,7956.2,5507.5,0
20241207,4,100.00,7956.2,5500.7,0
20241207,4,100.01,7968.8,5449.0,0
20241207,4,101.00,7968.8,5449.0,0
20241207,4,138.00,7968.8,5443.5,0
20241207,4,150.00,7968.8,5426.8,0
20241207,4,200.00,7968.8,5414.4,0
20241207,4,200.01,7968.8,5043.0,0
20241207,4,201.00,7968.8,4913.1,0
20241207,4,210.00,7968.8,4912.8,0
20241207,4,300.00,7968.8,4847.9,0
20241207,4,500.00,7968.8,4842.9,0
20241207,4,900.00,7968.8,4832.9,0
20241207,4,999.00,7968.8,4826.9,0
20241207,4,999.99,7968.8,0.0,0
20241207,4,0.00,0.0,15644.1,3
20241207,4,0.00,5013.5,15644.1,3
20241207,4,0.01,12291.7,15644.1,3
20241207,4,0.02,12441.9,15642.2,3
20241207,4,0.03,12441.9,15632.2,3
20241207,4,0.04,12442.1,15631.6,3
20241207,4,0.93,12442.7,15631.6,3
20241207,4,1.00,12493.3,15631.6,3
20241207,4,1.01,12496.3,15552.4,3
20241207,4,1.86,12496.8,15550.4,3
20241207,4,2.00,12535.3,15550.4,3
20241207,4,2.01,12535.3,15542.4,3
20241207,4,2.11,12542.5,15242.4,3
20241207,4,2.78,12543.0,15242.4,3
20241207,4,3.00,12569.0,15242.4,3
20241207,4,3.01,12569.0,14915.7,3
20241207,4,3.71,12569.6,14815.7,3
20241207,4,4.00,12569.6,14815.7,3
20241207,4,4.21,12576.8,14814.7,3
20241207,4,4.27,12635.2,14814.7,3
20241207,4,4.63,12635.7,14814.7,3
20241207,4,5.00,12675.4,14814.7,3
20241207,4,5.01,12676.0,14662.1,3
20241207,4,5.09,12676.1,14451.0,3
20241207,4,5.55,12676.2,14451.0,3
20241207,4,6.00,12730.4,14451.0,3
20241207,4,6.01,12740.4,14441.0,3
20241207,4,6.02,12740.5,14441.0,3
20241207,4,6.10,12755.1,14441.0,3
20241207,4,6.19,12755.1,14441.0,3
20241207,4,6.30,12762.3,14241.0,3
20241207,4,6.48,12762.4,14241.0,3
20241207,4,6.50,12764.5,14241.0,3
20241207,4,6.94,12764.6,14241.0,3
20241207,4,6.96,12764.6,14241.0,3
20241207,4,6.99,12765.6,14240.9,3
20241207,4,7.00,12765.6,14240.9,3
20241207,4,7.50,12765.6,14219.7,3
20241207,4,7.51,12765.6,14216.6,3
20241207,4,7.74,12766.6,13916.6,3
20241207,4,7.80,12766.6,13886.6,3
20241207,4,8.00,12766.6,13814.4,3
20241207,4,8.01,12767.5,13680.4,3
20241207,4,8.04,12767.5,13680.4,3
20241207,4,8.10,12767.5,13580.4,3
20241207,4,8.20,12767.5,13580.3,3
20241207,4,8.23,12767.5,13565.3,3
20241207,4,8.30,12767.5,13535.3,3
20241207,4,8.40,12774.8,13533.5,3
20241207,4,8.49,12776.0,13533.5,3
20241207,4,8.50,12776.0,13533.5,3
20241207,4,8.52,12779.0,13529.3,3
20241207,4,8.64,12779.0,13529.3,3
20241207,4,8.68,12779.0,13526.4,3
20241207,4,8.71,12779.0,13511.4,3
20241207,4,8.89,12779.0,13481.4,3
20241207,4,8.93,12779.0,13432.4,3
20241207,4,8.95,12779.7,13402.4,3
20241207,4,8.96,12779.7,13402.4,3
20241207,4,8.97,12779.7,13372.4,3
20241207,4,8.99,12779.7,13347.4,3
20241207,4,9.00,12779.7,13287.4,3
20241207,4,9.01,12783.2,13256.1,3
20241207,4,9.04,12783.2,13255.5,3
20241207,4,9.07,12783.2,13225.5,3
20241207,4,9.09,12792.6,13195.5,3
20241207,4,9.10,12792.6,13195.5,3
20241207,4,9.13,12792.6,13165.5,3
20241207,4,9.16,12792.6,13105.5,3
20241207,4,9.18,12792.6,13075.5,3
20241207,4,9.19,12792.6,13030.5,3
20241207,4,9.21,12792.6,13000.5,3
20241207,4,9.24,12795.9,12970.5,3
20241207,4,9.45,12801.9,12940.5,3
20241207,4,9.50,12801.9,12940.5,3
20241207,4,9.51,12802.1,12939.8,3
20241207,4,9.59,12900.1,12939.8,3
20241207,4,9.70,12900.1,12939.8,3
20241207,4,9.72,12900.1,12939.7,3
20241207,4,10.00,12902.7,12924.7,3
20241207,4,10.01,12905.6,12879.4,3
20241207,4,10.03,12905.6,12876.0,3
20241207,4,10.10,12905.6,12875.8,3
20241207,4,10.14,12905.6,12875.7,3
20241207,4,10.15,12905.6,12819.7,3
20241207,4,10.25,12905.6,12719.7,3
20241207,4,10.26,12905.6,12716.5,3
20241207,4,10.30,12954.1,12691.5,3
20241207,4,10.44,12954.1,12691.3,3
20241207,4,10.50,12977.1,12543.3,3
20241207,4,10.51,12977.4,12521.8,3
20241207,4,10.53,12978.8,12521.8,3
20241207,4,10.55,12980.2,12521.8,3
20241207,4,10.56,12980.2,12521.8,3
20241207,4,10.58,12981.7,12511.0,3
20241207,4,10.60,12983.2,12511.0,3
20241207,4,10.63,12984.5,12510.8,3
20241207,4,10.64,12985.3,12509.8,3
20241207,4,10.67,12985.3,12509.8,3
20241207,4,10.68,12985.3,12508.7,3
20241207,4,10.70,12985.3,12505.8,3
20241207,4,10.71,13005.4,12465.7,3
20241207,4,10.74,13005.4,12464.7,3
20241207,4,10.75,13005.4,12464.2,3
20241207,4,10.79,13005.4,12461.6,3
20241207,4,10.80,13035.4,12314.6,3
20241207,4,10.81,13065.4,12167.6,3
20241207,4,10.86,13080.4,12167.6,3
20241207,4,10.93,13080.4,12167.6,3
20241207,4,10.99,13100.4,12065.6,3
20241207,4,11.00,13100.4,12065.6,3
20241207,4,11.01,13104.5,11997.3,3
20241207,4,11.04,13104.5,11996.9,3
20241207,4,11.08,13104.5,11848.9,3
20241207,4,11.11,13104.5,11744.9,3
20241207,4,11.16,13104.6,11744.7,3
20241207,4,11.30,13105.1,11744.7,3
20241207,4,11.32,14465.1,11744.7,3
20241207,4,11.34,14495.1,11744.7,3
20241207,4,11.36,14504.5,11744.7,3
20241207,4,11.49,14504.5,11744.7,3
20241207,4,11.50,14504.5,11740.5,3
20241207,4,11.52,14504.5,11567.5,3
20241207,4,11.54,14504.5,11567.3,3
20241207,4,11.55,14510.5,11444.3,3
20241207,4,11.57,14582.5,11444.3,3
20241207,4,11.65,14582.5,11444.3,3
20241207,4,11.70,14584.1,11321.3,3
20241207,4,11.84,14614.1,11321.3,3
20241207,4,11.87,14614.1,11321.3,3
20241207,4,11.88,14634.1,11198.3,3
20241207,4,11.93,14637.1,11198.3,3
20241207,4,12.00,14637.1,11197.4,3
20241207,4,12.02,14637.1,11183.7,3
20241207,4,12.03,14786.0,11063.7,3
20241207,4,12.24,14786.0,11063.7,3
20241207,4,12.38,14787.2,11061.0,3
20241207,4,12.43,14807.2,11061.0,3
20241207,4,12.50,14807.2,11061.0,3
20241207,4,12.68,14816.4,11029.8,3
20241207,4,12.79,14816.4,11029.8,3
20241207,4,12.99,14816.4,11029.0,3
20241207,4,13.00,14816.4,11027.4,3
20241207,4,13.01,14818.3,11022.0,3
20241207,4,13.13,14828.3,11019.4,3
20241207,4,13.20,14828.3,11019.4,3
20241207,4,13.21,14828.3,10979.1,3
20241207,4,13.50,14828.3,10879.1,3
20241207,4,13.74,14828.3,10859.1,3
20241207,4,14.00,14828.3,10858.7,3
20241207,4,14.01,14834.4,10789.1,3
20241207,4,14.26,14844.4,10788.4,3
20241207,4,14.29,14844.4,10788.4,3
20241207,4,14.30,14844.4,10778.5,3
20241207,4,14.40,14846.4,10678.5,3
20241207,4,14.41,14846.4,10678.5,3
20241207,4,14.45,14846.4,10669.1,3
20241207,4,14.63,14871.4,10654.5,3
20241207,4,14.66,14898.4,10654.5,3
20241207,4,14.72,14928.4,10654.5,3
20241207,4,14.88,14973.4,10654.5,3
20241207,4,14.89,14973.4,10654.5,3
20241207,4,14.93,15026.4,10605.8,3
20241207,4,14.98,15075.4,10605.8,3
20241207,4,15.00,15075.4,10605.8,3
20241207,4,15.01,15076.4,10603.5,3
20241207,4,15.03,15128.4,10603.5,3
20241207,4,15.12,15128.4,10603.5,3
20241207,4,15.39,15138.4,10598.0,3
20241207,4,15.58,15138.4,10598.0,3
20241207,4,15.70,15138.4,10596.1,3
20241207,4,16.06,15238.4,10596.0,3
20241207,4,16.08,15238.4,10596.0,3
20241207,4,16.09,15238.4,10595.9,3
20241207,4,16.19,15238.4,10595.7,3
20241207,4,16.40,15238.4,10594.8,3
20241207,4,17.01,15241.4,10594.7,3
20241207,4,17.17,15341.4,10589.2,3
20241207,4,17.20,15341.4,10589.2,3
20241207,4,18.00,15341.4,10588.7,3
20241207,4,18.13,15441.4,10588.3,3
20241207,4,19.42,15681.4,10588.3,3
20241207,4,19.59,15681.4,10588.3,3
20241207,4,20.00,15681.4,10587.5,3
20241207,4,20.58,15681.4,10541.3,3
20241207,4,21.08,15681.4,10523.5,3
20241207,4,21.09,15681.4,10523.2,3
20241207,4,21.86,15681.4,10520.5,3
20241207,4,22.80,15681.4,10519.6,3
20241207,4,22.99,15681.4,10518.8,3
20241207,4,23.86,15681.4,10516.4,3
20241207,4,26.00,15681.4,10514.6,3
20241207,4,26.18,15681.4,10514.5,3
20241207,4,27.01,15681.4,10485.8,3
20241207,4,27.50,15681.4,10451.5,3
20241207,4,28.87,15691.0,10448.8,3
20241207,4,29.90,15691.0,10448.8,3
20241207,4,30.00,15691.0,10448.4,3
20241207,4,31.79,15691.0,10424.4,3
20241207,4,35.00,15691.0,10422.3,3
20241207,4,36.00,15691.0,10414.9,3
20241207,4,36.79,15691.0,10389.9,3
20241207,4,39.69,16048.0,10378.8,3
20241207,4,40.00,16048.0,10378.8,3
20241207,4,42.29,16048.0,10349.3,3
20241207,4,45.00,16048.0,10347.7,3
20241207,4,45.01,16048.0,9672.5,3
20241207,4,46.00,16048.0,9615.4,3
20241207,4,50.00,16048.0,9591.3,3
20241207,4,55.00,16048.0,9531.7,3
20241207,4,60.00,16048.0,9495.5,3
20241207,4,60.80,16048.0,9460.9,3
20241207,4,77.80,16048.0,9442.0,3
20241207,4,79.90,16048.0,9404.3,3
20241207,4,80.00,16048.0,9404.1,3
20241207,4,80.01,16048.0,9046.7,3
20241207,4,80.10,16048.0,9029.8,3
20241207,4,80.21,16197.9,9029.7,3
20241207,4,82.01,16197.9,9029.7,3
20241207,4,85.00,16197.9,8992.2,3
20241207,4,90.00,16197.9,8991.4,3
20241207,4,94.86,16197.9,8990.5,3
20241207,4,99.00,16197.9,8988.9,3
20241207,4,99.90,16197.9,8988.7,3
20241207,4,100.00,16386.7,8987.6,3
20241207,4,100.01,16394.8,8921.1,3
20241207,4,101.00,16394.8,8921.1,3
20241207,4,107.78,16394.8,8764.8,3
20241207,4,120.10,16394.8,8763.1,3
20241207,4,120.70,16394.8,8759.1,3
20241207,4,133.62,16394.8,8757.5,3
20241207,4,138.00,16394.8,8755.8,3
20241207,4,150.00,16394.8,8638.6,3
20241207,4,190.00,16394.8,8602.7,3
20241207,4,200.00,16394.8,8602.6,3
20241207,4,200.01,16394.8,7903.6,3
20241207,4,200.10,16394.8,6801.9,3
20241207,4,200.50,16394.8,6799.0,3
20241207,4,201.00,16394.8,6798.8,3
20241207,4,210.00,16394.8,6794.5,3
20241207,4,250.00,16394.8,6283.6,3
20241207,4,299.99,16395.1,6277.4,3
20241207,4,300.00,16395.1,6277.4,3
20241207,4,550.02,16395.1,6269.4,3
20241207,4,999.00,16395.1,6198.6,3
20241207,4,999.99,16395.1,0.0,3
20241207,5,0.00,0.0,8266.0,0
20241207,5,0.00,2861.0,8266.0,0
20241207,5,0.01,6985.2,8266.0,0
20241207,5,0.02,7028.2,8262.8,0
20241207,5,0.03,7033.4,8262.4,0
20241207,5,0.10,7033.4,8262.4,0
20241207,5,1.00,7125.4,8242.4,0
20241207,5,1.01,7125.6,8234.4,0
20241207,5,2.01,7125.6,8231.3,0
20241207,5,2.67,7127.9,7931.3,0
20241207,5,3.00,7128.9,7931.3,0
20241207,5,3.01,7129.4,7851.3,0
20241207,5,4.00,7129.4,7751.3,0
20241207,5,5.00,7215.0,7751.2,0
20241207,5,5.01,7215.0,7694.5,0
20241207,5,5.32,7217.3,7463.9,0
20241207,5,5.90,7217.3,7463.9,0
20241207,5,6.00,7237.8,7447.6,0
20241207,5,6.26,7237.8,7447.6,0
20241207,5,6.50,7237.8,7441.6,0
20241207,5,6.60,7238.4,7440.6,0
20241207,5,7.00,7242.4,7440.6,0
20241207,5,7.50,7247.4,7440.6,0
20241207,5,7.53,7270.5,7440.6,0
20241207,5,7.98,7272.9,7440.6,0
20241207,5,8.00,7272.9,7440.6,0
20241207,5,8.01,7273.4,7423.6,0
20241207,5,8.28,7275.4,7423.6,0
20241207,5,8.85,7275.4,7423.6,0
20241207,5,9.01,7275.4,7266.6,0
20241207,5,9.03,7277.4,7260.2,0
20241207,5,9.73,7277.4,7260.2,0
20241207,5,9.78,7279.4,7215.2,0
20241207,5,9.99,7279.4,7215.2,0
20241207,5,10.00,7281.8,7185.2,0
20241207,5,10.25,7281.8,7185.2,0
20241207,5,10.53,7283.8,7185.0,0
20241207,5,10.63,7287.7,7185.0,0
20241207,5,11.09,7287.7,7185.0,0
20241207,5,11.28,7289.7,7030.0,0
20241207,5,11.50,7289.7,7030.0,0
20241207,5,11.57,7289.7,6965.0,0
20241207,5,11.65,7289.7,6954.1,0
20241207,5,12.00,7363.7,6724.1,0
20241207,5,12.03,7365.7,6724.1,0
20241207,5,12.13,7365.7,6724.1,0
20241207,5,12.43,7365.7,6704.7,0
20241207,5,12.50,7365.7,6454.7,0
20241207,5,12.76,7365.7,6434.7,0
20241207,5,13.00,7365.7,6434.3,0
20241207,5,13.01,7365.7,6434.2,0
20241207,5,13.12,7365.7,6427.9,0
20241207,5,13.34,7365.7,6262.9,0
20241207,5,13.53,7365.7,6232.9,0
20241207,5,14.00,7370.7,6232.7,0
20241207,5,14.01,7371.2,6232.6,0
20241207,5,14.28,7371.2,6232.6,0
20241207,5,14.38,7643.2,6230.6,0
20241207,5,14.95,7972.9,6230.6,0
20241207,5,15.00,7972.9,6230.6,0
20241207,5,15.03,7972.9,6228.1,0
20241207,5,15.50,7972.9,6227.0,0
20241207,5,15.78,7972.9,6225.0,0
20241207,5,15.90,7972.9,6224.9,0
20241207,5,16.00,7972.9,6224.7,0
20241207,5,16.59,7972.9,6176.7,0
20241207,5,17.00,7977.9,6174.3,0
20241207,5,17.43,7977.9,6149.1,0
20241207,5,17.73,7977.9,6148.9,0
20241207,5,18.01,7978.2,6126.9,0
20241207,5,18.50,7978.2,6126.9,0
20241207,5,18.82,7978.4,6126.5,0
20241207,5,19.38,7978.4,6126.5,0
20241207,5,19.93,7978.4,6044.5,0
20241207,5,20.00,7978.4,6043.8,0
20241207,5,20.12,7978.4,6037.7,0
20241207,5,20.22,7983.4,6034.5,0
20241207,5,20.78,7983.4,6034.5,0
20241207,5,21.50,7983.4,6026.3,0
20241207,5,24.04,7983.4,6026.2,0
20241207,5,25.00,7983.4,6022.4,0
20241207,5,27.47,7983.4,6016.5,0
20241207,5,29.90,7983.4,5951.1,0
20241207,5,30.00,7983.4,5950.3,0
20241207,5,34.00,7983.4,5910.8,0
20241207,5,35.00,7983.4,5901.2,0
20241207,5,37.50,7983.4,5900.8,0
20241207,5,40.00,7983.4,5894.7,0
20241207,5,45.00,7983.4,5882.3,0
20241207,5,45.01,7983.4,5879.2,0
20241207,5,48.32,7983.4,5875.0,0
20241207,5,50.00,7983.4,5849.2,0
20241207,5,50.01,7983.4,5782.1,0
20241207,5,55.00,7983.4,5780.8,0
20241207,5,60.00,7983.4,5759.9,0
20241207,5,62.35,7983.4,5743.2,0
20241207,5,77.80,7983.4,5731.1,0
20241207,5,79.90,7983.4,5690.7,0
20241207,5,80.00,7983.4,5690.2,0
20241207,5,80.01,7983.4,5588.2,0
20241207,5,81.00,7983.4,5575.2,0
20241207,5,82.01,7983.4,5575.0,0
20241207,5,85.00,7983.4,5561.6,0
20241207,5,90.00,7983.4,5560.0,0
20241207,5,99.90,7983.4,5558.2,0
20241207,5,100.00,7983.4,5551.0,0
20241207,5,100.01,7995.9,5500.0,0
20241207,5,101.00,7995.9,5500.0,0
20241207,5,138.00,7995.9,5494.5,0
20241207,5,150.00,7995.9,5478.1,0
20241207,5,200.00,7995.9,5465.9,0
20241207,5,200.01,7995.9,5097.3,0
20241207,5,201.00,7995.9,4968.2,0
20241207,5,210.00,7995.9,4967.9,0
20241207,5,300.00,7995.9,4903.6,0
20241207,5,500.00,7995.9,4898.6,0
20241207,5,900.00,7995.9,4888.6,0
20241207,5,999.00,7995.9,4882.6,0
20241207,5,999.99,7995.9,0.0,0
20241207,5,0.00,0.0,16391.3,3
20241207,5,0.00,5585.4,16391.3,3
20241207,5,0.01,12989.9,16391.3,3
20241207,5,0.02,13144.5,16389.4,3
20241207,5,0.03,13144.5,16379.4,3
20241207,5,0.04,13144.7,16378.8,3
20241207,5,0.94,13145.3,16378.8,3
20241207,5,1.00,13194.1,16378.8,3
20241207,5,1.01,13197.0,16300.0,3
20241207,5,1.86,13197.5,16298.0,3
20241207,5,2.00,13235.8,16298.0,3
20241207,5,2.01,13235.8,16290.0,3
20241207,5,2.20,13243.0,15990.0,3
20241207,5,2.79,13243.5,15990.0,3
20241207,5,3.00,13269.8,15990.0,3
20241207,5,3.01,13269.8,15664.2,3
20241207,5,3.71,13270.4,15564.2,3
20241207,5,4.00,13270.4,15564.2,3
20241207,5,4.27,13328.8,15563.2,3
20241207,5,4.39,13336.0,15563.2,3
20241207,5,4.64,13336.5,15563.2,3
20241207,5,5.00,13376.5,15563.2,3
20241207,5,5.01,13377.0,15407.6,3
20241207,5,5.10,13377.1,15196.5,3
20241207,5,5.56,13377.2,15196.5,3
20241207,5,6.00,13432.5,15196.5,3
20241207,5,6.01,13442.5,15186.5,3
20241207,5,6.03,13442.6,15186.5,3
20241207,5,6.10,13457.6,15186.5,3
20241207,5,6.19,13457.6,15186.5,3
20241207,5,6.49,13457.7,14986.5,3
20241207,5,6.50,13459.8,14986.5,3
20241207,5,6.58,13467.0,14986.5,3
20241207,5,6.95,13467.1,14986.5,3
20241207,5,7.00,13468.1,14986.5,3
20241207,5,7.38,13468.1,14965.4,3
20241207,5,7.51,13468.1,14965.3,3
20241207,5,7.75,13469.1,14665.3,3
20241207,5,7.80,13469.1,14665.3,3
20241207,5,8.00,13469.1,14593.3,3
20241207,5,8.01,13470.1,14459.5,3
20241207,5,8.04,13470.1,14459.5,3
20241207,5,8.28,13470.1,14359.5,3
20241207,5,8.50,13471.2,14329.5,3
20241207,5,8.52,13471.2,14325.2,3
20241207,5,8.67,13474.2,14310.2,3
20241207,5,8.77,13481.5,14310.2,3
20241207,5,8.80,13481.5,14310.2,3
20241207,5,8.89,13481.5,14280.2,3
20241207,5,8.91,13481.5,14231.2,3
20241207,5,8.93,13481.5,14228.4,3
20241207,5,8.95,13482.2,14198.4,3
20241207,5,8.96,13482.2,14198.4,3
20241207,5,8.99,13482.2,14166.5,3
20241207,5,9.00,13482.2,14106.5,3
20241207,5,9.01,13485.6,14075.2,3
20241207,5,9.03,13485.6,14074.6,3
20241207,5,9.04,13485.6,14059.6,3
20241207,5,9.07,13485.6,14029.6,3
20241207,5,9.10,13485.6,13999.6,3
20241207,5,9.13,13485.6,13969.6,3
20241207,5,9.18,13485.6,13909.6,3
20241207,5,9.21,13485.6,13879.6,3
20241207,5,9.24,13485.6,13849.6,3
20241207,5,9.25,13498.3,13819.6,3
20241207,5,9.32,13498.3,13819.6,3
20241207,5,9.33,13498.3,13789.6,3
20241207,5,9.53,13498.3,13764.6,3
20241207,5,9.66,13504.3,13734.6,3
20241207,5,9.67,13504.3,13734.6,3
20241207,5,9.71,13520.3,13719.6,3
20241207,5,9.84,13520.3,13719.6,3
20241207,5,10.00,13522.6,13689.6,3
20241207,5,10.01,13525.3,13644.4,3
20241207,5,10.14,13525.3,13641.1,3
20241207,5,10.15,13525.3,13585.1,3
20241207,5,10.24,13525.3,13485.1,3
20241207,5,10.30,13573.7,13470.1,3
20241207,5,10.36,13573.7,13470.1,3
20241207,5,10.42,13573.7,13467.0,3
20241207,5,10.44,13573.7,13466.8,3
20241207,5,10.50,13589.5,13318.8,3
20241207,5,10.51,13590.0,13298.2,3
20241207,5,10.68,13590.0,13298.2,3
20241207,5,10.70,13590.0,13295.3,3
20241207,5,10.75,13590.0,13265.3,3
20241207,5,10.79,13590.0,13264.8,3
20241207,5,10.80,13590.0,13116.8,3
20241207,5,10.81,13590.0,12968.8,3
20241207,5,10.82,13590.0,12943.8,3
20241207,5,10.86,13590.0,12943.6,3
20241207,5,10.88,13604.3,12933.2,3
20241207,5,10.89,13605.1,12933.2,3
20241207,5,10.90,13605.1,12931.9,3
20241207,5,10.91,13605.1,12931.3,3
20241207,5,10.92,13605.1,12929.6,3
20241207,5,10.93,13625.2,12919.7,3
20241207,5,10.96,13625.2,12817.7,3
20241207,5,11.00,13625.2,12817.3,3
20241207,5,11.01,13629.4,12747.6,3
20241207,5,11.04,13629.4,12747.2,3
20241207,5,11.08,13629.4,12600.2,3
20241207,5,11.29,13629.4,12496.2,3
20241207,5,11.30,13629.4,12495.8,3
20241207,5,11.32,14859.4,12495.6,3
20241207,5,11.38,14889.4,12495.6,3
20241207,5,11.39,14919.4,12495.6,3
20241207,5,11.43,14939.4,12495.6,3
20241207,5,11.47,14939.5,12495.6,3
20241207,5,11.50,14939.5,12495.6,3
20241207,5,11.54,14939.5,12318.4,3
20241207,5,11.56,14948.9,12195.4,3
20241207,5,11.57,15000.9,12195.4,3
20241207,5,11.63,15000.9,12195.4,3
20241207,5,11.65,15000.9,12195.0,3
20241207,5,11.70,15002.5,12072.0,3
20241207,5,11.78,15002.5,12072.0,3
20241207,5,11.80,15009.0,12071.8,3
20241207,5,11.84,15039.0,12071.8,3
20241207,5,11.87,15039.0,12071.8,3
20241207,5,11.95,15069.0,11948.8,3
20241207,5,11.96,15069.0,11948.8,3
20241207,5,12.00,15069.0,11947.9,3
20241207,5,12.02,15069.0,11934.2,3
20241207,5,12.03,15217.9,11824.2,3
20241207,5,12.14,15220.9,11824.2,3
20241207,5,12.25,15220.9,11824.2,3
20241207,5,12.26,15220.9,11821.5,3
20241207,5,12.38,15222.1,11821.3,3
20241207,5,12.42,15222.1,11821.3,3
20241207,5,12.43,15242.1,11811.3,3
20241207,5,12.50,15242.1,11811.3,3
20241207,5,12.51,15262.1,11779.1,3
20241207,5,12.74,15262.1,11779.1,3
20241207,5,13.00,15262.1,11778.3,3
20241207,5,13.01,15264.0,11771.5,3
20241207,5,13.08,15284.0,11768.9,3
20241207,5,13.13,15294.0,11768.9,3
20241207,5,13.20,15294.0,11768.9,3
20241207,5,13.21,15294.0,11707.4,3
20241207,5,13.35,15303.2,11607.4,3
20241207,5,13.50,15303.2,11607.4,3
20241207,5,13.75,15303.2,11587.4,3
20241207,5,13.83,15303.2,11587.1,3
20241207,5,14.00,15303.2,11586.3,3
20241207,5,14.01,15309.0,11517.4,3
20241207,5,14.18,15309.0,11516.7,3
20241207,5,14.26,15319.0,11502.7,3
20241207,5,14.29,15319.0,11502.7,3
20241207,5,14.30,15319.0,11492.8,3
20241207,5,14.40,15335.0,11392.8,3
20241207,5,14.63,15371.0,11392.8,3
20241207,5,14.66,15409.0,11392.8,3
20241207,5,14.72,15449.0,11392.8,3
20241207,5,14.76,15449.0,11392.8,3
20241207,5,14.88,15504.0,11383.7,3
20241207,5,14.93,15568.0,11383.7,3
20241207,5,14.98,15626.0,11383.7,3
20241207,5,15.00,15626.0,11383.7,3
20241207,5,15.01,15627.0,11381.4,3
20241207,5,15.03,15688.0,11381.4,3
20241207,5,15.12,15688.0,11381.4,3
20241207,5,15.39,15778.0,11376.5,3
20241207,5,15.70,15778.0,11376.5,3
20241207,5,15.73,15778.0,11376.4,3
20241207,5,15.99,15778.0,11374.6,3
20241207,5,16.06,15878.0,11327.8,3
20241207,5,16.28,15878.0,11327.8,3
20241207,5,16.29,15878.0,11327.7,3
20241207,5,16.40,15878.0,11327.5,3
20241207,5,16.95,15878.0,11327.4,3
20241207,5,17.01,15880.9,11326.5,3
20241207,5,17.17,15980.9,11321.1,3
20241207,5,17.20,15980.9,11321.1,3
20241207,5,18.00,15980.9,11320.6,3
20241207,5,18.13,16080.9,11320.1,3
20241207,5,19.42,16320.9,11320.1,3
20241207,5,20.00,16320.9,11320.1,3
20241207,5,20.07,16320.9,11274.5,3
20241207,5,20.73,16320.9,11273.7,3
20241207,5,21.28,16320.9,11256.8,3
20241207,5,21.29,16320.9,11256.5,3
20241207,5,22.15,16320.9,11253.8,3
20241207,5,23.02,16320.9,11252.9,3
20241207,5,23.19,16320.9,11252.1,3
20241207,5,25.48,16320.9,11250.2,3
20241207,5,26.18,16320.9,11248.3,3
20241207,5,27.47,16320.9,11220.3,3
20241207,5,27.50,16320.9,11188.0,3
20241207,5,28.87,16330.5,11185.6,3
20241207,5,29.90,16330.5,11185.6,3
20241207,5,30.00,16330.5,11185.3,3
20241207,5,31.79,16330.5,11162.6,3
20241207,5,35.00,16330.5,11160.5,3
20241207,5,36.00,16330.5,11153.9,3
20241207,5,36.79,16330.5,11128.9,3
20241207,5,39.69,16698.5,11117.8,3
20241207,5,40.00,16698.5,11117.8,3
20241207,5,42.43,16698.5,11089.5,3
20241207,5,45.00,16698.5,11087.9,3
20241207,5,45.01,16698.5,10413.4,3
20241207,5,46.00,16698.5,10355.4,3
20241207,5,50.00,16698.5,10335.7,3
20241207,5,55.00,16698.5,10276.5,3
20241207,5,60.00,16698.5,10240.5,3
20241207,5,60.93,16698.5,10205.9,3
20241207,5,77.80,16698.5,10186.7,3
20241207,5,79.90,16698.5,10150.3,3
20241207,5,80.00,16698.5,10150.1,3
20241207,5,80.01,16698.5,9806.7,3
20241207,5,80.10,16698.5,9789.4,3
20241207,5,80.21,16848.4,9789.3,3
20241207,5,82.01,16848.4,9789.3,3
20241207,5,85.00,16848.4,9752.6,3
20241207,5,90.00,16848.4,9751.8,3
20241207,5,94.95,16848.4,9751.0,3
20241207,5,99.00,16848.4,9749.4,3
20241207,5,99.90,16848.4,9749.2,3
20241207,5,100.00,17037.0,9748.1,3
20241207,5,100.01,17045.1,9644.5,3
20241207,5,101.00,17045.1,9644.5,3
20241207,5,107.87,17045.1,9488.2,3
20241207,5,120.10,17045.1,9486.5,3
20241207,5,120.79,17045.1,9482.4,3
20241207,5,133.71,17045.1,9480.8,3
20241207,5,138.00,17045.1,9479.1,3
20241207,5,150.00,17045.1,9361.6,3
20241207,5,190.00,17045.1,9324.0,3
20241207,5,200.00,17045.1,9323.9,3
20241207,5,200.01,17045.1,8629.0,3
20241207,5,200.10,17045.1,7531.5,3
20241207,5,200.50,17045.1,7528.6,3
20241207,5,201.00,17045.1,7528.4,3
20241207,5,210.00,17045.1,7524.0,3
20241207,5,250.00,17045.1,6551.8,3
20241207,5,299.99,17045.4,6545.5,3
20241207,5,300.00,17045.4,6545.5,3
20241207,5,550.02,17045.4,6537.5,3
20241207,5,999.00,17045.4,6429.9,3
20241207,5,999.99,17045.4,0.0,3
20241207,6,0.00,0.0,8300.9,0
20241207,6,0.00,2846.6,8300.9,0
20241207,6,0.01,6975.3,8300.9,0
20241207,6,0.02,7018.9,8297.8,0
20241207,6,0.03,7024.0,8297.4,0
20241207,6,0.10,7024.0,8297.4,0
20241207,6,1.00,7116.2,8277.4,0
20241207,6,1.01,7116.4,8269.6,0
20241207,6,2.01,7116.4,8266.4,0
20241207,6,2.68,7118.7,7966.4,0
20241207,6,3.00,7119.7,7966.4,0
20241207,6,3.01,7120.1,7886.4,0
20241207,6,4.00,7120.1,7786.4,0
20241207,6,5.00,7205.9,7786.3,0
20241207,6,5.01,7205.9,7729.7,0
20241207,6,5.35,7208.2,7499.5,0
20241207,6,5.90,7208.2,7499.5,0
20241207,6,6.00,7228.7,7483.2,0
20241207,6,6.26,7228.7,7483.2,0
20241207,6,6.50,7228.7,7477.2,0
20241207,6,6.60,7229.3,7476.2,0
20241207,6,7.00,7233.3,7476.2,0
20241207,6,7.50,7238.3,7476.2,0
20241207,6,7.69,7262.9,7476.2,0
20241207,6,8.00,7262.9,7476.2,0
20241207,6,8.01,7263.4,7459.6,0
20241207,6,8.02,7266.1,7459.6,0
20241207,6,8.44,7268.1,7459.6,0
20241207,6,8.85,7268.1,7459.6,0
20241207,6,9.01,7268.1,7302.6,0
20241207,6,9.02,7268.1,7296.3,0
20241207,6,9.19,7270.1,7296.1,0
20241207,6,9.73,7270.1,7296.1,0
20241207,6,9.94,7272.1,7251.1,0
20241207,6,9.99,7272.1,7251.1,0
20241207,6,10.00,7274.5,7221.1,0
20241207,6,10.69,7280.4,7221.1,0
20241207,6,11.44,7282.4,7221.1,0
20241207,6,11.59,7282.4,7221.1,0
20241207,6,11.65,7282.4,7210.5,0
20241207,6,11.69,7282.4,7197.5,0
20241207,6,11.83,7282.4,7132.5,0
20241207,6,12.00,7356.4,6902.5,0
20241207,6,12.13,7356.4,6902.5,0
20241207,6,12.19,7358.4,6883.1,0
20241207,6,12.35,7358.4,6883.1,0
20241207,6,12.43,7358.4,6882.7,0
20241207,6,12.50,7358.4,6490.7,0
20241207,6,13.00,7358.4,6470.7,0
20241207,6,13.01,7358.4,6470.6,0
20241207,6,13.12,7358.4,6464.4,0
20241207,6,13.34,7358.4,6299.4,0
20241207,6,13.69,7358.4,6269.4,0
20241207,6,14.00,7363.4,6269.2,0
20241207,6,14.01,7363.9,6269.1,0
20241207,6,14.40,7493.9,6269.1,0
20241207,6,14.44,7493.9,6269.1,0
20241207,6,14.75,7495.6,6267.1,0
20241207,6,15.00,7495.6,6267.1,0
20241207,6,15.17,7919.6,6264.6,0
20241207,6,15.19,7919.6,6264.6,0
20241207,6,15.23,7965.6,6263.5,0
20241207,6,15.50,7965.6,6263.5,0
20241207,6,15.90,7965.6,6261.5,0
20241207,6,16.00,7965.6,6261.3,0
20241207,6,16.50,7965.6,6213.9,0
20241207,6,16.59,7965.6,6213.8,0
20241207,6,17.00,7970.6,6211.3,0
20241207,6,17.43,7970.6,6186.1,0
20241207,6,17.73,7970.6,6185.9,0
20241207,6,18.00,7970.6,6163.9,0
20241207,6,18.01,7970.9,6163.7,0
20241207,6,18.27,7971.1,6163.7,0
20241207,6,18.95,7971.1,6163.7,0
20241207,6,19.46,7971.1,6163.0,0
20241207,6,20.00,7971.1,6081.0,0
20241207,6,20.12,7971.1,6074.9,0
20241207,6,21.50,7971.1,6071.8,0
20241207,6,21.73,7971.1,6071.6,0
20241207,6,24.04,7971.1,6063.4,0
20241207,6,25.00,7971.1,6059.7,0
20241207,6,27.01,7971.1,6053.8,0
20241207,6,29.90,7971.1,5990.4,0
20241207,6,30.00,7971.1,5989.6,0
20241207,6,34.00,7971.1,5951.1,0
20241207,6,35.00,7971.1,5941.6,0
20241207,6,37.50,7971.1,5941.2,0
20241207,6,40.00,7971.1,5935.2,0
20241207,6,45.00,7971.1,5923.1,0
20241207,6,45.01,7971.1,5920.1,0
20241207,6,48.32,7971.1,5915.9,0
20241207,6,50.00,7971.1,5890.1,0
20241207,6,50.01,7971.1,5822.5,0
20241207,6,55.00,7971.1,5821.3,0
20241207,6,60.00,7971.1,5800.2,0
20241207,6,62.36,7971.1,5783.7,0
20241207,6,77.80,7971.1,5771.5,0
20241207,6,79.90,7971.1,5731.7,0
20241207,6,80.00,7971.1,5731.2,0
20241207,6,80.01,7971.1,5631.9,0
20241207,6,81.00,7971.1,5618.9,0
20241207,6,82.01,7971.1,5618.7,0
20241207,6,85.00,7971.1,5605.4,0
20241207,6,90.00,7971.1,5603.8,0
20241207,6,99.90,7971.1,5602.1,0
20241207,6,100.00,7971.1,5594.5,0
20241207,6,100.01,7983.6,5543.9,0
20241207,6,101.00,7983.6,5543.9,0
20241207,6,138.00,7983.6,5538.4,0
20241207,6,150.00,7983.6,5522.5,0
20241207,6,200.00,7983.6,5510.1,0
20241207,6,200.01,7983.6,5143.1,0
20241207,6,201.00,7983.6,5014.2,0
20241207,6,210.00,7983.6,5013.9,0
20241207,6,300.00,7983.6,4949.8,0
20241207,6,500.00,7983.6,4944.8,0
20241207,6,900.00,7983.6,4934.8,0
20241207,6,999.00,7983.6,4928.8,0
20241207,6,999.99,7983.6,0.0,0
20241207,6,0.00,0.0,17131.2,3
20241207,6,0.00,5889.7,17131.2,3
20241207,6,0.01,13412.1,17131.2,3
20241207,6,0.02,13569.9,17129.3,3
20241207,6,0.03,13569.9,17119.3,3
20241207,6,0.04,13570.1,17118.7,3
20241207,6,0.95,13570.7,17118.7,3
20241207,6,1.00,13620.0,17118.7,3
20241207,6,1.01,13622.9,17042.9,3
20241207,6,1.89,13623.4,17041.0,3
20241207,6,2.00,13661.6,17041.0,3
20241207,6,2.01,13661.6,17033.0,3
20241207,6,2.26,13668.8,16733.0,3
20241207,6,2.84,13669.3,16733.0,3
20241207,6,3.00,13695.3,16733.0,3
20241207,6,3.01,13695.3,16408.0,3
20241207,6,3.78,13695.9,16308.0,3
20241207,6,4.00,13695.9,16308.0,3
20241207,6,4.27,13754.3,16307.0,3
20241207,6,4.50,13761.5,16307.0,3
20241207,6,4.72,13762.0,16307.0,3
20241207,6,5.00,13802.0,16307.0,3
20241207,6,5.01,13802.5,16153.5,3
20241207,6,5.19,13802.6,15942.5,3
20241207,6,5.66,13802.7,15942.5,3
20241207,6,6.00,13858.3,15942.5,3
20241207,6,6.01,13868.3,15932.5,3
20241207,6,6.10,13883.6,15932.5,3
20241207,6,6.13,13883.7,15932.5,3
20241207,6,6.19,13883.7,15932.5,3
20241207,6,6.50,13885.8,15732.5,3
20241207,6,6.60,13885.9,15732.5,3
20241207,6,6.75,13893.1,15732.5,3
20241207,6,7.00,13894.1,15732.5,3
20241207,6,7.07,13894.2,15711.5,3
20241207,6,7.50,13894.2,15711.5,3
20241207,6,7.51,13894.2,15709.4,3
20241207,6,7.52,13894.2,15409.4,3
20241207,6,7.75,13895.2,15409.3,3
20241207,6,7.80,13895.2,15409.3,3
20241207,6,8.00,13895.2,15337.1,3
20241207,6,8.01,13896.1,15208.3,3
20241207,6,8.04,13896.1,15208.3,3
20241207,6,8.50,13897.3,15108.3,3
20241207,6,8.60,13897.3,15104.1,3
20241207,6,8.69,13900.3,15104.0,3
20241207,6,8.89,13900.3,15104.0,3
20241207,6,8.91,13900.3,15055.0,3
20241207,6,8.93,13900.3,15052.2,3
20241207,6,8.95,13901.0,15022.2,3
20241207,6,8.96,13901.0,15022.2,3
20241207,6,8.99,13908.3,14992.2,3
20241207,6,9.00,13908.3,14932.2,3
20241207,6,9.01,13911.7,14901.0,3
20241207,6,9.04,13911.7,14900.4,3
20241207,6,9.07,13911.7,14870.4,3
20241207,6,9.10,13911.7,14840.4,3
20241207,6,9.13,13911.7,14808.6,3
20241207,6,9.14,13911.7,14748.6,3
20241207,6,9.18,13911.7,14718.6,3
20241207,6,9.21,13911.7,14688.6,3
20241207,6,9.24,13911.7,14658.6,3
20241207,6,9.25,13915.1,14628.6,3
20241207,6,9.27,13924.5,14628.6,3
20241207,6,9.48,13924.5,14628.6,3
20241207,6,9.71,13924.5,14613.6,3
20241207,6,9.99,13924.5,14583.6,3
20241207,6,10.00,13926.8,14568.6,3
20241207,6,10.01,13929.5,14523.4,3
20241207,6,10.04,13929.5,14520.1,3
20241207,6,10.14,13929.5,14505.1,3
20241207,6,10.15,13929.5,14449.1,3
20241207,6,10.28,13929.5,14349.1,3
20241207,6,10.30,13977.9,14319.1,3
20241207,6,10.36,13983.9,14319.1,3
20241207,6,10.37,13983.9,14319.1,3
20241207,6,10.41,13983.9,14294.1,3
20241207,6,10.44,13983.9,14291.1,3
20241207,6,10.50,13999.7,14143.1,3
20241207,6,10.58,13999.7,14123.1,3
20241207,6,10.59,13999.7,14108.1,3
20241207,6,10.68,13999.7,14078.1,3
20241207,6,10.75,13999.7,14075.1,3
20241207,6,10.79,13999.7,14074.6,3
20241207,6,10.80,13999.7,13926.6,3
20241207,6,10.85,13999.7,13778.6,3
20241207,6,10.86,13999.7,13748.6,3
20241207,6,10.88,14013.4,13738.6,3
20241207,6,10.93,14013.4,13738.6,3
20241207,6,10.96,14013.4,13636.6,3
20241207,6,10.98,14013.4,13636.0,3
20241207,6,11.00,14013.4,13611.0,3
20241207,6,11.01,14017.9,13542.2,3
20241207,6,11.04,14017.9,13541.8,3
20241207,6,11.08,14017.9,13394.8,3
20241207,6,11.10,14017.9,13290.8,3
20241207,6,11.11,14018.1,13289.3,3
20241207,6,11.24,14025.3,13289.3,3
20241207,6,11.30,14025.3,13289.3,3
20241207,6,11.32,15296.7,13289.1,3
20241207,6,11.36,15296.7,13289.1,3
20241207,6,11.39,15298.1,13288.4,3
20241207,6,11.47,15299.6,13288.4,3
20241207,6,11.50,15299.6,13288.4,3
20241207,6,11.54,15301.1,13111.2,3
20241207,6,11.57,15353.1,12988.2,3
20241207,6,11.59,15362.5,12988.2,3
20241207,6,11.62,15363.8,12988.2,3
20241207,6,11.65,15363.8,12987.8,3
20241207,6,11.70,15365.4,12864.8,3
20241207,6,11.74,15365.4,12834.8,3
20241207,6,11.75,15385.5,12824.9,3
20241207,6,11.76,15415.5,12824.3,3
20241207,6,11.80,15416.2,12824.3,3
20241207,6,11.84,15446.2,12824.3,3
20241207,6,11.87,15446.2,12824.3,3
20241207,6,11.97,15446.3,12701.3,3
20241207,6,11.98,15446.3,12701.3,3
20241207,6,12.00,15446.3,12701.1,3
20241207,6,12.02,15446.3,12687.4,3
20241207,6,12.03,15546.3,12647.4,3
20241207,6,12.15,15576.3,12647.4,3
20241207,6,12.17,15579.3,12645.7,3
20241207,6,12.25,15579.3,12645.7,3
20241207,6,12.34,15609.3,12642.6,3
20241207,6,12.38,15610.5,12642.6,3
20241207,6,12.42,15639.4,12642.6,3
20241207,6,12.50,15639.9,12642.6,3
20241207,6,12.55,15639.9,12611.5,3
20241207,6,12.65,15639.9,12571.5,3
20241207,6,12.66,15645.9,12571.3,3
20241207,6,12.71,15665.9,12571.3,3
20241207,6,12.87,15665.9,12571.3,3
20241207,6,12.93,15685.9,12570.9,3
20241207,6,13.00,15685.9,12570.9,3
20241207,6,13.01,15687.8,12563.8,3
20241207,6,13.12,15687.8,12561.3,3
20241207,6,13.13,15697.8,12531.3,3
20241207,6,13.17,15697.8,12531.3,3
20241207,6,13.18,15697.8,12523.3,3
20241207,6,13.19,15697.8,12423.3,3
20241207,6,13.20,15697.8,12323.3,3
20241207,6,13.21,15697.8,12223.3,3
20241207,6,13.33,15697.8,12123.3,3
20241207,6,13.38,15717.8,12123.1,3
20241207,6,13.50,15717.8,12123.1,3
20241207,6,13.52,15737.8,12102.2,3
20241207,6,13.70,15737.8,12102.2,3
20241207,6,13.71,15757.8,12092.2,3
20241207,6,13.75,15757.8,12092.2,3
20241207,6,14.00,15757.8,12092.0,3
20241207,6,14.01,15763.7,12023.8,3
20241207,6,14.26,15773.7,12022.9,3
20241207,6,14.30,15773.7,12022.9,3
20241207,6,14.40,15777.7,11926.7,3
20241207,6,14.42,15786.9,11926.7,3
20241207,6,14.45,15786.9,11926.7,3
20241207,6,14.63,15812.9,11913.1,3
20241207,6,14.66,15840.9,11913.1,3
20241207,6,14.69,15840.9,11913.1,3
20241207,6,14.72,15871.9,11912.3,3
20241207,6,14.76,15871.9,11912.3,3
20241207,6,14.88,15917.9,11903.5,3
20241207,6,14.93,15971.9,11903.5,3
20241207,6,14.98,16021.9,11903.5,3
20241207,6,15.00,16021.9,11903.5,3
20241207,6,15.01,16022.9,11901.2,3
20241207,6,15.03,16075.9,11901.2,3
20241207,6,15.12,16075.9,11901.2,3
20241207,6,15.16,16075.9,11896.8,3
20241207,6,15.39,16495.9,11896.0,3
20241207,6,15.70,16495.9,11896.0,3
20241207,6,15.99,16495.9,11895.9,3
20241207,6,16.06,16595.9,11850.6,3
20241207,6,16.31,16595.9,11850.6,3
20241207,6,16.32,16595.9,11848.8,3
20241207,6,16.33,16595.9,11848.7,3
20241207,6,16.40,16595.9,11848.5,3
20241207,6,17.01,16598.8,11848.4,3
20241207,6,17.17,16698.8,11843.0,3
20241207,6,17.20,16698.8,11843.0,3
20241207,6,17.92,16698.8,11842.5,3
20241207,6,18.00,16698.8,11841.6,3
20241207,6,18.13,16798.8,11841.2,3
20241207,6,19.42,17038.8,11841.2,3
20241207,6,20.00,17038.8,11841.2,3
20241207,6,20.68,17038.8,11797.0,3
20241207,6,21.31,17038.8,11796.2,3
20241207,6,21.32,17038.8,11779.5,3
20241207,6,21.33,17038.8,11779.2,3
20241207,6,22.52,17038.8,11776.6,3
20241207,6,23.29,17038.8,11775.7,3
20241207,6,23.44,17038.8,11774.9,3
20241207,6,25.90,17038.8,11773.6,3
20241207,6,26.00,17038.8,11746.3,3
20241207,6,27.01,17038.8,11746.2,3
20241207,6,27.50,17038.8,11715.2,3
20241207,6,28.87,17048.4,11712.5,3
20241207,6,29.38,17048.4,11712.5,3
20241207,6,29.90,17048.4,11710.6,3
20241207,6,30.00,17048.4,11710.3,3
20241207,6,31.79,17048.4,11687.4,3
20241207,6,35.00,17048.4,11685.2,3
20241207,6,36.00,17048.4,11677.8,3
20241207,6,36.79,17048.4,11652.8,3
20241207,6,39.69,17428.4,11641.7,3
20241207,6,40.00,17428.4,11641.7,3
20241207,6,43.46,17428.4,11614.1,3
20241207,6,45.00,17428.4,11612.5,3
20241207,6,45.01,17428.4,10938.7,3
20241207,6,46.00,17428.4,10878.9,3
20241207,6,50.00,17428.4,10863.6,3
20241207,6,55.00,17428.4,10804.2,3
20241207,6,60.00,17428.4,10768.2,3
20241207,6,61.33,17428.4,10734.4,3
20241207,6,77.80,17428.4,10714.9,3
20241207,6,79.90,17428.4,10679.3,3
20241207,6,80.00,17428.4,10679.0,3
20241207,6,80.01,17428.4,10344.9,3
20241207,6,80.10,17428.4,10327.6,3
20241207,6,80.21,17578.3,10327.5,3
20241207,6,82.01,17578.3,10327.5,3
20241207,6,85.00,17578.3,10291.3,3
20241207,6,90.00,17578.3,10290.6,3
20241207,6,95.64,17578.3,10289.8,3
20241207,6,99.00,17578.3,10288.2,3
20241207,6,99.90,17578.3,10288.0,3
20241207,6,100.00,17766.9,10286.7,3
20241207,6,100.01,17775.0,10146.7,3
20241207,6,101.00,17775.0,10146.7,3
20241207,6,108.56,17775.0,9990.4,3
20241207,6,120.10,17775.0,9988.7,3
20241207,6,121.48,17775.0,9984.3,3
20241207,6,134.40,17775.0,9982.7,3
20241207,6,138.00,17775.0,9981.0,3
20241207,6,150.00,17775.0,9863.6,3
20241207,6,190.00,17775.0,9823.8,3
20241207,6,200.00,17775.0,9823.7,3
20241207,6,200.01,17775.0,9124.1,3
20241207,6,200.10,17775.0,8028.1,3
20241207,6,200.50,17775.0,8025.2,3
20241207,6,201.00,17775.0,8025.0,3
20241207,6,210.00,17775.0,8020.6,3
20241207,6,250.00,17775.0,6747.0,3
20241207,6,299.99,17775.3,6740.5,3
20241207,6,300.00,17775.3,6740.5,3
20241207,6,550.02,17775.3,6732.5,3
20241207,6,999.00,17775.3,6588.2,3
20241207,6,999.99,17775.3,0.0,3
20241207,7,0.00,0.0,8300.5,0
20241207,7,0.00,2828.2,8300.5,0
20241207,7,0.01,6958.4,8300.5,0
20241207,7,0.02,7002.4,8297.3,0
20241207,7,0.03,7007.3,8296.9,0
20241207,7,0.10,7007.3,8296.9,0
20241207,7,1.00,7099.0,8276.9,0
20241207,7,1.01,7099.2,8268.9,0
20241207,7,2.01,7099.2,8265.8,0
20241207,7,2.50,7101.5,7965.8,0
20241207,7,3.00,7102.5,7965.8,0
20241207,7,3.01,7102.7,7885.8,0
20241207,7,4.00,7102.7,7785.8,0
20241207,7,4.99,7105.0,7785.7,0
20241207,7,5.00,7190.5,7785.7,0
20241207,7,5.01,7190.5,7729.3,0
20241207,7,5.90,7190.5,7498.7,0
20241207,7,6.00,7211.0,7482.4,0
20241207,7,6.26,7211.0,7482.4,0
20241207,7,6.50,7211.0,7476.4,0
20241207,7,6.60,7211.6,7475.4,0
20241207,7,6.84,7212.2,7475.4,0
20241207,7,7.00,7216.2,7475.4,0
20241207,7,7.47,7218.5,7475.4,0
20241207,7,7.50,7223.5,7475.4,0
20241207,7,7.71,7248.1,7475.4,0
20241207,7,8.00,7248.1,7475.4,0
20241207,7,8.01,7248.6,7458.8,0
20241207,7,8.46,7250.6,7458.8,0
20241207,7,8.85,7250.6,7458.8,0
20241207,7,9.01,7250.6,7301.8,0
20241207,7,9.12,7252.2,7295.5,0
20241207,7,9.21,7254.2,7295.5,0
20241207,7,9.45,7254.2,7295.5,0
20241207,7,9.60,7254.2,7295.3,0
20241207,7,9.73,7254.2,7294.9,0
20241207,7,9.96,7258.5,7249.9,0
20241207,7,9.99,7258.5,7249.9,0
20241207,7,10.00,7260.9,7219.9,0
20241207,7,10.71,7262.9,7219.9,0
20241207,7,11.40,7264.6,7219.9,0
20241207,7,11.46,7266.6,7219.9,0
20241207,7,11.51,7267.1,7219.9,0
20241207,7,11.59,7267.1,7219.9,0
20241207,7,11.61,7267.5,7209.4,0
20241207,7,11.72,7267.9,7209.4,0
20241207,7,11.82,7268.3,7209.4,0
20241207,7,11.92,7268.3,7209.4,0
20241207,7,11.93,7268.7,6990.4,0
20241207,7,12.00,7342.7,6990.4,0
20241207,7,12.13,7342.7,6990.4,0
20241207,7,12.21,7344.7,6971.0,0
20241207,7,12.43,7344.7,6971.0,0
20241207,7,12.45,7347.0,6490.0,0
20241207,7,12.61,7347.5,6490.0,0
20241207,7,12.77,7348.0,6490.0,0
20241207,7,12.94,7348.4,6490.0,0
20241207,7,13.00,7348.4,6490.0,0
20241207,7,13.01,7348.4,6469.9,0
20241207,7,13.09,7348.4,6463.7,0
20241207,7,13.10,7348.9,6433.7,0
20241207,7,13.12,7348.9,6433.7,0
20241207,7,13.18,7348.9,6268.7,0
20241207,7,13.26,7349.3,6268.0,0
20241207,7,13.71,7349.3,6268.0,0
20241207,7,14.00,7354.3,6267.8,0
20241207,7,14.01,7354.8,6267.7,0
20241207,7,14.41,7390.8,6267.7,0
20241207,7,14.46,7390.8,6267.7,0
20241207,7,15.00,7390.8,6265.7,0
20241207,7,15.21,7390.8,6263.2,0
20241207,7,15.33,7814.8,6262.1,0
20241207,7,15.39,7816.5,6262.1,0
20241207,7,15.46,7956.5,6262.1,0
20241207,7,15.90,7956.5,6262.1,0
20241207,7,15.96,7956.5,6261.9,0
20241207,7,16.00,7956.5,6261.8,0
20241207,7,16.59,7956.5,6211.9,0
20241207,7,17.00,7961.5,6209.6,0
20241207,7,17.43,7961.5,6184.4,0
20241207,7,17.73,7961.5,6184.2,0
20241207,7,18.01,7961.8,6162.2,0
20241207,7,18.50,7961.8,6162.2,0
20241207,7,19.42,7961.8,6162.0,0
20241207,7,20.00,7961.8,6080.0,0
20241207,7,20.05,7961.8,6073.8,0
20241207,7,20.12,7961.8,6065.6,0
20241207,7,20.24,7963.8,6062.4,0
20241207,7,20.78,7964.0,6062.4,0
20241207,7,21.50,7964.0,6062.4,0
20241207,7,24.04,7964.0,6062.2,0
20241207,7,25.00,7964.0,6058.7,0
20241207,7,27.00,7964.0,6052.8,0
20241207,7,29.90,7964.0,5980.0,0
20241207,7,30.00,7964.0,5979.2,0
20241207,7,35.00,7964.0,5963.6,0
20241207,7,37.50,7964.0,5940.7,0
20241207,7,40.00,7964.0,5934.7,0
20241207,7,45.00,7964.0,5922.8,0
20241207,7,45.01,7964.0,5919.7,0
20241207,7,48.32,7964.0,5915.5,0
20241207,7,50.00,7964.0,5889.6,0
20241207,7,50.01,7964.0,5821.4,0
20241207,7,55.00,7964.0,5820.3,0
20241207,7,60.00,7964.0,5799.4,0
20241207,7,62.67,7964.0,5783.0,0
20241207,7,77.80,7964.0,5770.6,0
20241207,7,79.90,7964.0,5730.4,0
20241207,7,80.00,7964.0,5729.9,0
20241207,7,80.01,7964.0,5632.3,0
20241207,7,81.00,7964.0,5619.3,0
20241207,7,82.01,7964.0,5619.1,0
20241207,7,85.00,7964.0,5605.8,0
20241207,7,90.00,7964.0,5604.2,0
20241207,7,99.90,7964.0,5602.5,0
20241207,7,100.00,7964.0,5594.4,0
20241207,7,100.01,7976.5,5543.3,0
20241207,7,101.00,7976.5,5543.3,0
20241207,7,138.00,7976.5,5537.8,0
20241207,7,150.00,7976.5,5521.7,0
20241207,7,200.00,7976.5,5509.1,0
20241207,7,200.01,7976.5,5140.0,0
20241207,7,201.00,7976.5,5010.8,0
20241207,7,210.00,7976.5,5010.5,0
20241207,7,300.00,7976.5,4947.5,0
20241207,7,500.00,7976.5,4942.5,0
20241207,7,900.00,7976.5,4932.5,0
20241207,7,999.00,7976.5,4926.5,0
20241207,7,999.99,7976.5,0.0,0
20241207,7,0.00,0.0,12600.0,3
20241207,7,0.00,3650.4,12600.0,3
20241207,7,0.01,10568.3,12600.0,3
20241207,7,0.02,10725.8,12598.1,3
20241207,7,0.03,10725.8,12598.1,3
20241207,7,0.04,10725.9,12597.5,3
20241207,7,1.00,10765.3,12597.5,3
20241207,7,1.01,10766.5,12542.5,3
20241207,7,1.89,10767.1,12540.5,3
20241207,7,2.00,10794.0,12540.5,3
20241207,7,2.29,10801.2,12532.5,3
20241207,7,3.00,10827.4,12532.5,3
20241207,7,3.77,10827.9,12289.3,3
20241207,7,4.00,10827.9,12289.3,3
20241207,7,4.57,10835.1,12288.3,3
20241207,7,5.00,10875.7,12288.3,3
20241207,7,5.01,10875.7,12155.5,3
20241207,7,5.65,10876.2,12148.9,3
20241207,7,6.00,10932.1,12148.9,3
20241207,7,6.01,10943.5,12148.9,3
20241207,7,6.50,10945.6,12148.9,3
20241207,7,6.84,10952.8,12148.9,3
20241207,7,7.00,10952.8,12148.9,3
20241207,7,7.47,10952.8,12147.9,3
20241207,7,7.53,10953.4,12147.1,3
20241207,7,7.67,10953.4,12147.1,3
20241207,7,7.80,10953.4,12147.0,3
20241207,7,8.00,10953.4,12074.7,3
20241207,7,8.01,10954.4,11974.4,3
20241207,7,8.04,10954.4,11974.4,3
20241207,7,8.37,10954.4,11874.4,3
20241207,7,8.44,10954.7,11844.4,3
20241207,7,8.89,10954.7,11844.4,3
20241207,7,8.90,10954.7,11785.4,3
20241207,7,8.94,10954.7,11755.4,3
20241207,7,8.97,10954.7,11725.4,3
20241207,7,9.00,10954.7,11695.4,3
20241207,7,9.01,10954.7,11635.3,3
20241207,7,9.05,10954.7,11634.7,3
20241207,7,9.08,10957.7,11604.7,3
20241207,7,9.11,10957.7,11574.7,3
20241207,7,9.12,10965.0,11514.7,3
20241207,7,9.16,10965.0,11514.7,3
20241207,7,9.19,10967.1,11484.7,3
20241207,7,9.22,10967.1,11454.7,3
20241207,7,9.27,10967.1,11396.7,3
20241207,7,9.41,10967.6,11394.7,3
20241207,7,9.42,10967.6,11394.7,3
20241207,7,9.50,10967.6,11364.7,3
20241207,7,9.51,10967.7,11344.7,3
20241207,7,9.61,10967.8,11344.7,3
20241207,7,9.69,10977.2,11344.7,3
20241207,7,9.71,10977.3,11344.7,3
20241207,7,9.81,10977.4,11344.7,3
20241207,7,9.91,10977.5,11344.7,3
20241207,7,9.94,10977.5,11344.7,3
20241207,7,10.00,10979.9,11314.7,3
20241207,7,10.01,10982.3,11289.7,3
20241207,7,10.14,10982.3,11286.4,3
20241207,7,10.15,10982.3,11230.4,3
20241207,7,10.44,10982.3,11130.4,3
20241207,7,10.50,10982.3,10983.4,3
20241207,7,10.68,10982.3,10953.4,3
20241207,7,10.69,10982.3,10950.4,3
20241207,7,10.70,10982.3,10950.0,3
20241207,7,10.79,10982.3,10947.0,3
20241207,7,10.80,10982.3,10800.0,3
20241207,7,10.93,10982.3,10653.0,3
20241207,7,11.00,10982.3,10551.0,3
20241207,7,11.01,10983.6,10508.1,3
20241207,7,11.04,10983.6,10507.7,3
20241207,7,11.08,10983.6,10360.7,3
20241207,7,11.10,10983.6,10256.7,3
20241207,7,11.11,10983.9,10255.3,3
20241207,7,11.14,10997.3,10255.3,3
20241207,7,11.23,10997.3,10255.3,3
20241207,7,11.40,11004.5,10245.4,3
20241207,7,11.44,11004.5,10245.4,3
20241207,7,11.48,11005.9,10242.2,3
20241207,7,11.50,11005.9,10242.2,3
20241207,7,11.54,11005.9,10079.2,3
20241207,7,11.56,11007.3,9956.2,3
20241207,7,11.57,11059.3,9956.2,3
20241207,7,11.65,11060.8,9956.2,3
20241207,7,11.70,11062.4,9833.2,3
20241207,7,11.73,11063.9,9833.2,3
20241207,7,11.75,11064.0,9833.2,3
20241207,7,11.81,11065.3,9833.2,3
20241207,7,11.84,11095.3,9832.8,3
20241207,7,11.87,11095.3,9832.8,3
20241207,7,11.94,11095.3,9709.8,3
20241207,7,12.00,11111.6,9709.4,3
20241207,7,12.02,11111.6,9666.1,3
20241207,7,12.03,11240.5,9547.1,3
20241207,7,12.04,11269.5,9546.1,3
20241207,7,12.08,11269.5,9546.1,3
20241207,7,12.11,11278.9,9545.7,3
20241207,7,12.19,11278.9,9545.7,3
20241207,7,12.21,11278.9,9544.0,3
20241207,7,12.38,11280.1,9543.1,3
20241207,7,12.50,11280.1,9543.1,3
20241207,7,12.56,11310.1,9543.0,3
20241207,7,12.72,11313.1,9543.0,3
20241207,7,12.80,11313.3,9543.0,3
20241207,7,12.94,11313.3,9543.0,3
20241207,7,13.00,11323.3,9542.0,3
20241207,7,13.01,11325.2,9537.6,3
20241207,7,13.16,11325.2,9535.0,3
20241207,7,13.17,11325.2,9438.4,3
20241207,7,13.18,11325.2,9338.4,3
20241207,7,13.19,11325.2,9238.4,3
20241207,7,13.20,11325.2,9138.4,3
20241207,7,13.21,11325.2,9038.4,3
20241207,7,13.47,11334.4,8938.4,3
20241207,7,13.50,11334.4,8938.4,3
20241207,7,13.69,11334.4,8898.4,3
20241207,7,14.00,11334.4,8898.2,3
20241207,7,14.01,11335.6,8891.7,3
20241207,7,14.15,11335.6,8891.0,3
20241207,7,14.18,11335.6,8877.5,3
20241207,7,14.31,11335.6,8876.7,3
20241207,7,14.88,11344.6,8861.2,3
20241207,7,14.93,11358.6,8861.2,3
20241207,7,14.98,11374.6,8861.2,3
20241207,7,15.00,11374.6,8861.2,3
20241207,7,15.01,11375.6,8801.1,3
20241207,7,15.03,11395.6,8801.1,3
20241207,7,15.12,11395.6,8801.1,3
20241207,7,15.70,11395.6,8798.4,3
20241207,7,16.13,11395.6,8798.3,3
20241207,7,16.40,11395.6,8753.7,3
20241207,7,16.81,11395.6,8753.6,3
20241207,7,16.82,11395.6,8753.5,3
20241207,7,17.01,11398.4,8753.3,3
20241207,7,17.20,11398.4,8747.9,3
20241207,7,17.46,11398.4,8747.4,3
20241207,7,18.00,11398.4,8746.5,3
20241207,7,20.00,11398.4,8746.1,3
20241207,7,20.74,11398.4,8743.6,3
20241207,7,21.81,11398.4,8742.8,3
20241207,7,21.82,11398.4,8742.5,3
20241207,7,22.93,11398.4,8740.0,3
20241207,7,23.84,11398.4,8739.1,3
20241207,7,24.00,11398.4,8738.3,3
20241207,7,24.02,11398.4,8709.3,3
20241207,7,26.00,11398.4,8706.8,3
20241207,7,27.00,11398.4,8706.7,3
20241207,7,28.87,11408.0,8677.0,3
20241207,7,29.90,11408.0,8677.0,3
20241207,7,30.00,11408.0,8676.8,3
20241207,7,31.79,11408.0,8659.3,3
20241207,7,35.00,11408.0,8657.1,3
20241207,7,36.00,11408.0,8649.8,3
20241207,7,36.79,11408.0,8624.8,3
20241207,7,39.69,11803.0,8613.7,3
20241207,7,40.00,11803.0,8613.7,3
20241207,7,45.00,11803.0,8601.0,3
20241207,7,45.01,11803.0,7933.5,3
20241207,7,46.00,11803.0,7879.6,3
20241207,7,50.00,11803.0,7867.7,3
20241207,7,55.00,11803.0,7813.6,3
20241207,7,60.00,11803.0,7777.6,3
20241207,7,61.88,11803.0,7747.5,3
20241207,7,77.80,11803.0,7736.4,3
20241207,7,79.90,11803.0,7714.8,3
20241207,7,80.00,11803.0,7714.6,3
20241207,7,80.01,11803.0,7537.0,3
20241207,7,80.10,11803.0,7521.7,3
20241207,7,80.21,11943.0,7521.6,3
20241207,7,82.01,11943.0,7521.6,3
20241207,7,85.00,11943.0,7495.7,3
20241207,7,99.00,11943.0,7494.9,3
20241207,7,99.90,11943.0,7494.7,3
20241207,7,100.00,11962.0,7493.7,3
20241207,7,100.01,11969.5,7456.5,3
20241207,7,101.00,11969.5,7456.5,3
20241207,7,120.10,11969.5,7336.0,3
20241207,7,138.00,11969.5,7331.8,3
20241207,7,150.00,11969.5,7264.2,3
20241207,7,200.00,11969.5,7224.9,3
20241207,7,200.01,11969.5,6711.8,3
20241207,7,200.10,11969.5,5777.0,3
20241207,7,200.50,11969.5,5774.2,3
20241207,7,201.00,11969.5,5774.0,3
20241207,7,210.00,11969.5,5769.8,3
20241207,7,250.00,11969.5,4529.3,3
20241207,7,299.99,11969.8,4522.5,3
20241207,7,550.02,11969.8,4522.5,3
20241207,7,999.00,11969.8,4350.7,3
20241207,7,999.99,11969.8,0.0,3
20241207,8,0.00,0.0,16247.2,0
20241207,8,0.00,4061.2,16247.2,0
20241207,8,0.01,13004.7,16247.2,0
20241207,8,0.02,13053.6,16244.0,0
20241207,8,0.03,13058.2,16243.6,0
20241207,8,0.04,13083.1,16243.6,0
20241207,8,0.10,13083.1,16243.6,0
20241207,8,1.00,13309.7,16223.6,0
20241207,8,1.01,13314.0,16205.8,0
20241207,8,2.00,13359.2,16202.7,0
20241207,8,2.01,13359.2,16202.7,0
20241207,8,2.49,13361.5,15902.7,0
20241207,8,3.00,13363.6,15902.7,0
20241207,8,3.01,13363.8,15822.7,0
20241207,8,4.00,13370.9,15722.7,0
20241207,8,4.96,13373.2,15722.6,0
20241207,8,5.00,13511.1,15722.6,0
20241207,8,5.01,13511.1,15603.8,0
20241207,8,5.90,13511.1,15309.0,0
20241207,8,6.00,13531.6,15292.7,0
20241207,8,6.26,13531.6,15292.7,0
20241207,8,6.50,13535.4,15286.7,0
20241207,8,6.60,13536.0,15285.7,0
20241207,8,7.00,13540.0,15285.7,0
20241207,8,7.44,13551.9,15285.7,0
20241207,8,7.50,13576.9,15285.7,0
20241207,8,7.72,13885.7,15285.7,0
20241207,8,8.00,13902.0,15285.7,0
20241207,8,8.01,13902.5,15267.3,0
20241207,8,8.03,13903.5,15267.3,0
20241207,8,8.30,13903.5,15267.3,0
20241207,8,8.47,13906.5,15265.3,0
20241207,8,8.85,13906.5,15265.3,0
20241207,8,9.01,13906.5,15108.3,0
20241207,8,9.22,13909.5,15102.0,0
20241207,8,9.60,13909.5,15102.0,0
20241207,8,9.73,13909.5,15101.9,0
20241207,8,9.80,13909.5,15056.9,0
20241207,8,9.91,13923.9,15056.8,0
20241207,8,9.97,13926.9,15056.8,0
20241207,8,9.99,13926.9,15056.8,0
20241207,8,10.00,13929.3,15026.8,0
20241207,8,10.25,13929.3,15026.8,0
20241207,8,10.70,13930.9,14452.8,0
20241207,8,10.72,13933.9,14452.8,0
20241207,8,11.00,13984.6,14452.8,0
20241207,8,11.26,14024.4,14452.8,0
20241207,8,11.34,14024.4,14396.4,0
20241207,8,11.40,14024.4,13931.2,0
20241207,8,11.47,14027.4,13931.0,0
20241207,8,11.50,14087.5,13931.0,0
20241207,8,11.59,14087.5,13834.5,0
20241207,8,12.00,14165.0,13824.1,0
20241207,8,12.13,14165.0,13823.5,0
20241207,8,12.22,14168.0,13804.1,0
20241207,8,12.24,14168.0,13804.1,0
20241207,8,12.39,14182.4,13723.1,0
20241207,8,12.40,14182.4,13723.1,0
20241207,8,12.43,14182.4,13722.7,0
20241207,8,12.49,14185.4,13103.7,0
20241207,8,12.59,14188.3,13103.7,0
20241207,8,12.69,14191.1,13103.7,0
20241207,8,12.79,14194.0,13103.7,0
20241207,8,12.80,14194.0,13103.7,0
20241207,8,12.89,14196.8,13103.6,0
20241207,8,13.00,14227.0,13103.6,0
20241207,8,13.01,14227.0,13083.4,0
20241207,8,13.12,14227.0,13077.2,0
20241207,8,13.34,14227.0,12912.2,0
20241207,8,13.50,14227.0,12882.2,0
20241207,8,13.71,14227.0,12838.6,0
20241207,8,13.72,14227.0,12638.6,0
20241207,8,13.87,14227.0,12638.3,0
20241207,8,13.99,14227.0,12438.3,0
20241207,8,14.00,14282.0,12238.3,0
20241207,8,14.01,14290.8,12233.3,0
20241207,8,14.19,14290.8,12233.3,0
20241207,8,14.28,14290.8,12033.3,0
20241207,8,14.33,14290.8,11833.3,0
20241207,8,14.39,14290.8,11633.3,0
20241207,8,14.42,14290.8,11433.3,0
20241207,8,14.47,14290.8,11233.3,0
20241207,8,14.48,14290.8,11230.3,0
20241207,8,14.51,14340.7,11229.6,0
20241207,8,14.52,14340.7,11229.6,0
20241207,8,14.72,14340.7,11029.6,0
20241207,8,15.00,14340.7,10829.6,0
20241207,8,15.22,14340.7,10797.8,0
20241207,8,15.29,14342.4,10795.7,0
20241207,8,15.41,14766.4,10795.7,0
20241207,8,15.49,14858.4,10795.7,0
20241207,8,15.50,14935.4,10795.7,0
20241207,8,15.67,14969.4,10795.7,0
20241207,8,15.69,15111.4,10795.7,0
20241207,8,15.90,15111.4,10795.7,0
20241207,8,15.93,15214.4,10795.5,0
20241207,8,15.94,15264.4,10795.5,0
20241207,8,15.97,15264.4,10795.5,0
20241207,8,16.00,15284.4,10794.4,0
20241207,8,16.50,15354.4,10743.7,0
20241207,8,16.59,15354.4,10743.7,0
20241207,8,16.70,15354.4,10741.5,0
20241207,8,16.72,15354.4,10732.5,0
20241207,8,17.00,15359.4,10731.5,0
20241207,8,17.43,15359.4,10706.3,0
20241207,8,17.47,15359.4,10706.1,0
20241207,8,17.50,15389.4,10705.1,0
20241207,8,17.73,15389.4,10705.1,0
20241207,8,17.88,15389.4,10683.1,0
20241207,8,18.00,15389.4,10681.4,0
20241207,8,18.01,15389.7,10675.8,0
20241207,8,18.22,15389.7,10675.8,0
20241207,8,18.43,15463.7,10674.8,0
20241207,8,18.50,15463.7,10674.8,0
20241207,8,18.60,15463.9,10674.6,0
20241207,8,18.78,15463.9,10674.6,0
20241207,8,18.79,15475.6,10674.1,0
20241207,8,18.97,15475.6,10674.1,0
20241207,8,19.41,15475.6,10673.1,0
20241207,8,19.56,15616.6,10591.1,0
20241207,8,19.59,15758.6,10591.1,0
20241207,8,19.63,15899.6,10591.1,0
20241207,8,19.70,16041.6,10591.1,0
20241207,8,19.72,16041.6,10591.1,0
20241207,8,19.73,16182.6,10590.1,0
20241207,8,19.77,16324.6,10590.1,0
20241207,8,19.86,16324.6,10590.1,0
20241207,8,20.00,16324.6,10590.0,0
20241207,8,20.05,16324.6,10578.1,0
20241207,8,20.12,16324.6,10569.6,0
20241207,8,20.23,16327.6,10566.4,0
20241207,8,20.47,16327.6,10566.4,0
20241207,8,20.49,16327.6,10565.4,0
20241207,8,20.75,16468.6,10479.1,0
20241207,8,21.02,16468.6,10479.1,0
20241207,8,21.10,16480.3,9679.1,0
20241207,8,21.21,16480.3,9679.1,0
20241207,8,21.22,16480.3,9636.6,0
20241207,8,21.97,16480.3,9635.6,0
20241207,8,22.58,16488.0,9634.0,0
20241207,8,22.88,16488.0,9634.0,0
20241207,8,23.20,16503.4,9617.9,0
20241207,8,23.97,16645.4,9617.9,0
20241207,8,24.04,16645.4,9617.9,0
20241207,8,25.00,16645.4,9614.3,0
20241207,8,26.00,16645.4,9608.1,0
20241207,8,26.65,16645.4,9607.6,0
20241207,8,26.86,16645.4,9546.3,0
20241207,8,27.00,16645.4,9546.2,0
20241207,8,28.80,16786.4,9482.3,0
20241207,8,29.90,16786.4,9482.3,0
20241207,8,30.00,16786.4,9481.6,0
20241207,8,32.02,16928.4,9465.6,0
20241207,8,33.62,16981.2,9465.6,0
20241207,8,33.86,16981.2,9465.6,0
20241207,8,35.00,16981.2,9465.4,0
20241207,8,37.50,16981.2,9440.8,0
20241207,8,40.00,16981.2,9406.3,0
20241207,8,40.01,16981.2,9379.6,0
20241207,8,45.00,16981.2,9305.7,0
20241207,8,45.01,16981.2,9290.9,0
20241207,8,48.32,16981.2,9286.7,0
20241207,8,50.00,16982.0,9260.7,0
20241207,8,50.01,16982.0,9081.5,0
20241207,8,50.90,16982.0,9080.4,0
20241207,8,55.00,16982.0,9080.3,0
20241207,8,60.00,16982.0,9059.5,0
20241207,8,62.68,16982.0,9010.0,0
20241207,8,77.80,16982.0,8997.3,0
20241207,8,79.90,16982.0,8957.5,0
20241207,8,80.00,16982.0,8957.0,0
20241207,8,80.01,16982.0,8511.8,0
20241207,8,80.02,16982.0,8465.1,0
20241207,8,81.00,16982.0,8389.1,0
20241207,8,82.01,16982.0,8388.7,0
20241207,8,85.00,16982.0,8328.6,0
20241207,8,90.00,16982.0,8326.2,0
20241207,8,99.90,16982.0,8322.8,0
20241207,8,100.00,16982.0,8314.4,0
20241207,8,100.01,17003.7,8179.6,0
20241207,8,101.00,17003.7,8179.6,0
20241207,8,120.10,17003.7,8174.1,0
20241207,8,138.00,17003.7,8161.6,0
20241207,8,150.00,17003.7,8145.7,0
20241207,8,151.00,17003.7,8099.7,0
20241207,8,190.00,17003.7,8066.3,0
20241207,8,200.00,17003.7,8066.2,0
20241207,8,200.01,17003.7,6892.9,0
20241207,8,200.10,17003.7,6171.2,0
20241207,8,200.98,17003.7,6171.1,0
20241207,8,200.99,17003.7,6171.0,0
20241207,8,201.00,17003.7,6170.9,0
20241207,8,210.00,17003.7,6142.1,0
20241207,8,250.00,17003.7,5825.3,0
20241207,8,299.99,17003.8,5691.0,0
20241207,8,300.00,17003.8,5691.0,0
20241207,8,500.00,17003.8,5594.8,0
20241207,8,550.02,17003.8,5584.8,0
20241207,8,900.00,17003.8,5504.0,0
20241207,8,999.00,17003.8,5498.0,0
20241207,8,999.99,17003.8,0.0,0
20241207,8,0.00,0.0,12653.9,2
20241207,8,0.00,3648.9,12653.9,2
20241207,8,0.01,10612.7,12653.9,2
20241207,8,0.02,10771.8,12652.0,2
20241207,8,0.03,10771.8,12652.0,2
20241207,8,0.04,10771.9,12651.4,2
20241207,8,1.00,10811.2,12651.4,2
20241207,8,1.01,10812.4,12597.0,2
20241207,8,2.00,10839.6,12595.0,2
20241207,8,2.09,10840.2,12587.0,2
20241207,8,2.45,10847.4,12587.0,2
20241207,8,3.00,10873.7,12587.0,2
20241207,8,4.00,10873.7,12344.2,2
20241207,8,4.18,10874.2,12343.2,2
20241207,8,4.89,10881.4,12343.2,2
20241207,8,5.00,10921.5,12343.2,2
20241207,8,5.01,10921.5,12210.4,2
20241207,8,6.00,10977.5,12203.8,2
20241207,8,6.01,10989.0,12203.8,2
20241207,8,6.26,10989.5,12203.8,2
20241207,8,6.50,10991.6,12203.8,2
20241207,8,7.00,10991.6,12203.8,2
20241207,8,7.34,10998.8,12202.9,2
20241207,8,7.71,10998.8,12202.9,2
20241207,8,7.80,10998.8,12202.8,2
20241207,8,8.00,10998.8,12130.6,2
20241207,8,8.01,10999.8,12030.4,2
20241207,8,8.04,10999.8,12030.4,2
20241207,8,8.35,11000.5,11930.4,2
20241207,8,8.89,11000.5,11930.4,2
20241207,8,8.94,11000.5,11871.4,2
20241207,8,8.97,11000.5,11841.4,2
20241207,8,9.00,11000.5,11811.4,2
20241207,8,9.01,11000.5,11751.4,2
20241207,8,9.05,11003.5,11750.8,2
20241207,8,9.07,11003.5,11720.8,2
20241207,8,9.08,11003.5,11690.8,2
20241207,8,9.10,11005.7,11660.8,2
20241207,8,9.11,11005.7,11660.8,2
20241207,8,9.16,11005.7,11600.8,2
20241207,8,9.19,11005.7,11570.8,2
20241207,8,9.22,11005.7,11540.8,2
20241207,8,9.48,11005.7,11480.8,2
20241207,8,9.50,11005.7,11480.0,2
20241207,8,9.64,11005.7,11459.9,2
20241207,8,9.66,11015.1,11429.9,2
20241207,8,9.78,11022.4,11429.9,2
20241207,8,10.00,11024.7,11429.9,2
20241207,8,10.01,11027.1,11404.9,2
20241207,8,10.14,11027.1,11401.6,2
20241207,8,10.15,11027.1,11345.6,2
20241207,8,10.20,11027.1,11245.6,2
20241207,8,10.43,11027.6,11215.6,2
20241207,8,10.44,11027.6,11215.6,2
20241207,8,10.50,11027.6,11068.6,2
20241207,8,10.60,11027.6,11038.6,2
20241207,8,10.62,11027.7,11038.2,2
20241207,8,10.68,11027.7,11038.2,2
20241207,8,10.77,11027.7,11035.2,2
20241207,8,10.79,11027.7,11005.2,2
20241207,8,10.80,11027.7,10858.2,2
20241207,8,10.82,11027.8,10711.2,2
20241207,8,10.91,11027.8,10711.2,2
20241207,8,10.93,11027.8,10708.3,2
20241207,8,11.00,11027.8,10606.3,2
20241207,8,11.01,11029.1,10563.4,2
20241207,8,11.04,11029.1,10563.0,2
20241207,8,11.08,11029.1,10416.0,2
20241207,8,11.10,11029.1,10312.0,2
20241207,8,11.11,11029.3,10310.6,2
20241207,8,11.21,11029.4,10310.6,2
20241207,8,11.29,11029.4,10310.6,2
20241207,8,11.33,11042.5,10300.7,2
20241207,8,11.35,11042.5,10300.7,2
20241207,8,11.40,11042.6,10297.5,2
20241207,8,11.50,11042.6,10297.5,2
20241207,8,11.54,11042.6,10134.5,2
20241207,8,11.57,11094.6,10011.5,2
20241207,8,11.65,11094.6,10011.5,2
20241207,8,11.70,11096.3,9888.5,2
20241207,8,11.84,11126.3,9888.5,2
20241207,8,11.87,11126.3,9888.5,2
20241207,8,11.99,11126.3,9765.5,2
20241207,8,12.00,11142.6,9642.5,2
20241207,8,12.02,11142.6,9599.2,2
20241207,8,12.03,11242.6,9539.2,2
20241207,8,12.07,11252.0,9539.2,2
20241207,8,12.10,11252.0,9539.2,2
20241207,8,12.20,11252.1,9537.5,2
20241207,8,12.22,11259.3,9537.5,2
20241207,8,12.30,11259.5,9537.5,2
20241207,8,12.34,11288.4,9537.5,2
20241207,8,12.38,11291.0,9537.5,2
20241207,8,12.46,11291.0,9537.5,2
20241207,8,12.50,11291.0,9478.5,2
20241207,8,12.54,11292.4,9477.7,2
20241207,8,12.67,11295.4,9477.7,2
20241207,8,12.71,11296.9,9477.7,2
20241207,8,12.85,11296.9,9477.7,2
20241207,8,12.87,11298.4,9476.7,2
20241207,8,13.00,11308.4,9476.7,2
20241207,8,13.01,11310.2,9471.9,2
20241207,8,13.03,11311.5,9469.3,2
20241207,8,13.04,11340.5,9467.9,2
20241207,8,13.16,11340.5,9467.9,2
20241207,8,13.17,11340.5,9450.8,2
20241207,8,13.18,11340.5,9350.8,2
20241207,8,13.19,11340.5,9250.8,2
20241207,8,13.20,11340.5,9150.8,2
20241207,8,13.21,11340.5,9050.8,2
20241207,8,13.50,11340.5,8950.8,2
20241207,8,13.56,11340.5,8910.8,2
20241207,8,13.60,11370.5,8910.4,2
20241207,8,14.00,11370.5,8910.3,2
20241207,8,14.01,11371.6,8905.8,2
20241207,8,14.09,11371.6,8905.1,2
20241207,8,14.31,11371.6,8904.7,2
20241207,8,14.34,11380.8,8889.2,2
20241207,8,14.49,11380.8,8889.2,2
20241207,8,14.62,11380.8,8875.9,2
20241207,8,14.63,11399.8,8875.0,2
20241207,8,14.64,11399.8,8875.0,2
20241207,8,14.66,11420.8,8867.6,2
20241207,8,14.72,11445.8,8856.4,2
20241207,8,14.85,11459.8,8856.4,2
20241207,8,14.88,11498.8,8856.4,2
20241207,8,14.93,11545.8,8856.4,2
20241207,8,14.98,11589.8,8856.4,2
20241207,8,15.00,11589.8,8856.4,2
20241207,8,15.01,11590.8,8796.2,2
20241207,8,15.03,11637.8,8796.2,2
20241207,8,15.12,11637.8,8796.2,2
20241207,8,15.70,11637.8,8793.5,2
20241207,8,16.17,11637.8,8793.4,2
20241207,8,16.20,11637.8,8792.6,2
20241207,8,16.40,11637.8,8748.1,2
20241207,8,16.90,11637.8,8748.0,2
20241207,8,16.91,11637.8,8747.9,2
20241207,8,17.01,11640.7,8747.7,2
20241207,8,17.20,11640.7,8742.3,2
20241207,8,18.00,11640.7,8741.8,2
20241207,8,18.75,11640.7,8741.4,2
20241207,8,20.00,11640.7,8740.5,2
20241207,8,21.33,11640.7,8738.1,2
20241207,8,21.90,11640.7,8737.3,2
20241207,8,21.91,11640.7,8737.0,2
20241207,8,23.05,11640.7,8734.5,2
20241207,8,23.77,11640.7,8733.6,2
20241207,8,23.91,11640.7,8732.8,2
20241207,8,24.00,11640.7,8729.5,2
20241207,8,26.00,11640.7,8700.4,2
20241207,8,26.65,11640.7,8700.2,2
20241207,8,28.87,11650.3,8674.1,2
20241207,8,29.90,11650.3,8674.1,2
20241207,8,30.00,11650.3,8673.9,2
20241207,8,31.79,11650.3,8656.7,2
20241207,8,35.00,11650.3,8654.4,2
20241207,8,36.00,11650.3,8647.8,2
20241207,8,36.79,11650.3,8622.8,2
20241207,8,39.69,12061.3,8611.7,2
20241207,8,40.00,12061.3,8611.7,2
20241207,8,45.00,12061.3,8599.3,2
20241207,8,45.01,12061.3,7931.5,2
20241207,8,46.00,12061.3,7878.1,2
20241207,8,50.00,12061.3,7866.8,2
20241207,8,55.00,12061.3,7811.9,2
20241207,8,60.00,12061.3,7775.9,2
20241207,8,62.17,12061.3,7746.1,2
20241207,8,77.80,12061.3,7734.8,2
20241207,8,79.90,12061.3,7713.4,2
20241207,8,80.00,12061.3,7713.2,2
20241207,8,80.01,12061.3,7535.7,2
20241207,8,80.10,12061.3,7520.5,2
20241207,8,80.21,12201.3,7520.4,2
20241207,8,82.01,12201.3,7520.4,2
20241207,8,85.00,12201.3,7494.7,2
20241207,8,99.00,12201.3,7494.0,2
20241207,8,99.90,12201.3,7493.8,2
20241207,8,100.00,12220.3,7493.0,2
20241207,8,100.01,12227.8,7455.8,2
20241207,8,101.00,12227.8,7455.8,2
20241207,8,120.10,12227.8,7335.3,2
20241207,8,138.00,12227.8,7331.0,2
20241207,8,150.00,12227.8,7263.2,2
20241207,8,200.00,12227.8,7223.1,2
20241207,8,200.01,12227.8,6707.8,2
20241207,8,200.10,12227.8,5772.2,2
20241207,8,200.50,12227.8,5769.4,2
20241207,8,201.00,12227.8,5769.2,2
20241207,8,210.00,12227.8,5765.0,2
20241207,8,250.00,12227.8,4518.0,2
20241207,8,299.99,12228.1,4511.0,2
20241207,8,550.02,12228.1,4511.0,2
20241207,8,999.00,12228.1,4329.7,2
20241207,8,999.99,12228.1,0.0,2
20241207,9,0.00,0.0,16259.5,0
20241207,9,0.00,4026.9,16259.5,0
20241207,9,0.01,12943.6,16259.5,0
20241207,9,0.02,12999.0,16256.3,0
20241207,9,0.03,13003.2,16255.9,0
20241207,9,0.04,13027.9,16255.9,0
20241207,9,0.10,13027.9,16255.9,0
20241207,9,1.00,13252.0,16235.9,0
20241207,9,1.01,13256.3,16217.3,0
20241207,9,2.00,13301.3,16214.2,0
20241207,9,2.01,13301.3,16214.2,0
20241207,9,2.72,13303.6,15914.2,0
20241207,9,3.00,13305.7,15914.2,0
20241207,9,3.01,13305.8,15834.2,0
20241207,9,4.00,13311.1,15734.2,0
20241207,9,5.00,13448.0,15734.1,0
20241207,9,5.01,13448.0,15615.1,0
20241207,9,5.43,13450.3,15317.0,0
20241207,9,5.90,13450.3,15317.0,0
20241207,9,6.00,13470.9,15300.7,0
20241207,9,6.26,13470.9,15300.7,0
20241207,9,6.50,13473.9,15294.7,0
20241207,9,6.60,13474.5,15293.7,0
20241207,9,7.00,13478.5,15293.7,0
20241207,9,7.50,13503.5,15293.7,0
20241207,9,7.73,13809.0,15293.7,0
20241207,9,8.00,13825.1,15293.7,0
20241207,9,8.01,13825.6,15274.3,0
20241207,9,8.15,13836.6,15274.3,0
20241207,9,8.48,13839.6,15274.3,0
20241207,9,8.85,13839.6,15274.3,0
20241207,9,9.01,13839.6,15117.3,0
20241207,9,9.23,13842.6,15111.0,0
20241207,9,9.60,13842.6,15111.0,0
20241207,9,9.73,13842.6,15110.9,0
20241207,9,9.80,13842.6,15065.9,0
20241207,9,9.98,13845.6,15065.8,0
20241207,9,9.99,13845.6,15065.8,0
20241207,9,10.00,13847.8,15035.8,0
20241207,9,10.25,13847.8,15035.8,0
20241207,9,10.68,13847.8,14461.8,0
20241207,9,10.73,13850.8,14459.8,0
20241207,9,10.86,13866.8,14459.8,0
20241207,9,11.00,13917.5,14459.8,0
20241207,9,11.26,13941.8,14459.8,0
20241207,9,11.34,13941.8,14387.8,0
20241207,9,11.40,13941.8,13922.6,0
20241207,9,11.48,13944.8,13922.4,0
20241207,9,11.50,14004.9,13922.4,0
20241207,9,11.51,14004.9,13825.9,0
20241207,9,12.00,14078.9,13815.1,0
20241207,9,12.13,14078.9,13814.5,0
20241207,9,12.23,14081.9,13795.1,0
20241207,9,12.40,14081.9,13795.1,0
20241207,9,12.46,14081.9,13794.7,0
20241207,9,12.47,14081.9,13790.7,0
20241207,9,12.80,14081.9,13146.7,0
20241207,9,12.99,14081.9,13146.6,0
20241207,9,13.00,14090.5,13094.6,0
20241207,9,13.01,14090.5,13074.5,0
20241207,9,13.13,14090.5,13068.3,0
20241207,9,13.34,14090.5,12903.3,0
20241207,9,13.50,14115.5,12873.3,0
20241207,9,13.73,14115.5,12829.2,0
20241207,9,13.87,14115.5,12828.9,0
20241207,9,13.95,14115.5,12628.9,0
20241207,9,14.00,14170.5,12428.9,0
20241207,9,14.01,14179.4,12423.9,0
20241207,9,14.19,14179.4,12423.9,0
20241207,9,14.24,14229.3,12223.9,0
20241207,9,14.28,14229.3,12223.9,0
20241207,9,14.33,14229.3,12023.9,0
20241207,9,14.37,14229.3,11823.9,0
20241207,9,14.41,14229.3,11623.9,0
20241207,9,14.45,14229.3,11423.9,0
20241207,9,14.48,14229.3,11223.9,0
20241207,9,14.58,14231.0,11220.9,0
20241207,9,14.69,14231.0,11220.9,0
20241207,9,14.75,14243.5,11020.9,0
20241207,9,14.82,14243.5,11020.9,0
20241207,9,15.00,14243.5,10820.9,0
20241207,9,15.23,14243.5,10789.3,0
20241207,9,15.41,14667.5,10787.2,0
20241207,9,15.43,14686.5,10787.2,0
20241207,9,15.45,14696.9,10787.2,0
20241207,9,15.50,14773.9,10787.2,0
20241207,9,15.63,14807.9,10784.2,0
20241207,9,15.90,14807.9,10784.2,0
20241207,9,15.93,14910.9,10784.0,0
20241207,9,15.98,14910.9,10784.0,0
20241207,9,16.00,14930.9,10782.9,0
20241207,9,16.15,14941.3,10731.2,0
20241207,9,16.25,15083.3,10731.2,0
20241207,9,16.32,15206.3,10731.2,0
20241207,9,16.50,15276.3,10731.2,0
20241207,9,16.59,15276.3,10731.2,0
20241207,9,16.69,15276.4,10729.0,0
20241207,9,16.70,15276.4,10729.0,0
20241207,9,16.73,15276.4,10720.0,0
20241207,9,16.85,15284.7,10719.0,0
20241207,9,17.00,15289.7,10719.0,0
20241207,9,17.43,15289.7,10693.2,0
20241207,9,17.48,15289.7,10693.0,0
20241207,9,17.50,15319.7,10692.0,0
20241207,9,17.73,15319.7,10692.0,0
20241207,9,18.00,15319.7,10670.0,0
20241207,9,18.01,15320.0,10665.1,0
20241207,9,18.07,15320.0,10665.1,0
20241207,9,18.23,15320.0,10663.4,0
20241207,9,18.43,15394.0,10662.4,0
20241207,9,18.78,15394.0,10662.4,0
20241207,9,18.79,15405.5,10661.7,0
20241207,9,18.92,15405.5,10661.7,0
20241207,9,18.98,15405.5,10661.0,0
20241207,9,19.46,15405.5,10660.0,0
20241207,9,19.59,15546.5,10578.0,0
20241207,9,19.63,15688.5,10578.0,0
20241207,9,19.70,15829.5,10578.0,0
20241207,9,19.73,15971.5,10578.0,0
20241207,9,19.77,16112.5,10577.0,0
20241207,9,20.00,16112.5,10577.0,0
20241207,9,20.06,16112.5,10564.8,0
20241207,9,20.12,16112.5,10555.9,0
20241207,9,20.42,16112.5,10552.6,0
20241207,9,20.48,16112.5,10552.5,0
20241207,9,20.49,16112.5,10551.5,0
20241207,9,20.75,16254.5,10449.4,0
20241207,9,21.02,16254.5,10449.4,0
20241207,9,21.10,16266.6,9649.4,0
20241207,9,21.21,16266.6,9649.4,0
20241207,9,21.23,16266.6,9606.7,0
20241207,9,21.50,16266.6,9605.7,0
20241207,9,21.70,16266.8,9605.5,0
20241207,9,21.98,16266.8,9605.5,0
20241207,9,22.58,16274.5,9603.9,0
20241207,9,23.07,16274.5,9603.9,0
20241207,9,23.20,16289.9,9587.9,0
20241207,9,23.97,16430.9,9587.9,0
20241207,9,24.04,16430.9,9587.9,0
20241207,9,25.00,16430.9,9584.2,0
20241207,9,26.00,16430.9,9578.1,0
20241207,9,26.52,16430.9,9577.5,0
20241207,9,27.00,16430.9,9521.9,0
20241207,9,27.17,16572.9,9457.8,0
20241207,9,27.42,16572.9,9457.8,0
20241207,9,28.36,16572.9,9457.7,0
20241207,9,29.90,16572.9,9452.2,0
20241207,9,30.00,16572.9,9451.5,0
20241207,9,32.02,16713.9,9435.5,0
20241207,9,33.62,16784.1,9435.5,0
20241207,9,34.42,16784.1,9435.5,0
20241207,9,35.00,16784.1,9435.3,0
20241207,9,36.50,16784.1,9409.8,0
20241207,9,37.50,16784.1,9409.7,0
20241207,9,40.00,16784.1,9375.3,0
20241207,9,40.01,16784.1,9348.5,0
20241207,9,45.00,16784.1,9274.2,0
20241207,9,45.01,16784.1,9258.8,0
20241207,9,48.32,16784.1,9254.6,0
20241207,9,50.00,16784.5,9228.6,0
20241207,9,50.01,16784.5,9047.0,0
20241207,9,50.90,16784.5,9045.8,0
20241207,9,55.00,16784.5,9045.7,0
20241207,9,60.00,16784.5,9024.7,0
20241207,9,62.67,16784.5,8974.5,0
20241207,9,77.80,16784.5,8961.6,0
20241207,9,79.90,16784.5,8921.2,0
20241207,9,80.00,16784.5,8920.7,0
20241207,9,80.01,16784.5,8469.6,0
20241207,9,80.02,16784.5,8424.5,0
20241207,9,81.00,16784.5,8348.5,0
20241207,9,82.01,16784.5,8348.0,0
20241207,9,85.00,16784.5,8287.7,0
20241207,9,90.00,16784.5,8285.2,0
20241207,9,99.90,16784.5,8281.5,0
20241207,9,100.00,16784.5,8272.7,0
20241207,9,100.01,16806.2,8133.9,0
20241207,9,101.00,16806.2,8133.9,0
20241207,9,120.10,16806.2,8128.4,0
20241207,9,138.00,16806.2,8115.5,0
20241207,9,150.00,16806.2,8099.4,0
20241207,9,151.00,16806.2,8052.8,0
20241207,9,190.00,16806.2,8019.0,0
20241207,9,200.00,16806.2,8018.9,0
20241207,9,200.01,16806.2,6828.3,0
20241207,9,200.10,16806.2,6105.8,0
20241207,9,200.98,16806.2,6105.7,0
20241207,9,200.99,16806.2,6105.6,0
20241207,9,201.00,16806.2,6105.5,0
20241207,9,210.00,16806.2,6076.7,0
20241207,9,250.00,16806.2,5757.8,0
20241207,9,299.99,16806.3,5625.2,0
20241207,9,300.00,16806.3,5625.2,0
20241207,9,500.00,16806.3,5529.0,0
20241207,9,550.02,16806.3,5519.0,0
20241207,9,900.00,16806.3,5438.3,0
20241207,9,999.00,16806.3,5432.3,0
20241207,9,999.99,16806.3,0.0,0
20241207,9,0.00,0.0,12634.3,2
20241207,9,0.00,3659.2,12634.3,2
20241207,9,0.01,10621.0,12634.3,2
20241207,9,0.02,10780.1,12632.4,2
20241207,9,0.03,10780.1,12632.4,2
20241207,9,0.04,10780.2,12631.7,2
20241207,9,1.00,10819.5,12631.7,2
20241207,9,1.01,10820.7,12577.1,2
20241207,9,2.00,10847.9,12575.1,2
20241207,9,2.12,10848.5,12567.1,2
20241207,9,2.50,10855.7,12567.1,2
20241207,9,3.00,10881.9,12567.1,2
20241207,9,4.00,10881.9,12324.3,2
20241207,9,4.24,10882.4,12323.3,2
20241207,9,4.99,10889.6,12323.3,2
20241207,9,5.00,10930.6,12323.3,2
20241207,9,5.01,10930.6,12190.5,2
20241207,9,6.00,10986.4,12183.9,2
20241207,9,6.01,10997.9,12183.9,2
20241207,9,6.35,10998.4,12183.9,2
20241207,9,6.50,11000.5,12183.9,2
20241207,9,7.00,11000.5,12183.9,2
20241207,9,7.48,11007.7,12183.0,2
20241207,9,7.80,11007.7,12183.0,2
20241207,9,7.85,11007.7,12110.9,2
20241207,9,8.00,11007.7,12110.8,2
20241207,9,8.01,11008.7,12010.7,2
20241207,9,8.04,11008.7,12010.7,2
20241207,9,8.38,11009.8,11910.7,2
20241207,9,8.47,11010.4,11910.7,2
20241207,9,8.89,11010.4,11910.7,2
20241207,9,8.94,11010.4,11851.7,2
20241207,9,8.97,11010.4,11821.7,2
20241207,9,9.00,11010.4,11791.7,2
20241207,9,9.01,11010.4,11731.6,2
20241207,9,9.05,11010.4,11731.0,2
20241207,9,9.08,11010.4,11701.0,2
20241207,9,9.11,11010.4,11671.0,2
20241207,9,9.13,11012.8,11611.0,2
20241207,9,9.16,11012.8,11611.0,2
20241207,9,9.19,11012.8,11581.0,2
20241207,9,9.22,11012.8,11551.0,2
20241207,9,9.23,11015.8,11494.0,2
20241207,9,9.27,11015.8,11494.0,2
20241207,9,9.50,11015.8,11491.0,2
20241207,9,9.55,11015.8,11470.9,2
20241207,9,9.85,11025.2,11440.9,2
20241207,9,9.97,11032.5,11440.9,2
20241207,9,10.00,11034.8,11440.9,2
20241207,9,10.01,11037.2,11415.9,2
20241207,9,10.14,11037.2,11412.6,2
20241207,9,10.15,11037.2,11356.6,2
20241207,9,10.44,11037.2,11226.6,2
20241207,9,10.49,11037.2,11078.6,2
20241207,9,10.50,11037.2,11077.8,2
20241207,9,10.58,11037.7,11047.8,2
20241207,9,10.62,11037.8,11047.8,2
20241207,9,10.63,11037.8,11047.8,2
20241207,9,10.66,11037.9,11047.4,2
20241207,9,10.68,11037.9,11047.4,2
20241207,9,10.71,11038.0,11044.4,2
20241207,9,10.74,11038.0,11044.4,2
20241207,9,10.75,11038.1,11014.4,2
20241207,9,10.79,11038.2,11014.4,2
20241207,9,10.80,11038.2,10866.4,2
20241207,9,10.93,11038.2,10719.4,2
20241207,9,11.00,11038.2,10617.4,2
20241207,9,11.01,11039.3,10571.6,2
20241207,9,11.04,11039.3,10571.2,2
20241207,9,11.08,11039.3,10424.2,2
20241207,9,11.34,11039.3,10320.2,2
20241207,9,11.38,11039.3,10290.2,2
20241207,9,11.40,11039.3,10287.0,2
20241207,9,11.50,11039.8,10277.0,2
20241207,9,11.51,11040.1,10112.5,2
20241207,9,11.54,11040.1,10112.5,2
20241207,9,11.57,11092.1,9989.5,2
20241207,9,11.61,11105.2,9989.5,2
20241207,9,11.65,11105.2,9989.5,2
20241207,9,11.70,11106.9,9866.5,2
20241207,9,11.84,11136.9,9866.5,2
20241207,9,11.87,11136.9,9866.5,2
20241207,9,11.99,11136.9,9743.5,2
20241207,9,12.00,11152.7,9620.5,2
20241207,9,12.03,11252.7,9577.2,2
20241207,9,12.10,11252.9,9577.2,2
20241207,9,12.13,11252.9,9577.2,2
20241207,9,12.20,11253.1,9575.5,2
20241207,9,12.31,11262.5,9575.5,2
20241207,9,12.38,11263.7,9575.5,2
20241207,9,12.46,11270.9,9575.5,2
20241207,9,12.50,11270.9,9575.5,2
20241207,9,12.53,11270.9,9575.3,2
20241207,9,12.67,11272.3,9515.3,2
20241207,9,12.88,11273.7,9515.3,2
20241207,9,12.93,11276.7,9514.3,2
20241207,9,12.94,11305.6,9514.3,2
20241207,9,13.00,11315.6,9514.3,2
20241207,9,13.01,11317.4,9509.3,2
20241207,9,13.08,11318.9,9506.7,2
20241207,9,13.12,11318.9,9506.7,2
20241207,9,13.17,11318.9,9447.7,2
20241207,9,13.18,11318.9,9403.9,2
20241207,9,13.19,11318.9,9303.9,2
20241207,9,13.20,11318.9,9203.9,2
20241207,9,13.21,11318.9,9103.9,2
20241207,9,13.29,11320.4,9003.9,2
20241207,9,13.50,11321.7,9003.9,2
20241207,9,13.63,11321.7,8963.5,2
20241207,9,13.72,11321.7,8963.4,2
20241207,9,13.73,11350.7,8962.4,2
20241207,9,14.00,11350.7,8962.4,2
20241207,9,14.01,11351.7,8957.9,2
20241207,9,14.31,11351.7,8957.2,2
20241207,9,14.33,11381.7,8941.7,2
20241207,9,14.35,11381.7,8941.7,2
20241207,9,14.40,11381.7,8941.3,2
20241207,9,14.63,11396.7,8927.7,2
20241207,9,14.66,11413.7,8927.7,2
20241207,9,14.72,11434.7,8927.7,2
20241207,9,14.85,11473.7,8927.7,2
20241207,9,14.88,11509.7,8927.7,2
20241207,9,14.93,11552.7,8927.7,2
20241207,9,14.94,11563.6,8927.7,2
20241207,9,14.98,11604.6,8927.7,2
20241207,9,15.00,11604.6,8927.7,2
20241207,9,15.01,11605.6,8867.5,2
20241207,9,15.03,11649.6,8867.5,2
20241207,9,15.12,11649.6,8867.5,2
20241207,9,15.20,11649.6,8864.8,2
20241207,9,15.70,11649.6,8864.4,2
20241207,9,15.90,11649.6,8864.3,2
20241207,9,16.05,11649.6,8819.0,2
20241207,9,16.40,11649.6,8818.1,2
20241207,9,17.01,11652.5,8818.0,2
20241207,9,17.19,11652.5,8812.6,2
20241207,9,17.20,11652.5,8812.5,2
20241207,9,17.28,11652.5,8811.8,2
20241207,9,18.00,11652.5,8811.0,2
20241207,9,19.32,11652.5,8810.7,2
20241207,9,20.00,11652.5,8809.8,2
20241207,9,21.36,11652.5,8807.2,2
20241207,9,22.19,11652.5,8806.4,2
20241207,9,22.20,11652.5,8806.0,2
20241207,9,22.72,11652.5,8803.6,2
20241207,9,23.29,11652.5,8802.7,2
20241207,9,23.40,11652.5,8801.9,2
20241207,9,24.00,11652.5,8799.5,2
20241207,9,26.00,11652.5,8770.3,2
20241207,9,28.87,11662.1,8743.4,2
20241207,9,29.90,11662.1,8743.4,2
20241207,9,30.00,11662.1,8743.2,2
20241207,9,31.79,11662.1,8726.0,2
20241207,9,35.00,11662.1,8723.7,2
20241207,9,36.00,11662.1,8716.4,2
20241207,9,36.79,11662.1,8691.4,2
20241207,9,39.69,12078.1,8680.3,2
20241207,9,40.00,12078.1,8680.3,2
20241207,9,45.00,12078.1,8668.2,2
20241207,9,45.01,12078.1,8000.4,2
20241207,9,46.00,12078.1,7947.7,2
20241207,9,50.00,12078.1,7936.0,2
20241207,9,55.00,12078.1,7879.7,2
20241207,9,60.00,12078.1,7843.5,2
20241207,9,62.46,12078.1,7814.1,2
20241207,9,77.80,12078.1,7802.4,2
20241207,9,79.90,12078.1,7780.3,2
20241207,9,80.00,12078.1,7780.1,2
20241207,9,80.01,12078.1,7604.7,2
20241207,9,80.10,12078.1,7589.5,2
20241207,9,80.21,12218.1,7589.4,2
20241207,9,82.01,12218.1,7589.4,2
20241207,9,85.00,12218.1,7563.5,2
20241207,9,99.00,12218.1,7562.7,2
20241207,9,99.90,12218.1,7562.5,2
20241207,9,100.00,12237.1,7561.7,2
20241207,9,100.01,12244.6,7524.8,2
20241207,9,101.00,12244.6,7524.8,2
20241207,9,120.10,12244.6,7404.3,2
20241207,9,138.00,12244.6,7399.9,2
20241207,9,150.00,12244.6,7331.8,2
20241207,9,200.00,12244.6,7291.0,2
20241207,9,200.01,12244.6,6771.7,2
20241207,9,200.10,12244.6,5836.2,2
20241207,9,200.50,12244.6,5833.4,2
20241207,9,201.00,12244.6,5833.2,2
20241207,9,210.00,12244.6,5829.0,2
20241207,9,250.00,12244.6,4583.3,2
20241207,9,299.99,12244.9,4576.2,2
20241207,9,550.02,12244.9,4576.2,2
20241207,9,999.00,12244.9,4394.9,2
20241207,9,999.99,12244.9,0.0,2
20241207,10,0.00,0.0,16351.2,0
20241207,10,0.00,3985.0,16351.2,0
20241207,10,0.01,12869.0,16351.2,0
20241207,10,0.02,12923.9,16348.1,0
20241207,10,0.03,12927.7,16347.7,0
20241207,10,0.04,12951.9,16347.7,0
20241207,10,0.10,12951.9,16347.7,0
20241207,10,1.00,13171.3,16327.7,0
20241207,10,1.01,13175.7,16309.1,0
20241207,10,2.00,13220.8,16305.9,0
20241207,10,2.01,13220.8,16305.9,0
20241207,10,2.71,13223.1,16005.9,0
20241207,10,3.00,13225.2,16005.9,0
20241207,10,3.01,13225.3,15925.9,0
20241207,10,4.00,13228.3,15825.9,0
20241207,10,5.00,13364.4,15825.9,0
20241207,10,5.01,13364.4,15706.6,0
20241207,10,5.42,13366.7,15407.0,0
20241207,10,5.90,13366.7,15407.0,0
20241207,10,6.00,13387.3,15390.7,0
20241207,10,6.26,13387.3,15390.7,0
20241207,10,6.50,13387.8,15384.7,0
20241207,10,6.60,13388.4,15383.7,0
20241207,10,7.00,13392.4,15383.7,0
20241207,10,7.50,13417.4,15383.7,0
20241207,10,7.76,13717.0,15383.7,0
20241207,10,8.00,13733.1,15383.7,0
20241207,10,8.01,13733.6,15364.5,0
20241207,10,8.12,13741.4,15364.5,0
20241207,10,8.22,13741.4,15364.5,0
20241207,10,8.51,13744.4,15364.3,0
20241207,10,8.85,13744.4,15364.3,0
20241207,10,9.01,13744.4,15207.3,0
20241207,10,9.26,13747.4,15201.0,0
20241207,10,9.60,13747.4,15201.0,0
20241207,10,9.73,13747.4,15200.9,0
20241207,10,9.80,13747.4,15155.9,0
20241207,10,9.99,13747.4,15155.8,0
20241207,10,10.00,13749.7,15125.8,0
20241207,10,10.01,13752.7,15125.8,0
20241207,10,10.25,13752.7,15125.8,0
20241207,10,10.76,13755.7,14551.8,0
20241207,10,10.83,13771.7,14551.8,0
20241207,10,11.00,13820.3,14551.8,0
20241207,10,11.26,13820.3,14551.8,0
20241207,10,11.34,13820.3,14455.5,0
20241207,10,11.40,13820.3,13990.3,0
20241207,10,11.50,13880.4,13990.1,0
20241207,10,11.51,13883.4,13893.6,0
20241207,10,12.00,13957.4,13882.3,0
20241207,10,12.13,13957.4,13881.7,0
20241207,10,12.25,13957.4,13862.3,0
20241207,10,12.26,13960.4,13860.4,0
20241207,10,12.40,13960.4,13860.4,0
20241207,10,12.51,13960.4,13860.0,0
20241207,10,12.80,13960.4,13259.0,0
20241207,10,12.99,13960.4,13258.9,0
20241207,10,13.00,13969.4,13159.9,0
20241207,10,13.01,13969.4,13139.8,0
20241207,10,13.13,13969.4,13133.6,0
20241207,10,13.34,13969.4,12968.6,0
20241207,10,13.50,13994.4,12938.6,0
20241207,10,13.52,13994.4,12938.6,0
20241207,10,13.76,13994.4,12893.4,0
20241207,10,13.92,13994.4,12893.1,0
20241207,10,14.00,14049.4,12693.1,0
20241207,10,14.01,14058.4,12688.1,0
20241207,10,14.06,14058.4,12688.1,0
20241207,10,14.20,14058.4,12488.1,0
20241207,10,14.30,14058.4,12288.1,0
20241207,10,14.35,14058.4,12088.1,0
20241207,10,14.39,14058.4,11888.1,0
20241207,10,14.42,14058.4,11688.1,0
20241207,10,14.51,14058.4,11488.1,0
20241207,10,14.52,14058.4,11485.1,0
20241207,10,14.70,14060.1,11285.1,0
20241207,10,14.72,14060.1,11285.1,0
20241207,10,14.96,14060.1,11085.1,0
20241207,10,15.00,14060.1,10885.1,0
20241207,10,15.26,14060.1,10853.6,0
20241207,10,15.44,14454.1,10851.5,0
20241207,10,15.50,14531.1,10851.5,0
20241207,10,15.66,14565.1,10851.5,0
20241207,10,15.90,14565.1,10851.5,0
20241207,10,15.93,14668.1,10851.3,0
20241207,10,15.99,14718.0,10851.3,0
20241207,10,16.00,14738.0,10851.3,0
20241207,10,16.01,14738.0,10799.0,0
20241207,10,16.50,14808.0,10797.9,0
20241207,10,16.58,14820.5,10797.9,0
20241207,10,16.59,14820.5,10797.9,0
20241207,10,16.62,14992.5,10796.0,0
20241207,10,16.70,14992.5,10796.0,0
20241207,10,16.76,14992.5,10787.0,0
20241207,10,16.78,14992.6,10786.0,0
20241207,10,17.00,14997.6,10786.0,0
20241207,10,17.37,15008.0,10757.7,0
20241207,10,17.43,15008.0,10757.7,0
20241207,10,17.50,15038.0,10757.5,0
20241207,10,17.51,15038.0,10757.5,0
20241207,10,17.73,15038.0,10756.5,0
20241207,10,18.00,15038.0,10734.5,0
20241207,10,18.01,15038.3,10729.6,0
20241207,10,18.07,15038.3,10729.6,0
20241207,10,18.16,15048.7,10727.9,0
20241207,10,18.26,15048.7,10727.9,0
20241207,10,18.43,15122.7,10726.9,0
20241207,10,18.78,15122.7,10726.9,0
20241207,10,18.79,15133.7,10725.7,0
20241207,10,18.86,15133.9,10725.7,0
20241207,10,18.95,15142.2,10725.7,0
20241207,10,19.00,15142.2,10725.7,0
20241207,10,19.01,15142.2,10725.1,0
20241207,10,19.19,15142.2,10724.1,0
20241207,10,19.46,15142.2,10723.0,0
20241207,10,19.50,15142.2,10641.0,0
20241207,10,19.56,15284.2,10640.8,0
20241207,10,19.63,15425.2,10640.8,0
20241207,10,19.66,15567.2,10640.8,0
20241207,10,19.70,15708.2,10640.8,0
20241207,10,19.76,15708.2,10640.8,0
20241207,10,19.77,15850.2,10639.8,0
20241207,10,19.80,15991.2,10639.8,0
20241207,10,20.00,15991.2,10639.8,0
20241207,10,20.12,15991.2,10627.5,0
20241207,10,20.49,15991.2,10624.1,0
20241207,10,20.51,15991.2,10516.8,0
20241207,10,20.89,15991.2,10515.8,0
20241207,10,21.02,15991.2,10515.1,0
20241207,10,21.10,16002.9,9715.1,0
20241207,10,21.21,16002.9,9715.1,0
20241207,10,21.26,16002.9,9672.0,0
20241207,10,21.29,16002.9,9671.0,0
20241207,10,22.01,16002.9,9670.9,0
20241207,10,22.20,16002.9,9669.1,0
20241207,10,22.35,16144.9,9659.8,0
20241207,10,22.58,16152.6,9659.8,0
20241207,10,23.07,16152.6,9659.8,0
20241207,10,23.20,16168.0,9644.1,0
20241207,10,24.04,16168.0,9644.1,0
20241207,10,25.00,16168.0,9640.4,0
20241207,10,25.57,16309.0,9634.2,0
20241207,10,26.00,16309.0,9634.2,0
20241207,10,27.00,16309.0,9633.6,0
20241207,10,27.62,16309.0,9570.1,0
20241207,10,28.29,16309.0,9508.1,0
20241207,10,28.80,16451.0,9508.0,0
20241207,10,29.90,16451.0,9508.0,0
20241207,10,30.00,16451.0,9507.3,0
20241207,10,31.36,16451.0,9491.1,0
20241207,10,33.62,16591.7,9483.5,0
20241207,10,35.00,16591.7,9483.5,0
20241207,10,35.29,16591.7,9459.3,0
20241207,10,37.50,16591.7,9459.1,0
20241207,10,38.50,16591.7,9424.7,0
20241207,10,40.00,16591.7,9424.6,0
20241207,10,40.01,16591.7,9397.9,0
20241207,10,45.00,16591.7,9322.9,0
20241207,10,45.01,16591.7,9306.9,0
20241207,10,48.32,16591.7,9302.7,0
20241207,10,50.00,16592.5,9276.6,0
20241207,10,50.01,16592.5,9092.1,0
20241207,10,50.90,16592.5,9090.7,0
20241207,10,55.00,16592.5,9090.6,0
20241207,10,60.00,16592.5,9069.4,0
20241207,10,62.73,16592.5,9018.8,0
20241207,10,77.80,16592.5,9005.3,0
20241207,10,79.90,16592.5,8963.4,0
20241207,10,80.00,16592.5,8963.0,0
20241207,10,80.01,16592.5,8509.4,0
20241207,10,80.02,16592.5,8463.4,0
20241207,10,81.00,16592.5,8387.4,0
20241207,10,82.01,16592.5,8387.0,0
20241207,10,85.00,16592.5,8325.8,0
20241207,10,90.00,16592.5,8323.5,0
20241207,10,99.90,16592.5,8320.2,0
20241207,10,100.00,16592.5,8311.3,0
20241207,10,100.01,16614.2,8169.3,0
20241207,10,101.00,16614.2,8169.3,0
20241207,10,120.10,16614.2,8163.8,0
20241207,10,138.00,16614.2,8150.8,0
20241207,10,150.00,16614.2,8134.7,0
20241207,10,151.00,16614.2,8087.7,0
20241207,10,190.00,16614.2,8053.7,0
20241207,10,200.00,16614.2,8053.6,0
20241207,10,200.01,16614.2,6854.7,0
20241207,10,200.10,16614.2,6131.3,0
20241207,10,200.98,16614.2,6131.2,0
20241207,10,200.99,16614.2,6131.1,0
20241207,10,201.00,16614.2,6131.0,0
20241207,10,210.00,16614.2,6100.3,0
20241207,10,250.00,16614.2,5780.4,0
20241207,10,299.99,16614.3,5648.8,0
20241207,10,300.00,16614.3,5648.8,0
20241207,10,500.00,16614.3,5552.7,0
20241207,10,550.02,16614.3,5542.7,0
20241207,10,900.00,16614.3,5462.0,0
20241207,10,999.00,16614.3,5456.0,0
20241207,10,999.99,16614.3,0.0,0
20241207,10,0.00,0.0,12632.2,2
20241207,10,0.00,3661.2,12632.2,2
20241207,10,0.01,10598.8,12632.2,2
20241207,10,0.02,10756.9,12630.2,2
20241207,10,0.03,10756.9,12630.2,2
20241207,10,0.04,10757.0,12629.5,2
20241207,10,1.00,10796.2,12629.5,2
20241207,10,1.01,10797.4,12574.9,2
20241207,10,1.11,10798.0,12573.0,2
20241207,10,2.00,10824.9,12573.0,2
20241207,10,2.21,10825.4,12565.0,2
20241207,10,2.51,10832.6,12565.0,2
20241207,10,3.00,10859.0,12565.0,2
20241207,10,3.31,10859.5,12321.8,2
20241207,10,4.00,10859.5,12321.8,2
20241207,10,4.41,10860.1,12320.8,2
20241207,10,5.00,10902.1,12320.8,2
20241207,10,5.01,10909.3,12187.9,2
20241207,10,5.51,10909.8,12181.5,2
20241207,10,6.00,10965.6,12181.5,2
20241207,10,6.01,10977.1,12181.5,2
20241207,10,6.06,10977.2,12181.5,2
20241207,10,6.50,10979.3,12181.5,2
20241207,10,6.61,10979.4,12181.5,2
20241207,10,7.00,10979.4,12181.5,2
20241207,10,7.16,10979.5,12180.6,2
20241207,10,7.52,10986.7,12180.6,2
20241207,10,7.71,10986.8,12180.6,2
20241207,10,7.80,10986.8,12180.6,2
20241207,10,7.88,10986.8,12108.7,2
20241207,10,8.00,10986.8,12108.6,2
20241207,10,8.01,10987.8,12008.4,2
20241207,10,8.04,10987.8,12008.4,2
20241207,10,8.26,10987.9,11908.4,2
20241207,10,8.38,10988.9,11908.4,2
20241207,10,8.45,10988.9,11908.4,2
20241207,10,8.89,10988.9,11907.6,2
20241207,10,8.94,10988.9,11848.6,2
20241207,10,8.97,10988.9,11818.6,2
20241207,10,9.00,10988.9,11788.6,2
20241207,10,9.01,10988.9,11728.6,2
20241207,10,9.05,10988.9,11728.0,2
20241207,10,9.08,10988.9,11698.0,2
20241207,10,9.09,10988.9,11668.0,2
20241207,10,9.11,10988.9,11638.0,2
20241207,10,9.13,10991.1,11578.0,2
20241207,10,9.16,10991.1,11578.0,2
20241207,10,9.19,10991.1,11548.0,2
20241207,10,9.22,10991.1,11518.0,2
20241207,10,9.23,10994.1,11465.0,2
20241207,10,9.27,10994.1,11465.0,2
20241207,10,9.50,10994.1,11458.0,2
20241207,10,9.66,10994.1,11437.7,2
20241207,10,9.84,11003.5,11407.7,2
20241207,10,10.00,11005.9,11407.7,2
20241207,10,10.01,11008.3,11382.7,2
20241207,10,10.02,11015.6,11379.3,2
20241207,10,10.14,11015.6,11379.3,2
20241207,10,10.15,11015.6,11323.3,2
20241207,10,10.23,11015.6,11223.3,2
20241207,10,10.44,11015.6,11193.3,2
20241207,10,10.50,11015.6,11045.3,2
20241207,10,10.63,11015.6,11015.3,2
20241207,10,10.68,11015.6,11014.9,2
20241207,10,10.79,11015.6,11011.9,2
20241207,10,10.80,11015.6,10863.9,2
20241207,10,10.93,11015.6,10686.9,2
20241207,10,11.00,11015.6,10584.9,2
20241207,10,11.01,11016.7,10538.8,2
20241207,10,11.04,11016.7,10538.4,2
20241207,10,11.08,11016.7,10391.4,2
20241207,10,11.10,11016.7,10287.4,2
20241207,10,11.11,11017.0,10286.1,2
20241207,10,11.38,11017.0,10286.1,2
20241207,10,11.40,11017.5,10282.9,2
20241207,10,11.50,11017.5,10282.9,2
20241207,10,11.54,11017.5,10119.9,2
20241207,10,11.57,11069.5,9996.9,2
20241207,10,11.61,11082.8,9996.9,2
20241207,10,11.62,11082.8,9996.9,2
20241207,10,11.65,11082.8,9986.5,2
20241207,10,11.70,11084.7,9863.5,2
20241207,10,11.84,11114.7,9863.5,2
20241207,10,11.87,11114.7,9863.5,2
20241207,10,11.95,11114.9,9740.5,2
20241207,10,11.99,11114.9,9740.5,2
20241207,10,12.00,11130.7,9617.5,2
20241207,10,12.02,11130.7,9574.2,2
20241207,10,12.03,11230.7,9514.2,2
20241207,10,12.13,11230.7,9514.2,2
20241207,10,12.30,11240.1,9512.4,2
20241207,10,12.36,11269.0,9512.4,2
20241207,10,12.38,11270.2,9512.4,2
20241207,10,12.49,11270.2,9512.4,2
20241207,10,12.50,11270.2,9453.4,2
20241207,10,12.52,11277.4,9452.5,2
20241207,10,12.72,11278.8,9452.5,2
20241207,10,12.88,11278.8,9452.5,2
20241207,10,12.92,11283.2,9451.5,2
20241207,10,13.00,11293.2,9451.5,2
20241207,10,13.01,11295.1,9445.7,2
20241207,10,13.06,11295.1,9443.1,2
20241207,10,13.07,11324.1,9442.1,2
20241207,10,13.13,11325.6,9442.1,2
20241207,10,13.17,11325.6,9442.1,2
20241207,10,13.18,11325.6,9415.1,2
20241207,10,13.19,11325.6,9315.1,2
20241207,10,13.20,11325.6,9215.1,2
20241207,10,13.21,11325.6,9115.1,2
20241207,10,13.33,11327.1,9015.1,2
20241207,10,13.50,11327.1,9015.1,2
20241207,10,13.53,11328.4,8975.1,2
20241207,10,13.63,11328.4,8974.7,2
20241207,10,13.64,11358.4,8974.6,2
20241207,10,14.00,11358.4,8974.6,2
20241207,10,14.01,11359.4,8970.3,2
20241207,10,14.31,11359.4,8969.6,2
20241207,10,14.36,11370.3,8954.1,2
20241207,10,14.40,11370.3,8954.1,2
20241207,10,14.63,11385.3,8953.7,2
20241207,10,14.66,11402.3,8953.7,2
20241207,10,14.72,11423.3,8953.7,2
20241207,10,14.74,11423.3,8953.7,2
20241207,10,14.85,11462.3,8939.8,2
20241207,10,14.88,11498.3,8939.8,2
20241207,10,14.93,11541.3,8939.8,2
20241207,10,14.98,11582.3,8939.8,2
20241207,10,15.00,11582.3,8939.8,2
20241207,10,15.01,11583.3,8879.7,2
20241207,10,15.03,11627.3,8879.7,2
20241207,10,15.12,11627.3,8879.7,2
20241207,10,15.27,11627.3,8876.7,2
20241207,10,15.70,11627.3,8876.3,2
20241207,10,15.99,11627.3,8876.2,2
20241207,10,16.14,11627.3,8829.4,2
20241207,10,16.40,11627.3,8828.5,2
20241207,10,17.01,11630.1,8828.4,2
20241207,10,17.19,11630.1,8822.9,2
20241207,10,17.20,11630.1,8822.8,2
20241207,10,17.48,11630.1,8822.1,2
20241207,10,18.00,11630.1,8821.3,2
20241207,10,19.70,11630.1,8820.9,2
20241207,10,20.00,11630.1,8820.0,2
20241207,10,21.93,11630.1,8817.3,2
20241207,10,22.19,11630.1,8816.5,2
20241207,10,22.20,11630.1,8816.1,2
20241207,10,23.41,11630.1,8813.6,2
20241207,10,24.00,11630.1,8812.7,2
20241207,10,24.03,11630.1,8783.0,2
20241207,10,24.15,11630.1,8782.2,2
20241207,10,26.00,11630.1,8780.1,2
20241207,10,26.86,11630.1,8779.6,2
20241207,10,28.87,11639.7,8751.9,2
20241207,10,29.90,11639.7,8751.9,2
20241207,10,30.00,11639.7,8751.7,2
20241207,10,31.79,11639.7,8734.4,2
20241207,10,35.00,11639.7,8732.0,2
20241207,10,36.00,11639.7,8725.3,2
20241207,10,36.79,11639.7,8700.3,2
20241207,10,39.69,12064.7,8689.2,2
20241207,10,40.00,12064.7,8689.2,2
20241207,10,45.00,12064.7,8676.8,2
20241207,10,45.01,12064.7,8008.9,2
20241207,10,46.00,12064.7,7956.4,2
20241207,10,50.00,12064.7,7944.1,2
20241207,10,55.00,12064.7,7886.4,2
20241207,10,60.00,12064.7,7850.2,2
20241207,10,62.52,12064.7,7820.6,2
20241207,10,77.80,12064.7,7808.6,2
20241207,10,79.90,12064.7,7785.7,2
20241207,10,80.00,12064.7,7785.5,2
20241207,10,80.01,12064.7,7607.4,2
20241207,10,80.10,12064.7,7591.9,2
20241207,10,80.21,12204.7,7591.8,2
20241207,10,82.01,12204.7,7591.8,2
20241207,10,85.00,12204.7,7565.8,2
20241207,10,99.00,12204.7,7565.0,2
20241207,10,99.90,12204.7,7564.8,2
20241207,10,100.00,12223.7,7563.9,2
20241207,10,100.01,12231.2,7526.2,2
20241207,10,101.00,12231.2,7526.2,2
20241207,10,120.10,12231.2,7405.7,2
20241207,10,138.00,12231.2,7401.3,2
20241207,10,150.00,12231.2,7332.8,2
20241207,10,200.00,12231.2,7292.5,2
20241207,10,200.01,12231.2,6770.9,2
20241207,10,200.10,12231.2,5833.4,2
20241207,10,200.50,12231.2,5830.6,2
20241207,10,201.00,12231.2,5830.4,2
20241207,10,210.00,12231.2,5826.2,2
20241207,10,250.00,12231.2,4580.4,2
20241207,10,299.99,12231.5,4573.2,2
20241207,10,550.02,12231.5,4573.2,2
20241207,10,999.00,12231.5,4391.9,2
20241207,10,999.99,12231.5,0.0,2
20241207,11,0.00,0.0,8343.6,0
20241207,11,0.00,2659.0,8343.6,0
20241207,11,0.01,6722.6,8343.6,0
20241207,11,0.02,6770.9,8340.4,0
20241207,11,0.03,6774.3,8340.0,0
20241207,11,0.10,6774.3,8340.0,0
20241207,11,0.45,6779.4,8320.0,0
20241207,11,1.00,6865.0,8320.0,0
20241207,11,1.01,6865.0,8312.6,0
20241207,11,1.35,6867.0,8309.4,0
20241207,11,2.01,6867.0,8309.4,0
20241207,11,2.25,6869.0,8009.4,0
20241207,11,2.67,6871.3,8009.4,0
20241207,11,3.00,6872.3,8009.4,0
20241207,11,3.01,6872.3,7929.4,0
20241207,11,3.15,6874.3,7829.4,0
20241207,11,4.05,6876.3,7829.4,0
20241207,11,4.95,6878.3,7829.4,0
20241207,11,5.00,6960.9,7829.4,0
20241207,11,5.01,6960.9,7772.5,0
20241207,11,5.32,6963.2,7536.9,0
20241207,11,5.85,6965.2,7536.9,0
20241207,11,5.90,6965.2,7536.9,0
20241207,11,6.00,6985.8,7520.6,0
20241207,11,6.26,6985.8,7520.6,0
20241207,11,6.50,6985.8,7514.6,0
20241207,11,6.60,6986.4,7513.6,0
20241207,11,6.75,6988.4,7513.6,0
20241207,11,7.00,6992.4,7513.6,0
20241207,11,7.50,6997.4,7513.6,0
20241207,11,7.65,6999.4,7513.6,0
20241207,11,7.98,7001.7,7513.6,0
20241207,11,8.00,7001.7,7513.6,0
20241207,11,8.01,7002.2,7499.6,0
20241207,11,8.22,7002.2,7499.6,0
20241207,11,8.55,7004.2,7499.4,0
20241207,11,8.85,7004.2,7499.4,0
20241207,11,9.01,7004.2,7342.4,0
20241207,11,9.45,7006.2,7336.0,0
20241207,11,9.73,7006.2,7336.0,0
20241207,11,9.99,7006.2,7291.0,0
20241207,11,10.00,7008.6,7261.0,0
20241207,11,10.35,7010.6,7261.0,0
20241207,11,10.63,7013.5,7261.0,0
20241207,11,11.25,7015.5,7261.0,0
20241207,11,11.80,7015.5,7261.0,0
20241207,11,12.00,7089.5,7248.7,0
20241207,11,12.13,7089.5,7248.7,0
20241207,11,12.15,7091.5,7229.3,0
20241207,11,12.56,7091.5,7229.3,0
20241207,11,12.97,7091.5,6694.3,0
20241207,11,12.99,7091.5,6693.9,0
20241207,11,13.00,7091.5,6528.9,0
20241207,11,13.01,7091.5,6508.7,0
20241207,11,13.13,7091.5,6502.4,0
20241207,11,13.34,7091.5,6337.4,0
20241207,11,13.95,7091.5,6307.4,0
20241207,11,14.00,7096.5,6307.2,0
20241207,11,14.01,7097.0,6307.1,0
20241207,11,14.85,7097.0,6307.1,0
20241207,11,15.00,7097.0,6305.1,0
20241207,11,15.08,7098.7,6302.4,0
20241207,11,15.50,7423.7,6302.4,0
20241207,11,15.75,7423.7,6302.4,0
20241207,11,15.76,7457.7,6301.3,0
20241207,11,15.90,7457.7,6301.3,0
20241207,11,16.00,7457.7,6301.1,0
20241207,11,16.17,7482.8,6246.5,0
20241207,11,16.50,7482.8,6246.5,0
20241207,11,16.59,7482.8,6244.5,0
20241207,11,16.65,7482.8,6242.7,0
20241207,11,16.94,7503.7,6242.4,0
20241207,11,17.00,7508.7,6242.4,0
20241207,11,17.06,7749.7,6217.2,0
20241207,11,17.43,7749.7,6217.2,0
20241207,11,17.71,7770.6,6217.0,0
20241207,11,17.73,7770.6,6217.0,0
20241207,11,18.00,7770.6,6195.0,0
20241207,11,18.01,7770.9,6194.8,0
20241207,11,18.48,7787.6,6194.8,0
20241207,11,19.16,7787.6,6194.8,0
20241207,11,19.25,7787.6,6189.0,0
20241207,11,20.00,7787.6,6107.0,0
20241207,11,20.12,7787.6,6100.3,0
20241207,11,20.15,7801.6,6096.6,0
20241207,11,20.74,7801.8,6096.6,0
20241207,11,21.46,7801.8,6096.6,0
20241207,11,22.13,7801.8,6087.0,0
20241207,11,24.04,7801.8,6086.2,0
20241207,11,25.00,7801.8,6082.8,0
20241207,11,27.00,7801.8,6076.3,0
20241207,11,27.46,7801.8,6066.4,0
20241207,11,29.90,7801.8,6001.6,0
20241207,11,30.00,7801.8,6000.9,0
20241207,11,35.00,7801.8,5985.0,0
20241207,11,37.50,7801.8,5959.4,0
20241207,11,40.00,7801.8,5952.9,0
20241207,11,41.36,7801.8,5940.3,0
20241207,11,45.00,7801.8,5940.0,0
20241207,11,45.01,7801.8,5936.3,0
20241207,11,48.32,7801.8,5932.1,0
20241207,11,50.00,7801.8,5906.0,0
20241207,11,50.01,7801.8,5826.3,0
20241207,11,55.00,7801.8,5824.4,0
20241207,11,60.00,7801.8,5803.1,0
20241207,11,62.92,7801.8,5785.1,0
20241207,11,77.80,7801.8,5770.9,0
20241207,11,79.90,7801.8,5726.4,0
20241207,11,80.00,7801.8,5725.9,0
20241207,11,80.01,7801.8,5628.1,0
20241207,11,81.00,7801.8,5614.6,0
20241207,11,82.01,7801.8,5614.4,0
20241207,11,85.00,7801.8,5600.2,0
20241207,11,90.00,7801.8,5598.7,0
20241207,11,99.90,7801.8,5596.2,0
20241207,11,100.00,7801.8,5587.3,0
20241207,11,100.01,7814.4,5529.0,0
20241207,11,101.00,7814.4,5529.0,0
20241207,11,138.00,7814.4,5523.5,0
20241207,11,150.00,7814.4,5506.8,0
20241207,11,200.00,7814.4,5493.7,0
20241207,11,200.01,7814.4,5095.8,0
20241207,11,201.00,7814.4,4965.3,0
20241207,11,210.00,7814.4,4965.0,0
20241207,11,300.00,7814.4,4898.7,0
20241207,11,500.00,7814.4,4893.7,0
20241207,11,900.00,7814.4,4883.7,0
20241207,11,999.00,7814.4,4880.7,0
20241207,11,999.99,7814.4,0.0,0
20241207,11,0.00,0.0,17130.0,3
20241207,11,0.00,6328.5,17130.0,3
20241207,11,0.01,13919.2,17130.0,3
20241207,11,0.02,14075.1,17128.0,3
20241207,11,0.03,14075.1,17118.0,3
20241207,11,1.00,14124.7,17117.3,3
20241207,11,1.01,14127.9,17045.5,3
20241207,11,1.03,14128.5,17043.5,3
20241207,11,2.00,14166.0,17043.5,3
20241207,11,2.01,14166.0,17035.5,3
20241207,11,2.05,14166.5,16735.5,3
20241207,11,2.49,14173.7,16735.5,3
20241207,11,3.00,14199.0,16735.5,3
20241207,11,3.01,14199.0,16410.8,3
20241207,11,3.07,14199.5,16310.8,3
20241207,11,4.00,14199.5,16310.8,3
20241207,11,4.09,14200.1,16309.8,3
20241207,11,4.27,14258.5,16309.8,3
20241207,11,4.97,14265.7,16309.8,3
20241207,11,5.00,14309.2,16309.8,3
20241207,11,5.01,14309.7,16153.5,3
20241207,11,5.11,14310.2,15942.5,3
20241207,11,5.62,14310.3,15942.5,3
20241207,11,6.00,14365.6,15942.5,3
20241207,11,6.01,14377.0,15932.5,3
20241207,11,6.10,14388.2,15932.5,3
20241207,11,6.13,14388.3,15932.5,3
20241207,11,6.19,14388.3,15932.5,3
20241207,11,6.50,14390.4,15732.5,3
20241207,11,6.57,14391.4,15732.5,3
20241207,11,6.64,14391.5,15732.5,3
20241207,11,7.00,14391.5,15732.5,3
20241207,11,7.15,14391.6,15731.6,3
20241207,11,7.44,14398.8,15731.6,3
20241207,11,7.47,14399.8,15731.6,3
20241207,11,7.51,14399.8,15731.6,3
20241207,11,7.66,14399.9,15431.6,3
20241207,11,7.80,14399.9,15431.6,3
20241207,11,7.89,14399.9,15359.5,3
20241207,11,8.00,14399.9,15359.4,3
20241207,11,8.01,14400.9,15237.7,3
20241207,11,8.04,14400.9,15237.7,3
20241207,11,8.37,14402.8,15137.7,3
20241207,11,8.70,14402.8,15137.7,3
20241207,11,8.89,14402.8,15137.5,3
20241207,11,8.94,14402.8,15078.5,3
20241207,11,8.95,14403.1,15048.5,3
20241207,11,8.97,14403.1,15048.5,3
20241207,11,9.00,14403.1,15018.5,3
20241207,11,9.01,14406.9,14957.3,3
20241207,11,9.05,14406.9,14956.6,3
20241207,11,9.08,14406.9,14926.6,3
20241207,11,9.11,14406.9,14896.6,3
20241207,11,9.16,14406.9,14836.6,3
20241207,11,9.19,14406.9,14806.6,3
20241207,11,9.21,14409.9,14776.6,3
20241207,11,9.22,14409.9,14776.6,3
20241207,11,9.27,14413.2,14720.6,3
20241207,11,9.33,14413.2,14716.6,3
20241207,11,9.50,14413.2,14686.6,3
20241207,11,9.58,14413.2,14666.6,3
20241207,11,9.60,14413.2,14665.6,3
20241207,11,9.65,14413.2,14665.5,3
20241207,11,9.78,14419.2,14650.5,3
20241207,11,9.82,14428.6,14650.5,3
20241207,11,9.91,14428.6,14650.5,3
20241207,11,9.92,14435.9,14617.7,3
20241207,11,10.00,14439.5,14617.7,3
20241207,11,10.01,14442.0,14588.1,3
20241207,11,10.14,14442.0,14584.7,3
20241207,11,10.15,14442.0,14528.7,3
20241207,11,10.22,14442.0,14428.7,3
20241207,11,10.30,14490.5,14413.7,3
20241207,11,10.44,14490.5,14413.7,3
20241207,11,10.50,14490.5,14265.7,3
20241207,11,10.53,14490.5,14185.7,3
20241207,11,10.56,14490.5,14184.8,3
20241207,11,10.67,14490.5,14159.8,3
20241207,11,10.68,14490.5,14129.8,3
20241207,11,10.77,14490.5,14126.9,3
20241207,11,10.78,14490.5,14111.9,3
20241207,11,10.79,14490.5,14108.6,3
20241207,11,10.80,14490.5,13961.6,3
20241207,11,10.93,14490.5,13813.6,3
20241207,11,10.98,14490.5,13711.6,3
20241207,11,11.00,14490.5,13671.6,3
20241207,11,11.01,14494.7,13622.8,3
20241207,11,11.04,14494.7,13622.4,3
20241207,11,11.07,14494.7,13474.4,3
20241207,11,11.08,14494.7,13473.9,3
20241207,11,11.30,14508.7,13339.9,3
20241207,11,11.32,15398.7,13339.9,3
20241207,11,11.40,15399.5,13339.9,3
20241207,11,11.49,15399.5,13339.9,3
20241207,11,11.50,15399.5,13339.7,3
20241207,11,11.51,15400.2,13175.3,3
20241207,11,11.54,15400.2,13175.3,3
20241207,11,11.57,15452.2,13052.3,3
20241207,11,11.58,15452.2,13052.3,3
20241207,11,11.65,15452.2,13041.2,3
20241207,11,11.70,15454.4,12918.2,3
20241207,11,11.78,15454.4,12918.2,3
20241207,11,11.84,15484.4,12917.6,3
20241207,11,11.87,15484.4,12917.4,3
20241207,11,11.89,15484.6,12794.4,3
20241207,11,11.91,15484.6,12794.4,3
20241207,11,11.97,15484.6,12764.4,3
20241207,11,11.99,15484.6,12760.2,3
20241207,11,12.00,15500.4,12637.2,3
20241207,11,12.03,15600.4,12573.2,3
20241207,11,12.24,15600.4,12573.2,3
20241207,11,12.28,15609.8,12513.2,3
20241207,11,12.36,15609.8,12513.2,3
20241207,11,12.37,15629.9,12503.3,3
20241207,11,12.38,15631.1,12503.3,3
20241207,11,12.40,15638.3,12503.3,3
20241207,11,12.42,15638.3,12503.3,3
20241207,11,12.43,15638.3,12503.1,3
20241207,11,12.50,15638.3,12502.4,3
20241207,11,12.52,15639.7,12501.0,3
20241207,11,12.64,15641.1,12501.0,3
20241207,11,12.66,15670.0,12501.0,3
20241207,11,12.67,15700.0,12501.0,3
20241207,11,12.68,15730.0,12501.0,3
20241207,11,12.77,15731.5,12501.0,3
20241207,11,12.82,15731.5,12501.0,3
20241207,11,12.87,15731.5,12442.0,3
20241207,11,12.89,15736.0,12439.2,3
20241207,11,12.90,15736.2,12439.2,3
20241207,11,12.94,15756.2,12439.2,3
20241207,11,12.99,15756.2,12439.2,3
20241207,11,13.00,15766.2,12438.9,3
20241207,11,13.01,15769.4,12431.4,3
20241207,11,13.07,15769.4,12428.3,3
20241207,11,13.13,15839.4,12427.7,3
20241207,11,13.20,15839.4,12427.7,3
20241207,11,13.21,15839.4,12329.4,3
20241207,11,13.31,15869.4,12229.4,3
20241207,11,13.40,15869.4,12229.4,3
20241207,11,13.41,15898.4,12228.4,3
20241207,11,13.44,15904.4,12228.4,3
20241207,11,13.50,15904.4,12228.4,3
20241207,11,13.55,15904.4,12198.4,3
20241207,11,13.56,15904.4,12198.0,3
20241207,11,13.62,15924.4,12197.8,3
20241207,11,13.72,15924.4,12197.8,3
20241207,11,13.77,15924.4,12196.1,3
20241207,11,13.94,15944.4,12194.5,3
20241207,11,14.00,15974.4,12194.5,3
20241207,11,14.01,15980.4,12189.8,3
20241207,11,14.10,15980.4,12189.0,3
20241207,11,14.13,15980.4,12188.6,3
20241207,11,14.26,16050.4,12187.8,3
20241207,11,14.31,16050.4,12187.8,3
20241207,11,14.40,16082.4,12172.3,3
20241207,11,14.50,16082.4,12172.3,3
20241207,11,14.57,16082.4,12171.3,3
20241207,11,14.58,16102.4,12156.4,3
20241207,11,14.63,16152.4,12156.4,3
20241207,11,14.64,16152.4,12156.4,3
20241207,11,14.66,16217.1,12155.5,3
20241207,11,14.67,16217.1,12155.5,3
20241207,11,14.72,16269.1,12155.3,3
20241207,11,14.85,16345.1,12155.3,3
20241207,11,14.88,16412.1,12155.3,3
20241207,11,14.93,16489.1,12155.3,3
20241207,11,14.98,16558.1,12155.3,3
20241207,11,14.99,16558.1,12155.3,3
20241207,11,15.00,16563.1,12148.8,3
20241207,11,15.01,16564.1,12126.3,3
20241207,11,15.03,16636.1,12126.3,3
20241207,11,15.12,16636.1,12126.3,3
20241207,11,15.39,16876.1,12120.9,3
20241207,11,15.59,16876.1,12120.9,3
20241207,11,15.70,16876.1,12111.8,3
20241207,11,16.00,16876.1,12111.7,3
20241207,11,16.06,16976.1,12050.8,3
20241207,11,16.34,16976.1,12050.8,3
20241207,11,16.40,16976.1,12050.0,3
20241207,11,17.01,16979.1,12049.9,3
20241207,11,17.08,16979.1,12044.4,3
20241207,11,17.09,16979.1,12042.6,3
20241207,11,17.10,16979.1,12042.5,3
20241207,11,17.17,17079.1,12042.3,3
20241207,11,17.20,17079.1,11992.1,3
20241207,11,18.00,17079.1,11991.6,3
20241207,11,18.13,17179.1,11991.0,3
20241207,11,19.17,17179.1,11991.0,3
20241207,11,19.42,17419.1,11990.1,3
20241207,11,20.00,17419.1,11990.1,3
20241207,11,22.00,17419.1,11986.0,3
20241207,11,22.08,17419.1,11985.2,3
20241207,11,22.09,17419.1,11968.3,3
20241207,11,22.10,17419.1,11967.8,3
20241207,11,23.89,17419.1,11965.3,3
20241207,11,24.00,17419.1,11964.4,3
20241207,11,24.67,17419.1,11922.2,3
20241207,11,24.83,17419.1,11921.4,3
20241207,11,27.00,17419.1,11918.9,3
20241207,11,27.37,17419.1,11918.5,3
20241207,11,27.50,17419.1,11858.2,3
20241207,11,28.26,17419.1,11855.7,3
20241207,11,28.87,17428.7,11853.8,3
20241207,11,29.90,17428.7,11853.8,3
20241207,11,30.00,17428.7,11853.4,3
20241207,11,31.79,17428.7,11830.4,3
20241207,11,35.00,17428.7,11828.0,3
20241207,11,36.00,17428.7,11820.9,3
20241207,11,36.79,17428.7,11795.9,3
20241207,11,39.69,17842.7,11784.8,3
20241207,11,40.00,17842.7,11784.8,3
20241207,11,44.77,17842.7,11757.6,3
20241207,11,45.00,17842.7,11756.0,3
20241207,11,45.01,17842.7,11082.5,3
20241207,11,46.00,17842.7,11019.4,3
20241207,11,50.00,17842.7,11004.8,3
20241207,11,55.00,17842.7,10937.0,3
20241207,11,60.00,17842.7,10900.5,3
20241207,11,62.36,17842.7,10866.6,3
20241207,11,77.80,17842.7,10843.7,3
20241207,11,79.90,17842.7,10803.5,3
20241207,11,80.00,17842.7,10803.2,3
20241207,11,80.01,17842.7,10462.4,3
20241207,11,80.10,17842.7,10444.4,3
20241207,11,80.21,17992.6,10444.3,3
20241207,11,82.01,17992.6,10444.3,3
20241207,11,85.00,17992.6,10407.0,3
20241207,11,90.00,17992.6,10406.2,3
20241207,11,96.51,17992.6,10404.5,3
20241207,11,99.00,17992.6,10402.9,3
20241207,11,99.90,17992.6,10402.7,3
20241207,11,100.00,18180.6,10401.6,3
20241207,11,100.01,18188.7,10219.8,3
20241207,11,101.00,18188.7,10219.8,3
20241207,11,109.43,18188.7,10063.5,3
20241207,11,120.10,18188.7,10061.8,3
20241207,11,122.35,18188.7,10056.5,3
20241207,11,135.27,18188.7,10054.9,3
20241207,11,138.00,18188.7,10053.2,3
20241207,11,150.00,18188.7,9934.0,3
20241207,11,190.00,18188.7,9891.7,3
20241207,11,200.00,18188.7,9891.6,3
20241207,11,200.01,18188.7,9164.4,3
20241207,11,200.10,18188.7,8051.8,3
20241207,11,200.50,18188.7,8048.9,3
20241207,11,201.00,18188.7,8048.7,3
20241207,11,210.00,18188.7,8044.4,3
20241207,11,250.00,18188.7,6756.4,3
20241207,11,299.99,18189.0,6749.1,3
20241207,11,300.00,18189.0,6749.1,3
20241207,11,550.02,18189.0,6741.1,3
20241207,11,999.00,18189.0,6559.8,3
20241207,11,999.99,18189.0,0.0,3
20241207,12,0.00,0.0,8383.2,0
20241207,12,0.00,2587.9,8383.2,0
20241207,12,0.01,6629.3,8383.2,0
20241207,12,0.02,6675.8,8380.0,0
20241207,12,0.03,6678.6,8379.6,0
20241207,12,0.10,6678.6,8379.6,0
20241207,12,0.53,6682.2,8359.6,0
20241207,12,1.00,6767.7,8359.6,0
20241207,12,1.01,6767.7,8352.4,0
20241207,12,1.43,6769.7,8349.1,0
20241207,12,2.01,6769.7,8349.1,0
20241207,12,2.33,6771.7,8049.1,0
20241207,12,2.64,6774.0,8049.1,0
20241207,12,3.00,6775.0,8049.1,0
20241207,12,3.01,6775.3,7969.1,0
20241207,12,3.23,6777.3,7869.1,0
20241207,12,4.13,6779.3,7869.1,0
20241207,12,5.00,6861.0,7869.1,0
20241207,12,5.01,6861.0,7811.8,0
20241207,12,5.03,6863.0,7576.2,0
20241207,12,5.26,6865.3,7576.2,0
20241207,12,5.90,6865.3,7576.2,0
20241207,12,5.93,6867.3,7560.0,0
20241207,12,6.00,6888.0,7560.0,0
20241207,12,6.26,6888.0,7560.0,0
20241207,12,6.50,6888.0,7554.0,0
20241207,12,6.60,6888.6,7553.0,0
20241207,12,6.83,6890.6,7553.0,0
20241207,12,7.00,6894.6,7553.0,0
20241207,12,7.50,6899.6,7553.0,0
20241207,12,7.73,6901.6,7553.0,0
20241207,12,7.89,6903.9,7553.0,0
20241207,12,8.00,6903.9,7553.0,0
20241207,12,8.01,6904.4,7540.4,0
20241207,12,8.63,6906.4,7540.4,0
20241207,12,8.85,6906.4,7540.4,0
20241207,12,9.01,6906.4,7383.4,0
20241207,12,9.46,6906.4,7376.9,0
20241207,12,9.53,6908.4,7376.7,0
20241207,12,9.73,6908.4,7376.7,0
20241207,12,9.99,6908.4,7331.7,0
20241207,12,10.00,6910.8,7301.7,0
20241207,12,10.43,6912.8,7301.7,0
20241207,12,10.51,6915.1,7301.7,0
20241207,12,11.33,6917.1,7301.7,0
20241207,12,11.73,6917.1,7301.7,0
20241207,12,12.00,6991.1,7288.2,0
20241207,12,12.13,6991.1,7268.2,0
20241207,12,12.16,6991.1,7248.8,0
20241207,12,12.23,6993.1,7248.3,0
20241207,12,12.59,6993.1,7248.3,0
20241207,12,12.99,6993.1,6755.3,0
20241207,12,13.00,6993.1,6548.3,0
20241207,12,13.01,6993.1,6548.0,0
20241207,12,13.13,6993.1,6541.6,0
20241207,12,13.34,6993.1,6376.6,0
20241207,12,14.00,6998.1,6346.6,0
20241207,12,14.01,6998.5,6346.5,0
20241207,12,14.03,6998.5,6346.5,0
20241207,12,14.93,6998.5,6346.3,0
20241207,12,15.00,6998.5,6344.3,0
20241207,12,15.17,7000.1,6341.4,0
20241207,12,15.54,7281.1,6341.4,0
20241207,12,15.83,7315.1,6341.4,0
20241207,12,15.90,7315.1,6340.3,0
20241207,12,16.00,7315.1,6340.1,0
20241207,12,16.59,7315.1,6302.6,0
20241207,12,16.73,7315.1,6300.9,0
20241207,12,16.76,7340.2,6300.5,0
20241207,12,17.00,7345.2,6300.5,0
20241207,12,17.34,7630.2,6300.3,0
20241207,12,17.43,7630.2,6300.3,0
20241207,12,17.50,7630.2,6300.1,0
20241207,12,17.55,7651.1,6278.1,0
20241207,12,17.73,7651.1,6278.1,0
20241207,12,18.00,7651.1,6256.1,0
20241207,12,18.01,7651.4,6231.1,0
20241207,12,18.35,7672.3,6231.1,0
20241207,12,18.48,7672.5,6231.1,0
20241207,12,18.50,7672.5,6231.1,0
20241207,12,18.55,7672.5,6230.8,0
20241207,12,19.11,7672.5,6230.0,0
20241207,12,19.15,7689.2,6148.0,0
20241207,12,19.16,7689.2,6148.0,0
20241207,12,20.00,7689.2,6137.0,0
20241207,12,20.07,7713.2,6130.2,0
20241207,12,20.12,7713.2,6130.2,0
20241207,12,22.23,7713.2,6126.3,0
20241207,12,24.04,7713.2,6116.1,0
20241207,12,25.00,7713.2,6112.9,0
20241207,12,27.00,7713.2,6106.2,0
20241207,12,29.90,7713.2,6096.0,0
20241207,12,30.00,7713.2,6095.2,0
20241207,12,30.09,7713.2,6079.3,0
20241207,12,31.50,7713.2,6010.6,0
20241207,12,35.00,7713.2,6010.4,0
20241207,12,37.50,7713.2,5983.3,0
20241207,12,40.00,7713.2,5976.5,0
20241207,12,41.36,7713.2,5963.4,0
20241207,12,45.00,7713.2,5961.2,0
20241207,12,45.01,7713.2,5957.5,0
20241207,12,48.32,7713.2,5953.3,0
20241207,12,50.00,7713.2,5927.5,0
20241207,12,50.01,7713.2,5843.0,0
20241207,12,55.00,7713.2,5840.8,0
20241207,12,60.00,7713.2,5819.5,0
20241207,12,62.96,7713.2,5800.1,0
20241207,12,77.80,7713.2,5785.2,0
20241207,12,79.90,7713.2,5737.3,0
20241207,12,80.00,7713.2,5736.8,0
20241207,12,80.01,7713.2,5635.8,0
20241207,12,81.00,7713.2,5621.8,0
20241207,12,82.01,7713.2,5621.6,0
20241207,12,85.00,7713.2,5606.7,0
20241207,12,90.00,7713.2,5605.2,0
20241207,12,99.90,7713.2,5602.6,0
20241207,12,100.00,7713.2,5593.8,0
20241207,12,100.01,7725.8,5534.9,0
20241207,12,101.00,7725.8,5534.9,0
20241207,12,138.00,7725.8,5529.4,0
20241207,12,150.00,7725.8,5512.7,0
20241207,12,200.00,7725.8,5499.8,0
20241207,12,200.01,7725.8,5089.7,0
20241207,12,201.00,7725.8,4958.1,0
20241207,12,210.00,7725.8,4957.8,0
20241207,12,300.00,7725.8,4888.7,0
20241207,12,500.00,7725.8,4883.7,0
20241207,12,900.00,7725.8,4873.7,0
20241207,12,999.00,7725.8,4870.7,0
20241207,12,999.99,7725.8,0.0,0
20241207,12,0.00,0.0,17074.0,3
20241207,12,0.00,6332.6,17074.0,3
20241207,12,0.01,13896.9,17074.0,3
20241207,12,0.02,14046.7,17071.8,3
20241207,12,0.03,14046.7,17061.8,3
20241207,12,0.95,14047.1,17061.0,3
20241207,12,1.00,14096.7,17061.0,3
20241207,12,1.01,14100.0,16986.4,3
20241207,12,1.90,14100.5,16984.4,3
20241207,12,2.00,14137.5,16984.4,3
20241207,12,2.01,14137.5,16968.4,3
20241207,12,2.40,14144.7,16668.4,3
20241207,12,2.84,14145.2,16668.4,3
20241207,12,3.00,14170.2,16668.4,3
20241207,12,3.01,14170.2,16342.5,3
20241207,12,3.79,14170.8,16242.5,3
20241207,12,4.00,14170.8,16242.5,3
20241207,12,4.27,14229.2,16241.5,3
20241207,12,4.73,14229.7,16241.5,3
20241207,12,4.80,14236.9,16241.5,3
20241207,12,5.00,14282.1,16241.5,3
20241207,12,5.01,14282.6,16087.1,3
20241207,12,5.20,14282.7,15875.8,3
20241207,12,5.67,14282.8,15875.8,3
20241207,12,6.00,14337.5,15875.8,3
20241207,12,6.01,14348.9,15865.8,3
20241207,12,6.10,14359.9,15865.8,3
20241207,12,6.15,14360.0,15865.8,3
20241207,12,6.19,14360.0,15865.8,3
20241207,12,6.50,14362.1,15665.8,3
20241207,12,6.62,14362.2,15665.8,3
20241207,12,6.91,14363.2,15665.8,3
20241207,12,7.00,14363.2,15665.8,3
20241207,12,7.09,14363.3,15664.9,3
20241207,12,7.19,14370.5,15664.9,3
20241207,12,7.50,14370.5,15664.9,3
20241207,12,7.51,14370.5,15662.5,3
20241207,12,7.80,14370.5,15362.5,3
20241207,12,7.81,14371.5,15290.9,3
20241207,12,7.92,14371.5,15290.9,3
20241207,12,8.00,14371.5,15290.8,3
20241207,12,8.01,14372.5,15166.9,3
20241207,12,8.04,14372.5,15166.9,3
20241207,12,8.40,14372.5,15066.9,3
20241207,12,8.70,14372.5,15066.4,3
20241207,12,8.71,14374.1,15066.2,3
20241207,12,8.89,14374.1,15066.2,3
20241207,12,8.94,14374.1,15007.2,3
20241207,12,8.95,14374.2,14977.2,3
20241207,12,8.97,14374.2,14977.2,3
20241207,12,9.00,14374.2,14947.2,3
20241207,12,9.01,14378.2,14886.0,3
20241207,12,9.05,14378.2,14885.3,3
20241207,12,9.08,14378.2,14855.3,3
20241207,12,9.11,14378.2,14825.3,3
20241207,12,9.16,14378.2,14765.3,3
20241207,12,9.19,14378.2,14735.3,3
20241207,12,9.22,14378.2,14705.3,3
20241207,12,9.23,14381.2,14650.3,3
20241207,12,9.27,14381.2,14650.3,3
20241207,12,9.48,14381.2,14645.3,3
20241207,12,9.50,14381.2,14643.3,3
20241207,12,9.58,14381.2,14623.3,3
20241207,12,9.59,14388.5,14593.3,3
20241207,12,9.60,14388.5,14593.3,3
20241207,12,9.61,14391.8,14593.2,3
20241207,12,9.68,14397.8,14593.2,3
20241207,12,9.72,14423.8,14593.2,3
20241207,12,9.84,14423.8,14593.2,3
20241207,12,9.85,14433.2,14590.3,3
20241207,12,9.92,14433.2,14590.3,3
20241207,12,10.00,14437.6,14575.3,3
20241207,12,10.01,14440.2,14545.8,3
20241207,12,10.14,14440.2,14542.2,3
20241207,12,10.15,14440.2,14486.2,3
20241207,12,10.18,14440.2,14386.2,3
20241207,12,10.30,14488.7,14356.2,3
20241207,12,10.44,14488.7,14356.2,3
20241207,12,10.50,14488.7,14208.2,3
20241207,12,10.60,14488.7,14143.2,3
20241207,12,10.67,14488.7,14128.2,3
20241207,12,10.68,14488.7,14073.2,3
20241207,12,10.76,14488.7,14070.3,3
20241207,12,10.78,14488.7,14066.8,3
20241207,12,10.79,14488.7,14036.8,3
20241207,12,10.80,14488.7,13888.8,3
20241207,12,10.93,14488.7,13741.8,3
20241207,12,11.00,14488.7,13639.8,3
20241207,12,11.01,14491.8,13613.2,3
20241207,12,11.04,14491.8,13572.7,3
20241207,12,11.08,14491.8,13425.7,3
20241207,12,11.20,14491.8,13321.7,3
20241207,12,11.32,15881.8,13321.5,3
20241207,12,11.38,15882.6,13321.5,3
20241207,12,11.41,15882.6,13291.5,3
20241207,12,11.50,15882.6,13291.0,3
20241207,12,11.51,15882.9,13127.4,3
20241207,12,11.54,15882.9,13127.4,3
20241207,12,11.57,15934.9,13004.4,3
20241207,12,11.60,15935.4,13004.4,3
20241207,12,11.61,15936.3,13003.1,3
20241207,12,11.65,15951.3,13003.1,3
20241207,12,11.70,15953.0,12879.9,3
20241207,12,11.74,15953.0,12879.6,3
20241207,12,11.84,15983.0,12867.5,3
20241207,12,11.87,15983.0,12867.5,3
20241207,12,11.90,15983.2,12743.5,3
20241207,12,11.98,15990.4,12743.5,3
20241207,12,11.99,15990.4,12742.9,3
20241207,12,12.00,16006.2,12619.9,3
20241207,12,12.01,16008.6,12533.9,3
20241207,12,12.03,16108.6,12533.9,3
20241207,12,12.04,16110.0,12533.9,3
20241207,12,12.06,16111.5,12533.9,3
20241207,12,12.09,16113.0,12533.9,3
20241207,12,12.12,16114.3,12533.9,3
20241207,12,12.17,16114.3,12533.5,3
20241207,12,12.20,16114.5,12533.1,3
20241207,12,12.21,16114.5,12533.1,3
20241207,12,12.24,16114.5,12532.5,3
20241207,12,12.26,16114.5,12502.5,3
20241207,12,12.27,16114.5,12501.6,3
20241207,12,12.31,16123.9,12500.9,3
20241207,12,12.38,16125.1,12496.7,3
20241207,12,12.46,16125.1,12496.7,3
20241207,12,12.47,16145.2,12486.8,3
20241207,12,12.48,16175.2,12486.8,3
20241207,12,12.50,16175.2,12486.8,3
20241207,12,12.55,16175.2,12486.3,3
20241207,12,12.57,16175.2,12485.7,3
20241207,12,12.72,16205.2,12425.7,3
20241207,12,12.76,16205.2,12425.7,3
20241207,12,12.84,16205.2,12425.5,3
20241207,12,12.93,16208.2,12423.8,3
20241207,12,12.98,16237.1,12423.8,3
20241207,12,13.00,16247.1,12423.8,3
20241207,12,13.01,16249.1,12415.7,3
20241207,12,13.09,16279.1,12412.9,3
20241207,12,13.13,16349.1,12412.9,3
20241207,12,13.17,16349.1,12412.9,3
20241207,12,13.21,16349.1,12353.9,3
20241207,12,13.30,16369.1,12333.2,3
20241207,12,13.31,16375.1,12333.2,3
20241207,12,13.32,16375.1,12333.2,3
20241207,12,13.50,16375.1,12333.0,3
20241207,12,13.72,16395.1,12303.0,3
20241207,12,13.77,16395.1,12303.0,3
20241207,12,13.78,16424.1,12302.0,3
20241207,12,13.88,16424.1,12302.0,3
20241207,12,14.00,16444.1,12301.8,3
20241207,12,14.01,16448.9,12297.8,3
20241207,12,14.08,16448.9,12297.0,3
20241207,12,14.11,16448.9,12296.2,3
20241207,12,14.26,16518.9,12294.6,3
20241207,12,14.29,16518.9,12294.6,3
20241207,12,14.30,16518.9,12275.1,3
20241207,12,14.34,16538.9,12175.1,3
20241207,12,14.37,16568.9,12175.1,3
20241207,12,14.40,16608.9,12175.1,3
20241207,12,14.44,16608.9,12175.1,3
20241207,12,14.50,16608.9,12174.2,3
20241207,12,14.63,16665.9,12173.2,3
20241207,12,14.66,16723.9,12173.2,3
20241207,12,14.72,16781.9,12173.2,3
20241207,12,14.78,16781.9,12173.2,3
20241207,12,14.85,16864.9,12157.2,3
20241207,12,14.88,16937.9,12157.2,3
20241207,12,14.93,17020.9,12157.2,3
20241207,12,14.98,17108.6,12157.2,3
20241207,12,14.99,17108.6,12157.2,3
20241207,12,15.00,17113.6,12150.7,3
20241207,12,15.01,17115.6,12125.9,3
20241207,12,15.03,17192.6,12125.5,3
20241207,12,15.12,17192.6,12125.5,3
20241207,12,15.39,17582.6,12118.9,3
20241207,12,15.70,17582.6,12118.9,3
20241207,12,15.88,17582.6,12118.8,3
20241207,12,16.00,17582.6,12109.3,3
20241207,12,16.06,17682.6,12045.8,3
20241207,12,16.40,17682.6,12045.8,3
20241207,12,16.93,17682.6,12045.7,3
20241207,12,17.01,17686.2,11991.0,3
20241207,12,17.11,17686.2,11985.3,3
20241207,12,17.12,17686.2,11982.6,3
20241207,12,17.13,17686.2,11982.5,3
20241207,12,17.17,17786.2,11982.3,3
20241207,12,17.20,17786.2,11982.3,3
20241207,12,18.00,17786.2,11981.7,3
20241207,12,18.13,17886.2,11981.1,3
20241207,12,19.42,18126.2,11981.1,3
20241207,12,20.00,18126.2,11981.1,3
20241207,12,20.14,18126.2,11976.9,3
20241207,12,22.11,18126.2,11976.1,3
20241207,12,22.12,18126.2,11959.4,3
20241207,12,22.13,18126.2,11958.9,3
20241207,12,22.16,18126.2,11956.3,3
20241207,12,23.00,18126.2,11955.4,3
20241207,12,23.17,18126.2,11954.6,3
20241207,12,24.00,18126.2,11951.0,3
20241207,12,27.50,18126.2,11906.3,3
20241207,12,28.87,18135.8,11903.4,3
20241207,12,28.88,18135.8,11903.4,3
20241207,12,29.00,18135.8,11901.4,3
20241207,12,29.90,18135.8,11900.8,3
20241207,12,30.00,18135.8,11900.2,3
20241207,12,30.09,18135.8,11875.9,3
20241207,12,31.79,18135.8,11811.9,3
20241207,12,35.00,18135.8,11809.4,3
20241207,12,36.00,18135.8,11801.2,3
20241207,12,36.79,18135.8,11776.2,3
20241207,12,39.69,18550.8,11765.1,3
20241207,12,40.00,18550.8,11765.1,3
20241207,12,44.03,18550.8,11736.7,3
20241207,12,45.00,18550.8,11735.1,3
20241207,12,45.01,18550.8,11057.7,3
20241207,12,46.00,18550.8,10964.2,3
20241207,12,50.00,18550.8,10946.8,3
20241207,12,55.00,18550.8,10875.8,3
20241207,12,60.00,18550.8,10838.9,3
20241207,12,61.99,18550.8,10804.7,3
20241207,12,77.80,18550.8,10780.6,3
20241207,12,79.90,18550.8,10736.3,3
20241207,12,80.00,18550.8,10735.9,3
20241207,12,80.01,18550.8,10379.1,3
20241207,12,80.10,18550.8,10360.3,3
20241207,12,80.21,18700.7,10360.2,3
20241207,12,82.01,18700.7,10360.2,3
20241207,12,85.00,18700.7,10321.6,3
20241207,12,90.00,18700.7,10320.8,3
20241207,12,96.02,18700.7,10318.9,3
20241207,12,99.00,18700.7,10317.3,3
20241207,12,99.90,18700.7,10317.1,3
20241207,12,100.00,18888.5,10316.0,3
20241207,12,100.01,18896.6,10142.3,3
20241207,12,101.00,18896.6,10142.3,3
20241207,12,108.94,18896.6,9986.0,3
20241207,12,120.10,18896.6,9984.3,3
20241207,12,121.86,18896.6,9978.8,3
20241207,12,134.78,18896.6,9977.2,3
20241207,12,138.00,18896.6,9975.5,3
20241207,12,150.00,18896.6,9855.0,3
20241207,12,190.00,18896.6,9815.4,3
20241207,12,200.00,18896.6,9815.3,3
20241207,12,200.01,18896.6,9081.4,3
20241207,12,200.10,18896.6,7954.4,3
20241207,12,200.50,18896.6,7951.5,3
20241207,12,201.00,18896.6,7951.3,3
20241207,12,210.00,18896.6,7947.0,3
20241207,12,250.00,18896.6,6671.8,3
20241207,12,299.99,18896.9,6664.7,3
20241207,12,300.00,18896.9,6664.7,3
20241207,12,550.02,18896.9,6656.7,3
20241207,12,999.00,18896.9,6484.9,3
20241207,12,999.99,18896.9,0.0,3
20241207,13,0.00,0.0,8165.9,0
20241207,13,0.00,2547.1,8165.9,0
20241207,13,0.01,6704.6,8165.9,0
20241207,13,0.02,6741.4,8162.5,0
20241207,13,0.03,6743.7,8162.1,0
20241207,13,0.10,6763.2,8162.1,0
20241207,13,0.61,6766.7,8142.1,0
20241207,13,1.00,6877.0,8142.1,0
20241207,13,1.01,6877.0,8135.3,0
20241207,13,1.66,6879.0,8132.0,0
20241207,13,2.01,6879.0,8132.0,0
20241207,13,2.71,6881.0,7832.0,0
20241207,13,3.00,6882.0,7832.0,0
20241207,13,3.01,6882.3,7712.0,0
20241207,13,3.76,6884.3,7612.0,0
20241207,13,4.81,6886.3,7612.0,0
20241207,13,5.00,6966.6,7612.0,0
20241207,13,5.01,6966.6,7590.2,0
20241207,13,5.29,6967.3,7353.1,0
20241207,13,5.86,6969.3,7353.1,0
20241207,13,5.90,6969.3,7353.1,0
20241207,13,6.00,6993.9,7336.8,0
20241207,13,6.26,6993.9,7336.8,0
20241207,13,6.60,6994.5,7330.8,0
20241207,13,6.91,6996.5,7330.8,0
20241207,13,7.00,7001.5,7330.8,0
20241207,13,7.94,7003.8,7330.8,0
20241207,13,7.96,7005.8,7330.8,0
20241207,13,8.00,7005.8,7330.8,0
20241207,13,8.01,7006.3,7319.0,0
20241207,13,8.22,7006.3,7319.0,0
20241207,13,8.28,7006.4,7318.8,0
20241207,13,8.85,7006.4,7318.8,0
20241207,13,8.91,7006.8,7161.8,0
20241207,13,9.01,7008.8,7161.8,0
20241207,13,9.55,7009.2,7155.0,0
20241207,13,9.73,7009.2,7155.0,0
20241207,13,9.99,7009.2,7110.0,0
20241207,13,10.00,7011.5,7080.0,0
20241207,13,10.05,7031.5,7080.0,0
20241207,13,10.06,7033.5,7080.0,0
20241207,13,10.58,7035.8,7080.0,0
20241207,13,10.61,7036.1,7080.0,0
20241207,13,11.11,7038.1,7080.0,0
20241207,13,11.67,7038.1,7080.0,0
20241207,13,12.00,7125.1,7064.8,0
20241207,13,12.13,7125.1,7044.8,0
20241207,13,12.16,7127.1,7025.4,0
20241207,13,12.75,7127.1,7025.4,0
20241207,13,12.85,7127.1,6726.4,0
20241207,13,12.93,7127.1,6611.4,0
20241207,13,13.00,7127.1,6610.9,0
20241207,13,13.01,7127.1,6610.6,0
20241207,13,13.07,7127.1,6603.9,0
20241207,13,13.22,7129.4,6324.9,0
20241207,13,13.32,7129.9,6324.9,0
20241207,13,13.34,7129.9,6324.9,0
20241207,13,13.42,7130.4,6294.9,0
20241207,13,13.51,7130.8,6294.9,0
20241207,13,13.61,7131.3,6294.9,0
20241207,13,13.71,7131.7,6294.9,0
20241207,13,14.00,7136.7,6294.9,0
20241207,13,14.09,7136.7,6294.8,0
20241207,13,14.26,7136.7,6272.8,0
20241207,13,15.00,7136.7,6272.6,0
20241207,13,15.01,7136.8,6269.5,0
20241207,13,15.21,7136.8,6269.5,0
20241207,13,15.31,7136.8,6268.6,0
20241207,13,15.46,7138.4,6266.6,0
20241207,13,15.62,7332.4,6266.6,0
20241207,13,15.90,7332.4,6266.6,0
20241207,13,16.00,7332.4,6266.4,0
20241207,13,16.36,7332.4,6235.8,0
20241207,13,16.59,7332.4,6234.6,0
20241207,13,17.00,7337.4,6233.0,0
20241207,13,17.12,7596.4,6232.7,0
20241207,13,17.16,7613.4,6232.7,0
20241207,13,17.41,7613.4,6232.7,0
20241207,13,17.43,7613.4,6232.1,0
20241207,13,17.50,7613.4,6231.9,0
20241207,13,17.56,7743.4,6209.9,0
20241207,13,17.73,7743.4,6209.9,0
20241207,13,18.00,7743.4,6187.9,0
20241207,13,18.26,7781.1,6162.7,0
20241207,13,19.03,7781.1,6162.7,0
20241207,13,19.13,7812.5,6144.1,0
20241207,13,19.39,7812.5,6144.1,0
20241207,13,19.50,7812.5,6062.1,0
20241207,13,20.00,7843.9,6061.9,0
20241207,13,20.01,7844.2,6054.4,0
20241207,13,20.12,7844.2,6054.4,0
20241207,13,20.31,7844.4,6049.5,0
20241207,13,20.87,7869.5,6049.5,0
20241207,13,21.73,7869.5,6049.5,0
20241207,13,24.00,7869.5,6046.3,0
20241207,13,24.04,7869.5,6035.6,0
20241207,13,25.00,7869.5,6032.7,0
20241207,13,29.90,7869.5,6025.8,0
20241207,13,30.00,7869.5,6024.8,0
20241207,13,31.00,7869.5,6007.8,0
20241207,13,32.00,7869.5,5976.6,0
20241207,13,35.00,7869.5,5976.5,0
20241207,13,37.50,7869.5,5975.4,0
20241207,13,40.00,7869.5,5968.2,0
20241207,13,41.36,7869.5,5953.7,0
20241207,13,42.59,7869.5,5950.1,0
20241207,13,45.00,7869.5,5876.7,0
20241207,13,45.01,7869.5,5872.9,0
20241207,13,48.32,7869.5,5868.7,0
20241207,13,50.00,7869.5,5843.1,0
20241207,13,50.01,7869.5,5752.2,0
20241207,13,55.00,7869.5,5749.2,0
20241207,13,60.00,7869.5,5727.1,0
20241207,13,63.40,7869.5,5705.5,0
20241207,13,77.80,7869.5,5689.0,0
20241207,13,79.90,7869.5,5636.6,0
20241207,13,80.00,7869.5,5636.0,0
20241207,13,80.01,7869.5,5530.7,0
20241207,13,81.00,7869.5,5516.3,0
20241207,13,82.01,7869.5,5516.0,0
20241207,13,85.00,7869.5,5500.2,0
20241207,13,90.00,7869.5,5498.6,0
20241207,13,99.90,7869.5,5495.9,0
20241207,13,100.00,7869.5,5487.5,0
20241207,13,100.01,7882.0,5433.6,0
20241207,13,101.00,7882.0,5433.6,0
20241207,13,150.00,7882.0,5428.1,0
20241207,13,200.00,7882.0,5414.8,0
20241207,13,200.01,7882.0,4983.1,0
20241207,13,200.10,7882.0,4850.6,0
20241207,13,200.50,7882.0,4850.4,0
20241207,13,201.00,7882.0,4842.3,0
20241207,13,210.00,7882.0,4842.0,0
20241207,13,300.00,7882.0,4758.2,0
20241207,13,500.00,7882.0,4753.2,0
20241207,13,900.00,7882.0,4743.2,0
20241207,13,999.00,7882.0,4740.2,0
20241207,13,999.99,7882.0,0.0,0
20241207,13,0.00,0.0,13839.6,3
20241207,13,0.00,4389.3,13839.6,3
20241207,13,0.01,11178.4,13839.6,3
20241207,13,0.02,11318.4,13837.8,3
20241207,13,0.03,11318.4,13827.1,3
20241207,13,1.00,11370.3,13826.3,3
20241207,13,1.01,11372.1,13755.7,3
20241207,13,2.00,11382.5,13753.9,3
20241207,13,2.01,11382.5,13737.9,3
20241207,13,2.52,11389.7,13437.9,3
20241207,13,3.00,11414.6,13437.9,3
20241207,13,3.01,11414.6,13090.4,3
20241207,13,4.27,11473.0,12990.4,3
20241207,13,5.00,11504.0,12990.4,3
20241207,13,5.01,11504.5,12938.6,3
20241207,13,5.03,11511.7,12726.8,3
20241207,13,6.00,11564.9,12726.8,3
20241207,13,6.01,11576.3,12715.5,3
20241207,13,6.10,11584.6,12715.5,3
20241207,13,6.19,11584.6,12715.5,3
20241207,13,6.50,11586.7,12515.5,3
20241207,13,6.61,11587.7,12515.5,3
20241207,13,7.00,11587.7,12515.5,3
20241207,13,7.51,11587.7,12514.7,3
20241207,13,7.53,11594.9,12214.7,3
20241207,13,7.66,11595.9,12214.7,3
20241207,13,7.80,11595.9,12214.7,3
20241207,13,8.00,11595.9,12143.2,3
20241207,13,8.01,11596.9,12041.3,3
20241207,13,8.04,11596.9,12041.3,3
20241207,13,8.50,11596.9,11941.3,3
20241207,13,8.71,11597.9,11941.1,3
20241207,13,9.00,11597.9,11941.1,3
20241207,13,9.01,11602.2,11939.9,3
20241207,13,9.46,11602.2,11939.9,3
20241207,13,9.49,11608.2,11909.9,3
20241207,13,9.50,11608.2,11909.9,3
20241207,13,9.56,11656.2,11889.9,3
20241207,13,9.76,11658.4,11889.9,3
20241207,13,9.87,11658.4,11889.9,3
20241207,13,9.89,11658.4,11887.8,3
20241207,13,9.96,11658.4,11884.7,3
20241207,13,10.00,11663.1,11869.7,3
20241207,13,10.01,11665.9,11824.5,3
20241207,13,10.04,11673.2,11820.8,3
20241207,13,10.05,11673.2,11820.8,3
20241207,13,10.11,11682.6,11790.8,3
20241207,13,10.14,11682.6,11790.8,3
20241207,13,10.15,11682.6,11734.8,3
20241207,13,10.28,11682.6,11634.8,3
20241207,13,10.30,11752.3,11579.8,3
20241207,13,10.44,11752.3,11579.8,3
20241207,13,10.50,11752.3,11432.8,3
20241207,13,10.55,11752.3,11402.8,3
20241207,13,10.64,11752.3,11387.8,3
20241207,13,10.67,11752.3,11357.8,3
20241207,13,10.68,11752.3,11302.8,3
20241207,13,10.79,11752.3,11299.9,3
20241207,13,10.80,11752.3,11151.9,3
20241207,13,10.93,11752.3,11004.9,3
20241207,13,11.00,11752.3,10902.9,3
20241207,13,11.01,11755.6,10876.1,3
20241207,13,11.04,11755.6,10876.1,3
20241207,13,11.08,11755.6,10729.1,3
20241207,13,11.23,11755.6,10625.1,3
20241207,13,11.28,11755.6,10595.1,3
20241207,13,11.30,11755.6,10581.5,3
20241207,13,11.32,13045.6,10581.1,3
20241207,13,11.50,13045.6,10581.1,3
20241207,13,11.52,13062.2,10437.1,3
20241207,13,11.54,13062.2,10437.1,3
20241207,13,11.65,13062.2,10314.1,3
20241207,13,11.70,13063.9,10191.1,3
20241207,13,11.79,13064.7,10191.1,3
20241207,13,11.86,13070.7,10191.1,3
20241207,13,11.87,13070.7,10190.7,3
20241207,13,11.99,13070.7,10067.4,3
20241207,13,12.00,13070.7,9944.4,3
20241207,13,12.01,13071.2,9869.0,3
20241207,13,12.06,13071.4,9869.0,3
20241207,13,12.10,13071.4,9869.0,3
20241207,13,12.30,13071.4,9868.2,3
20241207,13,12.38,13072.6,9838.2,3
20241207,13,12.40,13072.6,9838.0,3
20241207,13,12.50,13072.6,9778.0,3
20241207,13,12.55,13079.8,9754.4,3
20241207,13,12.59,13081.2,9754.4,3
20241207,13,12.62,13082.6,9754.4,3
20241207,13,12.63,13102.7,9744.5,3
20241207,13,12.64,13142.1,9744.5,3
20241207,13,12.66,13143.6,9744.5,3
20241207,13,12.69,13145.1,9744.5,3
20241207,13,12.70,13145.2,9744.5,3
20241207,13,12.73,13146.5,9744.5,3
20241207,13,12.78,13176.5,9743.5,3
20241207,13,12.82,13205.4,9743.5,3
20241207,13,12.90,13205.4,9743.5,3
20241207,13,12.91,13205.4,9743.3,3
20241207,13,12.99,13205.4,9739.6,3
20241207,13,13.00,13205.4,9680.6,3
20241207,13,13.01,13206.6,9666.7,3
20241207,13,13.06,13206.6,9666.7,3
20241207,13,13.13,13296.6,9666.0,3
20241207,13,13.27,13326.6,9666.0,3
20241207,13,13.28,13326.6,9666.0,3
20241207,13,13.36,13346.6,9665.6,3
20241207,13,13.40,13346.6,9665.6,3
20241207,13,13.41,13346.6,9665.0,3
20241207,13,13.50,13346.6,9664.8,3
20241207,13,13.55,13346.6,9634.8,3
20241207,13,13.58,13346.6,9633.9,3
20241207,13,13.59,13375.6,9632.9,3
20241207,13,13.70,13375.7,9632.9,3
20241207,13,13.73,13375.7,9632.9,3
20241207,13,13.90,13395.7,9631.2,3
20241207,13,13.92,13395.7,9631.2,3
20241207,13,13.96,13395.7,9631.0,3
20241207,13,14.00,13395.7,9628.0,3
20241207,13,14.01,13400.8,9624.0,3
20241207,13,14.07,13420.8,9624.0,3
20241207,13,14.19,13450.8,9624.0,3
20241207,13,14.26,13510.8,9624.0,3
20241207,13,14.29,13510.8,9624.0,3
20241207,13,14.30,13510.8,9614.1,3
20241207,13,14.40,13570.8,9514.1,3
20241207,13,14.43,13570.8,9514.1,3
20241207,13,14.50,13570.8,9513.1,3
20241207,13,14.53,13590.8,9512.1,3
20241207,13,14.60,13590.8,9512.1,3
20241207,13,14.63,13664.8,9512.0,3
20241207,13,14.66,13738.8,9512.0,3
20241207,13,14.72,13811.8,9512.0,3
20241207,13,14.82,13826.2,9512.0,3
20241207,13,14.85,13926.2,9512.0,3
20241207,13,14.88,14014.2,9512.0,3
20241207,13,14.93,14114.2,9512.0,3
20241207,13,14.98,14202.2,9512.0,3
20241207,13,15.00,14207.2,9512.0,3
20241207,13,15.01,14208.2,9491.5,3
20241207,13,15.03,14299.2,9489.7,3
20241207,13,15.12,14299.2,9489.7,3
20241207,13,15.30,14299.2,9481.9,3
20241207,13,15.39,14469.2,9481.1,3
20241207,13,15.70,14469.2,9481.1,3
20241207,13,15.88,14469.2,9481.0,3
20241207,13,16.00,14469.2,9470.7,3
20241207,13,16.06,14569.2,9402.0,3
20241207,13,16.12,14594.2,9401.4,3
20241207,13,16.13,14619.2,9401.4,3
20241207,13,16.32,14719.2,9401.4,3
20241207,13,16.91,14719.2,9401.4,3
20241207,13,17.00,14719.2,9399.6,3
20241207,13,17.01,14723.1,9397.8,3
20241207,13,17.07,14723.1,9393.4,3
20241207,13,17.17,14823.1,9331.9,3
20241207,13,17.20,14823.1,9331.9,3
20241207,13,17.29,14823.1,9331.2,3
20241207,13,17.30,14823.1,9331.1,3
20241207,13,18.00,14823.1,9330.9,3
20241207,13,18.13,14923.1,9330.1,3
20241207,13,18.21,14923.1,9330.1,3
20241207,13,19.42,15163.1,9329.2,3
20241207,13,19.73,15263.1,9329.2,3
20241207,13,19.74,15363.1,9329.2,3
20241207,13,19.75,15378.1,9329.2,3
20241207,13,20.00,15378.1,9329.2,3
20241207,13,20.01,15381.4,9324.8,3
20241207,13,21.12,15381.4,9320.5,3
20241207,13,21.91,15381.4,9319.7,3
20241207,13,22.29,15381.4,9302.9,3
20241207,13,22.30,15381.4,9302.5,3
20241207,13,23.05,15381.4,9299.8,3
20241207,13,23.86,15381.4,9298.9,3
20241207,13,24.00,15381.4,9298.1,3
20241207,13,24.02,15381.4,9250.5,3
20241207,13,27.50,15381.4,9245.1,3
20241207,13,28.86,15381.4,9242.8,3
20241207,13,28.87,15391.0,9240.7,3
20241207,13,29.90,15391.0,9240.7,3
20241207,13,30.00,15391.0,9240.0,3
20241207,13,32.00,15391.0,9213.6,3
20241207,13,35.00,15391.0,9213.4,3
20241207,13,35.82,15391.0,9207.6,3
20241207,13,36.00,15391.0,9151.0,3
20241207,13,36.79,15391.0,9126.0,3
20241207,13,39.69,15824.0,9114.9,3
20241207,13,40.00,15824.0,9114.9,3
20241207,13,44.78,15824.0,9085.5,3
20241207,13,45.00,15824.0,9083.9,3
20241207,13,45.01,15824.0,9063.6,3
20241207,13,46.00,15824.0,8997.3,3
20241207,13,50.00,15824.0,8974.4,3
20241207,13,55.00,15824.0,8907.3,3
20241207,13,60.00,15824.0,8869.6,3
20241207,13,62.27,15824.0,8836.3,3
20241207,13,77.80,15824.0,8815.2,3
20241207,13,79.90,15824.0,8772.9,3
20241207,13,80.00,15824.0,8772.5,3
20241207,13,80.01,15824.0,8393.6,3
20241207,13,80.21,15973.9,8375.3,3
20241207,13,82.01,15973.9,8375.3,3
20241207,13,85.00,15973.9,8337.6,3
20241207,13,90.00,15973.9,8336.8,3
20241207,13,96.52,15973.9,8334.5,3
20241207,13,99.00,15973.9,8332.9,3
20241207,13,99.90,15973.9,8332.7,3
20241207,13,100.00,16161.7,8331.8,3
20241207,13,100.01,16169.7,8182.5,3
20241207,13,101.00,16169.7,8182.5,3
20241207,13,109.44,16169.7,8099.2,3
20241207,13,120.10,16169.7,8097.5,3
20241207,13,122.36,16169.7,8092.0,3
20241207,13,135.28,16169.7,8090.4,3
20241207,13,138.00,16169.7,8088.7,3
20241207,13,150.00,16169.7,7990.1,3
20241207,13,190.00,16169.7,7958.3,3
20241207,13,200.00,16169.7,7958.2,3
20241207,13,200.01,16169.7,7278.4,3
20241207,13,200.10,16169.7,6186.4,3
20241207,13,200.50,16169.7,6186.0,3
20241207,13,201.00,16169.7,6177.7,3
20241207,13,210.00,16169.7,6173.7,3
20241207,13,250.00,16169.7,4909.0,3
20241207,13,299.99,16169.9,4901.9,3
20241207,13,300.00,16169.9,4901.9,3
20241207,13,550.02,16169.9,4893.9,3
20241207,13,999.00,16169.9,4740.6,3
20241207,13,999.99,16169.9,0.0,3
20241207,14,0.00,0.0,8148.7,0
20241207,14,0.00,2515.0,8148.7,0
20241207,14,0.01,6706.4,8148.7,0
20241207,14,0.02,6740.9,8144.9,0
20241207,14,0.03,6742.7,8144.5,0
20241207,14,0.10,6762.3,8144.5,0
20241207,14,1.00,6870.1,8124.5,0
20241207,14,1.01,6870.1,8117.7,0
20241207,14,1.20,6874.0,8113.9,0
20241207,14,2.01,6874.0,8113.9,0
20241207,14,2.40,6876.0,7813.9,0
20241207,14,3.00,6877.0,7813.9,0
20241207,14,3.01,6877.1,7692.9,0
20241207,14,3.60,6879.1,7592.9,0
20241207,14,4.00,6883.1,7592.9,0
20241207,14,4.80,6885.1,7592.9,0
20241207,14,5.00,6964.0,7592.9,0
20241207,14,5.01,6964.0,7571.2,0
20241207,14,5.90,6964.0,7332.9,0
20241207,14,6.00,6991.6,7316.7,0
20241207,14,6.26,6991.6,7316.7,0
20241207,14,6.60,6992.2,7310.7,0
20241207,14,7.20,6994.2,7310.7,0
20241207,14,8.00,6994.2,7310.7,0
20241207,14,8.01,6994.7,7299.3,0
20241207,14,8.40,6996.7,7299.3,0
20241207,14,8.85,6996.7,7299.3,0
20241207,14,9.01,6996.7,7142.3,0
20241207,14,9.02,6996.7,7135.2,0
20241207,14,9.60,6998.7,7135.0,0
20241207,14,9.73,6998.7,7135.0,0
20241207,14,9.99,6998.7,7090.0,0
20241207,14,10.00,7001.0,7060.0,0
20241207,14,10.05,7021.0,7058.8,0
20241207,14,10.80,7023.0,7058.8,0
20241207,14,11.15,7023.3,7058.8,0
20241207,14,11.42,7034.9,7058.8,0
20241207,14,11.64,7034.9,7058.8,0
20241207,14,12.00,7125.9,7042.1,0
20241207,14,12.13,7125.9,7021.8,0
20241207,14,12.75,7125.9,7002.4,0
20241207,14,12.85,7125.9,6703.4,0
20241207,14,13.00,7125.9,6588.4,0
20241207,14,13.01,7125.9,6588.1,0
20241207,14,13.07,7125.9,6581.1,0
20241207,14,13.34,7125.9,6302.1,0
20241207,14,13.35,7126.7,6272.7,0
20241207,14,13.40,7126.7,6272.7,0
20241207,14,13.94,7129.0,6272.2,0
20241207,14,14.00,7134.0,6272.2,0
20241207,14,14.05,7134.5,6272.1,0
20241207,14,14.09,7134.5,6272.1,0
20241207,14,14.16,7135.0,6250.1,0
20241207,14,14.28,7135.4,6250.1,0
20241207,14,14.39,7135.9,6250.1,0
20241207,14,14.40,7135.9,6250.1,0
20241207,14,14.50,7136.3,6249.9,0
20241207,14,15.00,7136.3,6249.6,0
20241207,14,15.01,7136.3,6247.7,0
20241207,14,15.43,7136.3,6247.1,0
20241207,14,15.44,7140.9,6246.7,0
20241207,14,15.60,7140.9,6246.7,0
20241207,14,15.62,7290.9,6244.7,0
20241207,14,15.90,7290.9,6244.7,0
20241207,14,16.00,7290.9,6244.5,0
20241207,14,16.03,7292.5,6218.0,0
20241207,14,16.08,7293.0,6218.0,0
20241207,14,16.17,7293.2,6218.0,0
20241207,14,16.36,7293.2,6218.0,0
20241207,14,16.59,7293.2,6217.7,0
20241207,14,16.80,7293.2,6216.2,0
20241207,14,16.93,7293.2,6214.9,0
20241207,14,17.00,7298.2,6214.0,0
20241207,14,17.28,7557.2,6213.7,0
20241207,14,17.32,7574.2,6213.7,0
20241207,14,17.43,7574.2,6213.7,0
20241207,14,17.50,7574.2,6213.5,0
20241207,14,17.73,7574.2,6193.5,0
20241207,14,17.81,7748.2,6171.5,0
20241207,14,18.00,7748.2,6171.5,0
20241207,14,18.50,7748.2,6145.7,0
20241207,14,18.69,7748.5,6143.5,0
20241207,14,18.70,7785.8,6143.5,0
20241207,14,18.81,7785.8,6143.5,0
20241207,14,19.08,7785.8,6117.9,0
20241207,14,19.50,7785.8,6035.9,0
20241207,14,19.59,7816.9,6035.7,0
20241207,14,20.00,7816.9,6035.7,0
20241207,14,20.01,7816.9,6027.7,0
20241207,14,20.03,7837.9,6027.3,0
20241207,14,20.12,7837.9,6027.3,0
20241207,14,20.48,7869.0,6021.9,0
20241207,14,21.37,7893.9,6021.9,0
20241207,14,21.50,7893.9,6021.9,0
20241207,14,22.20,7893.9,6021.8,0
20241207,14,24.00,7893.9,6017.6,0
20241207,14,24.04,7893.9,6006.4,0
20241207,14,25.00,7893.9,6004.0,0
20241207,14,29.90,7893.9,5996.8,0
20241207,14,30.00,7893.9,5995.8,0
20241207,14,31.00,7893.9,5977.0,0
20241207,14,35.00,7893.9,5943.3,0
20241207,14,37.50,7893.9,5942.1,0
20241207,14,40.00,7893.9,5934.5,0
20241207,14,41.36,7893.9,5918.9,0
20241207,14,45.00,7893.9,5914.4,0
20241207,14,45.01,7893.9,5910.7,0
20241207,14,46.16,7893.9,5906.5,0
20241207,14,48.32,7893.9,5827.2,0
20241207,14,50.00,7893.9,5801.6,0
20241207,14,50.01,7893.9,5705.0,0
20241207,14,55.00,7893.9,5701.8,0
20241207,14,60.00,7893.9,5678.8,0
20241207,14,64.36,7893.9,5656.7,0
20241207,14,77.80,7893.9,5638.9,0
20241207,14,79.90,7893.9,5582.8,0
20241207,14,80.00,7893.9,5582.2,0
20241207,14,80.01,7893.9,5473.9,0
20241207,14,81.00,7893.9,5458.7,0
20241207,14,82.01,7893.9,5458.4,0
20241207,14,85.00,7893.9,5441.6,0
20241207,14,90.00,7893.9,5439.9,0
20241207,14,99.90,7893.9,5437.1,0
20241207,14,100.00,7893.9,5429.0,0
20241207,14,100.01,7906.7,5373.3,0
20241207,14,101.00,7906.7,5373.3,0
20241207,14,150.00,7906.7,5367.8,0
20241207,14,200.00,7906.7,5353.9,0
20241207,14,200.01,7906.7,4910.0,0
20241207,14,200.10,7906.7,4775.7,0
20241207,14,200.50,7906.7,4775.4,0
20241207,14,201.00,7906.7,4766.4,0
20241207,14,210.00,7906.7,4766.1,0
20241207,14,300.00,7906.7,4735.7,0
20241207,14,500.00,7906.7,4730.7,0
20241207,14,900.00,7906.7,4720.7,0
20241207,14,999.00,7906.7,4717.7,0
20241207,14,999.99,7906.7,0.0,0
20241207,14,0.00,0.0,14101.6,3
20241207,14,0.00,4382.9,14101.6,3
20241207,14,0.01,11144.8,14101.6,3
20241207,14,0.02,11274.8,14099.7,3
20241207,14,0.03,11274.8,14089.0,3
20241207,14,1.00,11326.8,14088.1,3
20241207,14,1.01,11328.3,14017.1,3
20241207,14,2.00,11338.5,14015.2,3
20241207,14,2.01,11338.5,13999.2,3
20241207,14,2.66,11345.7,13699.2,3
20241207,14,3.00,11369.8,13699.2,3
20241207,14,3.01,11369.8,13350.1,3
20241207,14,4.27,11428.2,13250.1,3
20241207,14,5.00,11459.8,13250.1,3
20241207,14,5.01,11460.3,13197.4,3
20241207,14,5.31,11467.5,12985.1,3
20241207,14,6.00,11519.7,12985.1,3
20241207,14,6.01,11531.2,12973.8,3
20241207,14,6.02,11532.1,12973.8,3
20241207,14,6.10,11536.9,12973.8,3
20241207,14,6.19,11536.9,12973.8,3
20241207,14,6.50,11539.0,12773.8,3
20241207,14,7.00,11539.0,12773.8,3
20241207,14,7.22,11540.0,12773.0,3
20241207,14,7.51,11540.0,12773.0,3
20241207,14,7.80,11540.0,12473.0,3
20241207,14,7.96,11547.2,12401.5,3
20241207,14,8.00,11547.2,12401.5,3
20241207,14,8.01,11548.2,12299.7,3
20241207,14,8.04,11548.2,12299.7,3
20241207,14,8.42,11549.2,12199.7,3
20241207,14,9.00,11549.2,12199.7,3
20241207,14,9.01,11550.5,12198.5,3
20241207,14,9.40,11550.5,12198.5,3
20241207,14,9.50,11556.5,12197.2,3
20241207,14,9.59,11642.5,12177.2,3
20241207,14,9.62,11644.5,12177.2,3
20241207,14,9.72,11644.5,12177.2,3
20241207,14,9.89,11644.5,12147.2,3
20241207,14,9.99,11644.5,12143.9,3
20241207,14,10.00,11648.1,12128.9,3
20241207,14,10.01,11651.1,12082.6,3
20241207,14,10.11,11660.5,12078.8,3
20241207,14,10.14,11660.5,12078.8,3
20241207,14,10.15,11660.5,12022.8,3
20241207,14,10.26,11660.5,11922.8,3
20241207,14,10.30,11730.2,11867.8,3
20241207,14,10.32,11730.2,11867.8,3
20241207,14,10.44,11730.2,11837.8,3
20241207,14,10.50,11730.2,11690.8,3
20241207,14,10.57,11730.2,11660.8,3
20241207,14,10.61,11737.5,11645.8,3
20241207,14,10.67,11737.5,11645.8,3
20241207,14,10.68,11737.5,11590.8,3
20241207,14,10.79,11737.5,11587.9,3
20241207,14,10.80,11737.5,11440.9,3
20241207,14,10.93,11737.5,11293.9,3
20241207,14,11.00,11737.5,11161.9,3
20241207,14,11.01,11741.1,11133.8,3
20241207,14,11.04,11741.1,11133.8,3
20241207,14,11.08,11741.1,10986.8,3
20241207,14,11.10,11741.1,10882.8,3
20241207,14,11.11,11741.4,10882.5,3
20241207,14,11.16,11741.4,10882.5,3
20241207,14,11.32,13221.4,10867.4,3
20241207,14,11.45,13239.8,10867.4,3
20241207,14,11.50,13239.8,10867.4,3
20241207,14,11.54,13239.8,10723.8,3
20241207,14,11.65,13239.8,10570.8,3
20241207,14,11.69,13240.6,10447.8,3
20241207,14,11.70,13242.7,10447.8,3
20241207,14,11.87,13242.7,10447.8,3
20241207,14,11.88,13248.7,10324.8,3
20241207,14,11.99,13248.7,10324.8,3
20241207,14,12.00,13248.7,10201.8,3
20241207,14,12.02,13248.7,10126.0,3
20241207,14,12.30,13248.7,10125.6,3
20241207,14,12.33,13248.7,10124.2,3
20241207,14,12.38,13249.9,10094.2,3
20241207,14,12.41,13249.9,10094.2,3
20241207,14,12.45,13249.9,10094.0,3
20241207,14,12.46,13270.0,10084.1,3
20241207,14,12.47,13300.0,10084.1,3
20241207,14,12.50,13300.0,10084.1,3
20241207,14,12.64,13309.4,10060.2,3
20241207,14,12.74,13309.4,10060.2,3
20241207,14,12.81,13339.4,10000.2,3
20241207,14,13.00,13339.4,10000.2,3
20241207,14,13.01,13340.7,9986.8,3
20241207,14,13.08,13370.7,9986.8,3
20241207,14,13.13,13490.7,9986.8,3
20241207,14,13.15,13519.6,9986.8,3
20241207,14,13.21,13519.6,9986.8,3
20241207,14,13.22,13519.6,9986.6,3
20241207,14,13.26,13526.8,9982.9,3
20241207,14,13.35,13526.8,9982.9,3
20241207,14,13.39,13546.8,9923.9,3
20241207,14,13.40,13548.2,9923.9,3
20241207,14,13.50,13548.2,9923.9,3
20241207,14,13.53,13549.6,9893.9,3
20241207,14,13.67,13551.1,9893.9,3
20241207,14,13.70,13571.1,9893.9,3
20241207,14,13.80,13572.6,9893.9,3
20241207,14,13.94,13573.9,9893.9,3
20241207,14,13.96,13573.9,9893.5,3
20241207,14,13.97,13602.9,9892.5,3
20241207,14,14.00,13602.9,9892.5,3
20241207,14,14.01,13608.4,9888.2,3
20241207,14,14.10,13628.4,9888.2,3
20241207,14,14.17,13628.4,9888.2,3
20241207,14,14.26,13688.4,9887.8,3
20241207,14,14.29,13688.4,9887.8,3
20241207,14,14.30,13688.4,9877.3,3
20241207,14,14.32,13708.4,9777.3,3
20241207,14,14.39,13708.4,9777.3,3
20241207,14,14.40,13754.4,9776.9,3
20241207,14,14.42,13754.4,9776.9,3
20241207,14,14.50,13754.4,9773.9,3
20241207,14,14.57,13784.4,9772.9,3
20241207,14,14.60,13784.4,9772.9,3
20241207,14,14.62,13784.4,9772.8,3
20241207,14,14.63,13846.4,9771.2,3
20241207,14,14.66,13909.4,9771.2,3
20241207,14,14.72,13972.4,9771.2,3
20241207,14,14.80,13972.4,9771.2,3
20241207,14,14.85,14060.4,9771.0,3
20241207,14,14.88,14137.4,9771.0,3
20241207,14,14.93,14225.4,9771.0,3
20241207,14,14.96,14225.4,9771.0,3
20241207,14,14.98,14304.4,9770.4,3
20241207,14,15.00,14309.4,9770.4,3
20241207,14,15.01,14310.4,9750.0,3
20241207,14,15.03,14391.4,9750.0,3
20241207,14,15.12,14391.4,9750.0,3
20241207,14,15.15,14405.8,9740.3,3
20241207,14,15.29,14405.8,9740.3,3
20241207,14,15.36,14443.2,9738.6,3
20241207,14,15.37,14480.6,9738.6,3
20241207,14,15.39,14630.6,9738.6,3
20241207,14,15.59,14630.6,9738.6,3
20241207,14,15.62,14630.6,9738.4,3
20241207,14,15.70,14630.6,9736.4,3
20241207,14,15.88,14630.6,9736.3,3
20241207,14,16.00,14630.6,9725.1,3
20241207,14,16.06,14730.6,9654.6,3
20241207,14,16.12,14777.0,9654.6,3
20241207,14,16.13,14823.4,9654.6,3
20241207,14,16.14,14869.8,9654.6,3
20241207,14,16.32,14969.8,9654.6,3
20241207,14,16.38,14969.8,9654.6,3
20241207,14,16.67,14969.8,9653.5,3
20241207,14,16.82,14969.8,9652.7,3
20241207,14,16.91,14969.8,9651.7,3
20241207,14,17.00,14969.8,9649.9,3
20241207,14,17.01,14973.9,9647.9,3
20241207,14,17.07,14973.9,9643.4,3
20241207,14,17.17,15073.9,9575.3,3
20241207,14,17.20,15073.9,9575.3,3
20241207,14,17.29,15073.9,9574.5,3
20241207,14,17.30,15073.9,9574.4,3
20241207,14,18.13,15173.9,9574.1,3
20241207,14,19.42,15413.9,9574.1,3
20241207,14,19.73,15461.9,9574.1,3
20241207,14,20.00,15461.9,9574.1,3
20241207,14,20.01,15465.5,9570.0,3
20241207,14,20.09,15465.5,9565.5,3
20241207,14,21.91,15465.5,9564.6,3
20241207,14,22.00,15465.5,9547.8,3
20241207,14,22.29,15465.5,9546.9,3
20241207,14,22.30,15465.5,9546.5,3
20241207,14,23.51,15465.5,9543.7,3
20241207,14,24.00,15465.5,9542.9,3
20241207,14,25.00,15465.5,9492.0,3
20241207,14,25.78,15465.5,9491.4,3
20241207,14,26.73,15465.5,9490.5,3
20241207,14,26.92,15465.5,9489.7,3
20241207,14,27.50,15465.5,9481.9,3
20241207,14,28.87,15475.1,9479.4,3
20241207,14,29.90,15475.1,9479.4,3
20241207,14,30.00,15475.1,9478.5,3
20241207,14,32.00,15475.1,9449.9,3
20241207,14,32.76,15475.1,9449.1,3
20241207,14,35.00,15475.1,9446.8,3
20241207,14,36.00,15475.1,9440.5,3
20241207,14,36.79,15475.1,9415.5,3
20241207,14,39.69,16060.1,9404.4,3
20241207,14,40.00,16060.1,9404.4,3
20241207,14,45.00,16060.1,9372.7,3
20241207,14,45.01,16060.1,9343.6,3
20241207,14,46.00,16060.1,9169.6,3
20241207,14,46.08,16060.1,9144.6,3
20241207,14,46.16,16060.1,9143.0,3
20241207,14,50.00,16060.1,9081.1,3
20241207,14,55.00,16060.1,9009.3,3
20241207,14,59.00,16060.1,8970.8,3
20241207,14,60.00,16060.1,8969.2,3
20241207,14,63.05,16060.1,8934.6,3
20241207,14,71.92,16060.1,8912.0,3
20241207,14,77.80,16060.1,8910.3,3
20241207,14,79.90,16060.1,8860.5,3
20241207,14,80.00,16060.1,8860.0,3
20241207,14,80.01,16060.1,8458.5,3
20241207,14,80.21,16210.0,8437.9,3
20241207,14,82.01,16210.0,8437.9,3
20241207,14,84.84,16210.0,8397.2,3
20241207,14,85.00,16210.0,8395.6,3
20241207,14,90.00,16210.0,8394.6,3
20241207,14,97.76,16210.0,8391.8,3
20241207,14,99.00,16210.0,8390.1,3
20241207,14,99.90,16210.0,8389.9,3
20241207,14,100.00,16397.8,8389.0,3
20241207,14,100.01,16405.9,8236.6,3
20241207,14,101.00,16405.9,8236.6,3
20241207,14,120.10,16405.9,8153.3,3
20241207,14,138.00,16405.9,8147.4,3
20241207,14,150.00,16405.9,8047.6,3
20241207,14,190.00,16405.9,8015.7,3
20241207,14,200.00,16405.9,8015.5,3
20241207,14,200.01,16405.9,7306.8,3
20241207,14,200.10,16405.9,6204.7,3
20241207,14,200.50,16405.9,6204.3,3
20241207,14,201.00,16405.9,6193.8,3
20241207,14,210.00,16405.9,6189.8,3
20241207,14,250.00,16405.9,4923.5,3
20241207,14,299.99,16406.1,4916.2,3
20241207,14,300.00,16406.1,4916.2,3
20241207,14,550.02,16406.1,4908.2,3
20241207,14,999.00,16406.1,4754.9,3
20241207,14,999.99,16406.1,0.0,3
20241207,15,0.00,0.0,8310.2,0
20241207,15,0.00,2598.0,8310.2,0
20241207,15,0.01,6766.9,8310.2,0
20241207,15,0.02,6799.4,8306.2,0
20241207,15,0.03,6801.0,8305.8,0
20241207,15,0.10,6820.0,8305.8,0
20241207,15,0.27,6820.1,8285.8,0
20241207,15,0.37,6823.7,8285.8,0
20241207,15,1.00,6927.1,8285.8,0
20241207,15,1.01,6927.1,8266.2,0
20241207,15,1.72,6928.1,8262.2,0
20241207,15,2.01,6928.1,8262.2,0
20241207,15,3.00,6929.1,7962.2,0
20241207,15,3.01,6929.4,7841.2,0
20241207,15,3.07,6930.4,7741.2,0
20241207,15,4.00,6934.4,7741.2,0
20241207,15,4.42,6935.4,7741.2,0
20241207,15,5.00,7012.4,7741.2,0
20241207,15,5.01,7012.4,7719.4,0
20241207,15,5.77,7013.4,7480.3,0
20241207,15,5.90,7013.4,7480.3,0
20241207,15,6.00,7054.3,7464.3,0
20241207,15,6.26,7054.3,7464.3,0
20241207,15,6.60,7054.9,7458.3,0
20241207,15,7.00,7054.9,7458.3,0
20241207,15,7.12,7055.9,7458.2,0
20241207,15,8.01,7056.4,7458.2,0
20241207,15,8.42,7056.4,7458.2,0
20241207,15,8.47,7057.4,7458.0,0
20241207,15,8.85,7057.4,7458.0,0
20241207,15,9.01,7057.4,7301.0,0
20241207,15,9.73,7057.4,7293.6,0
20241207,15,9.82,7058.7,7248.6,0
20241207,15,9.99,7058.7,7248.6,0
20241207,15,10.00,7063.4,7218.6,0
20241207,15,10.05,7083.4,7215.9,0
20241207,15,10.39,7083.4,7215.9,0
20241207,15,11.17,7085.4,7215.5,0
20241207,15,11.36,7085.4,7215.5,0
20241207,15,11.42,7097.0,7197.6,0
20241207,15,12.00,7188.5,7197.6,0
20241207,15,12.13,7188.5,7173.4,0
20241207,15,12.43,7188.5,7154.0,0
20241207,15,12.48,7188.5,7153.7,0
20241207,15,12.53,7188.5,7153.3,0
20241207,15,12.58,7188.5,7152.0,0
20241207,15,12.63,7188.5,7151.1,0
20241207,15,12.85,7188.5,6770.1,0
20241207,15,12.99,7188.5,6655.1,0
20241207,15,13.00,7193.6,6436.1,0
20241207,15,13.01,7193.6,6435.8,0
20241207,15,13.31,7193.6,6428.5,0
20241207,15,13.34,7193.6,6427.5,0
20241207,15,13.35,7204.2,6403.9,0
20241207,15,13.42,7204.2,6403.9,0
20241207,15,13.87,7204.2,6402.4,0
20241207,15,14.00,7204.2,6402.2,0
20241207,15,14.56,7204.2,6402.1,0
20241207,15,14.95,7204.3,6401.9,0
20241207,15,15.00,7204.3,6401.9,0
20241207,15,15.01,7204.3,6401.2,0
20241207,15,15.08,7204.3,6400.5,0
20241207,15,15.13,7209.0,6399.6,0
20241207,15,15.14,7209.0,6399.6,0
20241207,15,15.22,7209.0,6393.0,0
20241207,15,15.55,7432.0,6391.0,0
20241207,15,15.72,7433.7,6391.0,0
20241207,15,15.90,7433.7,6391.0,0
20241207,15,15.95,7433.8,6390.8,0
20241207,15,16.00,7444.0,6390.8,0
20241207,15,16.44,7494.0,6358.0,0
20241207,15,16.57,7494.0,6358.0,0
20241207,15,16.59,7494.0,6356.7,0
20241207,15,16.99,7753.0,6355.2,0
20241207,15,17.00,7753.0,6355.2,0
20241207,15,17.04,7770.0,6354.9,0
20241207,15,17.07,7770.6,6354.9,0
20241207,15,17.16,7770.9,6354.9,0
20241207,15,17.23,7809.1,6354.9,0
20241207,15,17.37,7910.1,6354.9,0
20241207,15,17.43,7910.1,6354.9,0
20241207,15,17.50,7910.1,6354.7,0
20241207,15,17.73,7910.1,6331.9,0
20241207,15,17.92,7910.1,6309.9,0
20241207,15,18.00,7910.1,6308.9,0
20241207,15,18.01,7948.3,6283.9,0
20241207,15,18.66,7948.3,6283.9,0
20241207,15,18.79,7978.8,6252.8,0
20241207,15,18.82,7978.8,6252.8,0
20241207,15,19.25,7978.8,6201.8,0
20241207,15,19.78,8033.8,6201.1,0
20241207,15,20.00,8033.8,6201.1,0
20241207,15,20.01,8033.8,6192.7,0
20241207,15,21.00,8033.8,6192.2,0
20241207,15,21.51,8033.8,6191.9,0
20241207,15,24.00,8033.8,6187.5,0
20241207,15,24.04,8033.8,6175.3,0
20241207,15,25.00,8033.8,6173.8,0
20241207,15,29.90,8033.8,6166.6,0
20241207,15,30.00,8033.8,6165.5,0
20241207,15,30.12,8033.8,6144.1,0
20241207,15,31.00,8033.8,6137.8,0
20241207,15,35.00,8033.8,6099.4,0
20241207,15,37.50,8033.8,6098.5,0
20241207,15,40.00,8033.8,6091.3,0
20241207,15,41.36,8033.8,6074.3,0
20241207,15,45.00,8033.8,6069.7,0
20241207,15,45.01,8033.8,6066.2,0
20241207,15,47.00,8033.8,6061.4,0
20241207,15,48.32,8033.8,5973.9,0
20241207,15,50.00,8033.8,5948.4,0
20241207,15,50.01,8033.8,5844.2,0
20241207,15,55.00,8033.8,5840.4,0
20241207,15,60.00,8033.8,5818.5,0
20241207,15,63.08,8033.8,5794.6,0
20241207,15,63.69,8033.8,5793.4,0
20241207,15,77.80,8033.8,5776.0,0
20241207,15,79.90,8033.8,5714.9,0
20241207,15,80.00,8033.8,5714.2,0
20241207,15,80.01,8033.8,5596.8,0
20241207,15,81.00,8033.8,5580.6,0
20241207,15,82.01,8033.8,5580.3,0
20241207,15,85.00,8033.8,5562.3,0
20241207,15,90.00,8033.8,5560.2,0
20241207,15,99.90,8033.8,5557.3,0
20241207,15,100.00,8033.8,5549.5,0
20241207,15,100.01,8048.8,5494.6,0
20241207,15,101.00,8048.8,5494.6,0
20241207,15,150.00,8048.8,5489.1,0
20241207,15,200.00,8048.8,5478.6,0
20241207,15,200.01,8048.8,5009.7,0
20241207,15,200.10,8048.8,4872.3,0
20241207,15,200.50,8048.8,4872.2,0
20241207,15,201.00,8048.8,4862.0,0
20241207,15,210.00,8048.8,4861.7,0
20241207,15,300.00,8048.8,4829.2,0
20241207,15,500.00,8048.8,4824.2,0
20241207,15,900.00,8048.8,4814.2,0
20241207,15,999.00,8048.8,4811.2,0
20241207,15,999.99,8048.8,0.0,0
20241207,15,0.00,0.0,14578.6,3
20241207,15,0.00,4086.4,14578.6,3
20241207,15,0.01,10996.3,14578.6,3
20241207,15,0.02,11116.2,14574.1,3
20241207,15,0.03,11116.2,14563.3,3
20241207,15,0.04,11116.4,14562.3,3
20241207,15,1.00,11170.4,14562.3,3
20241207,15,1.01,11172.0,14442.3,3
20241207,15,1.18,11178.7,14437.9,3
20241207,15,2.00,11187.4,14437.9,3
20241207,15,2.01,11187.4,14421.9,3
20241207,15,2.35,11194.6,14121.9,3
20241207,15,3.00,11215.9,14121.9,3
20241207,15,3.01,11216.1,13771.3,3
20241207,15,3.51,11223.3,13671.3,3
20241207,15,4.27,11281.7,13671.3,3
20241207,15,4.68,11289.0,13671.3,3
20241207,15,5.00,11320.8,13671.3,3
20241207,15,5.01,11321.3,13637.5,3
20241207,15,5.22,11322.1,13424.9,3
20241207,15,5.85,11329.3,13424.9,3
20241207,15,6.00,11379.4,13424.9,3
20241207,15,6.01,11380.6,13413.5,3
20241207,15,6.19,11380.6,13413.5,3
20241207,15,6.43,11382.0,13213.5,3
20241207,15,6.50,11384.1,13213.5,3
20241207,15,6.57,11385.1,13213.5,3
20241207,15,7.00,11385.1,13213.5,3
20241207,15,7.02,11386.5,13212.7,3
20241207,15,7.51,11386.5,13212.7,3
20241207,15,7.60,11388.0,12912.7,3
20241207,15,7.80,11388.0,12912.7,3
20241207,15,7.92,11389.0,12840.6,3
20241207,15,8.00,11389.0,12840.6,3
20241207,15,8.01,11390.0,12785.1,3
20241207,15,8.04,11390.0,12785.1,3
20241207,15,8.12,11390.0,12685.1,3
20241207,15,8.19,11391.5,12683.0,3
20241207,15,8.77,11392.8,12683.0,3
20241207,15,9.00,11392.8,12683.0,3
20241207,15,9.01,11392.8,12681.8,3
20241207,15,9.27,11394.7,12676.8,3
20241207,15,9.39,11397.7,12676.8,3
20241207,15,9.50,11397.7,12676.8,3
20241207,15,9.65,11515.7,12656.8,3
20241207,15,9.74,11515.7,12656.8,3
20241207,15,9.92,11515.7,12656.4,3
20241207,15,10.00,11518.1,12652.8,3
20241207,15,10.01,11521.4,12607.4,3
20241207,15,10.14,11521.4,12603.4,3
20241207,15,10.15,11521.4,12547.4,3
20241207,15,10.23,11521.4,12447.4,3
20241207,15,10.24,11521.4,12432.4,3
20241207,15,10.30,11591.1,12402.4,3
20241207,15,10.44,11591.1,12402.4,3
20241207,15,10.50,11591.1,12255.4,3
20241207,15,10.56,11591.8,12225.2,3
20241207,15,10.57,11600.8,12225.2,3
20241207,15,10.62,11600.8,12225.2,3
20241207,15,10.67,11600.8,12210.2,3
20241207,15,10.68,11600.8,12140.2,3
20241207,15,10.69,11600.8,12137.2,3
20241207,15,10.72,11600.8,12136.5,3
20241207,15,10.79,11600.8,12136.1,3
20241207,15,10.80,11600.8,11989.1,3
20241207,15,10.81,11600.8,11841.1,3
20241207,15,10.88,11602.7,11801.1,3
20241207,15,10.93,11602.7,11771.1,3
20241207,15,10.97,11623.0,11669.1,3
20241207,15,11.00,11623.0,11669.1,3
20241207,15,11.01,11623.0,11641.0,3
20241207,15,11.04,11623.0,11637.8,3
20241207,15,11.08,11623.0,11489.8,3
20241207,15,11.13,11624.9,11369.2,3
20241207,15,11.22,11625.7,11369.2,3
20241207,15,11.26,11625.7,11369.2,3
20241207,15,11.30,11625.7,11365.6,3
20241207,15,11.32,13055.7,11364.7,3
20241207,15,11.50,13055.7,11364.7,3
20241207,15,11.52,13055.7,11220.9,3
20241207,15,11.54,13055.7,11190.9,3
20241207,15,11.55,13056.0,11067.9,3
20241207,15,11.59,13064.7,11067.9,3
20241207,15,11.65,13064.7,11062.9,3
20241207,15,11.69,13064.7,10939.9,3
20241207,15,11.87,13064.7,10939.0,3
20241207,15,11.90,13064.7,10816.0,3
20241207,15,11.97,13064.7,10814.0,3
20241207,15,11.99,13064.7,10813.6,3
20241207,15,12.00,13064.7,10690.6,3
20241207,15,12.01,13064.7,10634.5,3
20241207,15,12.02,13064.7,10604.5,3
20241207,15,12.33,13070.7,10603.3,3
20241207,15,12.42,13070.7,10603.3,3
20241207,15,12.49,13070.7,10603.1,3
20241207,15,12.50,13070.7,10573.1,3
20241207,15,12.51,13092.2,10543.0,3
20241207,15,12.63,13122.6,10543.0,3
20241207,15,12.88,13142.7,10543.0,3
20241207,15,12.91,13145.7,10543.0,3
20241207,15,12.99,13145.7,10543.0,3
20241207,15,13.00,13145.7,10542.4,3
20241207,15,13.01,13147.1,10508.8,3
20241207,15,13.12,13207.1,10508.8,3
20241207,15,13.13,13317.1,10508.8,3
20241207,15,13.16,13317.1,10508.8,3
20241207,15,13.21,13317.1,10508.1,3
20241207,15,13.30,13317.2,10507.9,3
20241207,15,13.32,13317.2,10507.9,3
20241207,15,13.43,13317.2,10503.5,3
20241207,15,13.49,13317.2,10443.5,3
20241207,15,13.50,13317.2,10441.8,3
20241207,15,13.52,13331.6,10431.8,3
20241207,15,13.72,13351.6,10421.8,3
20241207,15,13.75,13371.6,10421.8,3
20241207,15,13.80,13400.5,10421.8,3
20241207,15,13.99,13400.5,10421.8,3
20241207,15,14.00,13402.5,10421.5,3
20241207,15,14.07,13402.5,10397.5,3
20241207,15,14.08,13406.7,10342.7,3
20241207,15,14.17,13411.4,10342.7,3
20241207,15,14.26,13471.4,10337.7,3
20241207,15,14.29,13471.4,10337.7,3
20241207,15,14.30,13471.4,10327.8,3
20241207,15,14.32,13471.4,10227.8,3
20241207,15,14.37,13491.4,10202.4,3
20241207,15,14.40,13530.4,10202.4,3
20241207,15,14.44,13550.4,10202.4,3
20241207,15,14.50,13550.4,10202.4,3
20241207,15,14.52,13550.4,10201.4,3
20241207,15,14.60,13550.4,10200.6,3
20241207,15,14.63,13606.4,10200.5,3
20241207,15,14.66,13664.4,10200.5,3
20241207,15,14.67,13664.4,10200.5,3
20241207,15,14.72,13752.4,10197.5,3
20241207,15,14.85,13834.4,10197.5,3
20241207,15,14.88,13907.4,10197.5,3
20241207,15,14.90,13907.5,10197.5,3
20241207,15,14.93,13990.5,10197.5,3
20241207,15,14.98,14064.5,10197.5,3
20241207,15,15.00,14069.5,10197.5,3
20241207,15,15.01,14070.5,10177.0,3
20241207,15,15.03,14147.5,10177.0,3
20241207,15,15.12,14147.5,10177.0,3
20241207,15,15.36,14177.5,10176.8,3
20241207,15,15.39,14337.5,10176.8,3
20241207,15,15.57,14337.5,10176.8,3
20241207,15,15.70,14337.5,10164.4,3
20241207,15,15.80,14354.2,10164.3,3
20241207,15,16.00,14354.2,10164.3,3
20241207,15,16.02,14354.2,10091.0,3
20241207,15,16.06,14454.2,10088.8,3
20241207,15,16.12,14478.4,10088.8,3
20241207,15,16.13,14502.6,10088.8,3
20241207,15,16.28,14502.6,10088.8,3
20241207,15,16.32,14602.6,10088.6,3
20241207,15,16.69,14602.6,10088.6,3
20241207,15,16.77,14602.6,10013.9,3
20241207,15,17.00,14602.6,10011.9,3
20241207,15,17.01,14607.1,10009.7,3
20241207,15,17.17,14707.1,10005.1,3
20241207,15,17.20,14707.1,10005.1,3
20241207,15,17.37,14707.1,10004.2,3
20241207,15,17.45,14707.1,10003.1,3
20241207,15,17.81,14707.1,10002.0,3
20241207,15,17.82,14707.1,10001.9,3
20241207,15,18.13,14807.1,10001.6,3
20241207,15,18.72,14807.1,10001.6,3
20241207,15,19.24,14807.1,10001.1,3
20241207,15,19.42,15047.1,10000.2,3
20241207,15,19.73,15147.1,10000.2,3
20241207,15,19.74,15247.1,10000.2,3
20241207,15,19.75,15259.7,10000.2,3
20241207,15,20.00,15259.7,10000.2,3
20241207,15,20.01,15263.6,9995.3,3
20241207,15,20.12,15263.6,9990.6,3
20241207,15,21.77,15263.6,9978.9,3
20241207,15,22.20,15263.6,9960.2,3
20241207,15,22.81,15263.6,9959.1,3
20241207,15,22.82,15263.6,9958.8,3
20241207,15,23.97,15263.6,9955.9,3
20241207,15,24.00,15263.6,9955.1,3
20241207,15,25.00,15263.6,9899.3,3
20241207,15,27.12,15263.6,9898.6,3
20241207,15,27.50,15263.6,9897.7,3
20241207,15,28.43,15263.6,9894.5,3
20241207,15,28.69,15263.6,9893.7,3
20241207,15,28.87,15273.2,9884.6,3
20241207,15,29.90,15273.2,9884.6,3
20241207,15,30.00,15273.2,9883.3,3
20241207,15,30.01,15273.2,9851.1,3
20241207,15,32.00,15273.2,9851.0,3
20241207,15,34.90,15273.2,9849.2,3
20241207,15,35.00,15273.2,9846.8,3
20241207,15,36.00,15273.2,9837.9,3
20241207,15,36.79,15273.2,9812.9,3
20241207,15,39.69,15853.2,9801.8,3
20241207,15,40.00,15853.2,9801.8,3
20241207,15,44.58,15853.2,9768.2,3
20241207,15,45.00,15853.2,9766.6,3
20241207,15,45.01,15853.2,9729.2,3
20241207,15,46.00,15853.2,9441.6,3
20241207,15,47.00,15853.2,9416.6,3
20241207,15,50.00,15853.2,9327.1,3
20241207,15,55.00,15853.2,9251.0,3
20241207,15,60.00,15853.2,9212.2,3
20241207,15,62.64,15853.2,9174.6,3
20241207,15,77.80,15853.2,9150.3,3
20241207,15,79.90,15853.2,9089.9,3
20241207,15,80.00,15853.2,9089.0,3
20241207,15,80.01,15853.2,8656.7,3
20241207,15,80.21,16003.1,8632.6,3
20241207,15,82.01,16003.1,8632.6,3
20241207,15,85.00,16003.1,8588.8,3
20241207,15,90.00,16003.1,8587.2,3
20241207,15,96.39,16003.1,8583.6,3
20241207,15,99.00,16003.1,8582.0,3
20241207,15,99.90,16003.1,8581.8,3
20241207,15,100.00,16190.9,8581.0,3
20241207,15,100.01,16199.0,8395.0,3
20241207,15,101.00,16199.0,8395.0,3
20241207,15,109.31,16199.0,8311.7,3
20241207,15,120.10,16199.0,8310.0,3
20241207,15,122.23,16199.0,8303.8,3
20241207,15,135.15,16199.0,8302.2,3
20241207,15,138.00,16199.0,8300.5,3
20241207,15,150.00,16199.0,8196.4,3
20241207,15,190.00,16199.0,8163.2,3
20241207,15,200.00,16199.0,8162.9,3
20241207,15,200.01,16199.0,7417.2,3
20241207,15,200.10,16199.0,6304.5,3
20241207,15,200.50,16199.0,6304.2,3
20241207,15,201.00,16199.0,6290.1,3
20241207,15,210.00,16199.0,6286.0,3
20241207,15,250.00,16199.0,5008.5,3
20241207,15,299.99,16199.1,5001.0,3
20241207,15,300.00,16199.1,5001.0,3
20241207,15,550.02,16199.1,4993.0,3
20241207,15,999.00,16199.1,4811.7,3
20241207,15,999.99,16199.1,0.0,3
20241207,16,0.00,0.0,17529.9,3
20241207,16,0.00,5326.6,17529.9,3
20241207,16,0.01,12984.4,17529.9,3
20241207,16,0.02,13099.6,17519.8,3
20241207,16,0.03,13099.6,17508.9,3
20241207,16,0.04,13104.4,17497.7,3
20241207,16,0.10,13110.9,17497.7,3
20241207,16,0.25,13112.7,17497.7,3
20241207,16,0.30,13112.8,17497.7,3
20241207,16,0.56,13125.9,17497.7,3
20241207,16,1.00,13299.9,17497.7,3
20241207,16,1.01,13301.7,17372.3,3
20241207,16,1.91,13302.7,17362.1,3
20241207,16,2.00,13311.4,17362.1,3
20241207,16,2.01,13311.4,17346.1,3
20241207,16,2.31,13318.4,17046.1,3
20241207,16,3.00,13338.2,17046.1,3
20241207,16,3.01,13339.4,16589.9,3
20241207,16,3.26,13340.4,16489.9,3
20241207,16,4.00,13341.1,16489.9,3
20241207,16,4.27,13399.5,16489.9,3
20241207,16,4.61,13407.7,16489.9,3
20241207,16,4.89,13408.2,16489.9,3
20241207,16,5.00,13440.7,16489.9,3
20241207,16,5.01,13441.3,16437.7,3
20241207,16,5.96,13442.3,16216.2,3
20241207,16,6.00,13490.1,16216.2,3
20241207,16,6.01,13491.0,16204.8,3
20241207,16,6.19,13491.0,16204.8,3
20241207,16,6.24,13492.0,16004.8,3
20241207,16,6.50,13494.1,16004.8,3
20241207,16,6.91,13501.3,16004.8,3
20241207,16,6.95,13501.3,16004.8,3
20241207,16,7.00,13501.3,16003.2,3
20241207,16,7.31,13502.3,16002.5,3
20241207,16,7.50,13522.3,16002.5,3
20241207,16,7.51,13522.3,16002.5,3
20241207,16,7.59,13523.6,15702.5,3
20241207,16,7.80,13523.6,15702.5,3
20241207,16,7.87,13523.6,15630.3,3
20241207,16,8.00,13523.6,15615.3,3
20241207,16,8.01,13524.6,15559.7,3
20241207,16,8.04,13524.6,15559.7,3
20241207,16,8.09,13524.6,15459.7,3
20241207,16,8.34,13524.6,15458.0,3
20241207,16,8.35,13524.6,15443.0,3
20241207,16,8.50,13524.6,15413.0,3
20241207,16,8.60,13524.6,15412.7,3
20241207,16,8.61,13524.6,15412.0,3
20241207,16,8.66,13525.6,15387.0,3
20241207,16,8.80,13525.6,15387.0,3
20241207,16,8.87,13528.2,15357.0,3
20241207,16,8.94,13530.3,15327.0,3
20241207,16,9.00,13530.3,15327.0,3
20241207,16,9.17,13530.3,15325.8,3
20241207,16,9.21,13537.6,15313.1,3
20241207,16,9.39,13537.6,15313.1,3
20241207,16,9.44,13540.6,15283.1,3
20241207,16,9.50,13540.6,15283.1,3
20241207,16,9.62,13540.6,15262.3,3
20241207,16,9.65,13679.6,15247.3,3
20241207,16,9.80,13679.6,15247.3,3
20241207,16,9.91,13679.6,15243.5,3
20241207,16,9.95,13679.6,15213.5,3
20241207,16,10.00,13684.1,15113.5,3
20241207,16,10.01,13688.8,15068.1,3
20241207,16,10.04,13688.8,15063.9,3
20241207,16,10.14,13688.8,14963.9,3
20241207,16,10.15,13688.8,14807.9,3
20241207,16,10.18,13688.8,14707.9,3
20241207,16,10.20,13691.0,14692.9,3
20241207,16,10.29,13691.9,14692.9,3
20241207,16,10.30,13761.6,14692.9,3
20241207,16,10.41,13762.8,14692.9,3
20241207,16,10.44,13762.8,14692.9,3
20241207,16,10.50,13762.8,14545.9,3
20241207,16,10.58,13862.8,14512.7,3
20241207,16,10.61,13882.8,14512.7,3
20241207,16,10.62,13891.9,14512.7,3
20241207,16,10.68,13891.9,14512.7,3
20241207,16,10.69,13891.9,14509.5,3
20241207,16,10.70,13891.9,14506.7,3
20241207,16,10.71,13914.2,14445.0,3
20241207,16,10.76,13939.2,14445.0,3
20241207,16,10.79,13939.2,14445.0,3
20241207,16,10.80,13939.2,14298.0,3
20241207,16,10.82,13939.2,14151.0,3
20241207,16,10.83,14039.2,14133.7,3
20241207,16,10.90,14039.2,14133.7,3
20241207,16,10.93,14039.2,14133.2,3
20241207,16,10.99,14039.2,14031.2,3
20241207,16,11.00,14044.2,14006.2,3
20241207,16,11.01,14044.2,13978.4,3
20241207,16,11.04,14044.2,13973.9,3
20241207,16,11.08,14044.2,13825.9,3
20241207,16,11.12,14064.2,13721.9,3
20241207,16,11.24,14064.2,13721.9,3
20241207,16,11.26,14064.2,13721.3,3
20241207,16,11.27,14064.2,13720.6,3
20241207,16,11.29,14064.2,13720.0,3
20241207,16,11.31,14094.2,13718.3,3
20241207,16,11.32,15454.2,13718.3,3
20241207,16,11.33,15454.2,13718.3,3
20241207,16,11.39,15454.2,13705.5,3
20241207,16,11.40,15454.9,13605.5,3
20241207,16,11.47,15454.9,13605.5,3
20241207,16,11.50,15454.9,13570.4,3
20241207,16,11.51,15462.1,13427.4,3
20241207,16,11.53,15463.5,13427.4,3
20241207,16,11.54,15463.5,13427.4,3
20241207,16,11.55,15464.9,13303.4,3
20241207,16,11.58,15475.1,13303.4,3
20241207,16,11.60,15476.6,13298.6,3
20241207,16,11.62,15477.9,13298.4,3
20241207,16,11.64,15477.9,13298.0,3
20241207,16,11.65,15477.9,13297.6,3
20241207,16,11.68,15478.0,13174.6,3
20241207,16,11.87,15478.0,13149.6,3
20241207,16,11.88,15508.0,13026.6,3
20241207,16,11.92,15508.0,13026.6,3
20241207,16,11.99,15508.0,13026.2,3
20241207,16,12.00,15508.0,12903.2,3
20241207,16,12.01,15508.0,12848.5,3
20241207,16,12.02,15508.0,12844.3,3
20241207,16,12.03,15584.3,12742.7,3
20241207,16,12.07,15813.3,12742.7,3
20241207,16,12.21,15813.3,12742.7,3
20241207,16,12.28,15813.3,12742.3,3
20241207,16,12.30,15813.3,12742.2,3
20241207,16,12.37,15813.3,12738.1,3
20241207,16,12.39,15819.4,12713.1,3
20241207,16,12.45,15839.4,12713.1,3
20241207,16,12.47,16010.4,12713.1,3
20241207,16,12.50,16010.4,12713.1,3
20241207,16,12.51,16010.4,12688.6,3
20241207,16,12.52,16040.4,12687.7,3
20241207,16,12.63,16040.4,12687.7,3
20241207,16,12.67,16040.7,12683.9,3
20241207,16,12.68,16055.0,12673.2,3
20241207,16,12.69,16056.4,12673.2,3
20241207,16,12.71,16056.4,12673.2,3
20241207,16,12.78,16059.9,12673.1,3
20241207,16,12.87,16080.0,12673.1,3
20241207,16,12.91,16080.0,12623.1,3
20241207,16,12.97,16080.0,12573.1,3
20241207,16,12.98,16083.0,12569.3,3
20241207,16,12.99,16083.0,12569.3,3
20241207,16,13.00,16113.0,12565.5,3
20241207,16,13.01,16134.5,12531.6,3
20241207,16,13.10,16135.0,12531.6,3
20241207,16,13.13,16245.0,12531.6,3
20241207,16,13.21,16245.0,12531.6,3
20241207,16,13.30,16245.0,12521.7,3
20241207,16,13.43,16261.0,12514.0,3
20241207,16,13.50,16261.0,12514.0,3
20241207,16,13.51,16275.4,12504.0,3
20241207,16,13.70,16275.4,12494.4,3
20241207,16,13.80,16275.4,12494.2,3
20241207,16,13.84,16305.4,12490.5,3
20241207,16,14.00,16307.4,12490.5,3
20241207,16,14.06,16307.4,12465.4,3
20241207,16,14.16,16312.1,12464.4,3
20241207,16,14.25,16316.3,12459.6,3
20241207,16,14.26,16376.3,12459.6,3
20241207,16,14.29,16376.3,12459.6,3
20241207,16,14.30,16376.3,12449.7,3
20241207,16,14.32,16376.3,12349.7,3
20241207,16,14.34,16376.3,12324.3,3
20241207,16,14.40,16432.3,12321.3,3
20241207,16,14.43,16467.3,12321.1,3
20241207,16,14.49,16467.3,12321.1,3
20241207,16,14.50,16467.4,12317.4,3
20241207,16,14.60,16467.4,12316.4,3
20241207,16,14.63,16538.4,12316.2,3
20241207,16,14.66,16610.4,12316.2,3
20241207,16,14.72,16681.4,12316.2,3
20241207,16,14.85,16778.4,12316.2,3
20241207,16,14.88,16863.4,12316.2,3
20241207,16,14.90,16876.4,12316.2,3
20241207,16,14.93,16973.4,12316.2,3
20241207,16,14.98,17059.4,12316.2,3
20241207,16,15.00,17074.4,12316.2,3
20241207,16,15.01,17076.5,12295.5,3
20241207,16,15.03,17164.5,12295.5,3
20241207,16,15.10,17164.5,12295.5,3
20241207,16,15.11,17199.5,12294.4,3
20241207,16,15.18,17199.5,12294.4,3
20241207,16,15.26,17199.5,12287.1,3
20241207,16,15.39,17349.5,12286.3,3
20241207,16,15.41,17349.5,12286.3,3
20241207,16,15.51,17349.5,12285.3,3
20241207,16,15.68,17351.1,12271.8,3
20241207,16,15.69,17351.1,12271.8,3
20241207,16,15.70,17351.1,12269.5,3
20241207,16,15.80,17376.1,12269.4,3
20241207,16,16.00,17376.1,12269.4,3
20241207,16,16.01,17376.1,12189.4,3
20241207,16,16.03,17426.1,12184.6,3
20241207,16,16.05,17476.1,12184.6,3
20241207,16,16.06,17576.1,12184.6,3
20241207,16,16.14,17607.1,12184.6,3
20241207,16,16.17,17619.1,12184.6,3
20241207,16,16.18,17626.1,12184.6,3
20241207,16,16.25,17642.1,12184.6,3
20241207,16,16.38,17642.1,12184.6,3
20241207,16,16.49,17667.1,12177.0,3
20241207,16,16.76,17667.1,12177.0,3
20241207,16,16.88,17667.1,12176.0,3
20241207,16,16.92,17792.3,12174.0,3
20241207,16,17.00,17792.3,12174.0,3
20241207,16,17.01,17797.2,12171.5,3
20241207,16,17.04,17797.2,12166.7,3
20241207,16,17.17,17897.2,12165.4,3
20241207,16,17.20,17897.2,12165.4,3
20241207,16,17.24,17897.2,12164.3,3
20241207,16,17.58,17897.2,12086.2,3
20241207,16,17.75,17897.2,12070.0,3
20241207,16,17.76,17897.2,12069.9,3
20241207,16,18.00,17897.2,12069.6,3
20241207,16,18.01,17898.3,12045.7,3
20241207,16,18.11,17898.3,12045.7,3
20241207,16,18.13,17998.3,12044.7,3
20241207,16,18.39,17998.3,12044.7,3
20241207,16,18.77,17998.3,12043.9,3
20241207,16,19.42,18238.3,11956.6,3
20241207,16,19.46,18238.3,11956.6,3
20241207,16,19.85,18238.3,11956.0,3
20241207,16,20.00,18238.3,11955.1,3
20241207,16,20.01,18242.7,11947.7,3
20241207,16,20.12,18242.7,11937.4,3
20241207,16,21.00,18242.7,11924.0,3
20241207,16,21.51,18242.7,11922.6,3
20241207,16,21.88,18242.7,11914.9,3
20241207,16,22.75,18242.7,11896.0,3
20241207,16,22.76,18242.7,11895.7,3
20241207,16,24.00,18242.7,11892.9,3
20241207,16,24.44,18242.7,11830.3,3
20241207,16,25.00,18242.7,11829.5,3
20241207,16,26.64,18242.7,11828.8,3
20241207,16,27.00,18242.7,11821.2,3
20241207,16,27.49,18242.7,11794.9,3
20241207,16,27.50,18242.7,11794.0,3
20241207,16,28.77,18242.7,11791.3,3
20241207,16,28.87,18252.3,11790.5,3
20241207,16,29.02,18252.3,11790.5,3
20241207,16,29.90,18252.3,11779.9,3
20241207,16,30.00,18252.3,11778.1,3
20241207,16,30.01,18252.3,11737.1,3
20241207,16,30.05,18252.3,11736.9,3
20241207,16,30.12,18252.3,11729.2,3
20241207,16,30.20,18252.3,11726.5,3
20241207,16,31.00,18252.3,11724.1,3
20241207,16,31.48,18252.3,11722.6,3
20241207,16,31.76,18252.3,11715.0,3
20241207,16,32.00,18252.3,11645.7,3
20241207,16,34.94,18252.3,11644.2,3
20241207,16,35.00,18252.3,11627.1,3
20241207,16,36.00,18252.3,11614.7,3
20241207,16,36.79,18252.3,11564.7,3
20241207,16,39.69,18794.3,11553.6,3
20241207,16,40.00,18794.3,11553.6,3
20241207,16,42.74,18794.3,11510.1,3
20241207,16,45.00,18794.3,11508.5,3
20241207,16,45.01,18794.3,11463.0,3
20241207,16,46.00,18794.3,11134.0,3
20241207,16,47.14,18794.3,11084.0,3
20241207,16,50.00,18794.3,10992.2,3
20241207,16,55.00,18794.3,10839.2,3
20241207,16,60.00,18794.3,10795.6,3
20241207,16,61.39,18794.3,10750.1,3
20241207,16,77.80,18794.3,10718.9,3
20241207,16,79.90,18794.3,10623.3,3
20241207,16,80.00,18794.3,10622.1,3
20241207,16,80.01,18794.3,10106.1,3
20241207,16,80.21,18944.2,10058.5,3
20241207,16,81.00,18944.2,10058.5,3
20241207,16,82.01,18944.2,10017.7,3
20241207,16,85.00,18944.2,9953.0,3
20241207,16,90.00,18944.2,9950.3,3
20241207,16,95.16,18944.2,9945.6,3
20241207,16,99.00,18944.2,9944.0,3
20241207,16,99.90,18944.2,9943.8,3
20241207,16,100.00,19132.0,9943.0,3
20241207,16,100.01,19143.1,9736.8,3
20241207,16,101.00,19143.1,9736.8,3
20241207,16,108.08,19143.1,9650.8,3
20241207,16,120.10,19143.1,9649.1,3
20241207,16,121.00,19143.1,9632.4,3
20241207,16,133.92,19143.1,9630.8,3
20241207,16,138.00,19143.1,9629.1,3
20241207,16,150.00,19143.1,9522.8,3
20241207,16,190.00,19143.1,9468.8,3
20241207,16,200.00,19143.1,9468.0,3
20241207,16,200.01,19143.1,8436.4,3
20241207,16,200.10,19143.1,6913.4,3
20241207,16,200.50,19143.1,6834.8,3
20241207,16,201.00,19143.1,6810.5,3
20241207,16,210.00,19143.1,6805.8,3
20241207,16,250.00,19143.1,5524.9,3
20241207,16,300.00,19143.1,5516.6,3
20241207,16,550.02,19143.1,5508.5,3
20241207,16,999.00,19143.1,5326.2,3
20241207,16,999.99,19143.1,0.0,3
20241207,17,0.00,0.0,8698.1,0
20241207,17,0.00,3484.6,8698.1,0
20241207,17,0.01,7669.4,8698.1,0
20241207,17,0.02,7700.2,8691.6,0
20241207,17,0.03,7701.6,8691.2,0
20241207,17,0.04,7701.8,8691.2,0
20241207,17,0.10,7724.8,8691.2,0
20241207,17,0.27,7725.5,8671.2,0
20241207,17,0.65,7730.4,8671.2,0
20241207,17,1.00,7813.3,8671.2,0
20241207,17,1.01,7813.3,8645.4,0
20241207,17,2.00,7814.3,8640.7,0
20241207,17,2.01,7814.3,8640.7,0
20241207,17,3.00,7814.3,8340.7,0
20241207,17,3.01,7814.6,8220.6,0
20241207,17,3.35,7815.6,8120.6,0
20241207,17,4.70,7817.6,8120.6,0
20241207,17,5.00,7897.1,8120.6,0
20241207,17,5.01,7897.1,8098.6,0
20241207,17,5.90,7897.1,7855.6,0
20241207,17,5.91,7897.2,7840.8,0
20241207,17,6.00,7939.3,7840.8,0
20241207,17,6.05,7941.3,7840.8,0
20241207,17,6.26,7941.3,7840.8,0
20241207,17,6.37,7941.7,7834.8,0
20241207,17,6.60,7942.3,7834.8,0
20241207,17,6.82,7942.7,7834.8,0
20241207,17,7.00,7942.7,7834.8,0
20241207,17,7.01,7942.7,7834.7,0
20241207,17,7.40,7944.7,7833.8,0
20241207,17,7.57,7945.0,7833.8,0
20241207,17,8.01,7945.5,7833.8,0
20241207,17,8.12,7945.5,7833.8,0
20241207,17,8.75,7947.5,7833.5,0
20241207,17,8.85,7947.5,7833.5,0
20241207,17,9.00,7947.5,7676.5,0
20241207,17,9.01,7947.5,7656.5,0
20241207,17,9.73,7947.5,7648.2,0
20241207,17,9.99,7947.5,7603.2,0
20241207,17,10.00,7951.6,7573.2,0
20241207,17,10.05,7959.7,7573.2,0
20241207,17,11.11,7959.7,7573.2,0
20241207,17,11.13,7959.7,7473.2,0
20241207,17,11.40,7959.7,7455.0,0
20241207,17,11.45,7959.7,7390.0,0
20241207,17,11.55,7959.7,7389.8,0
20241207,17,12.00,8044.7,7159.8,0
20241207,17,12.18,8044.7,7141.1,0
20241207,17,12.38,8044.7,7139.6,0
20241207,17,12.51,8049.9,6934.6,0
20241207,17,12.69,8049.9,6934.6,0
20241207,17,12.80,8049.9,6934.1,0
20241207,17,12.82,8049.9,6932.1,0
20241207,17,12.85,8049.9,6927.5,0
20241207,17,13.00,8055.8,6812.5,0
20241207,17,13.01,8055.8,6812.5,0
20241207,17,13.07,8056.4,6804.3,0
20241207,17,13.10,8058.1,6804.3,0
20241207,17,13.31,8058.1,6804.3,0
20241207,17,13.34,8058.1,6802.8,0
20241207,17,13.35,8105.0,6796.5,0
20241207,17,13.77,8105.0,6796.5,0
20241207,17,14.15,8105.0,6791.4,0
20241207,17,14.43,8105.0,6790.0,0
20241207,17,14.50,8105.0,6788.4,0
20241207,17,14.67,8105.0,6768.4,0
20241207,17,14.69,8105.6,6768.3,0
20241207,17,15.00,8105.6,6768.3,0
20241207,17,15.01,8105.6,6764.5,0
20241207,17,15.41,8479.6,6763.8,0
20241207,17,15.50,8479.6,6763.8,0
20241207,17,15.56,8479.6,6762.8,0
20241207,17,15.57,8672.6,6759.8,0
20241207,17,15.71,8705.6,6759.8,0
20241207,17,15.90,8705.6,6759.8,0
20241207,17,16.00,8717.5,6759.6,0
20241207,17,16.10,8718.7,6720.1,0
20241207,17,16.19,8719.2,6720.1,0
20241207,17,16.50,8719.2,6720.1,0
20241207,17,16.59,8719.2,6718.1,0
20241207,17,16.82,8737.9,6716.4,0
20241207,17,16.83,8774.8,6716.4,0
20241207,17,16.85,8774.8,6716.4,0
20241207,17,17.00,8774.8,6716.3,0
20241207,17,17.43,8774.8,6716.0,0
20241207,17,17.50,8774.8,6715.8,0
20241207,17,17.63,8805.5,6715.7,0
20241207,17,17.73,8805.5,6715.7,0
20241207,17,17.91,8805.5,6693.7,0
20241207,17,18.00,8805.5,6692.6,0
20241207,17,18.41,8805.5,6692.3,0
20241207,17,18.43,8836.2,6659.9,0
20241207,17,18.49,8836.2,6659.9,0
20241207,17,19.00,8836.2,6659.8,0
20241207,17,19.23,8860.8,6659.7,0
20241207,17,19.35,8860.8,6659.7,0
20241207,17,19.50,8860.8,6577.7,0
20241207,17,20.00,8860.8,6577.4,0
20241207,17,20.16,8862.8,6568.6,0
20241207,17,22.26,8862.8,6568.6,0
20241207,17,24.00,8862.8,6565.8,0
20241207,17,24.04,8862.8,6550.6,0
20241207,17,25.00,8862.8,6548.4,0
20241207,17,26.50,8862.8,6540.2,0
20241207,17,29.90,8862.8,6540.1,0
20241207,17,30.00,8862.8,6538.6,0
20241207,17,30.12,8862.8,6507.6,0
20241207,17,31.00,8862.8,6498.2,0
20241207,17,35.00,8862.8,6446.7,0
20241207,17,37.50,8862.8,6446.4,0
20241207,17,40.00,8862.8,6437.5,0
20241207,17,45.00,8862.8,6418.8,0
20241207,17,45.01,8862.8,6415.3,0
20241207,17,46.74,8862.8,6408.8,0
20241207,17,48.32,8862.8,6304.3,0
20241207,17,50.00,8862.8,6278.8,0
20241207,17,50.01,8862.8,6158.4,0
20241207,17,55.00,8862.8,6154.7,0
20241207,17,60.00,8862.8,6136.7,0
20241207,17,60.70,8862.8,6106.7,0
20241207,17,61.59,8862.8,6103.9,0
20241207,17,77.80,8862.8,6086.4,0
20241207,17,79.90,8862.8,6018.5,0
20241207,17,80.00,8862.8,6017.5,0
20241207,17,80.01,8862.8,5872.8,0
20241207,17,81.00,8862.8,5853.2,0
20241207,17,82.01,8862.8,5852.8,0
20241207,17,85.00,8862.8,5834.1,0
20241207,17,90.00,8862.8,5830.8,0
20241207,17,99.90,8862.8,5828.3,0
20241207,17,100.00,8862.8,5820.7,0
20241207,17,100.01,8893.3,5762.6,0
20241207,17,101.00,8893.3,5762.6,0
20241207,17,150.00,8893.3,5757.1,0
20241207,17,200.00,8893.3,5756.6,0
20241207,17,200.01,8893.3,5222.1,0
20241207,17,200.10,8893.3,5081.7,0
20241207,17,201.00,8893.3,5080.8,0
20241207,17,210.00,8893.3,5080.4,0
20241207,17,300.00,8893.3,4963.5,0
20241207,17,500.00,8893.3,4958.5,0
20241207,17,900.00,8893.3,4948.5,0
20241207,17,999.00,8893.3,4946.5,0
20241207,17,999.99,8893.3,0.0,0
20241207,17,0.00,0.0,20105.1,2
20241207,17,0.00,7524.4,20105.1,2
20241207,17,0.01,15958.0,20105.1,2
20241207,17,0.02,16075.0,20090.3,2
20241207,17,0.03,16075.1,20079.4,2
20241207,17,0.04,16086.4,20067.9,2
20241207,17,0.10,16119.2,20067.9,2
20241207,17,0.25,16122.9,20067.9,2
20241207,17,0.30,16123.2,20067.9,2
20241207,17,0.95,16149.1,20067.9,2
20241207,17,1.00,16334.6,20067.9,2
20241207,17,1.01,16334.6,19910.3,2
20241207,17,2.00,16369.9,19900.0,2
20241207,17,2.01,16369.9,19884.0,2
20241207,17,2.26,16377.1,19584.0,2
20241207,17,2.30,16378.1,19584.0,2
20241207,17,3.00,16378.1,19584.0,2
20241207,17,3.01,16383.2,19046.3,2
20241207,17,3.02,16383.2,18946.3,2
20241207,17,3.50,16383.2,18941.9,2
20241207,17,3.51,16383.7,18938.4,2
20241207,17,3.65,16384.7,18938.4,2
20241207,17,4.00,16391.5,18938.4,2
20241207,17,4.27,16449.9,18937.4,2
20241207,17,4.50,16457.1,18937.4,2
20241207,17,4.69,16457.3,18937.4,2
20241207,17,5.00,16505.2,18937.4,2
20241207,17,5.01,16505.8,18878.7,2
20241207,17,5.02,16505.8,18655.7,2
20241207,17,5.18,16505.9,18640.7,2
20241207,17,5.27,16506.2,18640.7,2
20241207,17,5.48,16506.2,18640.7,2
20241207,17,6.00,16578.9,18340.7,2
20241207,17,6.04,16579.9,18328.8,2
20241207,17,6.35,16580.9,18328.8,2
20241207,17,6.50,16588.0,18328.8,2
20241207,17,6.75,16595.2,18328.8,2
20241207,17,7.00,16595.2,18328.8,2
20241207,17,7.39,16596.4,18328.1,2
20241207,17,7.50,16616.4,18328.1,2
20241207,17,7.70,16617.4,18328.1,2
20241207,17,7.80,16617.4,18328.1,2
20241207,17,7.81,16617.4,18255.2,2
20241207,17,7.90,16617.4,18251.0,2
20241207,17,8.00,16617.4,18250.5,2
20241207,17,8.01,16618.4,18159.9,2
20241207,17,8.04,16618.4,18154.7,2
20241207,17,8.54,16618.4,18054.7,2
20241207,17,8.66,16618.4,18039.7,2
20241207,17,8.74,16621.5,18024.7,2
20241207,17,8.89,16621.5,18024.7,2
20241207,17,8.94,16621.5,17965.7,2
20241207,17,8.97,16621.5,17935.7,2
20241207,17,8.99,16628.8,17905.7,2
20241207,17,9.00,16628.8,17905.7,2
20241207,17,9.01,16628.8,17819.9,2
20241207,17,9.04,16628.8,17819.1,2
20241207,17,9.05,16629.8,17804.1,2
20241207,17,9.08,16629.8,17774.1,2
20241207,17,9.11,16629.8,17744.1,2
20241207,17,9.16,16629.8,17684.1,2
20241207,17,9.17,16629.8,17654.1,2
20241207,17,9.18,16629.8,17639.1,2
20241207,17,9.19,16629.8,17639.0,2
20241207,17,9.22,16629.8,17609.0,2
20241207,17,9.34,16629.8,17579.0,2
20241207,17,9.50,16633.0,17554.0,2
20241207,17,9.54,16633.0,17531.4,2
20241207,17,9.59,16729.0,17501.4,2
20241207,17,9.68,16729.0,17501.4,2
20241207,17,9.70,16729.0,17476.4,2
20241207,17,9.85,16731.5,17475.9,2
20241207,17,9.87,16731.5,17475.9,2
20241207,17,9.94,16736.4,17475.6,2
20241207,17,10.00,16742.0,17475.6,2
20241207,17,10.01,16746.1,17442.0,2
20241207,17,10.02,16746.1,17437.4,2
20241207,17,10.07,16746.1,17437.0,2
20241207,17,10.14,16746.1,17432.3,2
20241207,17,10.15,16746.1,17376.3,2
20241207,17,10.16,16746.1,17276.3,2
20241207,17,10.18,16746.1,17276.0,2
20241207,17,10.19,16746.1,17246.0,2
20241207,17,10.20,16772.6,17242.5,2
20241207,17,10.22,16772.6,17242.5,2
20241207,17,10.30,16842.0,17227.5,2
20241207,17,10.31,16842.0,17227.5,2
20241207,17,10.33,17042.0,17226.8,2
20241207,17,10.44,17042.0,17226.8,2
20241207,17,10.50,17042.0,17079.8,2
20241207,17,10.56,17061.4,17079.7,2
20241207,17,10.58,17261.4,17079.7,2
20241207,17,10.68,17261.4,17079.7,2
20241207,17,10.69,17277.1,17076.5,2
20241207,17,10.70,17310.9,17076.5,2
20241207,17,10.71,17340.9,17076.5,2
20241207,17,10.79,17340.9,17076.5,2
20241207,17,10.80,17340.9,16929.5,2
20241207,17,10.83,17540.9,16782.5,2
20241207,17,10.86,17544.6,16782.5,2
20241207,17,10.88,17544.6,16767.5,2
20241207,17,10.93,17544.6,16767.2,2
20241207,17,10.95,17574.6,16665.2,2
20241207,17,11.00,17579.7,16665.2,2
20241207,17,11.04,17579.7,16655.8,2
20241207,17,11.08,17579.7,16508.8,2
20241207,17,11.18,17592.2,16404.8,2
20241207,17,11.20,17612.2,16396.6,2
20241207,17,11.23,17612.2,16371.6,2
20241207,17,11.24,17612.2,16348.2,2
20241207,17,11.26,17612.4,16344.0,2
20241207,17,11.29,17614.7,16344.0,2
20241207,17,11.32,18964.7,16344.0,2
20241207,17,11.33,18964.7,16344.0,2
20241207,17,11.40,18964.8,16319.4,2
20241207,17,11.44,18964.8,16319.4,2
20241207,17,11.45,18984.8,16318.9,2
20241207,17,11.49,18984.8,16284.0,2
20241207,17,11.50,18986.8,16269.0,2
20241207,17,11.53,18986.8,16146.0,2
20241207,17,11.54,18986.8,16128.5,2
20241207,17,11.57,19038.8,16005.5,2
20241207,17,11.65,19038.8,16001.3,2
20241207,17,11.71,19058.8,15878.3,2
20241207,17,11.75,19058.8,15878.3,2
20241207,17,11.84,19088.8,15878.2,2
20241207,17,11.87,19088.8,15878.2,2
20241207,17,11.90,19088.8,15755.2,2
20241207,17,11.91,19088.8,15730.2,2
20241207,17,11.95,19088.8,15726.0,2
20241207,17,11.99,19088.8,15725.1,2
20241207,17,12.00,19124.6,15602.1,2
20241207,17,12.01,19126.2,15551.0,2
20241207,17,12.02,19126.2,15536.0,2
20241207,17,12.03,19226.2,15528.2,2
20241207,17,12.06,19246.2,15528.2,2
20241207,17,12.07,19476.2,15528.0,2
20241207,17,12.24,19476.2,15528.0,2
20241207,17,12.25,19476.7,15519.4,2
20241207,17,12.42,19504.6,15519.4,2
20241207,17,12.43,19504.6,15519.4,2
20241207,17,12.47,19510.9,15516.0,2
20241207,17,12.50,19510.9,15516.0,2
20241207,17,12.52,19680.9,15494.3,2
20241207,17,12.55,19680.9,15494.3,2
20241207,17,12.56,19680.9,15444.3,2
20241207,17,12.60,19680.9,15394.3,2
20241207,17,12.61,19683.3,15371.7,2
20241207,17,12.68,19708.3,15371.7,2
20241207,17,12.79,19708.3,15371.7,2
20241207,17,12.90,19710.7,15367.2,2
20241207,17,12.99,19716.7,15367.2,2
20241207,17,13.00,19756.7,15356.6,2
20241207,17,13.04,19771.1,15307.2,2
20241207,17,13.05,19771.1,15298.1,2
20241207,17,13.07,19774.2,15294.6,2
20241207,17,13.10,19774.2,15294.6,2
20241207,17,13.13,19844.2,15293.6,2
20241207,17,13.24,19844.2,15293.6,2
20241207,17,13.27,19844.2,15293.4,2
20241207,17,13.40,19844.2,15293.2,2
20241207,17,13.50,19844.2,15233.2,2
20241207,17,13.66,19852.9,15222.8,2
20241207,17,13.77,19881.8,15218.3,2
20241207,17,14.00,19883.8,15218.3,2
20241207,17,14.01,19885.0,15184.3,2
20241207,17,14.04,19885.0,15184.3,2
20241207,17,14.05,19917.9,15158.2,2
20241207,17,14.10,19947.9,15158.2,2
20241207,17,14.14,19947.9,15158.2,2
20241207,17,14.25,19956.1,15155.2,2
20241207,17,14.26,20016.1,15155.2,2
20241207,17,14.29,20016.1,15155.2,2
20241207,17,14.30,20016.1,15145.3,2
20241207,17,14.42,20016.1,15045.3,2
20241207,17,14.45,20016.1,15045.1,2
20241207,17,14.50,20016.1,15044.1,2
20241207,17,14.51,20016.3,15042.3,2
20241207,17,14.53,20016.3,15042.3,2
20241207,17,14.60,20016.3,15021.3,2
20241207,17,14.64,20016.3,15021.0,2
20241207,17,14.65,20016.3,15013.4,2
20241207,17,14.69,20046.3,15005.8,2
20241207,17,14.70,20081.3,15005.8,2
20241207,17,14.88,20081.3,15005.8,2
20241207,17,14.90,20094.3,15005.0,2
20241207,17,14.99,20094.3,15005.0,2
20241207,17,15.00,20139.3,14997.4,2
20241207,17,15.01,20140.3,14985.1,2
20241207,17,15.03,20143.3,14985.1,2
20241207,17,15.10,20143.4,14985.1,2
20241207,17,15.33,20173.4,14985.1,2
20241207,17,15.39,20403.4,14985.1,2
20241207,17,15.40,20438.4,14985.1,2
20241207,17,15.47,20438.4,14985.1,2
20241207,17,15.49,20438.4,14970.0,2
20241207,17,15.60,20438.4,14967.6,2
20241207,17,15.68,20440.4,14967.5,2
20241207,17,15.70,20440.4,14967.5,2
20241207,17,15.77,20456.2,14967.4,2
20241207,17,15.80,20456.2,14967.4,2
20241207,17,15.86,20506.2,14966.4,2
20241207,17,15.89,20556.2,14966.4,2
20241207,17,15.92,20587.2,14966.4,2
20241207,17,15.93,20599.2,14966.4,2
20241207,17,16.00,20619.2,14966.4,2
20241207,17,16.01,20627.8,14959.2,2
20241207,17,16.06,20727.8,14954.1,2
20241207,17,16.07,20743.8,14954.1,2
20241207,17,16.09,20756.8,14954.1,2
20241207,17,16.10,20781.8,14953.9,2
20241207,17,16.14,20794.8,14953.9,2
20241207,17,16.15,20802.8,14953.9,2
20241207,17,16.25,20819.8,14953.9,2
20241207,17,16.38,20819.8,14953.9,2
20241207,17,16.40,20819.8,14875.1,2
20241207,17,16.80,20844.8,14875.0,2
20241207,17,16.84,20844.8,14875.0,2
20241207,17,16.90,20844.8,14873.7,2
20241207,17,17.01,20848.6,14871.7,2
20241207,17,17.15,20848.6,14866.6,2
20241207,17,17.17,20948.6,14865.6,2
20241207,17,17.20,20948.6,14865.6,2
20241207,17,17.22,21173.1,14864.1,2
20241207,17,17.53,21173.1,14864.1,2
20241207,17,17.54,21173.1,14864.0,2
20241207,17,17.58,21173.1,14863.7,2
20241207,17,17.60,21173.1,14847.5,2
20241207,17,17.95,21173.1,14847.4,2
20241207,17,18.00,21173.1,14846.3,2
20241207,17,18.01,21174.3,14817.0,2
20241207,17,18.10,21174.3,14817.0,2
20241207,17,18.13,21274.3,14815.2,2
20241207,17,18.19,21274.3,14815.2,2
20241207,17,18.50,21274.3,14814.2,2
20241207,17,18.69,21274.3,14813.6,2
20241207,17,19.28,21274.3,14727.8,2
20241207,17,19.42,21514.3,14726.9,2
20241207,17,19.50,21514.3,14726.9,2
20241207,17,19.58,21514.3,14726.7,2
20241207,17,20.00,21514.3,14719.0,2
20241207,17,20.01,21519.1,14711.2,2
20241207,17,20.12,21519.1,14696.5,2
20241207,17,21.90,21519.1,14679.8,2
20241207,17,22.53,21519.1,14661.1,2
20241207,17,22.54,21519.1,14660.9,2
20241207,17,23.68,21519.1,14658.2,2
20241207,17,24.00,21519.1,14657.4,2
20241207,17,24.17,21519.1,14587.3,2
20241207,17,25.00,21519.1,14579.7,2
20241207,17,25.10,21519.1,14579.0,2
20241207,17,26.61,21519.1,14578.7,2
20241207,17,27.00,21519.1,14577.8,2
20241207,17,27.22,21519.1,14547.7,2
20241207,17,27.50,21519.1,14540.0,2
20241207,17,27.83,21519.1,14536.9,2
20241207,17,28.07,21519.1,14536.1,2
20241207,17,28.50,21519.1,14523.8,2
20241207,17,28.75,21519.1,14516.2,2
20241207,17,28.87,21528.7,14434.6,2
20241207,17,29.90,21528.7,14434.6,2
20241207,17,30.00,21528.7,14431.8,2
20241207,17,30.01,21528.7,14380.5,2
20241207,17,30.12,21528.7,14379.7,2
20241207,17,31.79,21528.7,14376.1,2
20241207,17,32.00,21528.7,14373.1,2
20241207,17,34.94,21528.7,14371.3,2
20241207,17,35.00,21528.7,14356.2,2
20241207,17,35.90,21528.7,14335.0,2
20241207,17,36.00,21528.7,14332.7,2
20241207,17,39.69,22122.7,14282.7,2
20241207,17,40.00,22122.7,14282.7,2
20241207,17,42.65,22122.7,14235.9,2
20241207,17,45.00,22122.7,14234.3,2
20241207,17,45.01,22122.7,13980.2,2
20241207,17,46.00,22122.7,13660.9,2
20241207,17,46.74,22122.7,13610.9,2
20241207,17,50.00,22122.7,13505.2,2
20241207,17,55.00,22122.7,13320.7,2
20241207,17,60.00,22122.7,13276.4,2
20241207,17,61.28,22122.7,13209.6,2
20241207,17,77.80,22122.7,13172.3,2
20241207,17,79.90,22122.7,13060.6,2
20241207,17,80.00,22122.7,13058.8,2
20241207,17,80.01,22122.7,12482.4,2
20241207,17,80.21,22272.6,12422.0,2
20241207,17,81.00,22272.6,12422.0,2
20241207,17,82.01,22272.6,12382.4,2
20241207,17,85.00,22272.6,12313.0,2
20241207,17,90.00,22272.6,12308.3,2
20241207,17,95.10,22272.6,12300.9,2
20241207,17,99.90,22272.6,12299.3,2
20241207,17,100.00,22422.6,12298.3,2
20241207,17,100.01,22436.4,12054.4,2
20241207,17,101.00,22436.4,12054.4,2
20241207,17,108.02,22436.4,11895.4,2
20241207,17,120.10,22436.4,11893.7,2
20241207,17,120.94,22436.4,11876.5,2
20241207,17,133.86,22436.4,11874.9,2
20241207,17,138.00,22436.4,11873.2,2
20241207,17,150.00,22436.4,11738.9,2
20241207,17,190.00,22436.4,11682.7,2
20241207,17,200.00,22436.4,11681.8,2
20241207,17,200.01,22436.4,10492.2,2
20241207,17,200.10,22436.4,8931.3,2
20241207,17,200.50,22436.4,8850.0,2
20241207,17,201.00,22436.4,8849.8,2
20241207,17,210.00,22436.4,8844.0,2
20241207,17,250.00,22436.4,7562.2,2
20241207,17,300.00,22436.4,7554.8,2
20241207,17,550.02,22436.4,7546.8,2
20241207,17,900.00,22436.4,7364.5,2
20241207,17,999.00,22436.4,7352.5,2
20241207,17,999.99,22436.4,0.0,2
20241207,18,0.00,0.0,8846.0,0
20241207,18,0.00,3764.4,8846.0,0
20241207,18,0.01,7999.4,8846.0,0
20241207,18,0.02,8030.1,8839.0,0
20241207,18,0.03,8031.5,8838.6,0
20241207,18,0.04,8031.8,8838.6,0
20241207,18,0.10,8057.3,8838.6,0
20241207,18,0.21,8062.7,8818.6,0
20241207,18,0.27,8063.8,8818.6,0
20241207,18,1.00,8146.5,8818.6,0
20241207,18,1.01,8146.5,8790.6,0
20241207,18,1.56,8148.5,8785.7,0
20241207,18,2.01,8148.5,8785.7,0
20241207,18,2.91,8150.5,8485.7,0
20241207,18,3.00,8150.5,8485.7,0
20241207,18,3.01,8150.8,8365.1,0
20241207,18,4.26,8152.8,8265.1,0
20241207,18,5.00,8233.6,8265.1,0
20241207,18,5.01,8233.6,8242.3,0
20241207,18,5.61,8235.6,7996.9,0
20241207,18,5.90,8235.6,7996.9,0
20241207,18,6.00,8277.7,7982.1,0
20241207,18,6.26,8277.7,7982.1,0
20241207,18,6.96,8279.7,7976.1,0
20241207,18,7.00,8279.7,7976.1,0
20241207,18,7.01,8279.7,7976.0,0
20241207,18,8.01,8280.2,7975.0,0
20241207,18,8.16,8280.2,7975.0,0
20241207,18,8.31,8282.2,7973.2,0
20241207,18,8.85,8282.2,7973.2,0
20241207,18,8.95,8282.2,7816.2,0
20241207,18,8.98,8282.2,7815.6,0
20241207,18,9.00,8282.2,7814.0,0
20241207,18,9.01,8282.2,7794.0,0
20241207,18,9.65,8282.2,7785.1,0
20241207,18,9.73,8282.2,7784.8,0
20241207,18,9.79,8282.2,7739.8,0
20241207,18,9.99,8282.2,7736.8,0
20241207,18,10.00,8286.0,7706.8,0
20241207,18,10.05,8292.5,7706.8,0
20241207,18,11.01,8292.5,7706.8,0
20241207,18,11.05,8292.5,7706.6,0
20241207,18,11.13,8292.5,7700.4,0
20241207,18,11.15,8297.9,7700.0,0
20241207,18,11.17,8297.9,7700.0,0
20241207,18,11.25,8297.9,7682.1,0
20241207,18,11.47,8297.9,7611.1,0
20241207,18,11.62,8297.9,7546.1,0
20241207,18,11.74,8299.6,7316.1,0
20241207,18,12.00,8384.6,7309.9,0
20241207,18,12.01,8392.4,7292.6,0
20241207,18,12.36,8392.4,7292.6,0
20241207,18,12.42,8392.4,7290.6,0
20241207,18,12.44,8404.9,7056.6,0
20241207,18,12.61,8404.9,7056.6,0
20241207,18,12.85,8404.9,7056.3,0
20241207,18,13.00,8411.0,6941.3,0
20241207,18,13.01,8411.0,6941.3,0
20241207,18,13.03,8411.0,6932.5,0
20241207,18,13.13,8453.5,6929.4,0
20241207,18,13.61,8454.3,6929.4,0
20241207,18,13.71,8454.3,6929.4,0
20241207,18,14.00,8454.3,6928.0,0
20241207,18,14.09,8454.3,6927.8,0
20241207,18,14.29,8454.3,6926.9,0
20241207,18,14.50,8479.4,6920.7,0
20241207,18,14.51,8509.6,6898.7,0
20241207,18,14.67,8509.6,6898.7,0
20241207,18,14.69,8510.4,6898.6,0
20241207,18,15.00,8510.4,6898.6,0
20241207,18,15.01,8510.4,6894.6,0
20241207,18,15.06,8510.4,6893.9,0
20241207,18,15.20,8535.5,6892.9,0
20241207,18,15.41,8856.5,6892.9,0
20241207,18,15.58,9049.5,6892.9,0
20241207,18,15.89,9074.6,6892.9,0
20241207,18,15.90,9074.6,6892.9,0
20241207,18,15.93,9076.1,6892.7,0
20241207,18,15.96,9162.1,6892.7,0
20241207,18,16.00,9174.3,6892.7,0
20241207,18,16.02,9174.8,6849.4,0
20241207,18,16.16,9174.8,6849.4,0
20241207,18,16.41,9174.8,6848.6,0
20241207,18,16.58,9194.9,6848.5,0
20241207,18,16.59,9194.9,6848.5,0
20241207,18,17.00,9194.9,6846.9,0
20241207,18,17.43,9194.9,6846.5,0
20241207,18,17.73,9194.9,6846.3,0
20241207,18,18.00,9194.9,6824.3,0
20241207,18,18.41,9194.9,6824.0,0
20241207,18,18.42,9194.9,6793.0,0
20241207,18,18.49,9194.9,6790.2,0
20241207,18,18.50,9194.9,6790.1,0
20241207,18,19.00,9194.9,6789.7,0
20241207,18,19.17,9194.9,6789.6,0
20241207,18,20.00,9194.9,6707.6,0
20241207,18,20.07,9209.9,6697.9,0
20241207,18,20.50,9209.9,6697.9,0
20241207,18,24.00,9209.9,6697.8,0
20241207,18,24.04,9209.9,6681.6,0
20241207,18,25.00,9209.9,6679.0,0
20241207,18,25.74,9209.9,6669.7,0
20241207,18,29.90,9209.9,6667.4,0
20241207,18,30.00,9209.9,6665.7,0
20241207,18,30.12,9209.9,6632.4,0
20241207,18,31.00,9209.9,6621.1,0
20241207,18,37.50,9209.9,6564.4,0
20241207,18,40.00,9209.9,6554.9,0
20241207,18,45.00,9209.9,6534.9,0
20241207,18,45.01,9209.9,6532.2,0
20241207,18,46.72,9209.9,6524.8,0
20241207,18,48.32,9209.9,6410.1,0
20241207,18,50.00,9209.9,6384.6,0
20241207,18,50.01,9209.9,6256.5,0
20241207,18,55.00,9209.9,6252.7,0
20241207,18,60.00,9209.9,6237.1,0
20241207,18,60.54,9209.9,6204.5,0
20241207,18,61.43,9209.9,6201.4,0
20241207,18,77.80,9209.9,6183.6,0
20241207,18,79.90,9209.9,6113.8,0
20241207,18,80.00,9209.9,6112.7,0
20241207,18,80.01,9209.9,5954.5,0
20241207,18,81.00,9209.9,5931.4,0
20241207,18,82.01,9209.9,5931.0,0
20241207,18,85.00,9209.9,5912.4,0
20241207,18,90.00,9209.9,5908.5,0
20241207,18,99.90,9209.9,5906.0,0
20241207,18,100.00,9209.9,5898.9,0
20241207,18,100.01,9245.3,5840.3,0
20241207,18,101.00,9245.3,5840.3,0
20241207,18,138.00,9245.3,5834.8,0
20241207,18,150.00,9245.3,5834.7,0
20241207,18,200.00,9245.3,5834.5,0
20241207,18,200.01,9245.3,5269.6,0
20241207,18,200.10,9245.3,5128.5,0
20241207,18,201.00,9245.3,5127.6,0
20241207,18,210.00,9245.3,5127.1,0
20241207,18,300.00,9245.3,5008.5,0
20241207,18,500.00,9245.3,5003.5,0
20241207,18,900.00,9245.3,4993.5,0
20241207,18,999.00,9245.3,4991.5,0
20241207,18,999.99,9245.3,0.0,0
20241207,18,0.00,0.0,30451.6,1
20241207,18,0.00,13796.9,30451.6,1
20241207,18,0.01,25986.4,30451.6,1
20241207,18,0.02,26110.4,30436.9,1
20241207,18,0.03,26110.6,30426.0,1
20241207,18,0.04,26148.0,30414.1,1
20241207,18,0.10,26228.4,30414.1,1
20241207,18,0.25,26234.1,30354.0,1
20241207,18,0.26,26238.2,30354.0,1
20241207,18,0.30,26238.8,30354.0,1
20241207,18,0.44,26411.1,30354.0,1
20241207,18,1.00,26684.2,30354.0,1
20241207,18,1.01,26691.0,30166.0,1
20241207,18,1.79,26693.0,30156.1,1
20241207,18,2.00,26735.1,30156.1,1
20241207,18,2.01,26735.1,30140.1,1
20241207,18,2.27,26742.3,29840.1,1
20241207,18,3.00,26772.3,29840.1,1
20241207,18,3.01,26781.8,29362.9,1
20241207,18,3.02,26781.8,29262.9,1
20241207,18,3.14,26783.8,29259.2,1
20241207,18,3.50,26783.8,29259.2,1
20241207,18,3.51,26784.4,29255.5,1
20241207,18,4.00,26788.9,29255.5,1
20241207,18,4.27,26847.3,29255.5,1
20241207,18,4.49,26849.3,29255.5,1
20241207,18,4.53,26856.5,29255.5,1
20241207,18,5.00,26941.8,29255.5,1
20241207,18,5.01,26942.5,29179.4,1
20241207,18,5.02,26942.5,28859.7,1
20241207,18,5.48,26942.5,28849.7,1
20241207,18,5.73,26943.7,28549.7,1
20241207,18,5.84,26945.7,28549.7,1
20241207,18,6.00,27015.9,28549.7,1
20241207,18,6.50,27016.3,28538.2,1
20241207,18,6.79,27023.5,28538.2,1
20241207,18,7.00,27023.5,28538.2,1
20241207,18,7.08,27025.5,28537.4,1
20241207,18,7.19,27027.5,28537.4,1
20241207,18,7.50,27067.5,28537.4,1
20241207,18,7.80,27067.5,28537.4,1
20241207,18,8.00,27073.0,28465.6,1
20241207,18,8.01,27073.4,28394.5,1
20241207,18,8.04,27073.4,28388.8,1
20241207,18,8.40,27073.4,28288.8,1
20241207,18,8.43,27075.9,28284.3,1
20241207,18,8.50,27075.9,28284.3,1
20241207,18,8.51,27075.9,28234.3,1
20241207,18,8.54,27077.9,28219.3,1
20241207,18,8.60,27077.9,28219.3,1
20241207,18,8.70,27077.9,28218.1,1
20241207,18,8.74,27081.1,28217.6,1
20241207,18,8.90,27081.1,28217.6,1
20241207,18,8.94,27081.1,28215.0,1
20241207,18,8.95,27081.1,28214.0,1
20241207,18,9.00,27081.1,28212.6,1
20241207,18,9.01,27081.1,28081.9,1
20241207,18,9.05,27088.4,28066.9,1
20241207,18,9.07,27088.4,28066.9,1
20241207,18,9.18,27088.4,28051.9,1
20241207,18,9.35,27090.2,28051.8,1
20241207,18,9.44,27091.3,28051.8,1
20241207,18,9.50,27091.3,28051.8,1
20241207,18,9.51,27091.3,28031.8,1
20241207,18,9.59,27157.3,28006.8,1
20241207,18,9.60,27157.3,28006.8,1
20241207,18,9.83,27166.9,27991.8,1
20241207,18,9.92,27166.9,27991.8,1
20241207,18,10.00,27175.2,27966.8,1
20241207,18,10.01,27179.6,27853.0,1
20241207,18,10.02,27180.6,27819.1,1
20241207,18,10.06,27245.9,27819.1,1
20241207,18,10.11,27245.9,27819.1,1
20241207,18,10.12,27254.7,27818.9,1
20241207,18,10.15,27284.7,27814.5,1
20241207,18,10.16,27286.6,27799.9,1
20241207,18,10.18,27486.6,27799.9,1
20241207,18,10.23,27486.6,27799.9,1
20241207,18,10.25,27486.6,27784.9,1
20241207,18,10.33,27686.6,27210.9,1
20241207,18,10.44,27686.6,27210.9,1
20241207,18,10.45,27707.0,27062.9,1
20241207,18,10.50,27707.0,27062.9,1
20241207,18,10.51,27737.0,27062.8,1
20241207,18,10.55,27737.0,27061.7,1
20241207,18,10.56,27737.0,27011.7,1
20241207,18,10.58,28037.0,26961.7,1
20241207,18,10.68,28037.0,26961.7,1
20241207,18,10.70,28047.9,26958.3,1
20241207,18,10.79,28047.9,26877.8,1
20241207,18,10.80,28047.9,26730.8,1
20241207,18,10.83,28348.2,26582.8,1
20241207,18,10.85,28448.2,26582.8,1
20241207,18,10.86,28489.5,26582.8,1
20241207,18,10.87,28494.5,26582.8,1
20241207,18,10.93,28494.5,26567.8,1
20241207,18,10.96,28494.5,26465.8,1
20241207,18,11.00,28528.5,26465.2,1
20241207,18,11.01,28550.1,26452.9,1
20241207,18,11.04,28550.1,26452.9,1
20241207,18,11.08,28550.1,26304.9,1
20241207,18,11.11,28550.1,26200.9,1
20241207,18,11.13,28550.1,26175.9,1
20241207,18,11.15,28553.5,26175.5,1
20241207,18,11.16,28553.6,26175.5,1
20241207,18,11.20,28560.1,26175.5,1
20241207,18,11.21,28590.1,26175.5,1
20241207,18,11.24,28610.3,26175.5,1
20241207,18,11.25,28610.3,26175.3,1
20241207,18,11.26,28610.3,26133.2,1
20241207,18,11.31,28610.3,26036.0,1
20241207,18,11.32,30120.3,26010.7,1
20241207,18,11.33,30120.3,26010.7,1
20241207,18,11.34,30120.3,25973.0,1
20241207,18,11.40,30120.3,25107.8,1
20241207,18,11.44,30120.3,25107.4,1
20241207,18,11.47,30126.7,25107.2,1
20241207,18,11.50,30128.7,25107.2,1
20241207,18,11.51,30148.7,24983.2,1
20241207,18,11.54,30148.7,24968.2,1
20241207,18,11.57,30148.7,24845.2,1
20241207,18,11.63,30178.7,24811.7,1
20241207,18,11.65,30178.7,24811.7,1
20241207,18,11.70,30178.7,24688.7,1
20241207,18,11.80,30188.2,24688.6,1
20241207,18,11.82,30189.0,24654.8,1
20241207,18,11.87,30189.0,24582.1,1
20241207,18,11.90,30189.0,24458.1,1
20241207,18,11.99,30189.0,24457.4,1
20241207,18,12.00,30289.0,24334.4,1
20241207,18,12.01,30292.2,24282.6,1
20241207,18,12.02,30292.2,24267.6,1
20241207,18,12.07,30525.2,24254.7,1
20241207,18,12.10,30525.2,24254.7,1
20241207,18,12.17,30545.2,24254.6,1
20241207,18,12.19,30545.2,24254.6,1
20241207,18,12.31,30548.4,24250.4,1
20241207,18,12.36,30553.1,24250.4,1
20241207,18,12.38,30553.1,24246.0,1
20241207,18,12.40,30558.8,24242.0,1
20241207,18,12.48,30558.8,24241.9,1
20241207,18,12.50,30558.8,24238.1,1
20241207,18,12.51,30575.7,24184.0,1
20241207,18,12.57,30742.7,24184.0,1
20241207,18,12.59,30742.7,24184.0,1
20241207,18,12.63,30742.7,24182.0,1
20241207,18,12.68,30767.7,24177.8,1
20241207,18,12.80,30767.7,24177.8,1
20241207,18,12.81,30787.7,24177.7,1
20241207,18,12.84,30787.7,24177.4,1
20241207,18,12.85,30787.7,24176.8,1
20241207,18,13.00,30792.7,24076.8,1
20241207,18,13.01,30794.0,24036.8,1
20241207,18,13.08,30794.0,24036.8,1
20241207,18,13.13,30894.0,24032.6,1
20241207,18,13.42,30894.0,24032.6,1
20241207,18,13.44,30894.0,23972.6,1
20241207,18,13.50,30894.0,23968.5,1
20241207,18,13.66,30900.9,23958.5,1
20241207,18,13.69,30900.9,23958.5,1
20241207,18,13.75,30904.8,23958.4,1
20241207,18,13.78,30904.8,23958.4,1
20241207,18,13.79,30933.7,23956.7,1
20241207,18,13.83,30933.7,23956.7,1
20241207,18,13.94,30933.7,23953.7,1
20241207,18,13.96,30933.7,23951.7,1
20241207,18,13.98,30963.7,23943.1,1
20241207,18,14.00,30965.7,23943.1,1
20241207,18,14.01,30966.4,23909.4,1
20241207,18,14.05,30966.4,23909.4,1
20241207,18,14.06,31021.5,23905.5,1
20241207,18,14.25,31034.0,23905.5,1
20241207,18,14.26,31094.0,23905.5,1
20241207,18,14.40,31120.0,23905.5,1
20241207,18,14.50,31120.0,23905.5,1
20241207,18,14.51,31120.3,23902.9,1
20241207,18,14.58,31155.3,23892.9,1
20241207,18,14.60,31155.3,23892.9,1
20241207,18,14.63,31200.3,23892.6,1
20241207,18,14.64,31250.2,23892.6,1
20241207,18,14.66,31297.2,23892.6,1
20241207,18,14.67,31297.2,23892.6,1
20241207,18,14.69,31312.3,23892.4,1
20241207,18,14.70,31342.3,23892.4,1
20241207,18,14.72,31390.3,23892.4,1
20241207,18,14.85,31461.3,23892.4,1
20241207,18,14.88,31524.3,23892.4,1
20241207,18,14.90,31537.4,23892.4,1
20241207,18,14.93,31609.4,23892.4,1
20241207,18,14.98,31674.4,23892.4,1
20241207,18,15.00,31739.4,23892.4,1
20241207,18,15.01,31848.5,23864.2,1
20241207,18,15.02,31858.2,23864.2,1
20241207,18,15.03,31926.2,23864.2,1
20241207,18,15.18,31926.2,23864.2,1
20241207,18,15.22,31975.2,23861.7,1
20241207,18,15.25,31975.2,23861.7,1
20241207,18,15.27,32010.2,23845.1,1
20241207,18,15.29,32010.2,23845.1,1
20241207,18,15.34,32040.2,23843.1,1
20241207,18,15.35,32062.8,23843.1,1
20241207,18,15.39,32292.8,23843.1,1
20241207,18,15.50,32339.8,23843.1,1
20241207,18,15.68,32342.4,23843.1,1
20241207,18,15.70,32342.4,23843.1,1
20241207,18,15.79,32357.0,23843.0,1
20241207,18,15.87,32407.0,23843.0,1
20241207,18,15.93,32560.0,23843.0,1
20241207,18,15.97,32585.0,23843.0,1
20241207,18,16.00,32605.0,23843.0,1
20241207,18,16.01,32618.6,23838.3,1
20241207,18,16.06,32718.6,23833.0,1
20241207,18,16.09,32749.6,23833.0,1
20241207,18,16.36,32749.6,23833.0,1
20241207,18,16.38,32749.6,23756.0,1
20241207,18,16.39,32749.6,23754.0,1
20241207,18,16.40,32749.6,23753.9,1
20241207,18,16.50,32819.6,23753.6,1
20241207,18,16.53,32819.6,23753.3,1
20241207,18,16.64,32819.6,23751.8,1
20241207,18,16.66,32844.6,23749.8,1
20241207,18,16.67,32844.6,23749.8,1
20241207,18,16.70,32844.6,23741.4,1
20241207,18,16.86,32844.6,23732.4,1
20241207,18,16.96,32844.6,23666.0,1
20241207,18,17.01,32849.3,23655.9,1
20241207,18,17.17,32949.3,23650.6,1
20241207,18,17.20,32949.3,23650.6,1
20241207,18,17.22,33173.8,23648.9,1
20241207,18,17.58,33173.8,23648.9,1
20241207,18,17.70,33173.8,23632.7,1
20241207,18,17.88,33173.8,23631.1,1
20241207,18,17.99,33173.8,23630.1,1
20241207,18,18.00,33173.8,23628.6,1
20241207,18,18.01,33180.3,23594.2,1
20241207,18,18.10,33180.3,23594.2,1
20241207,18,18.13,33280.3,23592.2,1
20241207,18,18.37,33280.3,23592.2,1
20241207,18,18.39,33280.3,23513.1,1
20241207,18,18.43,33385.3,23512.1,1
20241207,18,18.78,33385.3,23512.1,1
20241207,18,18.79,33388.1,23507.3,1
20241207,18,19.00,33418.1,23507.3,1
20241207,18,19.23,33418.1,23507.3,1
20241207,18,19.34,33418.1,23507.2,1
20241207,18,19.42,33658.1,23506.2,1
20241207,18,19.50,33658.1,23506.2,1
20241207,18,19.59,33800.1,23505.4,1
20241207,18,19.66,33941.1,23505.4,1
20241207,18,19.70,34083.1,23505.4,1
20241207,18,19.77,34224.1,23505.4,1
20241207,18,19.90,34224.1,23505.4,1
20241207,18,20.00,34224.1,23092.4,1
20241207,18,20.01,34229.3,23075.2,1
20241207,18,20.12,34229.3,23060.7,1
20241207,18,20.69,34229.3,23042.9,1
20241207,18,21.02,34229.3,23041.9,1
20241207,18,21.04,34229.3,22241.9,1
20241207,18,21.10,34235.2,22231.8,1
20241207,18,21.18,34235.2,22231.8,1
20241207,18,21.38,34235.2,22223.2,1
20241207,18,21.39,34235.2,22204.4,1
20241207,18,21.40,34235.2,22204.2,1
20241207,18,22.04,34235.2,22201.5,1
20241207,18,22.35,34377.2,22200.5,1
20241207,18,22.70,34377.2,22200.5,1
20241207,18,23.39,34377.2,22185.5,1
20241207,18,24.00,34377.2,22184.5,1
20241207,18,24.74,34377.2,22109.2,1
20241207,18,25.00,34377.2,22108.2,1
20241207,18,25.10,34377.2,22107.5,1
20241207,18,25.13,34377.2,22107.0,1
20241207,18,25.41,34377.2,22096.9,1
20241207,18,25.57,34518.2,22096.8,1
20241207,18,25.69,34518.2,22096.8,1
20241207,18,25.74,34518.2,22088.4,1
20241207,18,26.09,34518.2,22087.7,1
20241207,18,27.00,34518.2,22081.3,1
20241207,18,27.50,34518.2,21946.8,1
20241207,18,27.85,34518.2,21942.3,1
20241207,18,28.70,34518.2,21936.6,1
20241207,18,28.80,34660.2,21928.0,1
20241207,18,28.87,34669.8,21928.0,1
20241207,18,29.90,34669.8,21928.0,1
20241207,18,29.95,34669.8,21923.9,1
20241207,18,30.00,34669.8,21915.5,1
20241207,18,30.01,34669.8,21864.2,1
20241207,18,30.12,34669.8,21863.5,1
20241207,18,30.20,34669.8,21858.9,1
20241207,18,31.00,34669.8,21750.4,1
20241207,18,31.36,34669.8,21707.7,1
20241207,18,32.00,34669.8,21254.0,1
20241207,18,32.02,34810.8,21252.1,1
20241207,18,32.41,34810.8,21252.1,1
20241207,18,33.62,34834.5,21252.0,1
20241207,18,34.94,34834.5,21252.0,1
20241207,18,35.00,34834.5,21234.2,1
20241207,18,36.00,34834.5,21210.1,1
20241207,18,36.78,34834.5,21160.1,1
20241207,18,36.79,34834.5,21157.7,1
20241207,18,37.50,34834.5,21152.5,1
20241207,18,39.41,34834.5,21117.5,1
20241207,18,39.69,35420.5,21117.0,1
20241207,18,40.00,35420.5,21117.0,1
20241207,18,40.01,35420.5,21053.6,1
20241207,18,44.82,35420.5,20899.4,1
20241207,18,45.00,35420.5,20897.8,1
20241207,18,45.01,35420.5,20827.0,1
20241207,18,46.00,35420.5,20509.6,1
20241207,18,46.72,35420.5,20459.6,1
20241207,18,50.00,35422.1,20360.5,1
20241207,18,55.00,35422.1,20066.5,1
20241207,18,60.00,35422.1,20021.4,1
20241207,18,60.75,35422.1,19904.4,1
20241207,18,70.00,35422.1,19872.1,1
20241207,18,70.48,35422.5,19871.0,1
20241207,18,72.00,35422.5,19871.0,1
20241207,18,77.80,35422.5,19870.4,1
20241207,18,79.90,35422.5,19766.8,1
20241207,18,80.00,35422.5,19764.1,1
20241207,18,80.01,35422.5,18730.5,1
20241207,18,80.02,35422.5,18557.7,1
20241207,18,80.21,35572.4,18481.7,1
20241207,18,81.00,35572.4,18481.7,1
20241207,18,82.01,35572.4,18448.6,1
20241207,18,85.00,35572.4,18315.8,1
20241207,18,90.00,35572.4,18303.3,1
20241207,18,96.55,35572.4,18294.6,1
20241207,18,99.90,35572.4,18293.0,1
20241207,18,100.00,35722.4,18292.1,1
20241207,18,100.01,35759.6,17937.8,1
20241207,18,101.00,35759.6,17937.8,1
20241207,18,109.47,35759.6,17851.8,1
20241207,18,120.10,35759.6,17850.1,1
20241207,18,122.39,35759.6,17799.6,1
20241207,18,135.31,35759.6,17798.0,1
20241207,18,138.00,35759.6,17796.3,1
20241207,18,150.00,35759.6,17682.2,1
20241207,18,151.00,35759.6,17586.9,1
20241207,18,190.00,35759.6,17547.9,1
20241207,18,200.00,35759.6,17546.7,1
20241207,18,200.01,35759.6,15157.6,1
20241207,18,200.10,35759.6,13060.5,1
20241207,18,200.50,35759.6,12981.1,1
20241207,18,201.00,35759.6,12980.9,1
20241207,18,210.00,35759.6,12919.2,1
20241207,18,250.00,35759.6,11389.2,1
20241207,18,300.00,35759.6,11240.1,1
20241207,18,550.02,35759.6,11139.5,1
20241207,18,900.00,35759.6,10911.1,1
20241207,18,999.00,35759.6,10899.1,1
20241207,18,999.99,35759.6,0.0,1
20241207,19,0.00,0.0,9507.0,0
20241207,19,0.00,4068.9,9507.0,0
20241207,19,0.01,8312.5,9507.0,0
20241207,19,0.02,8343.5,9494.5,0
20241207,19,0.03,8345.2,9494.1,0
20241207,19,0.04,8345.6,9494.1,0
20241207,19,0.10,8365.6,9494.1,0
20241207,19,0.27,8367.1,9474.1,0
20241207,19,1.00,8444.5,9474.1,0
20241207,19,1.01,8444.5,9445.3,0
20241207,19,1.32,8450.6,9435.8,0
20241207,19,2.01,8450.6,9435.8,0
20241207,19,2.50,8450.7,9135.8,0
20241207,19,2.67,8452.7,9135.8,0
20241207,19,3.00,8472.7,9135.8,0
20241207,19,3.01,8472.8,9015.2,0
20241207,19,4.02,8474.8,8915.2,0
20241207,19,5.00,8557.1,8915.2,0
20241207,19,5.01,8557.1,8892.3,0
20241207,19,5.37,8559.1,8644.1,0
20241207,19,5.90,8559.1,8644.1,0
20241207,19,6.00,8581.9,8630.1,0
20241207,19,6.26,8581.9,8630.1,0
20241207,19,6.72,8583.9,8624.1,0
20241207,19,7.00,8583.9,8624.1,0
20241207,19,7.01,8583.9,8624.0,0
20241207,19,7.70,8584.0,8622.9,0
20241207,19,8.01,8584.5,8622.9,0
20241207,19,8.07,8586.5,8622.9,0
20241207,19,8.25,8586.5,8622.9,0
20241207,19,8.85,8586.5,8622.6,0
20241207,19,8.98,8586.5,8465.6,0
20241207,19,9.00,8586.5,8465.0,0
20241207,19,9.01,8586.5,8445.0,0
20241207,19,9.11,8586.5,8435.6,0
20241207,19,9.54,8586.5,8435.3,0
20241207,19,9.71,8586.5,8433.8,0
20241207,19,9.98,8586.5,8388.8,0
20241207,19,10.00,8590.2,8358.8,0
20241207,19,10.31,8590.2,8357.1,0
20241207,19,10.45,8590.2,8339.5,0
20241207,19,10.47,8590.2,8338.0,0
20241207,19,10.73,8595.8,8337.6,0
20241207,19,10.77,8595.8,8337.6,0
20241207,19,10.91,8595.8,8337.4,0
20241207,19,11.23,8595.8,8196.4,0
20241207,19,11.30,8595.8,8188.8,0
20241207,19,11.32,8597.5,8123.8,0
20241207,19,11.35,8597.5,8123.8,0
20241207,19,11.45,8597.5,8122.2,0
20241207,19,11.82,8597.5,7892.2,0
20241207,19,11.93,8597.5,7891.9,0
20241207,19,12.00,8682.6,7884.3,0
20241207,19,12.01,8698.9,7869.9,0
20241207,19,12.12,8698.9,7869.9,0
20241207,19,12.26,8698.9,7867.9,0
20241207,19,12.34,8698.9,7864.9,0
20241207,19,12.64,8714.2,7700.9,0
20241207,19,13.00,8720.4,7700.9,0
20241207,19,13.12,8720.4,7700.9,0
20241207,19,13.18,8720.4,7535.9,0
20241207,19,13.34,8765.7,7535.0,0
20241207,19,13.47,8765.7,7535.0,0
20241207,19,13.96,8766.7,7533.6,0
20241207,19,14.00,8766.7,7533.6,0
20241207,19,14.50,8766.7,7531.4,0
20241207,19,14.67,8766.7,7511.4,0
20241207,19,14.73,8828.0,7511.3,0
20241207,19,14.82,8828.0,7511.3,0
20241207,19,14.95,8828.0,7510.3,0
20241207,19,14.96,8829.0,7503.7,0
20241207,19,15.00,8829.0,7503.7,0
20241207,19,15.01,8829.0,7501.2,0
20241207,19,15.29,8830.7,7497.3,0
20241207,19,15.34,8830.7,7497.3,0
20241207,19,15.38,8831.3,7496.4,0
20241207,19,15.41,9213.3,7496.4,0
20241207,19,15.43,9238.8,7496.4,0
20241207,19,15.56,9431.8,7496.4,0
20241207,19,15.68,9456.8,7496.4,0
20241207,19,15.90,9456.8,7496.4,0
20241207,19,16.00,9469.2,7496.2,0
20241207,19,16.14,9494.7,7441.8,0
20241207,19,16.17,9494.7,7441.8,0
20241207,19,16.50,9494.7,7441.7,0
20241207,19,16.59,9494.7,7441.2,0
20241207,19,16.84,9515.1,7440.0,0
20241207,19,17.00,9515.1,7440.0,0
20241207,19,17.26,9515.1,7439.6,0
20241207,19,17.43,9515.1,7410.0,0
20241207,19,17.73,9515.1,7409.8,0
20241207,19,18.00,9515.1,7387.8,0
20241207,19,18.49,9515.1,7387.5,0
20241207,19,18.79,9515.1,7387.4,0
20241207,19,18.94,9515.1,7340.4,0
20241207,19,19.00,9515.1,7339.6,0
20241207,19,19.60,9515.1,7339.5,0
20241207,19,19.75,9574.1,7336.4,0
20241207,19,20.00,9574.1,7336.4,0
20241207,19,22.54,9574.1,7326.7,0
20241207,19,24.04,9574.1,7326.6,0
20241207,19,24.19,9574.1,7323.9,0
20241207,19,25.00,9574.1,7322.2,0
20241207,19,25.74,9574.1,7312.6,0
20241207,19,26.00,9574.1,7311.1,0
20241207,19,29.90,9574.1,7294.3,0
20241207,19,30.00,9574.1,7292.4,0
20241207,19,30.12,9574.1,7257.8,0
20241207,19,34.00,9574.1,7245.1,0
20241207,19,37.50,9574.1,7180.8,0
20241207,19,40.00,9574.1,7170.7,0
20241207,19,45.00,9574.1,7149.7,0
20241207,19,45.01,9574.1,7147.0,0
20241207,19,46.58,9574.1,7139.0,0
20241207,19,48.32,9574.1,7020.5,0
20241207,19,50.00,9574.1,6994.9,0
20241207,19,50.01,9574.1,6860.5,0
20241207,19,55.00,9574.1,6856.6,0
20241207,19,60.00,9574.1,6842.3,0
20241207,19,60.70,9574.1,6808.3,0
20241207,19,61.58,9574.1,6805.1,0
20241207,19,77.80,9574.1,6787.6,0
20241207,19,79.90,9574.1,6718.0,0
20241207,19,80.00,9574.1,6716.8,0
20241207,19,80.01,9574.1,6550.8,0
20241207,19,81.00,9574.1,6526.1,0
20241207,19,82.01,9574.1,6525.7,0
20241207,19,85.00,9574.1,6507.0,0
20241207,19,90.00,9574.1,6502.5,0
20241207,19,99.90,9574.1,6500.1,0
20241207,19,100.00,9574.1,6493.3,0
20241207,19,100.01,9614.1,6434.8,0
20241207,19,101.00,9614.1,6434.8,0
20241207,19,138.00,9614.1,6429.3,0
20241207,19,200.00,9614.1,6411.4,0
20241207,19,200.01,9614.1,5823.4,0
20241207,19,200.10,9614.1,5682.0,0
20241207,19,201.00,9614.1,5681.3,0
20241207,19,210.00,9614.1,5680.8,0
20241207,19,300.00,9614.1,5561.9,0
20241207,19,500.00,9614.1,5556.9,0
20241207,19,900.00,9614.1,5546.9,0
20241207,19,999.00,9614.1,5544.9,0
20241207,19,999.99,9614.1,0.0,0
20241207,19,0.00,0.0,31914.8,1
20241207,19,0.00,15144.9,31914.8,1
20241207,19,0.01,27248.5,31914.8,1
20241207,19,0.02,27377.5,31896.7,1
20241207,19,0.03,27377.8,31885.9,1
20241207,19,0.04,27423.3,31873.8,1
20241207,19,0.10,27517.6,31873.8,1
20241207,19,0.25,27525.0,31813.7,1
20241207,19,0.26,27530.3,31813.7,1
20241207,19,0.30,27531.1,31813.7,1
20241207,19,1.00,27843.6,31813.7,1
20241207,19,1.01,27843.6,31616.5,1
20241207,19,1.32,28045.1,31608.8,1
20241207,19,2.00,28086.0,31608.8,1
20241207,19,2.01,28086.0,31592.8,1
20241207,19,2.26,28093.2,31292.8,1
20241207,19,2.67,28095.4,31292.8,1
20241207,19,3.00,28125.4,31292.8,1
20241207,19,3.01,28134.4,30815.9,1
20241207,19,3.02,28134.4,30715.9,1
20241207,19,3.50,28134.4,30712.1,1
20241207,19,3.51,28135.1,30708.3,1
20241207,19,4.00,28142.3,30708.3,1
20241207,19,4.02,28145.3,30708.3,1
20241207,19,4.27,28203.7,30708.3,1
20241207,19,4.50,28210.9,30708.3,1
20241207,19,5.00,28294.3,30708.3,1
20241207,19,5.01,28295.0,30632.3,1
20241207,19,5.02,28295.0,30305.8,1
20241207,19,5.37,28298.7,30295.8,1
20241207,19,5.48,28298.7,30295.8,1
20241207,19,6.00,28355.5,29995.8,1
20241207,19,6.50,28355.6,29984.3,1
20241207,19,6.60,28355.6,29984.3,1
20241207,19,6.72,28359.6,29983.2,1
20241207,19,6.75,28366.8,29983.2,1
20241207,19,6.92,28366.8,29983.2,1
20241207,19,7.00,28366.8,29978.6,1
20241207,19,7.01,28366.8,29977.9,1
20241207,19,7.50,28406.8,29971.9,1
20241207,19,7.75,28406.8,29971.9,1
20241207,19,7.80,28406.8,29956.9,1
20241207,19,7.86,28410.1,29941.9,1
20241207,19,7.94,28411.3,29941.9,1
20241207,19,8.00,28415.7,29941.9,1
20241207,19,8.01,28416.0,29797.8,1
20241207,19,8.03,28418.9,29797.8,1
20241207,19,8.07,28424.4,29797.8,1
20241207,19,8.21,28424.4,29797.8,1
20241207,19,8.26,28424.4,29782.8,1
20241207,19,8.42,28424.4,29767.8,1
20241207,19,8.48,28424.4,29766.7,1
20241207,19,8.50,28424.4,29741.7,1
20241207,19,8.51,28524.4,29691.7,1
20241207,19,8.52,28532.2,29691.7,1
20241207,19,8.54,28593.6,29691.7,1
20241207,19,8.66,28593.6,29691.7,1
20241207,19,8.71,28593.6,29661.7,1
20241207,19,8.76,28593.6,29636.7,1
20241207,19,8.80,28593.6,29536.7,1
20241207,19,8.85,28603.3,29534.2,1
20241207,19,8.89,28603.3,29534.2,1
20241207,19,8.99,28610.6,29434.2,1
20241207,19,9.00,28614.1,29434.2,1
20241207,19,9.16,28614.1,29394.5,1
20241207,19,9.17,28619.7,29370.1,1
20241207,19,9.18,28649.7,29370.1,1
20241207,19,9.44,28652.2,29370.0,1
20241207,19,9.50,28673.5,29370.0,1
20241207,19,9.63,28703.5,29370.0,1
20241207,19,9.65,28703.5,29369.7,1
20241207,19,9.66,28712.3,29163.7,1
20241207,19,9.94,28712.3,29163.7,1
20241207,19,10.00,28747.8,29163.1,1
20241207,19,10.01,28753.9,29072.2,1
20241207,19,10.05,28753.9,29067.1,1
20241207,19,10.09,28773.9,29052.1,1
20241207,19,10.18,29003.9,29052.1,1
20241207,19,10.25,29003.9,29052.1,1
20241207,19,10.31,29004.3,28478.1,1
20241207,19,10.32,29010.8,28478.1,1
20241207,19,10.33,29410.8,28478.1,1
20241207,19,10.37,29410.8,28478.1,1
20241207,19,10.38,29410.8,28428.1,1
20241207,19,10.43,29414.9,28378.1,1
20241207,19,10.44,29414.9,28378.1,1
20241207,19,10.50,29414.9,28231.1,1
20241207,19,10.55,29434.9,28231.0,1
20241207,19,10.58,29834.9,28231.0,1
20241207,19,10.68,29841.1,28231.0,1
20241207,19,10.69,29856.6,28216.0,1
20241207,19,10.70,29865.9,28216.0,1
20241207,19,10.73,29876.7,28130.0,1
20241207,19,10.74,29876.7,28130.0,1
20241207,19,10.77,29876.7,28126.9,1
20241207,19,10.79,29876.7,28126.3,1
20241207,19,10.80,29876.7,27979.3,1
20241207,19,10.83,30276.7,27832.3,1
20241207,19,10.84,30276.7,27832.1,1
20241207,19,10.85,30376.7,27830.4,1
20241207,19,10.86,30432.7,27830.4,1
20241207,19,10.90,30432.8,27805.4,1
20241207,19,10.91,30588.8,27805.4,1
20241207,19,10.93,30588.8,27736.4,1
20241207,19,10.99,30592.5,27634.4,1
20241207,19,11.00,30677.0,27634.4,1
20241207,19,11.01,30691.0,27624.4,1
20241207,19,11.04,30691.0,27618.9,1
20241207,19,11.05,30691.0,27471.9,1
20241207,19,11.07,30691.0,27416.1,1
20241207,19,11.08,30696.2,27414.9,1
20241207,19,11.22,30696.2,27310.9,1
20241207,19,11.24,30696.2,27294.4,1
20241207,19,11.26,30696.2,27286.2,1
20241207,19,11.27,30705.7,27189.1,1
20241207,19,11.30,30706.7,27189.1,1
20241207,19,11.31,30706.7,27189.1,1
20241207,19,11.32,31786.7,27174.1,1
20241207,19,11.33,31786.7,27174.1,1
20241207,19,11.34,31786.7,27126.0,1
20241207,19,11.40,31786.7,26260.8,1
20241207,19,11.44,31786.7,26260.4,1
20241207,19,11.50,31788.7,26258.9,1
20241207,19,11.54,31788.7,26095.4,1
20241207,19,11.55,31792.2,26073.9,1
20241207,19,11.65,31792.2,26073.9,1
20241207,19,11.70,31792.2,25950.9,1
20241207,19,11.94,31792.2,25950.3,1
20241207,19,11.99,31792.2,25935.3,1
20241207,19,12.00,31812.2,25812.3,1
20241207,19,12.01,31831.1,25730.9,1
20241207,19,12.02,31831.1,25712.3,1
20241207,19,12.07,31908.1,25712.1,1
20241207,19,12.10,31908.1,25712.1,1
20241207,19,12.12,31908.1,25712.0,1
20241207,19,12.16,31908.1,25706.2,1
20241207,19,12.22,31933.1,25698.0,1
20241207,19,12.40,31933.1,25698.0,1
20241207,19,12.50,31933.1,25697.9,1
20241207,19,12.57,32100.1,25637.8,1
20241207,19,12.63,32100.1,25637.8,1
20241207,19,12.68,32125.1,25633.5,1
20241207,19,12.80,32125.1,25633.5,1
20241207,19,13.00,32160.1,25633.4,1
20241207,19,13.01,32163.7,25598.6,1
20241207,19,13.07,32163.7,25594.6,1
20241207,19,13.13,32313.7,25586.3,1
20241207,19,13.18,32313.7,25586.3,1
20241207,19,13.19,32314.4,25547.0,1
20241207,19,13.21,32314.4,25547.0,1
20241207,19,13.27,32314.4,25546.8,1
20241207,19,13.40,32321.9,25529.6,1
20241207,19,13.47,32321.9,25529.6,1
20241207,19,13.49,32326.1,25524.6,1
20241207,19,13.56,32355.0,25524.6,1
20241207,19,13.67,32385.0,25524.6,1
20241207,19,13.76,32385.1,25524.6,1
20241207,19,13.82,32425.1,25524.6,1
20241207,19,13.99,32425.1,25524.6,1
20241207,19,14.00,32447.1,25506.0,1
20241207,19,14.01,32449.3,25468.6,1
20241207,19,14.25,32500.3,25468.6,1
20241207,19,14.41,32500.3,25468.6,1
20241207,19,14.45,32530.3,25468.4,1
20241207,19,14.50,32550.3,25468.4,1
20241207,19,14.51,32556.9,25468.4,1
20241207,19,14.55,32556.9,25468.4,1
20241207,19,14.60,32556.9,25394.1,1
20241207,19,14.69,32576.7,25393.8,1
20241207,19,14.82,32576.7,25393.8,1
20241207,19,14.85,32579.7,25389.2,1
20241207,19,14.88,32584.7,25389.2,1
20241207,19,14.90,32597.7,25389.2,1
20241207,19,14.93,32641.7,25389.2,1
20241207,19,14.98,32653.7,25389.2,1
20241207,19,15.00,32668.7,25389.2,1
20241207,19,15.01,32769.7,25383.2,1
20241207,19,15.02,32778.9,25383.2,1
20241207,19,15.03,32794.9,25383.2,1
20241207,19,15.08,32824.9,25383.2,1
20241207,19,15.12,32824.9,25383.2,1
20241207,19,15.19,32874.8,25381.0,1
20241207,19,15.22,32960.8,25381.0,1
20241207,19,15.35,32990.6,25381.0,1
20241207,19,15.50,33037.6,25381.0,1
20241207,19,15.56,33052.0,25381.0,1
20241207,19,15.60,33052.0,25381.0,1
20241207,19,15.61,33077.0,25379.9,1
20241207,19,15.66,33127.0,25379.9,1
20241207,19,15.68,33180.1,25379.9,1
20241207,19,15.70,33180.1,25379.9,1
20241207,19,15.79,33180.1,25379.8,1
20241207,19,15.80,33180.1,25379.7,1
20241207,19,15.91,33180.1,25379.6,1
20241207,19,15.93,33275.1,25371.6,1
20241207,19,16.00,33275.1,25371.6,1
20241207,19,16.01,33276.5,25367.2,1
20241207,19,16.17,33276.5,25367.2,1
20241207,19,16.22,33276.5,25363.9,1
20241207,19,16.29,33301.5,25362.7,1
20241207,19,16.44,33301.5,25362.7,1
20241207,19,16.45,33301.5,25354.3,1
20241207,19,16.50,33371.5,25344.2,1
20241207,19,16.51,33371.8,25342.2,1
20241207,19,16.70,33371.8,25342.2,1
20241207,19,16.86,33371.8,25334.2,1
20241207,19,17.01,33378.4,25264.5,1
20241207,19,17.20,33378.4,25263.0,1
20241207,19,17.22,33602.9,25261.3,1
20241207,19,17.50,33602.9,25261.3,1
20241207,19,17.52,33602.9,25255.4,1
20241207,19,17.58,33602.9,25253.0,1
20241207,19,18.00,33602.9,25236.8,1
20241207,19,18.10,33602.9,25177.0,1
20241207,19,18.38,33602.9,25175.0,1
20241207,19,18.43,33707.9,25104.2,1
20241207,19,18.78,33707.9,25104.2,1
20241207,19,18.87,33707.9,25096.6,1
20241207,19,19.00,33737.9,25095.5,1
20241207,19,19.59,33879.9,25095.5,1
20241207,19,19.66,34020.9,25095.5,1
20241207,19,19.70,34162.9,25095.5,1
20241207,19,19.73,34303.9,25095.5,1
20241207,19,19.96,34303.9,25095.5,1
20241207,19,20.00,34303.9,24700.1,1
20241207,19,20.01,34309.4,24681.9,1
20241207,19,20.12,34309.4,24666.6,1
20241207,19,20.22,34309.4,24627.0,1
20241207,19,20.52,34309.4,24626.0,1
20241207,19,20.56,34309.4,24617.4,1
20241207,19,20.75,34451.4,24607.3,1
20241207,19,20.79,34451.4,24607.3,1
20241207,19,20.80,34451.4,24607.2,1
20241207,19,21.02,34451.4,24606.3,1
20241207,19,21.10,34462.2,23806.3,1
20241207,19,21.22,34462.2,23806.3,1
20241207,19,21.57,34462.2,23795.5,1
20241207,19,22.92,34462.2,23794.5,1
20241207,19,23.87,34471.8,23793.5,1
20241207,19,23.97,34612.8,23793.5,1
20241207,19,24.00,34612.8,23793.5,1
20241207,19,24.27,34612.8,23683.9,1
20241207,19,24.61,34612.8,23682.9,1
20241207,19,24.67,34612.8,23674.5,1
20241207,19,25.00,34612.8,23664.4,1
20241207,19,25.10,34612.8,23663.7,1
20241207,19,25.62,34612.8,23663.1,1
20241207,19,25.74,34612.8,23657.3,1
20241207,19,27.17,34754.8,23656.6,1
20241207,19,27.33,34754.8,23656.6,1
20241207,19,27.40,34754.8,23648.0,1
20241207,19,27.50,34754.8,23637.9,1
20241207,19,28.46,34754.8,23633.6,1
20241207,19,28.54,34754.8,23625.2,1
20241207,19,28.69,34754.8,23622.2,1
20241207,19,29.90,34754.8,23510.9,1
20241207,19,30.00,34754.8,23506.1,1
20241207,19,30.01,34754.8,23353.8,1
20241207,19,30.12,34754.8,23353.6,1
20241207,19,31.00,34754.8,23347.9,1
20241207,19,31.20,34754.8,23306.7,1
20241207,19,31.36,34754.8,23304.4,1
20241207,19,32.00,34754.8,22931.8,1
20241207,19,32.02,34895.8,22929.9,1
20241207,19,33.62,34956.7,22929.9,1
20241207,19,34.94,34956.7,22929.9,1
20241207,19,35.00,34956.7,22923.3,1
20241207,19,35.24,34956.7,22897.9,1
20241207,19,35.50,34956.7,22897.4,1
20241207,19,36.00,34956.7,22897.3,1
20241207,19,37.00,34956.7,22847.3,1
20241207,19,37.50,34956.7,22827.2,1
20241207,19,39.69,35539.7,22797.6,1
20241207,19,40.00,35539.7,22797.6,1
20241207,19,40.01,35539.7,22732.7,1
20241207,19,42.37,35539.7,22585.2,1
20241207,19,42.50,35539.7,22583.6,1
20241207,19,45.00,35539.7,22583.5,1
20241207,19,45.01,35539.7,22509.4,1
20241207,19,46.00,35539.7,22216.4,1
20241207,19,46.40,35539.7,22166.4,1
20241207,19,49.50,35539.7,22065.1,1
20241207,19,50.00,35541.4,22064.6,1
20241207,19,55.00,35541.4,21767.0,1
20241207,19,60.00,35541.4,21721.5,1
20241207,19,60.72,35541.4,21599.8,1
20241207,19,70.00,35541.4,21567.5,1
20241207,19,70.48,35541.8,21566.4,1
20241207,19,72.00,35541.8,21566.4,1
20241207,19,77.80,35541.8,21565.7,1
20241207,19,79.90,35541.8,21468.0,1
20241207,19,80.00,35541.8,21464.8,1
20241207,19,80.01,35541.8,20392.9,1
20241207,19,80.02,35541.8,20213.4,1
20241207,19,80.21,35691.7,20137.4,1
20241207,19,81.00,35691.7,20137.4,1
20241207,19,82.01,35691.7,20055.0,1
20241207,19,85.00,35691.7,19924.4,1
20241207,19,90.00,35691.7,19911.0,1
20241207,19,94.91,35691.7,19902.3,1
20241207,19,99.90,35691.7,19900.7,1
20241207,19,100.00,35841.7,19899.8,1
20241207,19,100.01,35885.1,19534.4,1
20241207,19,101.00,35885.1,19534.4,1
20241207,19,107.83,35885.1,19448.4,1
20241207,19,120.10,35885.1,19446.7,1
20241207,19,120.75,35885.1,19394.2,1
20241207,19,133.67,35885.1,19392.6,1
20241207,19,138.00,35885.1,19390.9,1
20241207,19,150.00,35885.1,19270.0,1
20241207,19,151.00,35885.1,19175.6,1
20241207,19,190.00,35885.1,19138.0,1
20241207,19,200.00,35885.1,19136.6,1
20241207,19,200.01,35885.1,16616.0,1
20241207,19,200.10,35885.1,14585.4,1
20241207,19,200.50,35885.1,14505.7,1
20241207,19,201.00,35885.1,14505.5,1
20241207,19,210.00,35885.1,14437.4,1
20241207,19,250.00,35885.1,13208.1,1
20241207,19,300.00,35885.1,13060.4,1
20241207,19,550.02,35885.1,12959.7,1
20241207,19,900.00,35885.1,12700.5,1
20241207,19,999.00,35885.1,12688.9,1
20241207,19,999.99,35885.1,0.0,1
20241207,20,0.00,0.0,9984.5,0
20241207,20,0.00,4281.5,9984.5,0
20241207,20,0.01,8588.9,9984.5,0
20241207,20,0.02,8620.3,9971.8,0
20241207,20,0.03,8622.5,9971.4,0
20241207,20,0.04,8623.1,9971.4,0
20241207,20,0.10,8635.9,9971.4,0
20241207,20,0.27,8637.7,9951.4,0
20241207,20,0.81,8643.7,9951.4,0
20241207,20,1.00,8726.0,9951.4,0
20241207,20,1.01,8726.0,9923.4,0
20241207,20,2.00,8726.3,9913.8,0
20241207,20,2.01,8726.3,9913.8,0
20241207,20,2.16,8728.3,9613.8,0
20241207,20,2.50,8728.6,9613.8,0
20241207,20,3.00,8748.6,9613.8,0
20241207,20,3.01,8748.6,9493.2,0
20241207,20,3.51,8750.6,9393.2,0
20241207,20,4.86,8752.6,9393.2,0
20241207,20,5.00,8835.8,9393.2,0
20241207,20,5.01,8835.8,9370.1,0
20241207,20,5.02,8835.8,9120.6,0
20241207,20,5.90,8835.8,9120.0,0
20241207,20,6.00,8858.6,9106.0,0
20241207,20,6.21,8860.6,9106.0,0
20241207,20,6.26,8860.6,9106.0,0
20241207,20,7.00,8860.6,9100.0,0
20241207,20,7.01,8860.6,9099.9,0
20241207,20,7.56,8862.6,9098.8,0
20241207,20,7.70,8863.1,9098.8,0
20241207,20,8.01,8863.6,9098.8,0
20241207,20,8.15,8863.6,9098.8,0
20241207,20,8.85,8863.6,9098.5,0
20241207,20,9.00,8863.6,8941.5,0
20241207,20,9.01,8863.6,8921.5,0
20241207,20,9.04,8863.6,8912.0,0
20241207,20,9.60,8863.6,8903.2,0
20241207,20,9.71,8863.6,8894.4,0
20241207,20,9.88,8863.6,8847.6,0
20241207,20,9.98,8863.6,8702.6,0
20241207,20,10.00,8867.2,8672.6,0
20241207,20,10.03,8867.2,8672.6,0
20241207,20,10.14,8867.2,8390.6,0
20241207,20,10.17,8867.2,8373.4,0
20241207,20,10.18,8872.8,8361.3,0
20241207,20,10.20,8878.5,8361.3,0
20241207,20,10.26,8878.5,8361.3,0
20241207,20,10.65,8878.5,8361.1,0
20241207,20,10.66,8878.5,8296.1,0
20241207,20,10.74,8926.2,8294.6,0
20241207,20,10.75,8926.2,8294.6,0
20241207,20,10.79,8927.9,8294.2,0
20241207,20,10.81,8927.9,8294.2,0
20241207,20,11.60,8927.9,8186.2,0
20241207,20,11.61,8927.9,8184.6,0
20241207,20,11.80,8927.9,8182.6,0
20241207,20,11.86,8963.4,8182.3,0
20241207,20,12.00,9048.5,8182.3,0
20241207,20,12.01,9084.0,8182.3,0
20241207,20,12.55,9084.0,8182.3,0
20241207,20,12.84,9084.0,8179.3,0
20241207,20,12.96,9084.0,8178.4,0
20241207,20,13.00,9090.3,8177.0,0
20241207,20,13.12,9090.3,8177.0,0
20241207,20,13.33,9307.3,8012.0,0
20241207,20,13.36,9375.4,8012.0,0
20241207,20,13.56,9392.4,8012.0,0
20241207,20,14.00,9392.4,8012.0,0
20241207,20,14.31,9392.4,8009.9,0
20241207,20,14.50,9392.4,8008.9,0
20241207,20,14.66,9775.4,7988.9,0
20241207,20,14.67,9775.4,7988.9,0
20241207,20,14.87,9775.4,7988.8,0
20241207,20,14.94,9775.4,7987.9,0
20241207,20,15.00,9775.4,7984.8,0
20241207,20,15.01,9775.4,7980.5,0
20241207,20,15.09,9776.6,7979.7,0
20241207,20,15.90,9776.6,7979.7,0
20241207,20,16.00,9789.1,7979.5,0
20241207,20,16.09,9790.3,7924.2,0
20241207,20,16.37,9790.3,7924.2,0
20241207,20,16.59,9790.3,7919.8,0
20241207,20,17.00,9790.3,7918.0,0
20241207,20,17.24,9792.1,7917.6,0
20241207,20,17.26,9792.1,7917.6,0
20241207,20,17.33,9792.7,7889.8,0
20241207,20,17.43,9792.7,7889.8,0
20241207,20,17.73,9792.7,7889.6,0
20241207,20,18.00,9792.7,7867.6,0
20241207,20,18.25,9792.7,7867.3,0
20241207,20,18.49,9792.7,7866.7,0
20241207,20,18.92,9792.7,7866.6,0
20241207,20,19.00,9792.7,7863.5,0
20241207,20,19.22,9792.7,7863.4,0
20241207,20,20.00,9792.7,7729.4,0
20241207,20,22.90,9792.7,7719.8,0
20241207,20,24.04,9792.7,7717.5,0
20241207,20,25.00,9792.7,7714.9,0
20241207,20,25.67,9792.7,7705.1,0
20241207,20,26.00,9792.7,7704.3,0
20241207,20,29.90,9792.7,7687.3,0
20241207,20,30.00,9792.7,7685.4,0
20241207,20,30.12,9792.7,7650.9,0
20241207,20,34.00,9792.7,7637.5,0
20241207,20,37.00,9792.7,7571.0,0
20241207,20,37.50,9792.7,7570.9,0
20241207,20,40.00,9792.7,7560.4,0
20241207,20,43.41,9792.7,7539.0,0
20241207,20,45.00,9792.7,7419.3,0
20241207,20,45.01,9792.7,7416.8,0
20241207,20,48.32,9792.7,7408.2,0
20241207,20,50.00,9792.7,7382.5,0
20241207,20,50.01,9792.7,7246.7,0
20241207,20,55.00,9792.7,7242.5,0
20241207,20,60.00,9792.7,7229.5,0
20241207,20,61.01,9792.7,7195.3,0
20241207,20,61.46,9792.7,7192.2,0
20241207,20,77.80,9792.7,7175.2,0
20241207,20,79.90,9792.7,7106.8,0
20241207,20,80.00,9792.7,7105.5,0
20241207,20,80.01,9792.7,6939.7,0
20241207,20,81.00,9792.7,6913.8,0
20241207,20,82.01,9792.7,6913.4,0
20241207,20,85.00,9792.7,6895.0,0
20241207,20,90.00,9792.7,6890.4,0
20241207,20,99.90,9792.7,6888.3,0
20241207,20,100.00,9792.7,6881.6,0
20241207,20,100.01,9836.7,6825.2,0
20241207,20,101.00,9836.7,6825.2,0
20241207,20,138.00,9836.7,6819.7,0
20241207,20,200.00,9836.7,6802.0,0
20241207,20,200.01,9836.7,6205.9,0
20241207,20,200.10,9836.7,6056.8,0
20241207,20,201.00,9836.7,6056.2,0
20241207,20,210.00,9836.7,6055.7,0
20241207,20,300.00,9836.7,5937.4,0
20241207,20,500.00,9836.7,5932.4,0
20241207,20,900.00,9836.7,5922.4,0
20241207,20,999.00,9836.7,5920.4,0
20241207,20,999.99,9836.7,0.0,0
20241207,20,0.00,0.0,21662.7,2
20241207,20,0.00,9279.5,21662.7,2
20241207,20,0.01,17274.7,21662.7,2
20241207,20,0.02,17392.7,21643.2,2
20241207,20,0.03,17392.8,21631.2,2
20241207,20,0.04,17424.2,21618.9,2
20241207,20,0.10,17475.2,21618.9,2
20241207,20,0.25,17483.8,21618.9,2
20241207,20,0.26,17483.9,21618.9,2
20241207,20,0.30,17485.0,21618.9,2
20241207,20,0.81,17544.0,21618.9,2
20241207,20,1.00,17764.9,21618.9,2
20241207,20,1.01,17764.9,21445.3,2
20241207,20,2.00,17799.8,21436.2,2
20241207,20,2.01,17799.8,21420.2,2
20241207,20,2.13,17807.0,21120.2,2
20241207,20,2.16,17809.0,21120.2,2
20241207,20,3.00,17809.0,21120.2,2
20241207,20,3.01,17827.7,20583.9,2
20241207,20,3.02,17827.7,20483.9,2
20241207,20,3.50,17827.7,20476.7,2
20241207,20,3.51,17830.4,20472.8,2
20241207,20,4.00,17838.3,20472.8,2
20241207,20,4.24,17845.5,20471.8,2
20241207,20,4.27,17903.9,20471.8,2
20241207,20,4.86,17906.5,20471.8,2
20241207,20,5.00,17951.7,20471.8,2
20241207,20,5.01,17952.4,20383.8,2
20241207,20,5.02,17952.4,20157.4,2
20241207,20,5.48,17952.4,20142.4,2
20241207,20,5.99,17952.6,19842.4,2
20241207,20,6.00,18009.9,19842.4,2
20241207,20,6.08,18010.3,19810.4,2
20241207,20,6.21,18014.3,19810.4,2
20241207,20,6.36,18021.5,19810.4,2
20241207,20,6.50,18021.6,19810.4,2
20241207,20,6.75,18022.9,19810.4,2
20241207,20,6.84,18026.5,19810.4,2
20241207,20,6.94,18026.5,19810.4,2
20241207,20,7.00,18026.5,19795.4,2
20241207,20,7.01,18026.5,19793.7,2
20241207,20,7.32,18026.5,19787.5,2
20241207,20,7.35,18026.5,19772.5,2
20241207,20,7.48,18026.5,19757.5,2
20241207,20,7.50,18046.5,19752.7,2
20241207,20,7.51,18046.5,19752.7,2
20241207,20,7.54,18049.8,19737.7,2
20241207,20,7.56,18055.3,19737.7,2
20241207,20,7.60,18055.3,19737.7,2
20241207,20,7.75,18055.3,19735.5,2
20241207,20,7.79,18055.3,19695.5,2
20241207,20,7.80,18055.3,19688.5,2
20241207,20,7.90,18055.3,19588.5,2
20241207,20,7.98,18055.3,19588.0,2
20241207,20,7.99,18062.6,19573.0,2
20241207,20,8.00,18062.6,19573.0,2
20241207,20,8.01,18063.0,19544.7,2
20241207,20,8.15,18063.0,19519.7,2
20241207,20,8.16,18063.0,19489.7,2
20241207,20,8.17,18077.7,19470.1,2
20241207,20,8.19,18107.7,19470.1,2
20241207,20,8.26,18107.7,19470.1,2
20241207,20,8.29,18107.7,19395.6,2
20241207,20,8.45,18107.7,19395.4,2
20241207,20,8.47,18115.0,19380.4,2
20241207,20,8.49,18124.9,19380.4,2
20241207,20,8.50,18124.9,19380.4,2
20241207,20,8.53,18124.9,19376.2,2
20241207,20,8.54,18186.4,19276.2,2
20241207,20,8.57,18216.4,19276.2,2
20241207,20,8.60,18216.5,19276.2,2
20241207,20,8.64,18289.1,19276.2,2
20241207,20,8.65,18289.1,19276.2,2
20241207,20,8.79,18289.1,19176.2,2
20241207,20,8.82,18289.1,19076.2,2
20241207,20,8.89,18289.1,19071.9,2
20241207,20,8.90,18289.2,19012.9,2
20241207,20,8.92,18289.2,19012.9,2
20241207,20,8.94,18289.2,18997.9,2
20241207,20,8.97,18289.2,18967.9,2
20241207,20,8.98,18309.2,18937.9,2
20241207,20,9.00,18314.2,18934.4,2
20241207,20,9.01,18314.2,18820.2,2
20241207,20,9.05,18314.2,18819.3,2
20241207,20,9.08,18314.2,18789.3,2
20241207,20,9.11,18314.2,18759.3,2
20241207,20,9.16,18317.4,18699.3,2
20241207,20,9.18,18317.4,18669.3,2
20241207,20,9.19,18328.4,18669.2,2
20241207,20,9.21,18364.1,18639.2,2
20241207,20,9.22,18364.1,18639.2,2
20241207,20,9.24,18400.1,18609.2,2
20241207,20,9.26,18400.1,18609.2,2
20241207,20,9.34,18420.7,18608.9,2
20241207,20,9.35,18421.1,18608.9,2
20241207,20,9.39,18441.1,18608.9,2
20241207,20,9.43,18441.1,18608.9,2
20241207,20,9.65,18441.1,18608.6,2
20241207,20,9.73,18441.1,18402.6,2
20241207,20,9.85,18441.1,18377.6,2
20241207,20,10.00,18465.8,18377.4,2
20241207,20,10.01,18478.5,18368.9,2
20241207,20,10.15,18483.1,18363.8,2
20241207,20,10.16,18483.2,18363.8,2
20241207,20,10.18,18713.2,18363.8,2
20241207,20,10.21,18720.0,18363.8,2
20241207,20,10.22,18720.0,18363.8,2
20241207,20,10.25,18720.2,18360.0,2
20241207,20,10.26,18720.2,18360.0,2
20241207,20,10.33,19220.2,18359.4,2
20241207,20,10.34,19221.3,18359.4,2
20241207,20,10.37,19221.3,18334.4,2
20241207,20,10.38,19221.3,18284.4,2
20241207,20,10.44,19221.3,18234.4,2
20241207,20,10.50,19229.8,18087.4,2
20241207,20,10.53,19229.8,18087.3,2
20241207,20,10.54,19229.8,18086.0,2
20241207,20,10.55,19229.8,18085.4,2
20241207,20,10.58,19729.8,18083.7,2
20241207,20,10.59,19729.8,18083.7,2
20241207,20,10.69,19750.1,18079.5,2
20241207,20,10.70,19762.2,18079.5,2
20241207,20,10.71,19766.0,18079.5,2
20241207,20,10.72,19775.6,18079.5,2
20241207,20,10.79,19775.6,18079.5,2
20241207,20,10.80,19780.4,17932.5,2
20241207,20,10.83,20280.4,17785.5,2
20241207,20,10.85,20380.4,17785.5,2
20241207,20,10.86,20436.4,17785.5,2
20241207,20,10.91,20668.4,17785.5,2
20241207,20,10.93,20668.4,17785.5,2
20241207,20,10.95,20668.4,17683.5,2
20241207,20,11.00,20719.2,17658.5,2
20241207,20,11.01,20720.7,17628.7,2
20241207,20,11.04,20720.7,17623.1,2
20241207,20,11.08,20720.7,17476.1,2
20241207,20,11.32,21500.7,17372.1,2
20241207,20,11.33,21500.7,17356.2,2
20241207,20,11.34,21537.9,17337.5,2
20241207,20,11.40,21705.9,17337.5,2
20241207,20,11.42,21705.9,17337.5,2
20241207,20,11.48,21705.9,17337.3,2
20241207,20,11.50,21705.9,17306.8,2
20241207,20,11.57,21782.9,17175.4,2
20241207,20,11.61,21782.9,17175.4,2
20241207,20,11.65,21782.9,17169.9,2
20241207,20,11.84,21812.9,17046.9,2
20241207,20,11.90,21812.9,17046.9,2
20241207,20,11.99,21812.9,17042.7,2
20241207,20,12.00,21818.9,16919.7,2
20241207,20,12.01,21840.9,16861.5,2
20241207,20,12.02,21840.9,16836.7,2
20241207,20,12.03,22097.4,16824.3,2
20241207,20,12.39,22110.8,16824.3,2
20241207,20,12.50,22110.8,16824.3,2
20241207,20,12.69,22140.8,16802.3,2
20241207,20,12.77,22175.8,16802.3,2
20241207,20,12.96,22175.8,16802.3,2
20241207,20,12.99,22175.8,16798.3,2
20241207,20,13.00,22205.8,16798.0,2
20241207,20,13.01,22209.4,16720.0,2
20241207,20,13.13,22359.4,16716.0,2
20241207,20,13.15,22359.4,16716.0,2
20241207,20,13.20,22359.4,16696.9,2
20241207,20,13.38,22394.4,16692.7,2
20241207,20,13.63,22394.4,16692.7,2
20241207,20,13.99,22419.4,16675.0,2
20241207,20,14.00,22424.4,16675.0,2
20241207,20,14.01,22427.4,16638.5,2
20241207,20,14.25,22446.0,16638.5,2
20241207,20,14.31,22446.0,16638.5,2
20241207,20,14.50,22466.0,16634.9,2
20241207,20,14.51,22466.0,16634.9,2
20241207,20,14.52,22466.0,16626.3,2
20241207,20,14.56,22466.0,16624.1,2
20241207,20,14.60,22491.0,16623.9,2
20241207,20,14.90,22504.0,16623.7,2
20241207,20,15.00,22519.0,16623.7,2
20241207,20,15.01,22621.5,16607.2,2
20241207,20,15.02,22631.2,16607.2,2
20241207,20,15.10,22631.2,16607.2,2
20241207,20,15.16,22631.2,16607.1,2
20241207,20,15.22,22633.2,16535.5,2
20241207,20,15.25,22633.2,16535.5,2
20241207,20,15.26,22633.2,16535.4,2
20241207,20,15.50,22633.2,16535.3,2
20241207,20,15.51,22633.5,16534.3,2
20241207,20,15.59,22683.5,16534.3,2
20241207,20,15.60,22683.5,16534.3,2
20241207,20,15.66,22683.5,16534.2,2
20241207,20,15.68,22687.1,16531.9,2
20241207,20,15.69,22737.1,16531.9,2
20241207,20,15.70,22737.1,16531.9,2
20241207,20,16.00,22737.1,16531.8,2
20241207,20,16.12,22737.1,16520.6,2
20241207,20,16.40,22737.1,16519.8,2
20241207,20,16.50,22737.1,16519.7,2
20241207,20,16.57,22737.1,16519.4,2
20241207,20,17.01,22737.1,16511.0,2
20241207,20,17.20,22737.1,16508.2,2
20241207,20,17.22,22961.6,16506.3,2
20241207,20,17.58,22961.6,16506.3,2
20241207,20,17.60,22961.6,16490.1,2
20241207,20,18.00,22961.6,16490.0,2
20241207,20,18.10,22961.6,16463.9,2
20241207,20,19.50,22961.6,16462.0,2
20241207,20,19.52,22961.6,16397.6,2
20241207,20,20.00,22961.6,16377.1,2
20241207,20,20.01,22967.2,16357.6,2
20241207,20,20.12,22967.2,16340.8,2
20241207,20,20.26,22967.2,16320.4,2
20241207,20,23.44,22967.2,16320.2,2
20241207,20,23.87,22976.8,16311.8,2
20241207,20,25.10,22976.8,16311.8,2
20241207,20,25.73,22976.8,16311.4,2
20241207,20,26.68,22976.8,16302.8,2
20241207,20,26.87,22976.8,16294.4,2
20241207,20,27.50,22976.8,16185.3,2
20241207,20,29.90,22976.8,16180.9,2
20241207,20,30.00,22976.8,16175.6,2
20241207,20,30.12,22976.8,16009.9,2
20241207,20,31.79,22976.8,16002.8,2
20241207,20,32.00,22976.8,16000.1,2
20241207,20,32.24,22976.8,15998.4,2
20241207,20,34.94,22976.8,15996.4,2
20241207,20,35.00,22976.8,15978.8,2
20241207,20,35.24,22976.8,15949.0,2
20241207,20,36.00,22976.8,15948.7,2
20241207,20,37.00,22976.8,15898.7,2
20241207,20,39.69,23529.8,15878.0,2
20241207,20,40.00,23529.8,15878.0,2
20241207,20,42.13,23529.8,15830.4,2
20241207,20,42.44,23529.8,15828.8,2
20241207,20,45.00,23529.8,15715.1,2
20241207,20,45.01,23529.8,15647.9,2
20241207,20,46.00,23529.8,15397.4,2
20241207,20,50.00,23529.8,15347.4,2
20241207,20,55.00,23529.8,15139.7,2
20241207,20,60.00,23529.8,15094.0,2
20241207,20,60.62,23529.8,15012.8,2
20241207,20,77.80,23529.8,14976.3,2
20241207,20,79.90,23529.8,14877.6,2
20241207,20,80.00,23529.8,14874.1,2
20241207,20,80.01,23529.8,14266.2,2
20241207,20,80.21,23679.7,14193.9,2
20241207,20,81.00,23679.7,14193.9,2
20241207,20,82.01,23679.7,14129.3,2
20241207,20,85.00,23679.7,14060.6,2
20241207,20,90.00,23679.7,14052.7,2
20241207,20,94.75,23679.7,14044.4,2
20241207,20,99.90,23679.7,14042.8,2
20241207,20,100.00,23829.7,14041.9,2
20241207,20,100.01,23851.0,13789.7,2
20241207,20,101.00,23851.0,13789.7,2
20241207,20,107.67,23851.0,13630.7,2
20241207,20,120.10,23851.0,13629.0,2
20241207,20,120.59,23851.0,13612.6,2
20241207,20,133.51,23851.0,13611.0,2
20241207,20,138.00,23851.0,13609.3,2
20241207,20,150.00,23851.0,13460.7,2
20241207,20,190.00,23851.0,13401.3,2
20241207,20,200.00,23851.0,13399.9,2
20241207,20,200.01,23851.0,12028.3,2
20241207,20,200.10,23851.0,10541.3,2
20241207,20,200.50,23851.0,10457.3,2
20241207,20,201.00,23851.0,10457.1,2
20241207,20,210.00,23851.0,10450.6,2
20241207,20,250.00,23851.0,9931.1,2
20241207,20,300.00,23851.0,9926.5,2
20241207,20,550.02,23851.0,9918.4,2
20241207,20,900.00,23851.0,9736.1,2
20241207,20,999.00,23851.0,9724.5,2
20241207,20,999.99,23851.0,0.0,2
20241207,21,0.00,0.0,10153.6,0
20241207,21,0.00,4475.3,10153.6,0
20241207,21,0.01,8830.1,10153.6,0
20241207,21,0.02,8861.9,10141.0,0
20241207,21,0.03,8864.5,10140.6,0
20241207,21,0.04,8865.1,10140.6,0
20241207,21,0.10,8870.6,10140.6,0
20241207,21,0.27,8872.6,10120.6,0
20241207,21,0.47,8877.5,10120.6,0
20241207,21,1.00,8955.0,10120.6,0
20241207,21,1.01,8955.0,10093.8,0
20241207,21,1.67,8957.0,10083.1,0
20241207,21,2.00,8957.5,10083.1,0
20241207,21,2.01,8957.5,10083.1,0
20241207,21,2.50,8957.8,9783.1,0
20241207,21,2.87,8959.8,9783.1,0
20241207,21,3.00,8979.8,9783.1,0
20241207,21,3.01,8979.8,9662.5,0
20241207,21,4.07,8981.8,9562.5,0
20241207,21,5.00,9065.4,9562.5,0
20241207,21,5.01,9065.4,9540.0,0
20241207,21,5.27,9067.4,9289.9,0
20241207,21,5.90,9067.4,9289.9,0
20241207,21,6.00,9090.2,9275.9,0
20241207,21,6.26,9090.2,9275.9,0
20241207,21,6.47,9092.2,9269.9,0
20241207,21,7.00,9092.2,9269.9,0
20241207,21,7.54,9092.2,9269.8,0
20241207,21,7.60,9092.2,9268.3,0
20241207,21,7.67,9094.2,9267.7,0
20241207,21,7.70,9094.7,9267.7,0
20241207,21,7.71,9094.7,9267.7,0
20241207,21,8.01,9095.2,9267.4,0
20241207,21,8.29,9095.2,9267.4,0
20241207,21,8.33,9095.2,9265.5,0
20241207,21,8.85,9095.2,9248.7,0
20241207,21,9.00,9095.2,9091.7,0
20241207,21,9.01,9095.2,9071.7,0
20241207,21,9.04,9095.2,9062.2,0
20241207,21,9.33,9095.2,9058.3,0
20241207,21,9.34,9095.2,9043.3,0
20241207,21,9.53,9095.2,8831.3,0
20241207,21,9.65,9095.2,8640.3,0
20241207,21,9.71,9095.2,8458.3,0
20241207,21,9.77,9095.2,8413.3,0
20241207,21,9.90,9101.0,8403.7,0
20241207,21,9.98,9101.0,8403.7,0
20241207,21,10.00,9104.7,8373.7,0
20241207,21,10.07,9104.7,8370.2,0
20241207,21,10.38,9104.7,8370.0,0
20241207,21,10.49,9106.5,8360.4,0
20241207,21,10.99,9106.5,8360.4,0
20241207,21,11.00,9115.2,8349.8,0
20241207,21,11.27,9115.2,8349.7,0
20241207,21,11.49,9115.2,8347.7,0
20241207,21,11.61,9164.5,8346.9,0
20241207,21,11.99,9164.5,8346.9,0
20241207,21,12.00,9249.6,8343.8,0
20241207,21,12.01,9288.2,8343.8,0
20241207,21,12.47,9288.2,8343.8,0
20241207,21,12.50,9288.2,8342.4,0
20241207,21,12.81,9326.8,8320.4,0
20241207,21,12.99,9809.8,8320.4,0
20241207,21,13.00,9816.1,8320.4,0
20241207,21,13.13,9816.1,8319.2,0
20241207,21,13.46,9933.1,8154.2,0
20241207,21,13.57,9934.4,8154.2,0
20241207,21,13.67,9934.4,8154.2,0
20241207,21,14.00,9934.4,8153.3,0
20241207,21,14.04,9971.6,8128.2,0
20241207,21,14.65,10001.3,8128.2,0
20241207,21,14.67,10001.3,8128.2,0
20241207,21,14.69,10002.6,8128.1,0
20241207,21,14.79,10002.6,8128.1,0
20241207,21,15.00,10002.6,8124.6,0
20241207,21,15.01,10002.6,8123.7,0
20241207,21,15.02,10004.5,8122.9,0
20241207,21,15.11,10005.1,8122.9,0
20241207,21,15.90,10005.1,8122.9,0
20241207,21,16.00,10017.7,8122.7,0
20241207,21,16.50,10017.7,8093.0,0
20241207,21,16.59,10017.7,8092.7,0
20241207,21,16.90,10017.7,8091.1,0
20241207,21,17.00,10017.7,8088.7,0
20241207,21,17.18,10017.7,8088.3,0
20241207,21,17.43,10017.7,8062.5,0
20241207,21,17.73,10017.7,8062.3,0
20241207,21,18.00,10017.7,8040.3,0
20241207,21,18.49,10017.7,8040.1,0
20241207,21,18.50,10017.7,8040.0,0
20241207,21,19.00,10017.7,8039.9,0
20241207,21,19.22,10017.7,8039.8,0
20241207,21,20.00,10017.7,7905.8,0
20241207,21,20.18,10018.7,7896.9,0
20241207,21,24.04,10018.7,7896.9,0
20241207,21,25.00,10018.7,7894.5,0
20241207,21,25.12,10018.7,7885.3,0
20241207,21,25.76,10018.7,7871.8,0
20241207,21,26.00,10018.7,7871.6,0
20241207,21,29.90,10018.7,7854.6,0
20241207,21,30.00,10018.7,7852.7,0
20241207,21,34.00,10018.7,7818.4,0
20241207,21,37.50,10018.7,7752.5,0
20241207,21,40.00,10018.7,7741.9,0
20241207,21,41.97,10018.7,7721.8,0
20241207,21,45.00,10018.7,7602.1,0
20241207,21,45.01,10018.7,7599.5,0
20241207,21,48.32,10018.7,7590.4,0
20241207,21,50.00,10018.7,7587.8,0
20241207,21,50.01,10018.7,7454.3,0
20241207,21,55.00,10018.7,7450.1,0
20241207,21,59.35,10018.7,7438.2,0
20241207,21,60.00,10018.7,7435.2,0
20241207,21,61.03,10018.7,7400.7,0
20241207,21,77.80,10018.7,7384.1,0
20241207,21,79.90,10018.7,7319.1,0
20241207,21,80.00,10018.7,7317.8,0
20241207,21,80.01,10018.7,7154.6,0
20241207,21,81.00,10018.7,7128.9,0
20241207,21,82.01,10018.7,7128.5,0
20241207,21,85.00,10018.7,7110.5,0
20241207,21,90.00,10018.7,7105.7,0
20241207,21,99.90,10018.7,7103.8,0
20241207,21,100.00,10018.7,7097.4,0
20241207,21,100.01,10065.1,7043.2,0
20241207,21,101.00,10065.1,7043.2,0
20241207,21,138.00,10065.1,7037.7,0
20241207,21,200.00,10065.1,7012.6,0
20241207,21,200.01,10065.1,6424.5,0
20241207,21,200.10,10065.1,6250.2,0
20241207,21,201.00,10065.1,6249.7,0
20241207,21,210.00,10065.1,6249.2,0
20241207,21,300.00,10065.1,6131.8,0
20241207,21,500.00,10065.1,6126.8,0
20241207,21,900.00,10065.1,6116.8,0
20241207,21,999.00,10065.1,6114.8,0
20241207,21,999.99,10065.1,0.0,0
20241207,21,0.00,0.0,19946.8,2
20241207,21,0.00,9446.5,19946.8,2
20241207,21,0.01,16302.7,19946.8,2
20241207,21,0.02,16425.9,19927.4,2
20241207,21,0.03,16426.1,19915.5,2
20241207,21,0.04,16461.4,19903.3,2
20241207,21,0.10,16518.0,19903.3,2
20241207,21,0.25,16527.5,19903.3,2
20241207,21,0.26,16527.7,19903.3,2
20241207,21,0.30,16528.9,19903.3,2
20241207,21,0.47,16593.9,19903.3,2
20241207,21,1.00,16829.3,19903.3,2
20241207,21,1.01,16833.9,19728.9,2
20241207,21,1.67,16835.9,19709.4,2
20241207,21,2.00,16871.6,19709.4,2
20241207,21,2.01,16871.6,19693.4,2
20241207,21,2.10,16878.8,19393.4,2
20241207,21,2.87,16880.8,19393.4,2
20241207,21,3.00,16880.8,19393.4,2
20241207,21,3.01,16903.6,18858.9,2
20241207,21,3.02,16903.6,18758.9,2
20241207,21,3.50,16903.6,18751.8,2
20241207,21,3.51,16904.4,18747.8,2
20241207,21,4.00,16913.3,18747.8,2
20241207,21,4.07,16915.5,18746.8,2
20241207,21,4.10,16915.5,18746.8,2
20241207,21,4.19,16922.7,18745.9,2
20241207,21,4.27,16981.1,18745.9,2
20241207,21,4.83,16981.1,18745.9,2
20241207,21,4.90,16981.1,18741.1,2
20241207,21,5.00,17027.7,18741.0,2
20241207,21,5.01,17028.4,18652.9,2
20241207,21,5.02,17028.4,18425.8,2
20241207,21,5.27,17032.1,18410.8,2
20241207,21,5.48,17032.1,18410.8,2
20241207,21,5.77,17032.3,18110.8,2
20241207,21,5.86,17032.9,18095.8,2
20241207,21,5.90,17032.9,18095.8,2
20241207,21,6.00,17074.0,18093.9,2
20241207,21,6.11,17074.0,18061.9,2
20241207,21,6.27,17081.2,18046.9,2
20241207,21,6.32,17081.2,18046.9,2
20241207,21,6.45,17081.2,18031.9,2
20241207,21,6.47,17085.3,18006.9,2
20241207,21,6.50,17085.4,18006.9,2
20241207,21,6.56,17085.4,18006.9,2
20241207,21,6.69,17089.1,18006.7,2
20241207,21,6.78,17089.1,17991.7,2
20241207,21,6.79,17089.1,17961.7,2
20241207,21,6.84,17090.4,17931.7,2
20241207,21,6.92,17110.3,17931.7,2
20241207,21,6.93,17127.2,17919.8,2
20241207,21,7.00,17127.2,17919.8,2
20241207,21,7.01,17127.2,17919.2,2
20241207,21,7.07,17157.2,17913.1,2
20241207,21,7.12,17187.2,17913.1,2
20241207,21,7.20,17187.2,17913.1,2
20241207,21,7.30,17191.6,17898.1,2
20241207,21,7.33,17191.6,17898.1,2
20241207,21,7.46,17211.6,17893.9,2
20241207,21,7.50,17231.6,17893.9,2
20241207,21,7.65,17239.6,17893.9,2
20241207,21,7.67,17245.1,17878.9,2
20241207,21,7.68,17246.3,17878.9,2
20241207,21,7.70,17246.3,17878.9,2
20241207,21,7.79,17250.2,17878.4,2
20241207,21,7.80,17270.2,17878.4,2
20241207,21,7.87,17270.2,17878.4,2
20241207,21,7.90,17270.2,17878.2,2
20241207,21,7.91,17270.2,17877.7,2
20241207,21,8.00,17270.2,17795.5,2
20241207,21,8.01,17284.2,17742.1,2
20241207,21,8.10,17284.2,17742.1,2
20241207,21,8.22,17295.4,17727.1,2
20241207,21,8.36,17302.7,17727.1,2
20241207,21,8.51,17302.7,17727.1,2
20241207,21,8.53,17302.7,17691.4,2
20241207,21,8.54,17354.2,17691.2,2
20241207,21,8.55,17354.2,17655.5,2
20241207,21,8.72,17354.2,17640.5,2
20241207,21,8.78,17359.2,17540.5,2
20241207,21,8.80,17359.3,17540.5,2
20241207,21,8.83,17359.3,17540.5,2
20241207,21,8.87,17359.3,17440.5,2
20241207,21,8.89,17359.5,17437.1,2
20241207,21,8.94,17359.5,17378.1,2
20241207,21,8.97,17359.5,17248.1,2
20241207,21,9.00,17364.5,17193.1,2
20241207,21,9.01,17368.1,17098.9,2
20241207,21,9.05,17368.1,17094.0,2
20241207,21,9.08,17368.1,17064.0,2
20241207,21,9.11,17368.1,17034.0,2
20241207,21,9.13,17372.9,16974.0,2
20241207,21,9.14,17372.9,16974.0,2
20241207,21,9.16,17372.9,16970.2,2
20241207,21,9.18,17372.9,16924.9,2
20241207,21,9.19,17372.9,16924.8,2
20241207,21,9.22,17372.9,16894.8,2
20241207,21,9.25,17372.9,16864.8,2
20241207,21,9.53,17372.9,16835.5,2
20241207,21,9.65,17372.9,16810.5,2
20241207,21,10.00,17404.2,16604.5,2
20241207,21,10.01,17422.3,16596.5,2
20241207,21,10.05,17422.3,16596.5,2
20241207,21,10.07,17422.3,16546.5,2
20241207,21,10.08,17422.3,16545.9,2
20241207,21,10.09,17427.4,16495.9,2
20241207,21,10.15,17427.4,16470.9,2
20241207,21,10.18,17657.4,16470.5,2
20241207,21,10.33,18377.4,16470.5,2
20241207,21,10.44,18377.4,16470.5,2
20241207,21,10.45,18377.4,16322.5,2
20241207,21,10.49,18377.4,16317.7,2
20241207,21,10.50,18386.1,16317.5,2
20241207,21,10.58,19166.1,16317.4,2
20241207,21,10.65,19166.1,16317.4,2
20241207,21,10.66,19173.3,16299.6,2
20241207,21,10.69,19196.3,16299.6,2
20241207,21,10.70,19210.1,16299.6,2
20241207,21,10.79,19210.1,16299.6,2
20241207,21,10.80,19210.1,16151.6,2
20241207,21,10.83,19810.1,16004.6,2
20241207,21,10.85,19822.9,16004.6,2
20241207,21,10.91,20051.9,16004.6,2
20241207,21,10.93,20051.9,16004.6,2
20241207,21,11.00,20102.8,15902.6,2
20241207,21,11.01,20104.2,15852.8,2
20241207,21,11.04,20104.2,15852.8,2
20241207,21,11.08,20104.2,15704.8,2
20241207,21,11.21,20104.2,15600.8,2
20241207,21,11.22,20104.2,15598.6,2
20241207,21,11.23,20104.2,15580.9,2
20241207,21,11.27,20104.2,15580.2,2
20241207,21,11.30,20104.3,15574.7,2
20241207,21,11.32,20284.3,15574.7,2
20241207,21,11.34,20348.8,15574.7,2
20241207,21,11.36,20519.8,15574.7,2
20241207,21,11.50,20519.8,15574.7,2
20241207,21,11.57,20571.8,15443.5,2
20241207,21,11.81,20571.8,15443.5,2
20241207,21,11.84,20601.8,15439.3,2
20241207,21,12.00,20607.8,15439.3,2
20241207,21,12.01,20630.0,15401.5,2
20241207,21,12.03,20751.7,15373.5,2
20241207,21,12.22,20751.7,15373.5,2
20241207,21,12.32,20751.7,15355.1,2
20241207,21,12.47,20751.7,15286.0,2
20241207,21,12.50,20781.7,15282.0,2
20241207,21,12.69,20881.7,15261.4,2
20241207,21,12.79,20881.7,15261.4,2
20241207,21,12.89,20906.7,15259.7,2
20241207,21,13.00,20916.7,15259.7,2
20241207,21,13.01,20917.0,15162.7,2
20241207,21,13.13,21057.0,15162.7,2
20241207,21,13.17,21057.0,15162.7,2
20241207,21,13.45,21082.0,15158.5,2
20241207,21,13.67,21082.0,15158.5,2
20241207,21,14.00,21107.0,15154.9,2
20241207,21,14.01,21111.9,15140.3,2
20241207,21,14.25,21133.4,15140.3,2
20241207,21,14.40,21189.4,15140.3,2
20241207,21,14.53,21189.4,15140.3,2
20241207,21,14.60,21189.4,15131.7,2
20241207,21,14.63,21260.4,15131.5,2
20241207,21,14.66,21331.4,15131.3,2
20241207,21,14.72,21401.4,15131.3,2
20241207,21,14.87,21401.4,15131.3,2
20241207,21,14.90,21414.4,15129.1,2
20241207,21,14.93,21511.4,15129.1,2
20241207,21,14.98,21597.4,15129.1,2
20241207,21,15.00,21597.4,15129.1,2
20241207,21,15.01,21699.8,15113.4,2
20241207,21,15.02,21709.0,15113.4,2
20241207,21,15.03,21797.0,15113.4,2
20241207,21,15.10,21797.0,15113.4,2
20241207,21,15.22,21948.0,15113.3,2
20241207,21,15.39,21948.0,15113.3,2
20241207,21,15.46,21998.0,15054.4,2
20241207,21,15.54,22048.0,15054.4,2
20241207,21,15.60,22079.0,15054.4,2
20241207,21,15.66,22091.0,15054.3,2
20241207,21,15.68,22094.9,15054.3,2
20241207,21,15.70,22094.9,15054.3,2
20241207,21,16.00,22094.9,15054.2,2
20241207,21,16.07,22094.9,15019.5,2
20241207,21,16.21,22094.9,15018.5,2
20241207,21,16.40,22094.9,14998.1,2
20241207,21,16.50,22094.9,14998.0,2
20241207,21,16.56,22094.9,14997.6,2
20241207,21,16.75,22094.9,14989.2,2
20241207,21,17.01,22094.9,14988.5,2
20241207,21,17.20,22094.9,14987.0,2
20241207,21,17.22,22319.4,14985.3,2
20241207,21,17.58,22319.4,14985.3,2
20241207,21,17.60,22319.4,14969.1,2
20241207,21,18.00,22319.4,14969.0,2
20241207,21,18.10,22319.4,14968.9,2
20241207,21,19.95,22319.4,14967.1,2
20241207,21,20.00,22319.4,14958.5,2
20241207,21,20.01,22324.8,14947.5,2
20241207,21,20.12,22324.8,14930.9,2
20241207,21,23.34,22324.8,14910.9,2
20241207,21,23.87,22334.4,14902.5,2
20241207,21,25.10,22334.4,14902.5,2
20241207,21,25.12,22334.4,14902.4,2
20241207,21,25.60,22334.4,14895.0,2
20241207,21,26.54,22334.4,14886.4,2
20241207,21,26.73,22334.4,14878.0,2
20241207,21,27.50,22334.4,14773.9,2
20241207,21,29.90,22334.4,14768.5,2
20241207,21,30.00,22334.4,14763.6,2
20241207,21,31.79,22334.4,14597.0,2
20241207,21,32.00,22334.4,14594.6,2
20241207,21,33.50,22334.4,14593.1,2
20241207,21,34.94,22334.4,14591.3,2
20241207,21,35.00,22334.4,14575.3,2
20241207,21,35.24,22334.4,14544.7,2
20241207,21,36.00,22334.4,14544.3,2
20241207,21,37.00,22334.4,14494.3,2
20241207,21,39.69,22858.4,14473.3,2
20241207,21,40.00,22858.4,14473.3,2
20241207,21,42.44,22858.4,14428.8,2
20241207,21,43.99,22858.4,14313.3,2
20241207,21,45.00,22858.4,14311.7,2
20241207,21,45.01,22858.4,14251.0,2
20241207,21,46.00,22858.4,14032.7,2
20241207,21,50.00,22858.4,13982.7,2
20241207,21,55.00,22858.4,13779.4,2
20241207,21,60.00,22858.4,13733.5,2
20241207,21,60.15,22858.4,13653.0,2
20241207,21,77.80,22858.4,13617.7,2
20241207,21,79.90,22858.4,13528.3,2
20241207,21,80.00,22858.4,13524.9,2
20241207,21,80.01,22858.4,12930.4,2
20241207,21,80.20,22858.4,12861.1,2
20241207,21,80.21,23007.1,12859.9,2
20241207,21,81.00,23007.1,12859.9,2
20241207,21,82.01,23007.1,12800.3,2
20241207,21,85.00,23007.1,12732.7,2
20241207,21,90.00,23007.1,12724.8,2
20241207,21,95.99,23007.1,12717.1,2
20241207,21,99.90,23007.1,12715.5,2
20241207,21,100.00,23157.1,12714.7,2
20241207,21,100.01,23179.6,12295.3,2
20241207,21,101.00,23179.6,12295.3,2
20241207,21,108.91,23179.6,12136.3,2
20241207,21,120.10,23179.6,12134.6,2
20241207,21,121.83,23179.6,12118.9,2
20241207,21,134.75,23179.6,12117.3,2
20241207,21,138.00,23179.6,12115.6,2
20241207,21,150.00,23179.6,11962.5,2
20241207,21,190.00,23179.6,11903.9,2
20241207,21,200.00,23179.6,11902.3,2
20241207,21,200.01,23179.6,10529.0,2
20241207,21,200.10,23179.6,9082.4,2
20241207,21,200.50,23179.6,8999.8,2
20241207,21,201.00,23179.6,8999.6,2
20241207,21,210.00,23179.6,8992.9,2
20241207,21,250.00,23179.6,8880.9,2
20241207,21,300.00,23179.6,8875.3,2
20241207,21,550.02,23179.6,8867.3,2
20241207,21,900.00,23179.6,8685.0,2
20241207,21,999.00,23179.6,8673.4,2
20241207,21,999.99,23179.6,0.0,2
20241207,22,0.00,0.0,16149.9,3
20241207,22,0.00,8323.1,16149.9,3
20241207,22,0.01,14184.3,16149.9,3
20241207,22,0.02,14311.8,16138.3,3
20241207,22,0.03,14311.9,16138.3,3
20241207,22,0.04,14346.3,16126.1,3
20241207,22,0.10,14406.7,16126.1,3
20241207,22,0.11,14477.2,16126.1,3
20241207,22,0.25,14487.1,16126.1,3
20241207,22,0.26,14487.3,16126.1,3
20241207,22,0.30,14488.6,16126.1,3
20241207,22,1.00,14724.0,16126.1,3
20241207,22,1.01,14728.6,16009.7,3
20241207,22,1.31,14730.6,15997.9,3
20241207,22,2.00,14757.4,15997.9,3
20241207,22,2.03,14764.6,15981.9,3
20241207,22,2.51,14766.6,15981.9,3
20241207,22,3.00,14766.6,15981.9,3
20241207,22,3.02,14766.6,15551.1,3
20241207,22,3.50,14766.6,15547.8,3
20241207,22,3.51,14767.4,15544.9,3
20241207,22,3.71,14770.3,15544.9,3
20241207,22,4.00,14779.1,15544.9,3
20241207,22,4.04,14786.3,15543.9,3
20241207,22,4.91,14789.3,15543.9,3
20241207,22,5.00,14835.2,15543.9,3
20241207,22,5.01,14835.2,15481.9,3
20241207,22,5.02,14835.2,15463.6,3
20241207,22,5.10,14835.2,15458.6,3
20241207,22,6.00,14876.5,15458.4,3
20241207,22,6.06,14883.7,15416.5,3
20241207,22,6.11,14886.8,15416.5,3
20241207,22,6.49,14887.1,15416.5,3
20241207,22,6.50,14887.2,15416.5,3
20241207,22,6.58,14887.8,15416.5,3
20241207,22,6.65,14907.0,15416.5,3
20241207,22,7.00,14907.0,15416.5,3
20241207,22,7.03,14907.4,15415.9,3
20241207,22,7.14,14912.1,15415.9,3
20241207,22,7.16,14912.1,15415.9,3
20241207,22,7.18,14916.5,15400.9,3
20241207,22,7.30,14916.5,15400.9,3
20241207,22,7.31,14921.0,15400.4,3
20241207,22,7.40,14921.0,15400.4,3
20241207,22,7.50,14941.0,15399.9,3
20241207,22,7.61,14949.4,15399.9,3
20241207,22,7.63,14949.4,15384.9,3
20241207,22,7.87,14949.4,15380.8,3
20241207,22,8.00,14949.4,15292.1,3
20241207,22,8.01,14950.1,15235.0,3
20241207,22,8.02,14951.4,15235.0,3
20241207,22,8.06,14951.4,15235.0,3
20241207,22,8.07,14970.1,15220.0,3
20241207,22,8.13,14975.3,15220.0,3
20241207,22,8.50,14975.3,15220.0,3
20241207,22,8.71,14975.3,15205.0,3
20241207,22,8.74,14975.5,15180.0,3
20241207,22,8.83,14975.7,15080.0,3
20241207,22,8.85,14975.7,15080.0,3
20241207,22,8.89,14975.7,14980.0,3
20241207,22,8.94,14975.7,14921.0,3
20241207,22,8.96,14975.7,14891.0,3
20241207,22,8.97,14980.6,14791.0,3
20241207,22,8.98,14980.6,14761.0,3
20241207,22,9.00,14985.6,14757.1,3
20241207,22,9.01,14989.2,14697.1,3
20241207,22,9.05,14989.2,14692.2,3
20241207,22,9.08,14989.2,14662.2,3
20241207,22,9.10,14989.2,14632.2,3
20241207,22,9.11,14989.2,14628.8,3
20241207,22,9.16,14989.2,14568.8,3
20241207,22,9.19,14989.2,14538.8,3
20241207,22,9.22,14989.2,14508.8,3
20241207,22,9.25,14989.2,14478.8,3
20241207,22,9.50,14992.9,14453.8,3
20241207,22,9.59,14998.9,14453.8,3
20241207,22,9.65,14998.9,14453.8,3
20241207,22,9.68,14998.9,14247.8,3
20241207,22,9.71,14998.9,14219.5,3
20241207,22,9.75,14998.9,14219.0,3
20241207,22,9.77,14998.9,14169.0,3
20241207,22,9.79,14998.9,14119.0,3
20241207,22,9.85,14998.9,14094.0,3
20241207,22,10.00,15024.8,14079.0,3
20241207,22,10.01,15037.7,14073.6,3
20241207,22,10.09,15037.7,14073.6,3
20241207,22,10.12,15037.7,14069.4,3
20241207,22,10.34,15037.7,14001.9,3
20241207,22,10.35,15045.4,13984.6,3
20241207,22,10.44,15045.4,13984.6,3
20241207,22,10.50,15054.2,13836.6,3
20241207,22,10.79,15054.2,13836.5,3
20241207,22,10.80,15054.2,13688.5,3
20241207,22,10.85,15154.2,13540.5,3
20241207,22,10.86,15210.1,13540.5,3
20241207,22,10.91,15438.1,13540.5,3
20241207,22,10.93,15438.1,13536.1,3
20241207,22,11.00,15489.1,13434.1,3
20241207,22,11.01,15490.5,13411.9,3
20241207,22,11.04,15490.5,13411.9,3
20241207,22,11.08,15490.5,13263.9,3
20241207,22,11.34,15559.3,13159.9,3
20241207,22,11.36,15731.3,13159.9,3
20241207,22,11.45,15731.3,13159.9,3
20241207,22,11.50,15731.3,13155.7,3
20241207,22,11.57,15783.3,13024.5,3
20241207,22,11.84,15813.3,13024.5,3
20241207,22,12.00,15819.3,13024.5,3
20241207,22,12.01,15838.4,12988.2,3
20241207,22,12.02,15846.5,12966.8,3
20241207,22,12.03,15967.7,12966.8,3
20241207,22,12.11,15967.7,12966.8,3
20241207,22,12.22,15967.7,12963.8,3
20241207,22,12.50,15997.7,12945.9,3
20241207,22,12.69,16122.7,12925.9,3
20241207,22,12.82,16122.7,12925.9,3
20241207,22,13.00,16132.7,12921.7,3
20241207,22,13.06,16157.7,12866.5,3
20241207,22,13.31,16157.7,12866.5,3
20241207,22,13.50,16157.7,12863.9,3
20241207,22,13.51,16158.0,12863.1,3
20241207,22,14.00,16183.0,12863.1,3
20241207,22,14.01,16187.2,12855.3,3
20241207,22,14.18,16187.2,12855.3,3
20241207,22,14.25,16210.1,12846.7,3
20241207,22,14.40,16255.1,12846.7,3
20241207,22,14.51,16255.1,12846.7,3
20241207,22,14.60,16255.1,12844.7,3
20241207,22,14.63,16316.1,12844.5,3
20241207,22,14.66,16378.1,12844.5,3
20241207,22,14.72,16440.1,12844.5,3
20241207,22,14.90,16453.1,12844.5,3
20241207,22,14.93,16541.1,12844.5,3
20241207,22,14.98,16619.1,12844.5,3
20241207,22,15.00,16619.1,12844.5,3
20241207,22,15.01,16721.5,12828.4,3
20241207,22,15.02,16730.6,12828.4,3
20241207,22,15.03,16811.6,12828.4,3
20241207,22,15.10,16811.6,12828.4,3
20241207,22,15.22,16962.6,12828.3,3
20241207,22,15.39,17012.6,12828.3,3
20241207,22,15.48,17062.6,12828.3,3
20241207,22,15.52,17093.6,12828.3,3
20241207,22,15.60,17093.6,12828.3,3
20241207,22,15.68,17097.7,12828.2,3
20241207,22,15.70,17097.7,12828.2,3
20241207,22,15.71,17097.7,12828.1,3
20241207,22,15.84,17097.7,12827.3,3
20241207,22,16.00,17097.7,12826.5,3
20241207,22,16.02,17097.7,12803.0,3
20241207,22,16.17,17097.7,12795.4,3
20241207,22,16.40,17097.7,12741.4,3
20241207,22,16.50,17097.7,12741.3,3
20241207,22,17.01,17097.7,12741.0,3
20241207,22,17.20,17097.7,12739.5,3
20241207,22,17.22,17322.2,12737.7,3
20241207,22,17.58,17322.2,12737.7,3
20241207,22,17.60,17322.2,12721.5,3
20241207,22,18.00,17322.2,12721.4,3
20241207,22,18.10,17322.2,12721.3,3
20241207,22,18.61,17322.2,12719.5,3
20241207,22,19.09,17322.2,12718.6,3
20241207,22,20.00,17322.2,12710.9,3
20241207,22,20.01,17327.6,12702.9,3
20241207,22,20.12,17327.6,12695.5,3
20241207,22,21.39,17327.6,12681.7,3
20241207,22,22.16,17327.6,12680.9,3
20241207,22,23.24,17327.6,12673.3,3
20241207,22,23.87,17337.2,12672.4,3
20241207,22,24.01,17337.2,12672.4,3
20241207,22,24.16,17337.2,12671.6,3
20241207,22,24.20,17337.2,12658.7,3
20241207,22,25.05,17337.2,12651.0,3
20241207,22,25.12,17337.2,12643.4,3
20241207,22,25.22,17337.2,12636.1,3
20241207,22,29.90,17337.2,12549.5,3
20241207,22,30.00,17337.2,12548.8,3
20241207,22,31.79,17337.2,12394.2,3
20241207,22,34.94,17337.2,12391.8,3
20241207,22,35.00,17337.2,12377.9,3
20241207,22,36.00,17337.2,12347.5,3
20241207,22,39.69,17835.2,12297.5,3
20241207,22,40.00,17835.2,12297.5,3
20241207,22,42.44,17835.2,12268.4,3
20241207,22,45.00,17835.2,12217.2,3
20241207,22,45.01,17835.2,12194.5,3
20241207,22,46.00,17835.2,12019.1,3
20241207,22,50.00,17835.2,11969.1,3
20241207,22,55.00,17835.2,11800.8,3
20241207,22,59.93,17835.2,11755.4,3
20241207,22,60.00,17835.2,11734.1,3
20241207,22,77.80,17835.2,11672.3,3
20241207,22,79.90,17835.2,11607.9,3
20241207,22,80.00,17835.2,11607.3,3
20241207,22,80.01,17835.2,11240.8,3
20241207,22,80.21,17975.2,11178.2,3
20241207,22,81.00,17975.2,11178.2,3
20241207,22,82.01,17975.2,11131.1,3
20241207,22,85.00,17975.2,11077.9,3
20241207,22,99.90,17975.2,11073.2,3
20241207,22,100.00,17994.2,11072.6,3
20241207,22,100.01,18016.5,10799.0,3
20241207,22,101.00,18016.5,10799.0,3
20241207,22,120.10,18016.5,10675.8,3
20241207,22,138.00,18016.5,10660.2,3
20241207,22,150.00,18016.5,10567.1,3
20241207,22,190.00,18016.5,10509.8,3
20241207,22,200.00,18016.5,10508.5,3
20241207,22,200.01,18016.5,9427.9,3
20241207,22,200.10,18016.5,8102.5,3
20241207,22,200.50,18016.5,8019.8,3
20241207,22,201.00,18016.5,8019.6,3
20241207,22,210.00,18016.5,8013.4,3
20241207,22,250.00,18016.5,7961.1,3
20241207,22,550.02,18016.5,7954.3,3
20241207,22,999.00,18016.5,7772.0,3
20241207,22,999.99,18016.5,0.0,3
20241207,23,0.00,0.0,19908.2,3
20241207,23,0.00,10061.5,19908.2,3
20241207,23,0.01,17029.8,19908.2,3
20241207,23,0.02,17160.1,19889.1,3
20241207,23,0.03,17160.3,19876.3,3
20241207,23,0.04,17199.6,19864.0,3
20241207,23,0.10,17263.3,19864.0,3
20241207,23,0.25,17273.5,19864.0,3
20241207,23,0.26,17273.7,19864.0,3
20241207,23,0.30,17275.1,19864.0,3
20241207,23,1.00,17517.5,19864.0,3
20241207,23,1.01,17522.0,19687.2,3
20241207,23,1.12,17597.7,19667.8,3
20241207,23,2.00,17633.4,19667.8,3
20241207,23,2.01,17633.4,19651.8,3
20241207,23,2.03,17640.6,19351.8,3
20241207,23,2.32,17642.7,19351.8,3
20241207,23,3.00,17642.7,19351.8,3
20241207,23,3.01,17668.9,18818.6,3
20241207,23,3.02,17668.9,18718.6,3
20241207,23,3.50,17668.9,18711.6,3
20241207,23,3.51,17669.7,18707.7,3
20241207,23,3.52,17672.7,18707.7,3
20241207,23,4.00,17682.1,18707.7,3
20241207,23,4.04,17689.3,18706.7,3
20241207,23,4.08,17689.3,18706.7,3
20241207,23,4.27,17747.7,18702.0,3
20241207,23,4.45,17747.7,18702.0,3
20241207,23,4.48,17749.1,18687.0,3
20241207,23,4.57,17753.1,18687.0,3
20241207,23,4.72,17756.9,18687.0,3
20241207,23,4.98,17756.9,18672.0,3
20241207,23,5.00,17803.7,18647.0,3
20241207,23,5.01,17804.4,18558.4,3
20241207,23,5.02,17804.4,18331.7,3
20241207,23,5.23,17804.4,18316.7,3
20241207,23,5.24,17804.4,18286.7,3
20241207,23,5.48,17804.4,18256.7,3
20241207,23,5.49,17804.4,17956.7,3
20241207,23,5.53,17804.4,17926.7,3
20241207,23,5.75,17804.7,17922.7,3
20241207,23,5.76,17818.4,17916.4,3
20241207,23,5.84,17819.0,17916.4,3
20241207,23,5.92,17823.1,17916.4,3
20241207,23,6.00,17865.1,17916.4,3
20241207,23,6.01,17868.4,17864.6,3
20241207,23,6.03,17888.4,17864.6,3
20241207,23,6.06,17895.6,17864.6,3
20241207,23,6.25,17914.4,17864.6,3
20241207,23,6.40,17914.4,17864.6,3
20241207,23,6.47,17929.4,17861.3,3
20241207,23,6.50,17929.5,17861.3,3
20241207,23,6.52,17929.9,17861.3,3
20241207,23,6.63,17934.4,17861.3,3
20241207,23,6.64,17934.4,17861.3,3
20241207,23,6.75,17939.4,17846.3,3
20241207,23,6.85,17954.4,17846.3,3
20241207,23,7.00,17954.4,17846.3,3
20241207,23,7.01,17954.4,17845.7,3
20241207,23,7.05,17963.1,17839.6,3
20241207,23,7.08,17988.1,17824.6,3
20241207,23,7.12,17993.5,17824.6,3
20241207,23,7.23,18023.5,17824.6,3
20241207,23,7.30,18023.5,17824.6,3
20241207,23,7.46,18030.4,17729.7,3
20241207,23,7.47,18030.4,17729.7,3
20241207,23,7.50,18050.4,17714.7,3
20241207,23,7.51,18051.7,17714.7,3
20241207,23,7.74,18057.0,17714.7,3
20241207,23,7.88,18057.0,17714.7,3
20241207,23,8.00,18057.0,17699.7,3
20241207,23,8.01,18075.0,17638.0,3
20241207,23,8.07,18082.3,17637.8,3
20241207,23,8.09,18082.3,17637.8,3
20241207,23,8.10,18082.3,17622.9,3
20241207,23,8.20,18082.3,17622.7,3
20241207,23,8.26,18082.4,17622.2,3
20241207,23,8.29,18087.4,17622.2,3
20241207,23,8.30,18087.4,17622.2,3
20241207,23,8.35,18087.6,17618.3,3
20241207,23,8.54,18139.1,17618.3,3
20241207,23,8.66,18139.1,17618.3,3
20241207,23,8.76,18139.1,17518.3,3
20241207,23,8.77,18139.1,17490.7,3
20241207,23,8.89,18139.1,17365.7,3
20241207,23,8.94,18139.1,17206.7,3
20241207,23,8.97,18139.1,17176.7,3
20241207,23,9.00,18144.1,17146.7,3
20241207,23,9.01,18147.6,17080.5,3
20241207,23,9.05,18147.6,17075.7,3
20241207,23,9.06,18151.3,17045.7,3
20241207,23,9.08,18151.3,17045.7,3
20241207,23,9.11,18151.3,17015.7,3
20241207,23,9.13,18151.3,16955.7,3
20241207,23,9.15,18158.1,16938.2,3
20241207,23,9.16,18158.1,16938.2,3
20241207,23,9.18,18158.1,16907.6,3
20241207,23,9.19,18158.1,16907.5,3
20241207,23,9.22,18158.1,16877.5,3
20241207,23,9.26,18158.1,16847.5,3
20241207,23,9.32,18158.1,16846.8,3
20241207,23,9.37,18158.1,16821.8,3
20241207,23,9.47,18158.1,16771.2,3
20241207,23,9.50,18158.1,16769.5,3
20241207,23,9.52,18158.1,16699.5,3
20241207,23,9.56,18158.1,16698.9,3
20241207,23,9.59,18158.1,16631.8,3
20241207,23,9.82,18158.1,16487.8,3
20241207,23,9.86,18158.1,16487.6,3
20241207,23,10.00,18186.3,16462.6,3
20241207,23,10.01,18206.7,16456.6,3
20241207,23,10.09,18206.7,16456.6,3
20241207,23,10.18,18436.7,16452.4,3
20241207,23,10.33,19156.7,16452.4,3
20241207,23,10.41,19156.7,16452.4,3
20241207,23,10.42,19164.7,16435.4,3
20241207,23,10.44,19164.7,16435.4,3
20241207,23,10.50,19173.7,16288.4,3
20241207,23,10.58,19953.7,16288.3,3
20241207,23,10.68,19953.7,16288.3,3
20241207,23,10.69,19982.2,16284.9,3
20241207,23,10.70,19999.3,16284.9,3
20241207,23,10.72,19999.3,16284.9,3
20241207,23,10.79,19999.3,16279.5,3
20241207,23,10.80,19999.3,16131.5,3
20241207,23,10.83,20599.3,15984.5,3
20241207,23,10.85,20699.3,15984.5,3
20241207,23,10.86,20755.2,15984.5,3
20241207,23,10.91,20980.2,15984.5,3
20241207,23,10.93,20980.2,15984.5,3
20241207,23,11.00,21031.3,15882.5,3
20241207,23,11.01,21032.7,15852.8,3
20241207,23,11.04,21032.7,15852.8,3
20241207,23,11.05,21032.7,15704.8,3
20241207,23,11.08,21032.7,15702.6,3
20241207,23,11.32,21212.7,15598.6,3
20241207,23,11.34,21284.5,15598.6,3
20241207,23,11.37,21459.5,15598.6,3
20241207,23,11.50,21459.5,15598.6,3
20241207,23,11.54,21459.5,15467.5,3
20241207,23,11.57,21511.5,15463.3,3
20241207,23,11.63,21511.5,15463.3,3
20241207,23,11.81,21511.5,15463.1,3
20241207,23,11.84,21541.5,15445.5,3
20241207,23,11.92,21541.5,15445.5,3
20241207,23,12.00,21547.5,15441.5,3
20241207,23,12.01,21570.3,15403.9,3
20241207,23,12.02,21587.4,15389.4,3
20241207,23,12.03,21708.3,15389.4,3
20241207,23,12.50,21738.3,15389.4,3
20241207,23,12.69,21863.3,15369.4,3
20241207,23,12.99,21863.3,15369.4,3
20241207,23,13.00,21873.3,15365.2,3
20241207,23,13.01,21873.6,15272.9,3
20241207,23,13.12,21873.6,15272.9,3
20241207,23,13.13,22013.6,15269.4,3
20241207,23,13.15,22038.6,15269.4,3
20241207,23,13.44,22038.6,15269.4,3
20241207,23,14.00,22063.6,15269.2,3
20241207,23,14.01,22068.5,15254.3,3
20241207,23,14.25,22092.4,15254.3,3
20241207,23,14.32,22092.4,15254.3,3
20241207,23,14.40,22123.4,15252.2,3
20241207,23,14.44,22123.4,15252.2,3
20241207,23,14.60,22123.4,15243.6,3
20241207,23,14.63,22173.4,15243.4,3
20241207,23,14.66,22224.4,15243.4,3
20241207,23,14.72,22276.4,15243.4,3
20241207,23,14.90,22289.4,15243.4,3
20241207,23,14.93,22366.4,15243.4,3
20241207,23,14.98,22435.4,15243.4,3
20241207,23,15.00,22435.4,15243.4,3
20241207,23,15.01,22537.1,15227.1,3
20241207,23,15.02,22546.2,15227.1,3
20241207,23,15.03,22618.2,15227.1,3
20241207,23,15.06,22668.2,15227.1,3
20241207,23,15.10,22668.2,15227.1,3
20241207,23,15.11,22718.2,15227.0,3
20241207,23,15.16,22749.2,15227.0,3
20241207,23,15.21,22761.2,15227.0,3
20241207,23,15.22,22918.2,15227.0,3
20241207,23,15.25,22918.2,15227.0,3
20241207,23,15.28,22934.2,15226.8,3
20241207,23,15.29,22947.2,15226.8,3
20241207,23,15.41,22960.2,15226.8,3
20241207,23,15.42,22968.2,15226.8,3
20241207,23,15.44,22985.2,15226.8,3
20241207,23,15.52,22985.2,15175.8,3
20241207,23,15.60,22985.2,15175.2,3
20241207,23,15.68,22989.4,15175.1,3
20241207,23,15.70,22989.4,15175.1,3
20241207,23,16.00,22989.4,15175.0,3
20241207,23,16.05,22989.4,15138.7,3
20241207,23,16.12,22989.4,15118.5,3
20241207,23,16.20,22989.4,15117.7,3
20241207,23,16.40,22989.4,15110.1,3
20241207,23,16.50,22989.4,15110.0,3
20241207,23,17.01,22989.4,15109.6,3
20241207,23,17.05,22989.4,15108.1,3
20241207,23,17.20,22989.4,15107.5,3
20241207,23,17.22,23213.9,15105.8,3
20241207,23,17.58,23213.9,15105.8,3
20241207,23,17.60,23213.9,15089.6,3
20241207,23,18.00,23213.9,15089.5,3
20241207,23,18.10,23213.9,15089.4,3
20241207,23,18.92,23213.9,15087.7,3
20241207,23,19.13,23213.9,15086.8,3
20241207,23,20.00,23213.9,15079.1,3
20241207,23,20.01,23219.3,15068.2,3
20241207,23,20.12,23219.3,15051.6,3
20241207,23,21.73,23219.3,15032.6,3
20241207,23,22.06,23219.3,15031.8,3
20241207,23,23.60,23219.3,15024.2,3
20241207,23,23.87,23228.9,15023.3,3
20241207,23,24.01,23228.9,15023.3,3
20241207,23,24.38,23228.9,15015.6,3
20241207,23,24.53,23228.9,15014.8,3
20241207,23,24.82,23228.9,15001.9,3
20241207,23,24.98,23228.9,14994.3,3
20241207,23,25.10,23228.9,14911.4,3
20241207,23,25.12,23228.9,14909.7,3
20241207,23,27.50,23228.9,14902.6,3
20241207,23,29.00,23228.9,14897.3,3
20241207,23,29.90,23228.9,14892.4,3
20241207,23,30.00,23228.9,14887.7,3
20241207,23,31.79,23228.9,14723.3,3
20241207,23,32.00,23228.9,14720.9,3
20241207,23,34.10,23228.9,14717.7,3
20241207,23,34.94,23228.9,14716.4,3
20241207,23,35.00,23228.9,14704.5,3
20241207,23,36.00,23228.9,14674.8,3
20241207,23,37.00,23228.9,14624.8,3
20241207,23,39.69,23729.9,14603.9,3
20241207,23,40.00,23729.9,14603.9,3
20241207,23,41.23,23729.9,14559.0,3
20241207,23,42.44,23729.9,14557.4,3
20241207,23,45.00,23729.9,14442.1,3
20241207,23,45.01,23729.9,14372.5,3
20241207,23,46.00,23729.9,14208.2,3
20241207,23,50.00,23729.9,14158.2,3
20241207,23,55.00,23729.9,13956.0,3
20241207,23,59.42,23729.9,13911.4,3
20241207,23,60.00,23729.9,13875.7,3
20241207,23,77.80,23729.9,13797.4,3
20241207,23,79.90,23729.9,13719.5,3
20241207,23,80.00,23729.9,13716.2,3
20241207,23,80.01,23729.9,13142.5,3
20241207,23,80.21,23879.8,13075.6,3
20241207,23,81.00,23879.8,13075.6,3
20241207,23,82.01,23879.8,13040.6,3
20241207,23,85.00,23879.8,12975.3,3
20241207,23,90.00,23879.8,12967.9,3
20241207,23,94.15,23879.8,12960.9,3
20241207,23,99.90,23879.8,12959.3,3
20241207,23,100.00,24029.8,12958.2,3
20241207,23,100.01,24054.1,12543.2,3
20241207,23,101.00,24054.1,12543.2,3
20241207,23,107.07,24054.1,12384.2,3
20241207,23,119.99,24054.1,12382.5,3
20241207,23,120.10,24054.1,12380.9,3
20241207,23,132.91,24054.1,12365.6,3
20241207,23,138.00,24054.1,12363.9,3
20241207,23,150.00,24054.1,12213.4,3
20241207,23,190.00,24054.1,12156.9,3
20241207,23,200.00,24054.1,12155.3,3
20241207,23,200.01,24054.1,10744.4,3
20241207,23,200.10,24054.1,9176.8,3
20241207,23,200.50,24054.1,9093.8,3
20241207,23,201.00,24054.1,9093.6,3
20241207,23,210.00,24054.1,9086.9,3
20241207,23,250.00,24054.1,8987.6,3
20241207,23,300.00,24054.1,8979.8,3
20241207,23,550.02,24054.1,8971.8,3
20241207,23,900.00,24054.1,8789.5,3
20241207,23,999.00,24054.1,8777.9,3
20241207,23,999.99,24054.1,0.0,3
20241207,24,0.00,0.0,15874.5,3
20241207,24,0.00,8504.2,15874.5,3
20241207,24,0.01,14435.7,15874.5,3
20241207,24,0.02,14568.2,15863.4,3
20241207,24,0.03,14568.3,15863.4,3
20241207,24,0.04,14604.7,15851.3,3
20241207,24,0.10,14667.8,15851.3,3
20241207,24,0.25,14678.0,15851.3,3
20241207,24,0.26,14678.2,15851.3,3
20241207,24,0.30,14679.6,15851.3,3
20241207,24,1.00,14922.2,15851.3,3
20241207,24,1.01,14926.6,15732.5,3
20241207,24,1.10,15002.4,15721.1,3
20241207,24,1.93,15009.6,15721.1,3
20241207,24,2.00,15036.5,15721.1,3
20241207,24,2.16,15036.5,15705.1,3
20241207,24,2.30,15038.7,15701.1,3
20241207,24,3.00,15038.7,15701.1,3
20241207,24,3.01,15065.2,15271.9,3
20241207,24,3.02,15065.2,15271.9,3
20241207,24,3.50,15068.2,15269.1,3
20241207,24,3.51,15069.0,15266.2,3
20241207,24,3.85,15076.2,15266.2,3
20241207,24,4.00,15085.5,15266.2,3
20241207,24,4.70,15088.5,15265.2,3
20241207,24,5.00,15141.7,15265.2,3
20241207,24,5.01,15141.7,15203.4,3
20241207,24,5.02,15141.7,15185.3,3
20241207,24,5.37,15142.1,15180.3,3
20241207,24,5.46,15142.7,15180.3,3
20241207,24,5.58,15142.7,15180.3,3
20241207,24,5.76,15149.9,15165.3,3
20241207,24,5.90,15153.1,15165.3,3
20241207,24,5.93,15153.1,15165.3,3
20241207,24,5.94,15162.0,15150.3,3
20241207,24,6.00,15204.6,15150.3,3
20241207,24,6.14,15204.6,15108.5,3
20241207,24,6.28,15204.6,15017.6,3
20241207,24,6.29,15223.3,15002.6,3
20241207,24,6.39,15223.7,15002.6,3
20241207,24,6.46,15228.3,15002.6,3
20241207,24,6.50,15228.4,15002.6,3
20241207,24,6.55,15233.3,15002.6,3
20241207,24,6.63,15233.3,15002.6,3
20241207,24,6.90,15233.3,14987.6,3
20241207,24,7.00,15233.3,14987.4,3
20241207,24,7.10,15237.8,14986.8,3
20241207,24,7.27,15244.8,14986.8,3
20241207,24,7.38,15246.1,14986.8,3
20241207,24,7.40,15246.1,14986.8,3
20241207,24,7.45,15246.1,14986.3,3
20241207,24,7.50,15266.1,14961.3,3
20241207,24,7.54,15271.4,14961.3,3
20241207,24,7.68,15278.7,14961.3,3
20241207,24,7.80,15278.8,14961.3,3
20241207,24,7.89,15279.0,14961.3,3
20241207,24,7.91,15279.0,14961.3,3
20241207,24,8.00,15279.0,14936.3,3
20241207,24,8.01,15283.6,14878.6,3
20241207,24,8.03,15287.3,14863.6,3
20241207,24,8.08,15292.2,14863.6,3
20241207,24,8.09,15292.2,14863.6,3
20241207,24,8.12,15299.5,14859.6,3
20241207,24,8.38,15299.5,14859.6,3
20241207,24,8.50,15301.5,14834.6,3
20241207,24,8.56,15301.5,14834.6,3
20241207,24,8.68,15301.5,14734.6,3
20241207,24,8.76,15301.5,14634.6,3
20241207,24,8.80,15301.5,14607.2,3
20241207,24,8.84,15301.5,14507.2,3
20241207,24,8.85,15309.7,14490.4,3
20241207,24,8.89,15309.7,14490.4,3
20241207,24,8.92,15309.7,14431.4,3
20241207,24,8.94,15309.7,14331.4,3
20241207,24,8.97,15309.7,14301.4,3
20241207,24,9.00,15334.7,14271.4,3
20241207,24,9.01,15338.2,14191.4,3
20241207,24,9.05,15338.2,14186.6,3
20241207,24,9.08,15338.2,14156.6,3
20241207,24,9.11,15338.2,14126.6,3
20241207,24,9.14,15338.4,14066.6,3
20241207,24,9.15,15338.5,14066.6,3
20241207,24,9.16,15338.5,14066.6,3
20241207,24,9.17,15338.6,14036.6,3
20241207,24,9.18,15338.7,14036.6,3
20241207,24,9.19,15338.7,14036.6,3
20241207,24,9.20,15338.8,14006.6,3
20241207,24,9.21,15338.9,14006.6,3
20241207,24,9.22,15338.9,14006.6,3
20241207,24,9.41,15338.9,13976.6,3
20241207,24,9.50,15338.9,13973.3,3
20241207,24,9.56,15338.9,13972.8,3
20241207,24,9.59,15338.9,13905.4,3
20241207,24,9.60,15346.1,13742.4,3
20241207,24,9.63,15346.1,13742.4,3
20241207,24,9.64,15346.1,13692.4,3
20241207,24,9.69,15347.5,13642.4,3
20241207,24,9.78,15348.9,13642.4,3
20241207,24,9.88,15350.4,13642.4,3
20241207,24,9.97,15351.9,13642.4,3
20241207,24,10.00,15375.9,13642.4,3
20241207,24,10.01,15389.5,13637.6,3
20241207,24,10.06,15390.8,13637.6,3
20241207,24,10.44,15390.8,13633.4,3
20241207,24,10.50,15400.0,13486.4,3
20241207,24,10.70,15400.0,13486.3,3
20241207,24,10.79,15400.0,13481.9,3
20241207,24,10.80,15400.0,13333.9,3
20241207,24,10.85,15500.0,13185.9,3
20241207,24,10.86,15555.9,13185.9,3
20241207,24,10.91,15776.9,13185.9,3
20241207,24,10.93,15776.9,13185.9,3
20241207,24,11.00,15808.0,13083.9,3
20241207,24,11.01,15809.3,13081.7,3
20241207,24,11.04,15809.3,13081.7,3
20241207,24,11.08,15809.3,12933.7,3
20241207,24,11.34,15882.3,12829.7,3
20241207,24,11.40,16061.3,12829.7,3
20241207,24,11.49,16061.3,12829.7,3
20241207,24,11.50,16091.3,12812.2,3
20241207,24,11.52,16091.3,12680.9,3
20241207,24,11.57,16143.3,12676.7,3
20241207,24,11.84,16173.3,12676.7,3
20241207,24,11.90,16173.3,12676.7,3
20241207,24,12.00,16179.3,12673.7,3
20241207,24,12.01,16198.8,12637.3,3
20241207,24,12.02,16210.2,12618.4,3
20241207,24,12.03,16331.1,12618.4,3
20241207,24,12.50,16331.1,12618.4,3
20241207,24,12.69,16481.1,12598.4,3
20241207,24,12.98,16481.1,12598.4,3
20241207,24,13.00,16491.1,12594.2,3
20241207,24,13.10,16491.2,12541.8,3
20241207,24,13.50,16491.2,12539.3,3
20241207,24,13.51,16491.5,12538.4,3
20241207,24,14.00,16516.5,12538.4,3
20241207,24,14.01,16520.7,12530.3,3
20241207,24,14.10,16520.8,12530.3,3
20241207,24,14.25,16545.1,12530.3,3
20241207,24,14.30,16545.1,12530.3,3
20241207,24,14.40,16596.1,12528.3,3
20241207,24,14.44,16596.1,12528.3,3
20241207,24,14.60,16596.1,12519.7,3
20241207,24,14.63,16662.1,12519.5,3
20241207,24,14.66,16729.1,12519.5,3
20241207,24,14.72,16796.1,12519.5,3
20241207,24,14.90,16809.1,12519.5,3
20241207,24,14.93,16902.1,12519.5,3
20241207,24,14.95,16952.1,12519.5,3
20241207,24,14.96,17002.1,12519.5,3
20241207,24,14.98,17084.1,12519.5,3
20241207,24,15.00,17084.6,12519.5,3
20241207,24,15.01,17186.4,12504.3,3
20241207,24,15.02,17195.5,12504.3,3
20241207,24,15.03,17280.5,12504.3,3
20241207,24,15.10,17280.5,12504.3,3
20241207,24,15.22,17431.5,12504.2,3
20241207,24,15.44,17431.5,12504.2,3
20241207,24,15.50,17431.5,12454.5,3
20241207,24,15.60,17431.5,12453.9,3
20241207,24,15.68,17435.7,12453.8,3
20241207,24,15.70,17435.7,12453.8,3
20241207,24,15.99,17435.7,12453.7,3
20241207,24,16.00,17435.7,12452.9,3
20241207,24,16.08,17435.7,12430.7,3
20241207,24,16.40,17435.7,12423.1,3
20241207,24,17.01,17435.7,12423.0,3
20241207,24,17.20,17435.7,12421.5,3
20241207,24,17.22,17660.2,12419.8,3
20241207,24,17.58,17660.2,12419.8,3
20241207,24,17.60,17660.2,12403.6,3
20241207,24,18.00,17660.2,12403.5,3
20241207,24,18.10,17660.2,12403.4,3
20241207,24,18.57,17660.2,12401.8,3
20241207,24,18.82,17660.2,12400.9,3
20241207,24,20.00,17660.2,12393.2,3
20241207,24,20.01,17665.4,12385.4,3
20241207,24,20.12,17665.4,12378.2,3
20241207,24,21.16,17665.4,12365.0,3
20241207,24,21.56,17665.4,12364.2,3
20241207,24,22.88,17665.4,12356.6,3
20241207,24,23.38,17665.4,12355.7,3
20241207,24,23.60,17665.4,12348.0,3
20241207,24,23.74,17665.4,12347.2,3
20241207,24,23.87,17675.0,12334.1,3
20241207,24,24.14,17675.0,12334.1,3
20241207,24,24.29,17675.0,12326.5,3
20241207,24,25.12,17675.0,12247.9,3
20241207,24,29.00,17675.0,12241.2,3
20241207,24,29.90,17675.0,12236.6,3
20241207,24,30.00,17675.0,12235.9,3
20241207,24,31.79,17675.0,12089.4,3
20241207,24,34.94,17675.0,12087.1,3
20241207,24,35.00,17675.0,12076.2,3
20241207,24,36.00,17675.0,12048.3,3
20241207,24,39.69,18168.0,11998.3,3
20241207,24,40.00,18168.0,11998.3,3
20241207,24,42.44,18168.0,11970.7,3
20241207,24,45.00,18168.0,11919.7,3
20241207,24,45.01,18168.0,11899.4,3
20241207,24,46.00,18168.0,11735.6,3
20241207,24,50.00,18168.0,11685.6,3
20241207,24,55.00,18168.0,11523.4,3
20241207,24,59.24,18168.0,11479.4,3
20241207,24,60.00,18168.0,11458.3,3
20241207,24,77.80,18168.0,11398.4,3
20241207,24,79.90,18168.0,11346.1,3
20241207,24,80.00,18168.0,11345.7,3
20241207,24,80.01,18168.0,10992.4,3
20241207,24,80.21,18308.0,10932.0,3
20241207,24,81.00,18308.0,10932.0,3
20241207,24,82.01,18308.0,10896.2,3
20241207,24,85.00,18308.0,10844.3,3
20241207,24,99.90,18308.0,10840.1,3
20241207,24,100.00,18327.0,10839.3,3
20241207,24,100.01,18350.1,10571.6,3
20241207,24,101.00,18350.1,10571.6,3
20241207,24,120.10,18350.1,10448.4,3
20241207,24,138.00,18350.1,10433.4,3
20241207,24,150.00,18350.1,10341.2,3
20241207,24,190.00,18350.1,10285.9,3
20241207,24,200.00,18350.1,10284.8,3
20241207,24,200.01,18350.1,9214.0,3
20241207,24,200.10,18350.1,7893.2,3
20241207,24,200.50,18350.1,7810.3,3
20241207,24,201.00,18350.1,7810.1,3
20241207,24,210.00,18350.1,7803.9,3
20241207,24,250.00,18350.1,7751.7,3
20241207,24,550.02,18350.1,7743.2,3
20241207,24,999.00,18350.1,7560.9,3
20241207,24,999.99,18350.1,0.0,3
20241207,25,0.00,0.0,15669.5,3
20241207,25,0.00,8386.3,15669.5,3
20241207,25,0.01,14292.2,15669.5,3
20241207,25,0.02,14424.3,15658.6,3
20241207,25,0.03,14424.4,15658.6,3
20241207,25,0.04,14460.4,15646.6,3
20241207,25,0.10,14522.9,15646.6,3
20241207,25,0.25,14533.0,15646.6,3
20241207,25,0.26,14533.2,15646.6,3
20241207,25,0.30,14534.6,15646.6,3
20241207,25,1.00,14782.7,15646.6,3
20241207,25,1.01,14787.0,15528.8,3
20241207,25,1.22,14861.7,15517.7,3
20241207,25,1.86,14868.9,15517.7,3
20241207,25,2.00,14895.7,15517.7,3
20241207,25,2.42,14897.7,15501.7,3
20241207,25,3.00,14897.7,15501.7,3
20241207,25,3.01,14923.0,15073.8,3
20241207,25,3.02,14923.0,15073.8,3
20241207,25,3.50,14923.0,15070.9,3
20241207,25,3.51,14923.7,15068.0,3
20241207,25,3.62,14926.6,15068.0,3
20241207,25,3.71,14933.8,15068.0,3
20241207,25,4.00,14947.5,15068.0,3
20241207,25,4.78,14947.5,15067.0,3
20241207,25,4.82,14950.5,15052.0,3
20241207,25,5.00,15005.9,15052.0,3
20241207,25,5.01,15005.9,14999.2,3
20241207,25,5.02,15005.9,14981.5,3
20241207,25,5.08,15014.7,14976.5,3
20241207,25,5.25,15014.7,14961.5,3
20241207,25,5.38,15014.7,14872.9,3
20241207,25,5.53,15014.7,14857.9,3
20241207,25,5.57,15021.9,14853.9,3
20241207,25,5.68,15021.9,14853.9,3
20241207,25,6.00,15066.1,14838.9,3
20241207,25,6.01,15070.6,14798.9,3
20241207,25,6.02,15073.8,14798.9,3
20241207,25,6.06,15074.2,14798.9,3
20241207,25,6.19,15081.1,14798.9,3
20241207,25,6.29,15099.8,14798.9,3
20241207,25,6.50,15099.9,14798.9,3
20241207,25,6.70,15100.4,14798.9,3
20241207,25,6.78,15100.5,14798.9,3
20241207,25,6.79,15101.1,14798.9,3
20241207,25,6.87,15101.3,14798.9,3
20241207,25,6.89,15101.3,14798.9,3
20241207,25,7.00,15101.3,14794.9,3
20241207,25,7.05,15107.1,14794.3,3
20241207,25,7.22,15111.5,14794.3,3
20241207,25,7.42,15118.8,14794.3,3
20241207,25,7.50,15138.8,14794.3,3
20241207,25,7.64,15138.8,14793.8,3
20241207,25,7.95,15142.5,14768.8,3
20241207,25,8.00,15142.5,14768.8,3
20241207,25,8.01,15152.3,14711.6,3
20241207,25,8.02,15152.3,14711.6,3
20241207,25,8.04,15164.9,14696.7,3
20241207,25,8.12,15164.9,14696.7,3
20241207,25,8.40,15164.9,14671.7,3
20241207,25,8.50,15166.9,14671.2,3
20241207,25,8.59,15166.9,14671.2,3
20241207,25,8.71,15166.9,14646.2,3
20241207,25,8.76,15166.9,14546.2,3
20241207,25,8.82,15166.9,14518.9,3
20241207,25,8.89,15166.9,14418.9,3
20241207,25,8.93,15166.9,14359.9,3
20241207,25,8.94,15166.9,14259.9,3
20241207,25,8.97,15166.9,14229.9,3
20241207,25,9.00,15191.9,14199.9,3
20241207,25,9.01,15195.2,14119.9,3
20241207,25,9.02,15195.3,14115.3,3
20241207,25,9.04,15195.3,14115.3,3
20241207,25,9.05,15195.3,14015.3,3
20241207,25,9.07,15195.3,13985.3,3
20241207,25,9.08,15203.4,13968.4,3
20241207,25,9.10,15203.5,13938.4,3
20241207,25,9.11,15203.5,13938.4,3
20241207,25,9.16,15203.5,13878.4,3
20241207,25,9.17,15203.6,13848.4,3
20241207,25,9.19,15203.6,13848.4,3
20241207,25,9.22,15203.6,13818.4,3
20241207,25,9.25,15203.7,13788.4,3
20241207,25,9.27,15210.9,13788.4,3
20241207,25,9.33,15211.0,13788.4,3
20241207,25,9.41,15212.4,13788.4,3
20241207,25,9.56,15213.8,13788.4,3
20241207,25,9.59,15213.8,13721.4,3
20241207,25,9.62,15213.8,13618.4,3
20241207,25,9.64,15213.8,13617.9,3
20241207,25,9.67,15213.8,13567.9,3
20241207,25,9.70,15215.3,13517.9,3
20241207,25,9.85,15216.8,13517.9,3
20241207,25,9.99,15218.1,13517.9,3
20241207,25,10.00,15242.6,13513.7,3
20241207,25,10.01,15256.5,13509.3,3
20241207,25,10.44,15256.5,13509.3,3
20241207,25,10.50,15265.6,13362.3,3
20241207,25,10.56,15265.6,13362.2,3
20241207,25,10.79,15265.6,13358.9,3
20241207,25,10.80,15265.6,13211.9,3
20241207,25,10.82,15265.6,13063.9,3
20241207,25,10.85,15365.6,13059.5,3
20241207,25,10.86,15421.5,13059.5,3
20241207,25,10.91,15637.5,13059.5,3
20241207,25,10.93,15637.5,13059.5,3
20241207,25,11.00,15668.6,12957.5,3
20241207,25,11.01,15669.8,12955.5,3
20241207,25,11.04,15669.8,12955.5,3
20241207,25,11.08,15669.8,12807.5,3
20241207,25,11.34,15742.0,12703.5,3
20241207,25,11.36,15926.0,12703.5,3
20241207,25,11.39,15926.0,12703.5,3
20241207,25,11.50,15956.0,12699.3,3
20241207,25,11.57,16008.0,12567.9,3
20241207,25,11.81,16008.0,12567.9,3
20241207,25,11.84,16038.0,12550.1,3
20241207,25,12.00,16044.0,12550.1,3
20241207,25,12.01,16063.4,12513.5,3
20241207,25,12.02,16071.4,12492.0,3
20241207,25,12.03,16192.3,12489.0,3
20241207,25,12.50,16192.3,12489.0,3
20241207,25,12.69,16342.3,12469.0,3
20241207,25,12.79,16342.3,12469.0,3
20241207,25,13.00,16352.3,12464.8,3
20241207,25,13.01,16352.6,12416.0,3
20241207,25,13.22,16352.6,12416.0,3
20241207,25,14.00,16377.6,12413.5,3
20241207,25,14.01,16381.6,12405.2,3
20241207,25,14.19,16381.6,12405.2,3
20241207,25,14.25,16405.6,12396.6,3
20241207,25,14.40,16484.6,12396.6,3
20241207,25,14.42,16484.6,12396.6,3
20241207,25,14.50,16484.6,12394.6,3
20241207,25,14.60,16484.6,12394.3,3
20241207,25,14.63,16574.6,12394.1,3
20241207,25,14.66,16665.6,12394.1,3
20241207,25,14.70,16715.6,12394.1,3
20241207,25,14.72,16803.6,12394.1,3
20241207,25,14.74,16803.6,12394.1,3
20241207,25,14.79,16853.6,12344.5,3
20241207,25,14.81,16884.6,12344.5,3
20241207,25,14.82,16896.6,12344.5,3
20241207,25,14.83,16903.6,12344.5,3
20241207,25,14.88,16919.6,12344.5,3
20241207,25,14.89,16932.6,12344.5,3
20241207,25,14.90,16958.6,12344.5,3
20241207,25,14.93,17082.6,12344.5,3
20241207,25,14.94,17099.6,12344.5,3
20241207,25,14.95,17111.6,12344.5,3
20241207,25,14.96,17132.6,12344.5,3
20241207,25,14.97,17143.6,12344.5,3
20241207,25,14.98,17245.6,12344.5,3
20241207,25,15.00,17245.6,12344.5,3
20241207,25,15.01,17347.8,12332.0,3
20241207,25,15.02,17356.9,12332.0,3
20241207,25,15.03,17460.9,12332.0,3
20241207,25,15.10,17460.9,12332.0,3
20241207,25,15.22,17611.9,12331.9,3
20241207,25,15.60,17611.9,12331.9,3
20241207,25,15.62,17611.9,12331.8,3
20241207,25,15.65,17611.9,12331.3,3
20241207,25,15.68,17616.1,12322.9,3
20241207,25,15.70,17616.1,12322.9,3
20241207,25,16.00,17616.1,12322.8,3
20241207,25,16.40,17616.3,12302.9,3
20241207,25,17.01,17616.3,12302.8,3
20241207,25,17.20,17616.3,12301.3,3
20241207,25,17.22,17840.8,12299.8,3
20241207,25,17.58,17840.8,12299.8,3
20241207,25,17.60,17840.8,12283.6,3
20241207,25,18.00,17840.8,12283.5,3
20241207,25,18.09,17840.8,12283.4,3
20241207,25,18.10,17840.8,12274.8,3
20241207,25,20.00,17840.8,12273.2,3
20241207,25,20.01,17845.9,12265.5,3
20241207,25,20.12,17845.9,12258.3,3
20241207,25,20.53,17845.9,12245.9,3
20241207,25,22.15,17845.9,12237.5,3
20241207,25,22.83,17845.9,12228.9,3
20241207,25,22.96,17845.9,12220.5,3
20241207,25,23.87,17855.5,12133.7,3
20241207,25,25.12,17855.5,12133.7,3
20241207,25,27.00,17855.5,12127.6,3
20241207,25,29.00,17855.5,12125.0,3
20241207,25,29.90,17855.5,12059.4,3
20241207,25,30.00,17855.5,12058.8,3
20241207,25,31.79,17855.5,11986.7,3
20241207,25,34.94,17855.5,11984.4,3
20241207,25,35.00,17855.5,11975.8,3
20241207,25,36.00,17855.5,11950.7,3
20241207,25,39.69,18276.5,11900.7,3
20241207,25,40.00,18276.5,11900.7,3
20241207,25,42.44,18276.5,11874.4,3
20241207,25,45.00,18276.5,11824.4,3
20241207,25,45.01,18276.5,11806.1,3
20241207,25,46.00,18276.5,11638.7,3
20241207,25,50.00,18276.5,11588.7,3
20241207,25,55.00,18276.5,11430.3,3
20241207,25,58.94,18276.5,11387.3,3
20241207,25,60.00,18276.5,11366.3,3
20241207,25,77.80,18276.5,11306.5,3
20241207,25,79.90,18276.5,11264.8,3
20241207,25,80.00,18276.5,11264.4,3
20241207,25,80.01,18276.5,10922.4,3
20241207,25,80.21,18416.5,10866.7,3
20241207,25,81.00,18416.5,10866.7,3
20241207,25,82.01,18416.5,10835.3,3
20241207,25,85.00,18416.5,10783.9,3
20241207,25,99.90,18416.5,10780.0,3
20241207,25,100.00,18435.5,10779.2,3
20241207,25,100.01,18458.0,10554.6,3
20241207,25,101.00,18458.0,10554.6,3
20241207,25,120.10,18458.0,10431.4,3
20241207,25,138.00,18458.0,10416.9,3
20241207,25,150.00,18458.0,10325.0,3
20241207,25,190.00,18458.0,10271.0,3
20241207,25,200.00,18458.0,10269.9,3
20241207,25,200.01,18458.0,9236.3,3
20241207,25,200.10,18458.0,7921.5,3
20241207,25,200.50,18458.0,7838.6,3
20241207,25,201.00,18458.0,7838.4,3
20241207,25,210.00,18458.0,7832.2,3
20241207,25,250.00,18458.0,7780.8,3
20241207,25,550.02,18458.0,7770.8,3
20241207,25,999.00,18458.0,7588.5,3
20241207,25,999.99,18458.0,0.0,3
20241207,26,0.00,0.0,15554.3,3
20241207,26,0.00,8165.7,15554.3,3
20241207,26,0.01,14050.3,15554.3,3
20241207,26,0.02,14184.2,15543.5,3
20241207,26,0.03,14184.3,15543.5,3
20241207,26,0.04,14219.5,15531.7,3
20241207,26,0.10,14280.2,15531.7,3
20241207,26,0.16,14354.1,15531.7,3
20241207,26,0.25,14363.9,15531.7,3
20241207,26,0.26,14364.1,15531.7,3
20241207,26,0.30,14365.5,15531.7,3
20241207,26,1.00,14613.0,15531.7,3
20241207,26,1.01,14617.2,15414.1,3
20241207,26,1.36,14619.2,15403.3,3
20241207,26,2.00,14646.0,15403.3,3
20241207,26,2.01,14653.2,15387.3,3
20241207,26,2.56,14655.2,15387.3,3
20241207,26,3.00,14655.2,15387.3,3
20241207,26,3.01,14679.3,14960.0,3
20241207,26,3.02,14679.3,14960.0,3
20241207,26,3.50,14679.3,14957.1,3
20241207,26,3.51,14680.0,14954.1,3
20241207,26,3.76,14682.5,14954.1,3
20241207,26,4.00,14697.6,14954.1,3
20241207,26,4.01,14704.8,14953.1,3
20241207,26,4.96,14707.8,14953.1,3
20241207,26,5.00,14764.4,14953.1,3
20241207,26,5.01,14764.4,14900.6,3
20241207,26,5.02,14764.4,14883.1,3
20241207,26,5.29,14764.4,14878.1,3
20241207,26,5.63,14773.0,14863.1,3
20241207,26,5.82,14773.0,14848.1,3
20241207,26,5.96,14773.0,14763.1,3
20241207,26,6.00,14817.2,14748.1,3
20241207,26,6.01,14824.4,14708.1,3
20241207,26,6.07,14824.8,14708.1,3
20241207,26,6.10,14829.2,14708.1,3
20241207,26,6.13,14829.2,14708.1,3
20241207,26,6.16,14832.4,14704.1,3
20241207,26,6.26,14850.8,14704.1,3
20241207,26,6.29,14850.8,14704.1,3
20241207,26,6.50,14850.9,14689.1,3
20241207,26,6.70,14854.5,14689.1,3
20241207,26,6.71,14854.6,14689.1,3
20241207,26,6.80,14854.8,14689.1,3
20241207,26,6.86,14861.7,14689.1,3
20241207,26,6.95,14862.3,14689.1,3
20241207,26,7.00,14862.3,14689.1,3
20241207,26,7.04,14862.9,14688.5,3
20241207,26,7.06,14864.1,14688.5,3
20241207,26,7.36,14868.6,14688.5,3
20241207,26,7.50,14888.6,14688.5,3
20241207,26,7.63,14888.6,14688.5,3
20241207,26,7.69,14893.6,14684.4,3
20241207,26,7.90,14893.6,14684.4,3
20241207,26,8.00,14893.6,14683.9,3
20241207,26,8.01,14910.3,14626.3,3
20241207,26,8.11,14914.1,14626.3,3
20241207,26,8.20,14921.6,14626.3,3
20241207,26,8.47,14921.6,14626.3,3
20241207,26,8.50,14923.6,14611.7,3
20241207,26,8.53,14924.0,14611.7,3
20241207,26,8.68,14924.1,14611.7,3
20241207,26,8.73,14924.1,14611.7,3
20241207,26,8.84,14924.2,14511.7,3
20241207,26,8.89,14924.2,14411.7,3
20241207,26,8.94,14924.2,14352.7,3
20241207,26,8.95,14924.2,14322.7,3
20241207,26,8.97,14924.2,14222.7,3
20241207,26,8.99,14924.3,14166.2,3
20241207,26,9.00,14949.3,14166.2,3
20241207,26,9.01,14952.6,14106.2,3
20241207,26,9.04,14952.6,14101.6,3
20241207,26,9.05,14952.6,14076.6,3
20241207,26,9.06,14952.6,14046.6,3
20241207,26,9.08,14952.6,13946.6,3
20241207,26,9.11,14952.6,13916.6,3
20241207,26,9.15,14952.7,13856.6,3
20241207,26,9.16,14952.7,13856.6,3
20241207,26,9.19,14952.7,13826.6,3
20241207,26,9.22,14952.7,13796.6,3
20241207,26,9.27,14952.7,13766.6,3
20241207,26,9.30,14952.8,13763.3,3
20241207,26,9.56,14952.8,13763.3,3
20241207,26,9.61,14952.8,13670.3,3
20241207,26,9.70,14952.8,13645.3,3
20241207,26,9.73,14952.8,13595.3,3
20241207,26,9.76,14952.8,13545.3,3
20241207,26,9.90,14952.8,13544.8,3
20241207,26,10.00,14977.2,13478.9,3
20241207,26,10.01,14990.8,13454.4,3
20241207,26,10.17,14990.8,13450.2,3
20241207,26,10.44,14990.8,13425.2,3
20241207,26,10.50,14999.5,13278.2,3
20241207,26,10.74,14999.5,13278.1,3
20241207,26,10.75,15007.2,13260.8,3
20241207,26,10.79,15007.2,13260.8,3
20241207,26,10.80,15007.2,13113.8,3
20241207,26,10.85,15107.2,12966.8,3
20241207,26,10.86,15163.1,12966.8,3
20241207,26,10.91,15378.1,12966.8,3
20241207,26,10.93,15378.1,12966.8,3
20241207,26,10.96,15378.1,12864.8,3
20241207,26,11.00,15409.2,12860.4,3
20241207,26,11.01,15410.4,12858.4,3
20241207,26,11.04,15410.4,12858.4,3
20241207,26,11.08,15410.4,12711.4,3
20241207,26,11.34,15478.9,12607.4,3
20241207,26,11.36,15663.9,12603.2,3
20241207,26,11.50,15693.9,12603.2,3
20241207,26,11.57,15745.9,12471.8,3
20241207,26,11.79,15745.9,12471.8,3
20241207,26,11.84,15775.9,12454.3,3
20241207,26,12.00,15781.9,12454.3,3
20241207,26,12.01,15800.9,12417.4,3
20241207,26,12.02,15803.7,12391.9,3
20241207,26,12.03,15924.7,12391.9,3
20241207,26,12.16,15924.7,12391.9,3
20241207,26,12.50,15924.7,12388.9,3
20241207,26,12.66,15924.7,12368.9,3
20241207,26,12.69,16024.7,12364.7,3
20241207,26,13.00,16059.7,12364.7,3
20241207,26,13.01,16060.0,12316.7,3
20241207,26,13.36,16060.0,12316.7,3
20241207,26,13.56,16085.0,12314.2,3
20241207,26,13.70,16085.2,12314.2,3
20241207,26,13.99,16085.2,12314.2,3
20241207,26,14.00,16110.2,12305.6,3
20241207,26,14.01,16114.0,12297.2,3
20241207,26,14.25,16136.8,12297.2,3
20241207,26,14.40,16217.8,12297.2,3
20241207,26,14.56,16217.8,12297.2,3
20241207,26,14.60,16217.8,12295.3,3
20241207,26,14.63,16309.8,12295.1,3
20241207,26,14.66,16401.8,12295.1,3
20241207,26,14.72,16490.8,12295.1,3
20241207,26,14.90,16503.8,12295.1,3
20241207,26,14.93,16670.8,12295.1,3
20241207,26,14.94,16720.8,12295.1,3
20241207,26,14.95,16751.8,12295.1,3
20241207,26,14.98,16854.8,12295.1,3
20241207,26,15.00,16854.8,12295.1,3
20241207,26,15.01,16957.0,12282.9,3
20241207,26,15.02,16966.1,12282.9,3
20241207,26,15.03,17071.1,12282.9,3
20241207,26,15.22,17222.1,12282.9,3
20241207,26,15.35,17222.1,12282.9,3
20241207,26,15.36,17222.1,12274.5,3
20241207,26,15.60,17222.1,12228.4,3
20241207,26,15.68,17226.3,12228.3,3
20241207,26,15.70,17226.3,12228.3,3
20241207,26,15.76,17226.3,12228.2,3
20241207,26,16.00,17226.3,12227.8,3
20241207,26,16.40,17226.3,12208.0,3
20241207,26,17.01,17226.3,12207.9,3
20241207,26,17.20,17226.3,12206.4,3
20241207,26,17.22,17450.8,12204.9,3
20241207,26,17.58,17450.8,12204.9,3
20241207,26,17.60,17450.8,12188.7,3
20241207,26,17.61,17450.8,12188.6,3
20241207,26,17.62,17450.8,12187.7,3
20241207,26,18.00,17450.8,12180.0,3
20241207,26,18.10,17450.8,12179.9,3
20241207,26,18.50,17450.8,12178.3,3
20241207,26,19.88,17450.8,12178.0,3
20241207,26,19.89,17450.8,12177.2,3
20241207,26,20.00,17450.8,12169.6,3
20241207,26,20.01,17455.7,12161.8,3
20241207,26,20.12,17455.7,12154.8,3
20241207,26,21.39,17455.7,12142.7,3
20241207,26,21.40,17455.7,12141.8,3
20241207,26,22.02,17455.7,12134.1,3
20241207,26,22.03,17455.7,12133.3,3
20241207,26,22.14,17455.7,12125.7,3
20241207,26,22.16,17455.7,12113.2,3
20241207,26,23.87,17465.3,12041.9,3
20241207,26,25.12,17465.3,12041.9,3
20241207,26,27.00,17465.3,12036.0,3
20241207,26,29.00,17465.3,12033.4,3
20241207,26,29.90,17465.3,11968.1,3
20241207,26,30.00,17465.3,11967.5,3
20241207,26,31.79,17465.3,11895.2,3
20241207,26,34.94,17465.3,11893.0,3
20241207,26,35.00,17465.3,11884.6,3
20241207,26,36.00,17465.3,11860.1,3
20241207,26,39.69,17870.3,11810.1,3
20241207,26,40.00,17870.3,11810.1,3
20241207,26,42.44,17870.3,11784.5,3
20241207,26,45.00,17870.3,11735.6,3
20241207,26,45.01,17870.3,11717.4,3
20241207,26,46.00,17870.3,11555.2,3
20241207,26,50.00,17870.3,11505.2,3
20241207,26,55.00,17870.3,11349.1,3
20241207,26,58.63,17870.3,11306.1,3
20241207,26,60.00,17870.3,11285.4,3
20241207,26,77.80,17870.3,11226.2,3
20241207,26,79.90,17870.3,11184.4,3
20241207,26,80.00,17870.3,11184.1,3
20241207,26,80.01,17870.3,10846.6,3
20241207,26,80.21,18010.3,10791.1,3
20241207,26,81.00,18010.3,10791.1,3
20241207,26,82.01,18010.3,10766.9,3
20241207,26,85.00,18010.3,10716.4,3
20241207,26,99.90,18010.3,10712.8,3
20241207,26,100.00,18029.3,10712.0,3
20241207,26,100.01,18051.1,10488.6,3
20241207,26,101.00,18051.1,10488.6,3
20241207,26,120.10,18051.1,10365.4,3
20241207,26,138.00,18051.1,10351.3,3
20241207,26,150.00,18051.1,10260.0,3
20241207,26,190.00,18051.1,10207.4,3
20241207,26,200.00,18051.1,10206.3,3
20241207,26,200.01,18051.1,9183.8,3
20241207,26,200.10,18051.1,7868.2,3
20241207,26,200.50,18051.1,7785.4,3
20241207,26,201.00,18051.1,7785.2,3
20241207,26,210.00,18051.1,7779.0,3
20241207,26,250.00,18051.1,7727.8,3
20241207,26,550.02,18051.1,7717.9,3
20241207,26,999.00,18051.1,7535.6,3
20241207,26,999.99,18051.1,0.0,3
20241207,27,0.00,0.0,10046.7,0
20241207,27,0.00,4426.4,10046.7,0
20241207,27,0.01,8792.4,10046.7,0
20241207,27,0.02,8824.8,10034.5,0
20241207,27,0.03,8829.0,10034.1,0
20241207,27,0.04,8829.6,10034.1,0
20241207,27,0.10,8833.6,10034.1,0
20241207,27,0.27,8835.5,10014.1,0
20241207,27,0.62,8841.7,10014.1,0
20241207,27,1.00,8924.2,10014.1,0
20241207,27,1.01,8924.2,9988.1,0
20241207,27,1.97,8926.2,9977.8,0
20241207,27,2.01,8926.2,9977.8,0
20241207,27,2.50,8926.5,9677.8,0
20241207,27,3.00,8946.5,9677.8,0
20241207,27,3.01,8946.8,9557.2,0
20241207,27,3.32,8948.8,9457.2,0
20241207,27,4.67,8950.8,9457.2,0
20241207,27,5.00,9038.4,9457.2,0
20241207,27,5.01,9038.4,9436.3,0
20241207,27,5.90,9038.4,9187.0,0
20241207,27,6.00,9061.0,9172.8,0
20241207,27,6.02,9063.0,9172.8,0
20241207,27,6.26,9063.0,9172.8,0
20241207,27,6.37,9063.2,9166.8,0
20241207,27,6.82,9063.6,9166.8,0
20241207,27,7.00,9063.6,9166.8,0
20241207,27,7.37,9065.6,9166.7,0
20241207,27,7.57,9065.9,9166.7,0
20241207,27,7.70,9066.1,9166.7,0
20241207,27,7.81,9066.1,9166.7,0
20241207,27,7.99,9066.1,9165.2,0
20241207,27,8.01,9066.6,9164.7,0
20241207,27,8.05,9066.6,9164.7,0
20241207,27,8.59,9066.6,9164.4,0
20241207,27,8.85,9066.6,9163.1,0
20241207,27,9.00,9066.6,9006.1,0
20241207,27,9.01,9066.6,8986.1,0
20241207,27,9.22,9066.6,8976.9,0
20241207,27,9.28,9066.6,8869.9,0
20241207,27,9.40,9072.6,8657.9,0
20241207,27,9.50,9072.6,8657.9,0
20241207,27,9.65,9072.6,8466.9,0
20241207,27,9.73,9072.6,8376.9,0
20241207,27,9.98,9072.6,8331.9,0
20241207,27,9.99,9074.2,8301.9,0
20241207,27,10.00,9078.5,8286.1,0
20241207,27,10.07,9078.5,8282.9,0
20241207,27,10.70,9078.5,8282.7,0
20241207,27,10.90,9078.5,8274.2,0
20241207,27,11.00,9078.5,8273.2,0
20241207,27,11.37,9078.5,8273.1,0
20241207,27,11.42,9078.5,8264.6,0
20241207,27,12.00,9163.5,8262.6,0
20241207,27,12.01,9185.2,8250.0,0
20241207,27,12.05,9202.3,8250.0,0
20241207,27,12.50,9202.3,8250.0,0
20241207,27,12.72,9249.4,8230.0,0
20241207,27,12.77,9249.4,8230.0,0
20241207,27,12.97,9829.4,8228.7,0
20241207,27,13.00,9835.4,8228.7,0
20241207,27,13.05,9855.4,8227.7,0
20241207,27,13.12,9855.4,8227.7,0
20241207,27,14.00,9855.4,8062.7,0
20241207,27,14.04,9889.7,8037.5,0
20241207,27,14.10,9890.6,8037.5,0
20241207,27,14.12,9890.6,8037.5,0
20241207,27,14.50,9890.6,8036.8,0
20241207,27,14.67,9890.6,8034.8,0
20241207,27,15.00,9890.6,8034.7,0
20241207,27,15.10,9891.5,8033.9,0
20241207,27,15.38,9936.2,8033.9,0
20241207,27,15.90,9936.2,8033.9,0
20241207,27,16.00,9948.3,8033.7,0
20241207,27,16.05,9984.0,8013.4,0
20241207,27,16.59,9984.0,8013.4,0
20241207,27,16.79,9985.8,8011.8,0
20241207,27,16.88,9986.4,8011.8,0
20241207,27,17.00,9986.4,8011.8,0
20241207,27,17.43,9986.4,8011.4,0
20241207,27,17.73,9986.4,8011.2,0
20241207,27,18.00,9986.4,7989.2,0
20241207,27,18.36,9986.4,7989.0,0
20241207,27,18.49,9986.4,7967.5,0
20241207,27,18.94,9986.4,7967.4,0
20241207,27,19.00,9986.4,7848.4,0
20241207,27,19.90,10025.4,7848.3,0
20241207,27,20.00,10025.4,7848.3,0
20241207,27,20.01,10025.4,7839.3,0
20241207,27,24.04,10025.4,7838.6,0
20241207,27,25.00,10025.4,7836.0,0
20241207,27,25.12,10025.4,7827.3,0
20241207,27,27.00,10025.4,7816.2,0
20241207,27,27.21,10025.4,7799.5,0
20241207,27,29.90,10025.4,7786.7,0
20241207,27,30.00,10025.4,7785.1,0
20241207,27,33.55,10025.4,7752.5,0
20241207,27,36.00,10025.4,7652.7,0
20241207,27,37.50,10025.4,7591.4,0
20241207,27,40.00,10025.4,7581.7,0
20241207,27,45.00,10025.4,7563.4,0
20241207,27,45.01,10025.4,7561.0,0
20241207,27,48.32,10025.4,7552.3,0
20241207,27,50.00,10025.4,7526.9,0
20241207,27,50.01,10025.4,7408.2,0
20241207,27,55.00,10025.4,7404.4,0
20241207,27,59.08,10025.4,7391.7,0
20241207,27,60.00,10025.4,7389.2,0
20241207,27,60.85,10025.4,7357.4,0
20241207,27,77.80,10025.4,7341.8,0
20241207,27,79.90,10025.4,7279.4,0
20241207,27,80.00,10025.4,7278.3,0
20241207,27,80.01,10025.4,7134.7,0
20241207,27,81.00,10025.4,7111.1,0
20241207,27,82.01,10025.4,7110.7,0
20241207,27,85.00,10025.4,7093.7,0
20241207,27,90.00,10025.4,7089.8,0
20241207,27,99.90,10025.4,7087.9,0
20241207,27,100.00,10025.4,7081.4,0
20241207,27,100.01,10068.6,7027.4,0
20241207,27,101.00,10068.6,7027.4,0
20241207,27,138.00,10068.6,7021.9,0
20241207,27,200.00,10068.6,7001.6,0
20241207,27,200.01,10068.6,6434.0,0
20241207,27,201.00,10068.6,6255.5,0
20241207,27,210.00,10068.6,6255.0,0
20241207,27,300.00,10068.6,6140.9,0
20241207,27,500.00,10068.6,6135.9,0
20241207,27,900.00,10068.6,6125.9,0
20241207,27,999.00,10068.6,6123.9,0
20241207,27,999.99,10068.6,0.0,0
20241207,27,0.00,0.0,15449.3,2
20241207,27,0.00,7870.3,15449.3,2
20241207,27,0.01,13746.9,15449.3,2
20241207,27,0.02,13881.7,15438.5,2
20241207,27,0.03,13881.8,15438.5,2
20241207,27,0.04,13914.3,15426.6,2
20241207,27,0.10,13972.5,15426.6,2
20241207,27,0.25,13981.7,15426.6,2
20241207,27,0.26,13981.9,15426.6,2
20241207,27,0.30,13983.3,15426.6,2
20241207,27,0.62,14060.9,15426.6,2
20241207,27,1.00,14299.4,15426.6,2
20241207,27,1.01,14303.6,15310.8,2
20241207,27,1.97,14305.6,15299.8,2
20241207,27,2.00,14332.4,15299.8,2
20241207,27,2.16,14339.6,15283.8,2
20241207,27,3.00,14339.6,15283.8,2
20241207,27,3.01,14361.8,14855.8,2
20241207,27,3.02,14361.8,14855.8,2
20241207,27,3.32,14363.8,14852.9,2
20241207,27,3.50,14363.8,14852.9,2
20241207,27,3.51,14364.5,14849.9,2
20241207,27,4.00,14376.5,14849.9,2
20241207,27,4.31,14383.7,14848.9,2
20241207,27,4.67,14386.6,14848.9,2
20241207,27,5.00,14444.0,14848.9,2
20241207,27,5.01,14444.0,14787.8,2
20241207,27,5.02,14444.0,14770.3,2
20241207,27,6.00,14487.0,14765.3,2
20241207,27,6.02,14490.1,14743.6,2
20241207,27,6.21,14490.6,14743.6,2
20241207,27,6.30,14491.2,14739.7,2
20241207,27,6.47,14498.4,14739.7,2
20241207,27,6.50,14498.5,14739.7,2
20241207,27,6.70,14502.6,14739.7,2
20241207,27,6.76,14505.3,14739.7,2
20241207,27,6.94,14505.3,14739.7,2
20241207,27,6.96,14523.5,14724.7,2
20241207,27,7.00,14523.5,14724.6,2
20241207,27,7.37,14527.9,14724.0,2
20241207,27,7.38,14536.2,14709.0,2
20241207,27,7.50,14556.2,14709.0,2
20241207,27,7.53,14563.4,14709.0,2
20241207,27,7.63,14563.4,14709.0,2
20241207,27,7.75,14568.1,14635.9,2
20241207,27,7.80,14568.1,14635.9,2
20241207,27,7.84,14568.5,14620.9,2
20241207,27,8.00,14568.5,14620.9,2
20241207,27,8.01,14572.6,14571.5,2
20241207,27,8.10,14572.6,14571.5,2
20241207,27,8.24,14572.6,14571.0,2
20241207,27,8.37,14577.4,14556.0,2
20241207,27,8.38,14577.4,14556.0,2
20241207,27,8.44,14581.2,14551.7,2
20241207,27,8.50,14581.2,14551.7,2
20241207,27,8.53,14588.6,14551.2,2
20241207,27,8.62,14595.9,14551.2,2
20241207,27,8.63,14595.9,14551.2,2
20241207,27,8.83,14597.1,14536.6,2
20241207,27,8.84,14597.1,14511.6,2
20241207,27,8.89,14597.1,14411.6,2
20241207,27,8.94,14597.1,14352.6,2
20241207,27,8.97,14597.1,14222.6,2
20241207,27,9.00,14602.1,14192.6,2
20241207,27,9.01,14605.4,14104.6,2
20241207,27,9.05,14605.4,14100.0,2
20241207,27,9.08,14605.4,13970.0,2
20241207,27,9.09,14605.5,13940.0,2
20241207,27,9.10,14605.5,13940.0,2
20241207,27,9.11,14605.5,13936.8,2
20241207,27,9.15,14605.5,13876.8,2
20241207,27,9.16,14605.5,13776.8,2
20241207,27,9.18,14605.7,13746.8,2
20241207,27,9.19,14605.7,13746.8,2
20241207,27,9.22,14605.7,13716.8,2
20241207,27,9.38,14605.7,13686.8,2
20241207,27,9.56,14605.7,13661.8,2
20241207,27,9.75,14605.7,13568.8,2
20241207,27,9.82,14605.7,13542.7,2
20241207,27,9.85,14605.7,13492.7,2
20241207,27,9.93,14605.7,13442.7,2
20241207,27,10.00,14629.2,13417.7,2
20241207,27,10.01,14641.1,13411.3,2
20241207,27,10.04,14641.1,13411.3,2
20241207,27,10.07,14641.1,13345.5,2
20241207,27,10.44,14641.1,13345.0,2
20241207,27,10.48,14641.1,13197.0,2
20241207,27,10.49,14648.2,13179.1,2
20241207,27,10.50,14658.5,13179.1,2
20241207,27,10.77,14658.5,13179.0,2
20241207,27,10.79,14658.5,13174.8,2
20241207,27,10.80,14658.5,13026.8,2
20241207,27,10.85,14758.5,12879.8,2
20241207,27,10.86,14814.4,12879.8,2
20241207,27,10.91,15028.4,12879.8,2
20241207,27,10.93,15028.4,12879.8,2
20241207,27,11.00,15059.3,12777.8,2
20241207,27,11.01,15060.6,12755.7,2
20241207,27,11.04,15060.6,12755.7,2
20241207,27,11.08,15060.6,12608.7,2
20241207,27,11.33,15246.6,12504.7,2
20241207,27,11.34,15309.8,12504.7,2
20241207,27,11.42,15309.8,12504.7,2
20241207,27,11.50,15329.8,12500.3,2
20241207,27,11.57,15381.8,12368.8,2
20241207,27,11.84,15411.8,12368.8,2
20241207,27,11.98,15411.8,12368.8,2
20241207,27,12.00,15417.8,12364.6,2
20241207,27,12.01,15436.5,12327.5,2
20241207,27,12.02,15436.5,12303.2,2
20241207,27,12.03,15703.4,12288.8,2
20241207,27,12.23,15703.4,12288.8,2
20241207,27,12.50,15733.4,12271.5,2
20241207,27,12.69,15858.4,12251.5,2
20241207,27,12.77,15858.4,12251.5,2
20241207,27,13.00,15868.4,12248.5,2
20241207,27,13.19,15868.4,12199.6,2
20241207,27,13.24,15893.4,12195.4,2
20241207,27,14.00,15918.4,12195.4,2
20241207,27,14.01,15922.4,12186.7,2
20241207,27,14.12,15922.4,12186.7,2
20241207,27,14.25,15943.4,12184.2,2
20241207,27,14.30,15943.9,12184.2,2
20241207,27,14.40,15983.9,12184.2,2
20241207,27,14.50,15983.9,12175.6,2
20241207,27,14.51,15984.2,12174.7,2
20241207,27,14.60,15984.2,12174.7,2
20241207,27,14.63,16041.2,12174.5,2
20241207,27,14.66,16099.2,12174.5,2
20241207,27,14.72,16157.2,12174.5,2
20241207,27,14.90,16170.2,12174.5,2
20241207,27,14.93,16254.2,12174.5,2
20241207,27,14.97,16304.2,12174.5,2
20241207,27,14.98,16379.2,12174.5,2
20241207,27,15.00,16379.4,12174.5,2
20241207,27,15.01,16481.3,12161.0,2
20241207,27,15.02,16540.4,12161.0,2
20241207,27,15.03,16617.4,12161.0,2
20241207,27,15.22,16768.4,12161.0,2
20241207,27,15.36,16768.4,12161.0,2
20241207,27,15.47,16768.4,12116.6,2
20241207,27,15.60,16768.4,12114.7,2
20241207,27,15.68,16772.4,12114.6,2
20241207,27,15.70,16772.4,12114.6,2
20241207,27,15.72,16772.4,12114.5,2
20241207,27,15.84,16772.4,12113.7,2
20241207,27,16.00,16772.4,12106.1,2
20241207,27,16.40,16772.4,12084.0,2
20241207,27,16.50,16772.4,12083.9,2
20241207,27,16.82,16772.4,12083.6,2
20241207,27,17.01,16772.4,12083.2,2
20241207,27,17.20,16772.4,12081.7,2
20241207,27,17.22,16996.9,12080.2,2
20241207,27,17.58,16996.9,12080.2,2
20241207,27,17.60,16996.9,12064.0,2
20241207,27,17.92,16996.9,12063.9,2
20241207,27,18.00,16996.9,12063.0,2
20241207,27,18.10,16996.9,12062.9,2
20241207,27,18.23,16996.9,12061.1,2
20241207,27,20.00,16996.9,12053.4,2
20241207,27,20.01,17001.9,12045.6,2
20241207,27,20.12,17001.9,12038.5,2
20241207,27,20.63,17001.9,12025.3,2
20241207,27,21.58,17001.9,12017.7,2
20241207,27,22.19,17001.9,12016.8,2
20241207,27,22.22,17001.9,12016.0,2
20241207,27,22.31,17001.9,12008.3,2
20241207,27,22.89,17001.9,11996.7,2
20241207,27,23.02,17001.9,11989.1,2
20241207,27,23.87,17011.5,11915.2,2
20241207,27,25.12,17011.5,11915.2,2
20241207,27,28.00,17011.5,11909.1,2
20241207,27,29.00,17011.5,11905.7,2
20241207,27,29.90,17011.5,11838.3,2
20241207,27,30.00,17011.5,11837.7,2
20241207,27,31.79,17011.5,11762.0,2
20241207,27,34.94,17011.5,11759.7,2
20241207,27,35.00,17011.5,11748.8,2
20241207,27,36.00,17011.5,11722.2,2
20241207,27,39.69,17390.5,11672.2,2
20241207,27,40.00,17390.5,11672.2,2
20241207,27,42.44,17390.5,11646.2,2
20241207,27,45.00,17390.5,11597.4,2
20241207,27,45.01,17390.5,11577.3,2
20241207,27,46.00,17390.5,11419.3,2
20241207,27,50.00,17390.5,11369.3,2
20241207,27,55.00,17390.5,11212.1,2
20241207,27,59.77,17390.5,11168.2,2
20241207,27,60.00,17390.5,11147.7,2
20241207,27,77.80,17390.5,11088.0,2
20241207,27,79.90,17390.5,11036.4,2
20241207,27,80.00,17390.5,11036.0,2
20241207,27,80.01,17390.5,10692.2,2
20241207,27,80.21,17530.5,10632.4,2
20241207,27,81.00,17530.5,10632.4,2
20241207,27,82.01,17530.5,10609.7,2
20241207,27,85.00,17530.5,10559.6,2
20241207,27,99.90,17530.5,10556.0,2
20241207,27,100.00,17549.5,10555.2,2
20241207,27,100.01,17569.8,10289.9,2
20241207,27,101.00,17569.8,10289.9,2
20241207,27,120.10,17569.8,10166.7,2
20241207,27,138.00,17569.8,10152.2,2
20241207,27,150.00,17569.8,10060.5,2
20241207,27,190.00,17569.8,10008.8,2
20241207,27,200.00,17569.8,10007.6,2
20241207,27,200.01,17569.8,8959.1,2
20241207,27,200.10,17569.8,7640.9,2
20241207,27,200.50,17569.8,7558.4,2
20241207,27,201.00,17569.8,7558.2,2
20241207,27,210.00,17569.8,7552.0,2
20241207,27,250.00,17569.8,7500.7,2
20241207,27,550.02,17569.8,7492.0,2
20241207,27,999.00,17569.8,7309.7,2
20241207,27,999.99,17569.8,0.0,2
20241207,28,0.00,0.0,34379.4,0
20241207,28,0.00,15945.9,34379.4,0
20241207,28,0.01,30117.5,34379.4,0
20241207,28,0.02,30299.3,34356.4,0
20241207,28,0.03,30304.0,34356.0,0
20241207,28,0.04,30356.6,34344.1,0
20241207,28,0.10,30473.5,34344.1,0
20241207,28,0.25,30481.7,34264.0,0
20241207,28,0.26,30486.8,34264.0,0
20241207,28,0.27,30488.4,34264.0,0
20241207,28,0.30,30489.6,34264.0,0
20241207,28,0.89,30772.8,34264.0,0
20241207,28,1.00,31182.9,34264.0,0
20241207,28,1.01,31199.9,34088.6,0
20241207,28,2.00,31258.8,34067.3,0
20241207,28,2.01,31258.8,34051.3,0
20241207,28,2.24,31263.8,33751.3,0
20241207,28,2.33,31271.0,33751.3,0
20241207,28,2.50,31271.1,33751.3,0
20241207,28,3.00,31321.1,33751.3,0
20241207,28,3.01,31322.8,33174.8,0
20241207,28,3.02,31322.8,33074.8,0
20241207,28,3.50,31322.8,33071.7,0
20241207,28,3.51,31323.6,33068.8,0
20241207,28,3.59,31328.6,33068.8,0
20241207,28,4.00,31353.5,33068.8,0
20241207,28,4.65,31360.7,33067.8,0
20241207,28,4.94,31365.9,33067.8,0
20241207,28,5.00,31561.8,33067.8,0
20241207,28,5.01,31561.8,32969.1,0
20241207,28,5.02,31561.8,32598.4,0
20241207,28,5.66,31561.9,32593.4,0
20241207,28,5.90,31561.9,32593.4,0
20241207,28,6.00,31627.6,32579.2,0
20241207,28,6.26,31627.6,32557.5,0
20241207,28,6.29,31633.7,32551.5,0
20241207,28,6.32,31633.8,32551.5,0
20241207,28,6.50,31633.9,32551.5,0
20241207,28,6.66,31634.4,32551.5,0
20241207,28,6.75,31634.9,32551.5,0
20241207,28,6.80,31635.3,32551.5,0
20241207,28,6.82,31638.0,32551.5,0
20241207,28,6.98,31645.2,32551.5,0
20241207,28,7.00,31645.2,32551.5,0
20241207,28,7.13,31649.1,32550.8,0
20241207,28,7.26,31667.0,32550.8,0
20241207,28,7.29,31667.4,32550.8,0
20241207,28,7.31,31674.1,32550.8,0
20241207,28,7.50,31714.1,32550.8,0
20241207,28,7.54,31714.7,32550.8,0
20241207,28,7.58,31714.7,32550.8,0
20241207,28,7.64,31722.1,32546.9,0
20241207,28,7.81,31726.5,32546.9,0
20241207,28,8.00,31733.3,32546.9,0
20241207,28,8.01,31733.8,32421.0,0
20241207,28,8.02,31744.6,32421.0,0
20241207,28,8.10,31744.9,32421.0,0
20241207,28,8.30,31744.9,32421.0,0
20241207,28,8.50,31744.9,32420.5,0
20241207,28,8.56,31744.9,32356.1,0
20241207,28,8.57,31745.3,32341.1,0
20241207,28,8.85,31745.3,32341.1,0
20241207,28,8.89,31745.3,32184.1,0
20241207,28,8.91,31750.2,32125.1,0
20241207,28,8.92,31750.2,32125.1,0
20241207,28,8.93,31750.2,32120.7,0
20241207,28,8.94,31750.2,32120.4,0
20241207,28,8.97,31750.2,32090.4,0
20241207,28,9.00,31755.2,32060.4,0
20241207,28,9.01,31758.5,31962.4,0
20241207,28,9.04,31758.5,31848.6,0
20241207,28,9.05,31758.5,31845.4,0
20241207,28,9.08,31758.5,31815.4,0
20241207,28,9.09,31758.5,31784.9,0
20241207,28,9.10,31766.3,31769.9,0
20241207,28,9.11,31766.3,31669.9,0
20241207,28,9.16,31766.3,31609.9,0
20241207,28,9.19,31766.3,31579.9,0
20241207,28,9.20,31766.3,31549.9,0
20241207,28,9.22,31766.3,31424.2,0
20241207,28,9.29,31766.4,31394.2,0
20241207,28,9.30,31773.7,31294.2,0
20241207,28,9.31,31773.7,31294.2,0
20241207,28,9.33,31773.7,31264.2,0
20241207,28,9.38,31773.9,31052.2,0
20241207,28,9.41,31773.9,31052.2,0
20241207,28,9.50,31777.9,30992.3,0
20241207,28,9.53,31777.9,30992.3,0
20241207,28,9.56,31779.0,30801.3,0
20241207,28,9.59,31779.0,30801.3,0
20241207,28,9.62,31779.0,30697.3,0
20241207,28,9.65,31779.0,30682.3,0
20241207,28,9.73,31779.0,30515.3,0
20241207,28,9.75,31791.1,30470.3,0
20241207,28,9.86,31797.0,30470.3,0
20241207,28,9.98,31797.0,30468.8,0
20241207,28,10.00,31849.4,30438.8,0
20241207,28,10.01,31860.4,30353.7,0
20241207,28,10.05,31860.4,30353.7,0
20241207,28,10.08,31860.4,30303.7,0
20241207,28,10.10,31864.1,30253.7,0
20241207,28,10.16,31864.1,30238.1,0
20241207,28,10.19,31871.3,30223.1,0
20241207,28,10.25,31871.3,30223.1,0
20241207,28,10.30,31871.3,29649.1,0
20241207,28,10.34,31871.3,29648.6,0
20241207,28,10.44,31871.3,29647.8,0
20241207,28,10.45,31873.0,29500.8,0
20241207,28,10.50,31882.9,29500.8,0
20241207,28,10.60,31882.9,29480.6,0
20241207,28,10.70,31882.9,29479.1,0
20241207,28,10.79,31882.9,29395.1,0
20241207,28,10.80,31882.9,29248.1,0
20241207,28,10.85,31982.9,29101.1,0
20241207,28,10.86,32038.8,29101.1,0
20241207,28,10.90,32038.8,29101.1,0
20241207,28,10.91,32252.8,29100.9,0
20241207,28,10.93,32252.8,29100.9,0
20241207,28,11.00,32337.7,28998.9,0
20241207,28,11.01,32339.0,28976.8,0
20241207,28,11.02,32339.0,28976.8,0
20241207,28,11.04,32339.0,28951.8,0
20241207,28,11.07,32339.0,28803.8,0
20241207,28,11.08,32339.0,28796.5,0
20241207,28,11.26,32339.0,28692.5,0
20241207,28,11.30,32525.0,28600.2,0
20241207,28,11.33,32525.0,28600.2,0
20241207,28,11.34,32525.0,28542.3,0
20241207,28,11.38,32525.0,27327.1,0
20241207,28,11.40,32525.0,27219.8,0
20241207,28,11.50,32545.0,27219.4,0
20241207,28,11.57,32597.0,27087.7,0
20241207,28,11.62,32597.0,27087.7,0
20241207,28,11.69,32597.0,27083.5,0
20241207,28,11.70,32597.0,27076.1,0
20241207,28,11.71,32597.0,27076.0,0
20241207,28,11.72,32609.6,27063.6,0
20241207,28,11.73,32609.6,27063.6,0
20241207,28,11.77,32609.6,27062.6,0
20241207,28,11.84,32639.6,27055.3,0
20241207,28,11.89,32639.6,27055.3,0
20241207,28,12.00,32730.5,27053.9,0
20241207,28,12.01,32763.6,26996.2,0
20241207,28,12.02,32763.6,26976.3,0
20241207,28,12.03,32939.0,26942.8,0
20241207,28,12.07,32939.0,26942.8,0
20241207,28,12.10,32939.0,26941.5,0
20241207,28,12.22,32939.0,26941.4,0
20241207,28,12.30,32969.0,26924.5,0
20241207,28,12.40,32969.0,26924.5,0
20241207,28,12.41,32994.0,26924.4,0
20241207,28,12.47,33008.7,26924.4,0
20241207,28,12.50,33008.7,26924.4,0
20241207,28,12.51,33008.7,26870.1,0
20241207,28,12.58,33008.7,26805.5,0
20241207,28,12.68,33033.7,26801.3,0
20241207,28,12.80,33033.7,26801.3,0
20241207,28,12.83,33063.7,26801.2,0
20241207,28,12.85,33067.6,26801.2,0
20241207,28,12.94,33078.6,26801.2,0
20241207,28,12.97,33562.6,26801.2,0
20241207,28,13.00,33578.4,26801.2,0
20241207,28,13.04,33578.4,26741.0,0
20241207,28,13.12,33578.4,26735.7,0
20241207,28,13.16,33623.1,26570.7,0
20241207,28,13.24,33623.2,26570.7,0
20241207,28,13.45,33739.2,26570.7,0
20241207,28,13.54,33739.2,26570.7,0
20241207,28,13.69,33752.2,26566.5,0
20241207,28,13.88,33782.2,26566.5,0
20241207,28,14.00,33837.2,26566.5,0
20241207,28,14.01,33840.5,26556.8,0
20241207,28,14.25,33859.2,26556.8,0
20241207,28,14.39,33859.2,26556.8,0
20241207,28,14.40,33875.2,26552.7,0
20241207,28,14.46,33910.2,26552.7,0
20241207,28,14.50,33910.2,26552.7,0
20241207,28,14.51,33916.1,26544.1,0
20241207,28,14.53,33945.6,26544.1,0
20241207,28,14.60,33945.6,26544.1,0
20241207,28,14.61,33995.5,26543.9,0
20241207,28,14.63,34032.5,26543.9,0
20241207,28,14.66,34071.5,26543.9,0
20241207,28,14.67,34071.5,26543.9,0
20241207,28,14.69,34091.6,26543.8,0
20241207,28,14.72,34132.6,26543.8,0
20241207,28,14.90,34145.6,26543.8,0
20241207,28,14.92,34146.4,26543.8,0
20241207,28,14.93,34210.4,26543.8,0
20241207,28,14.98,34269.4,26543.8,0
20241207,28,15.00,34269.4,26543.8,0
20241207,28,15.01,34371.5,26498.9,0
20241207,28,15.02,34380.6,26498.9,0
20241207,28,15.03,34441.6,26498.9,0
20241207,28,15.15,34476.6,26498.9,0
20241207,28,15.22,34677.6,26498.9,0
20241207,28,15.34,34727.6,26498.9,0
20241207,28,15.35,34757.8,26498.9,0
20241207,28,15.36,34757.8,26498.9,0
20241207,28,15.42,34788.8,26455.9,0
20241207,28,15.46,34800.8,26455.9,0
20241207,28,15.50,34854.8,26455.9,0
20241207,28,15.58,34870.8,26455.9,0
20241207,28,15.59,34883.8,26455.9,0
20241207,28,15.60,34883.8,26455.9,0
20241207,28,15.66,35025.8,26455.8,0
20241207,28,15.68,35029.5,26455.8,0
20241207,28,15.70,35029.5,26455.8,0
20241207,28,15.74,35029.5,26455.7,0
20241207,28,15.84,35054.5,26452.8,0
20241207,28,15.87,35054.5,26452.8,0
20241207,28,15.90,35054.5,26452.0,0
20241207,28,15.91,35054.5,26451.8,0
20241207,28,15.92,35108.4,26389.0,0
20241207,28,15.93,35148.6,26389.0,0
20241207,28,15.96,35148.6,26389.0,0
20241207,28,16.00,35180.2,26388.3,0
20241207,28,16.03,35180.2,26345.2,0
20241207,28,16.40,35180.2,26337.6,0
20241207,28,16.50,35280.2,26337.5,0
20241207,28,16.53,35305.2,26337.5,0
20241207,28,16.59,35305.2,26337.5,0
20241207,28,16.61,35347.6,26336.1,0
20241207,28,16.70,35347.6,26269.7,0
20241207,28,17.00,35347.6,26261.7,0
20241207,28,17.01,35353.5,26261.4,0
20241207,28,17.09,35353.5,26259.9,0
20241207,28,17.10,35353.7,26258.6,0
20241207,28,17.20,35353.7,26258.6,0
20241207,28,17.22,35578.2,26257.0,0
20241207,28,17.29,35579.9,26257.0,0
20241207,28,17.38,35580.5,26257.0,0
20241207,28,17.43,35580.5,26257.0,0
20241207,28,17.50,35581.0,26256.8,0
20241207,28,17.58,35581.0,26256.8,0
20241207,28,17.60,35581.0,26240.6,0
20241207,28,17.73,35581.0,26240.5,0
20241207,28,18.00,35581.0,26218.5,0
20241207,28,18.16,35581.0,26193.2,0
20241207,28,18.43,35686.0,26192.3,0
20241207,28,18.44,35686.0,26192.3,0
20241207,28,18.49,35686.0,26191.3,0
20241207,28,18.50,35686.0,26191.2,0
20241207,28,18.57,35686.0,26189.9,0
20241207,28,18.66,35686.0,26182.2,0
20241207,28,18.78,35686.0,26161.6,0
20241207,28,18.79,35691.4,26159.4,0
20241207,28,19.00,35691.4,26159.4,0
20241207,28,19.02,35691.4,26159.3,0
20241207,28,19.56,35832.4,26027.3,0
20241207,28,19.63,35974.4,26027.3,0
20241207,28,19.66,36115.4,26027.3,0
20241207,28,19.70,36257.4,26027.3,0
20241207,28,19.77,36398.4,26027.3,0
20241207,28,19.79,36398.4,26027.3,0
20241207,28,19.99,36424.4,26026.3,0
20241207,28,20.00,36424.4,26026.3,0
20241207,28,20.01,36429.3,26000.2,0
20241207,28,20.12,36429.3,25992.4,0
20241207,28,20.45,36429.3,25980.1,0
20241207,28,20.96,36429.3,25979.3,0
20241207,28,21.03,36429.3,25972.3,0
20241207,28,21.10,36440.2,25172.3,0
20241207,28,21.12,36440.2,25172.3,0
20241207,28,21.14,36440.2,25164.7,0
20241207,28,21.98,36440.2,25163.7,0
20241207,28,22.30,36440.2,25162.8,0
20241207,28,22.35,36582.2,24581.4,0
20241207,28,22.49,36582.2,24581.4,0
20241207,28,22.61,36582.2,24580.4,0
20241207,28,22.74,36582.2,24579.6,0
20241207,28,22.81,36582.2,24568.2,0
20241207,28,23.52,36582.2,24560.5,0
20241207,28,23.66,36582.2,24552.9,0
20241207,28,23.84,36582.2,24478.9,0
20241207,28,23.87,36591.8,24477.9,0
20241207,28,24.04,36591.8,24477.9,0
20241207,28,25.00,36591.8,24475.3,0
20241207,28,25.12,36591.8,24465.9,0
20241207,28,25.19,36591.8,24448.6,0
20241207,28,25.57,36732.8,24446.4,0
20241207,28,27.00,36732.8,24446.4,0
20241207,28,28.00,36732.8,24328.3,0
20241207,28,28.80,36874.8,24324.6,0
20241207,28,29.00,36874.8,24324.6,0
20241207,28,29.90,36874.8,24256.7,0
20241207,28,30.00,36874.8,24254.3,0
20241207,28,31.00,36874.8,24144.9,0
20241207,28,31.36,36874.8,24140.2,0
20241207,28,31.79,36874.8,24033.0,0
20241207,28,32.14,36874.8,24030.7,0
20241207,28,33.62,37009.6,23930.7,0
20241207,28,34.94,37009.6,23930.7,0
20241207,28,35.00,37009.6,23917.4,0
20241207,28,35.50,37009.6,23890.1,0
20241207,28,36.00,37009.6,23890.0,0
20241207,28,37.50,37009.6,23753.9,0
20241207,28,39.69,37404.6,23709.9,0
20241207,28,40.00,37404.6,23709.9,0
20241207,28,40.01,37404.6,23641.1,0
20241207,28,42.44,37404.6,23546.1,0
20241207,28,42.50,37404.6,23497.9,0
20241207,28,45.00,37404.6,23497.8,0
20241207,28,45.01,37404.6,23458.1,0
20241207,28,46.00,37404.6,23294.3,0
20241207,28,48.32,37404.6,23244.3,0
20241207,28,49.50,37404.6,23218.9,0
20241207,28,50.00,37406.2,23218.4,0
20241207,28,50.01,37406.2,22841.3,0
20241207,28,50.90,37406.2,22837.5,0
20241207,28,55.00,37406.2,22836.4,0
20241207,28,59.92,37406.2,22777.0,0
20241207,28,60.00,37406.2,22756.9,0
20241207,28,60.65,37406.2,22621.9,0
20241207,28,61.02,37406.2,22619.6,0
20241207,28,70.00,37406.2,22604.3,0
20241207,28,70.48,37406.6,22603.2,0
20241207,28,72.00,37406.6,22603.2,0
20241207,28,77.80,37406.6,22602.7,0
20241207,28,79.90,37406.6,22485.3,0
20241207,28,80.00,37406.6,22483.7,0
20241207,28,80.01,37406.6,21517.4,0
20241207,28,80.02,37406.6,21316.8,0
20241207,28,80.21,37546.6,21240.8,0
20241207,28,81.00,37546.6,21240.8,0
20241207,28,82.01,37546.6,21220.5,0
20241207,28,85.00,37546.6,21104.7,0
20241207,28,90.00,37546.6,21094.2,0
20241207,28,99.90,37546.6,21092.2,0
20241207,28,100.00,37565.6,21085.1,0
20241207,28,100.01,37649.0,20645.0,0
20241207,28,101.00,37649.0,20645.0,0
20241207,28,120.10,37649.0,20516.3,0
20241207,28,138.00,37649.0,20472.6,0
20241207,28,150.00,37649.0,20359.5,0
20241207,28,151.00,37649.0,20279.3,0
20241207,28,190.00,37649.0,20249.9,0
20241207,28,200.00,37649.0,20248.9,0
20241207,28,200.01,37649.0,17360.2,0
20241207,28,200.10,37649.0,15288.1,0
20241207,28,200.50,37649.0,15200.1,0
20241207,28,201.00,37649.0,15199.9,0
20241207,28,210.00,37649.0,15118.7,0
20241207,28,250.00,37649.0,14697.1,0
20241207,28,300.00,37649.0,14532.4,0
20241207,28,500.00,37649.0,14434.7,0
20241207,28,550.02,37649.0,14424.7,0
20241207,28,900.00,37649.0,14162.1,0
20241207,28,999.00,37649.0,14160.1,0
20241207,28,999.99,37649.0,0.0,0
20241207,29,0.00,0.0,33543.8,0
20241207,29,0.00,14671.9,33543.8,0
20241207,29,0.01,28934.0,33543.8,0
20241207,29,0.02,29117.1,33520.8,0
20241207,29,0.03,29121.6,33520.4,0
20241207,29,0.04,29170.0,33508.5,0
20241207,29,0.10,29289.5,33508.5,0
20241207,29,0.25,29296.3,33428.4,0
20241207,29,0.26,29300.2,33428.4,0
20241207,29,0.27,29301.5,33428.4,0
20241207,29,0.30,29302.5,33428.4,0
20241207,29,1.00,29704.1,33428.4,0
20241207,29,1.01,29721.2,33267.0,0
20241207,29,1.33,29798.0,33245.9,0
20241207,29,1.34,29998.0,33245.9,0
20241207,29,2.00,30055.4,33245.9,0
20241207,29,2.01,30055.4,33229.9,0
20241207,29,2.51,30062.6,32929.9,0
20241207,29,2.68,30064.6,32929.9,0
20241207,29,2.69,30067.6,32929.9,0
20241207,29,3.00,30117.6,32929.9,0
20241207,29,3.01,30118.4,32353.8,0
20241207,29,3.02,30118.4,32253.8,0
20241207,29,3.50,30118.4,32252.4,0
20241207,29,3.51,30119.1,32249.6,0
20241207,29,4.00,30145.1,32249.6,0
20241207,29,4.03,30147.1,32248.6,0
20241207,29,4.04,30150.1,32248.6,0
20241207,29,5.00,30340.9,32248.6,0
20241207,29,5.01,30340.9,32149.5,0
20241207,29,5.02,30348.1,31778.8,0
20241207,29,5.38,30350.1,31773.8,0
20241207,29,5.39,30353.1,31773.8,0
20241207,29,5.66,30353.3,31773.8,0
20241207,29,5.90,30353.3,31773.8,0
20241207,29,6.00,30418.3,31758.5,0
20241207,29,6.26,30418.3,31736.8,0
20241207,29,6.39,30418.3,31730.8,0
20241207,29,6.50,30418.4,31727.3,0
20241207,29,6.73,30420.7,31727.3,0
20241207,29,6.74,30423.7,31727.3,0
20241207,29,7.00,30423.7,31727.3,0
20241207,29,7.42,30427.5,31726.5,0
20241207,29,7.50,30467.5,31726.5,0
20241207,29,7.52,30480.4,31726.5,0
20241207,29,7.54,30481.0,31726.5,0
20241207,29,7.93,30481.4,31726.5,0
20241207,29,8.00,30487.2,31726.5,0
20241207,29,8.01,30487.7,31600.3,0
20241207,29,8.02,30488.2,31600.3,0
20241207,29,8.08,30492.5,31600.3,0
20241207,29,8.09,30495.5,31600.3,0
20241207,29,8.12,30495.5,31600.3,0
20241207,29,8.22,30495.5,31596.5,0
20241207,29,8.34,30506.1,31596.2,0
20241207,29,8.37,30508.4,31596.2,0
20241207,29,8.50,30508.4,31596.2,0
20241207,29,8.77,30508.8,31546.2,0
20241207,29,8.85,30508.8,31546.2,0
20241207,29,8.89,30508.8,31389.2,0
20241207,29,8.94,30508.8,31230.2,0
20241207,29,8.97,30508.8,31200.2,0
20241207,29,8.99,30508.8,31170.2,0
20241207,29,9.00,30513.8,31070.2,0
20241207,29,9.01,30517.0,30972.2,0
20241207,29,9.05,30517.0,30958.4,0
20241207,29,9.08,30517.0,30928.4,0
20241207,29,9.09,30517.0,30898.4,0
20241207,29,9.10,30517.0,30895.2,0
20241207,29,9.11,30517.0,30795.2,0
20241207,29,9.16,30517.0,30735.2,0
20241207,29,9.19,30517.0,30690.2,0
20241207,29,9.20,30517.0,30660.2,0
20241207,29,9.22,30517.0,30560.2,0
20241207,29,9.27,30521.8,30530.2,0
20241207,29,9.28,30521.8,30530.2,0
20241207,29,9.32,30521.8,30469.7,0
20241207,29,9.36,30525.6,30257.7,0
20241207,29,9.50,30529.1,30257.7,0
20241207,29,9.52,30529.1,30257.7,0
20241207,29,9.59,30529.1,30066.7,0
20241207,29,9.65,30529.2,29924.7,0
20241207,29,9.73,30536.3,29783.7,0
20241207,29,9.74,30536.4,29723.7,0
20241207,29,9.76,30537.4,29723.7,0
20241207,29,9.78,30537.4,29723.7,0
20241207,29,9.98,30537.4,29709.5,0
20241207,29,10.00,30564.1,29679.5,0
20241207,29,10.01,30575.0,29594.3,0
20241207,29,10.03,30594.4,29594.3,0
20241207,29,10.07,30594.4,29594.3,0
20241207,29,10.18,30594.4,29540.5,0
20241207,29,10.19,30594.4,29490.5,0
20241207,29,10.25,30594.4,29440.5,0
20241207,29,10.30,30594.4,28866.5,0
20241207,29,10.41,30612.1,28851.5,0
20241207,29,10.44,30612.1,28851.5,0
20241207,29,10.50,30621.7,28704.5,0
20241207,29,10.68,30621.7,28684.4,0
20241207,29,10.70,30621.7,28668.8,0
20241207,29,10.78,30621.7,28581.9,0
20241207,29,10.79,30621.7,28581.4,0
20241207,29,10.80,30621.7,28434.1,0
20241207,29,10.83,30627.5,28286.6,0
20241207,29,10.85,30727.5,28286.6,0
20241207,29,10.86,30783.4,28286.6,0
20241207,29,10.87,30783.4,28286.6,0
20241207,29,10.88,30783.4,28271.6,0
20241207,29,10.91,30997.4,28270.1,0
20241207,29,10.93,30997.4,28270.1,0
20241207,29,11.00,31056.9,28168.1,0
20241207,29,11.01,31058.2,28146.1,0
20241207,29,11.04,31058.2,28120.6,0
20241207,29,11.08,31058.2,27973.6,0
20241207,29,11.14,31061.6,27869.6,0
20241207,29,11.23,31068.6,27869.6,0
20241207,29,11.26,31112.7,27869.6,0
20241207,29,11.32,31298.7,27821.3,0
20241207,29,11.33,31298.7,27821.3,0
20241207,29,11.34,31298.7,27773.3,0
20241207,29,11.40,31298.7,26908.1,0
20241207,29,11.42,31300.4,26907.7,0
20241207,29,11.50,31320.4,26907.7,0
20241207,29,11.57,31372.4,26775.8,0
20241207,29,11.70,31372.4,26775.8,0
20241207,29,11.82,31372.4,26775.7,0
20241207,29,11.84,31402.4,26774.7,0
20241207,29,12.00,31543.2,26774.7,0
20241207,29,12.01,31561.4,26708.1,0
20241207,29,12.02,31561.4,26690.2,0
20241207,29,12.03,31661.4,26650.2,0
20241207,29,12.10,31661.4,26650.2,0
20241207,29,12.13,31661.4,26650.1,0
20241207,29,12.14,31661.4,26645.7,0
20241207,29,12.40,31661.4,26642.7,0
20241207,29,12.45,31690.3,26642.6,0
20241207,29,12.48,31690.3,26642.6,0
20241207,29,12.50,31690.3,26562.9,0
20241207,29,12.53,31690.3,26508.9,0
20241207,29,12.58,31690.3,26504.7,0
20241207,29,12.59,31728.0,26502.4,0
20241207,29,12.67,31728.0,26502.4,0
20241207,29,12.68,31781.4,26455.8,0
20241207,29,12.80,31781.4,26455.8,0
20241207,29,12.88,31781.4,26455.7,0
20241207,29,12.97,32283.4,26449.9,0
20241207,29,13.00,32289.0,26449.9,0
20241207,29,13.12,32289.0,26410.4,0
20241207,29,13.16,32319.0,26245.4,0
20241207,29,13.34,32319.0,26228.7,0
20241207,29,13.35,32362.8,26228.3,0
20241207,29,13.37,32460.8,26228.3,0
20241207,29,13.48,32460.8,26228.3,0
20241207,29,13.49,32460.8,26225.3,0
20241207,29,13.50,32460.8,26223.0,0
20241207,29,13.51,32461.1,26222.2,0
20241207,29,13.58,32464.5,26222.2,0
20241207,29,13.67,32473.6,26222.2,0
20241207,29,13.69,32473.6,26222.2,0
20241207,29,13.73,32503.6,26222.1,0
20241207,29,13.84,32503.7,26222.1,0
20241207,29,13.89,32503.7,26222.1,0
20241207,29,14.00,32528.7,26217.9,0
20241207,29,14.01,32530.4,26186.4,0
20241207,29,14.22,32530.4,26186.4,0
20241207,29,14.25,32546.4,26122.7,0
20241207,29,14.40,32552.4,26122.7,0
20241207,29,14.45,32566.0,26122.7,0
20241207,29,14.49,32566.0,26122.7,0
20241207,29,14.60,32566.0,26122.6,0
20241207,29,14.63,32594.0,26122.4,0
20241207,29,14.66,32624.0,26122.4,0
20241207,29,14.67,32624.0,26122.4,0
20241207,29,14.69,32639.9,26122.3,0
20241207,29,14.72,32672.9,26122.3,0
20241207,29,14.83,32672.9,26122.3,0
20241207,29,14.84,32672.9,26119.9,0
20241207,29,14.90,32685.9,26118.2,0
20241207,29,14.93,32741.9,26118.2,0
20241207,29,14.94,32741.9,26118.2,0
20241207,29,14.98,32792.9,26052.1,0
20241207,29,15.00,32822.9,26052.1,0
20241207,29,15.01,32930.6,26012.6,0
20241207,29,15.02,32939.7,26012.6,0
20241207,29,15.03,32993.7,26012.6,0
20241207,29,15.22,33144.7,26012.6,0
20241207,29,15.25,33144.7,26012.6,0
20241207,29,15.50,33195.7,26008.4,0
20241207,29,15.51,33245.7,26006.4,0
20241207,29,15.60,33245.7,26006.4,0
20241207,29,15.66,33295.7,26006.3,0
20241207,29,15.68,33299.1,26006.3,0
20241207,29,15.70,33299.1,26006.3,0
20241207,29,15.79,33330.1,26006.2,0
20241207,29,15.80,33342.1,26006.2,0
20241207,29,15.81,33349.1,26006.2,0
20241207,29,15.82,33365.1,26006.2,0
20241207,29,15.83,33378.1,26006.2,0
20241207,29,15.90,33378.1,26006.2,0
20241207,29,15.91,33378.1,26006.0,0
20241207,29,15.93,33431.7,25943.6,0
20241207,29,15.98,33431.7,25943.6,0
20241207,29,16.00,33472.9,25942.1,0
20241207,29,16.03,33510.9,25897.8,0
20241207,29,16.06,33511.5,25897.8,0
20241207,29,16.18,33528.5,25897.8,0
20241207,29,16.19,33540.5,25895.9,0
20241207,29,16.30,33564.4,25894.9,0
20241207,29,16.40,33564.4,25894.9,0
20241207,29,16.50,33634.4,25894.8,0
20241207,29,16.59,33634.4,25894.8,0
20241207,29,16.61,33634.4,25893.3,0
20241207,29,16.70,33634.4,25884.7,0
20241207,29,16.73,33669.4,25876.7,0
20241207,29,16.87,33669.4,25876.7,0
20241207,29,16.90,33692.9,25875.8,0
20241207,29,17.00,33692.9,25875.8,0
20241207,29,17.01,33692.9,25875.5,0
20241207,29,17.06,33693.5,25874.0,0
20241207,29,17.12,33743.4,25874.0,0
20241207,29,17.20,33743.6,25874.0,0
20241207,29,17.22,33968.1,25872.4,0
20241207,29,17.43,33968.1,25872.4,0
20241207,29,17.52,34003.1,25872.2,0
20241207,29,17.53,34003.1,25872.2,0
20241207,29,17.54,34003.1,25872.0,0
20241207,29,17.58,34003.1,25871.0,0
20241207,29,17.60,34003.1,25854.8,0
20241207,29,17.66,34003.1,25854.7,0
20241207,29,17.73,34003.1,25853.9,0
20241207,29,17.82,34003.1,25831.9,0
20241207,29,18.00,34003.1,25824.3,0
20241207,29,18.01,34009.0,25798.9,0
20241207,29,18.07,34009.0,25798.9,0
20241207,29,18.32,34034.0,25756.6,0
20241207,29,18.43,34139.0,25756.6,0
20241207,29,18.49,34139.0,25756.6,0
20241207,29,18.50,34139.0,25756.5,0
20241207,29,18.51,34202.6,25756.1,0
20241207,29,18.78,34202.6,25756.1,0
20241207,29,18.79,34208.2,25754.1,0
20241207,29,18.89,34208.2,25754.1,0
20241207,29,19.00,34208.2,25753.1,0
20241207,29,19.12,34233.2,25753.0,0
20241207,29,19.22,34233.2,25753.0,0
20241207,29,19.31,34284.1,25619.0,0
20241207,29,19.40,34284.1,25619.0,0
20241207,29,19.49,34284.1,25618.1,0
20241207,29,19.56,34426.1,25617.9,0
20241207,29,19.62,34441.1,25617.9,0
20241207,29,19.63,34582.1,25617.9,0
20241207,29,19.66,34724.1,25617.9,0
20241207,29,19.70,34865.1,25617.9,0
20241207,29,19.77,35007.1,25617.9,0
20241207,29,19.83,35007.1,25617.9,0
20241207,29,19.99,35007.1,25610.2,0
20241207,29,20.00,35037.1,25151.8,0
20241207,29,20.01,35042.1,25103.8,0
20241207,29,20.12,35042.1,25096.1,0
20241207,29,20.24,35042.1,25083.8,0
20241207,29,20.69,35043.5,25082.8,0
20241207,29,20.78,35044.0,25082.8,0
20241207,29,21.03,35044.0,25082.8,0
20241207,29,21.08,35044.0,24282.8,0
20241207,29,21.10,35055.0,24281.2,0
20241207,29,21.15,35055.0,24281.2,0
20241207,29,21.59,35055.0,24280.4,0
20241207,29,21.84,35055.0,24279.4,0
20241207,29,21.87,35055.0,24271.8,0
20241207,29,22.31,35055.0,24262.8,0
20241207,29,22.35,35196.0,24261.9,0
20241207,29,22.79,35196.0,24261.9,0
20241207,29,22.89,35196.0,24261.1,0
20241207,29,22.94,35196.0,24249.2,0
20241207,29,23.18,35196.0,24248.2,0
20241207,29,23.50,35196.0,24240.5,0
20241207,29,23.74,35196.0,24240.4,0
20241207,29,23.85,35196.0,24232.8,0
20241207,29,23.87,35205.6,24156.4,0
20241207,29,24.04,35205.6,24156.4,0
20241207,29,24.29,35205.6,24153.8,0
20241207,29,25.00,35205.6,24152.8,0
20241207,29,25.12,35205.6,24142.9,0
20241207,29,25.57,35347.6,24125.8,0
20241207,29,25.64,35347.6,24125.8,0
20241207,29,26.18,35347.6,24123.8,0
20241207,29,26.35,35347.6,24120.8,0
20241207,29,27.00,35347.6,24120.6,0
20241207,29,27.43,35347.6,23999.6,0
20241207,29,28.80,35488.6,23996.6,0
20241207,29,29.00,35488.6,23996.6,0
20241207,29,29.90,35488.6,23928.7,0
20241207,29,30.00,35488.6,23925.9,0
20241207,29,30.43,35488.6,23812.2,0
20241207,29,31.79,35488.6,23712.1,0
20241207,29,33.62,35633.6,23709.8,0
20241207,29,34.94,35633.6,23709.8,0
20241207,29,35.00,35633.6,23693.6,0
20241207,29,35.50,35633.6,23666.1,0
20241207,29,36.00,35633.6,23666.0,0
20241207,29,37.50,35633.6,23528.4,0
20241207,29,39.69,36049.6,23484.7,0
20241207,29,40.00,36049.6,23484.7,0
20241207,29,40.01,36049.6,23416.2,0
20241207,29,42.50,36049.6,23335.4,0
20241207,29,45.00,36049.6,23335.3,0
20241207,29,45.01,36049.6,23245.4,0
20241207,29,46.00,36049.6,23079.5,0
20241207,29,48.32,36049.6,23029.5,0
20241207,29,49.50,36049.6,23004.1,0
20241207,29,50.00,36051.1,23003.7,0
20241207,29,50.01,36051.1,22622.7,0
20241207,29,50.90,36051.1,22618.9,0
20241207,29,55.00,36051.1,22617.8,0
20241207,29,59.54,36051.1,22555.8,0
20241207,29,60.00,36051.1,22536.1,0
20241207,29,61.12,36051.1,22398.7,0
20241207,29,70.00,36051.1,22381.1,0
20241207,29,70.48,36051.5,22380.0,0
20241207,29,72.00,36051.5,22380.0,0
20241207,29,77.80,36051.5,22379.5,0
20241207,29,79.90,36051.5,22258.1,0
20241207,29,80.00,36051.5,22256.3,0
20241207,29,80.01,36051.5,21294.2,0
20241207,29,80.02,36051.5,21093.7,0
20241207,29,80.21,36191.5,21017.7,0
20241207,29,81.00,36191.5,21017.7,0
20241207,29,82.01,36191.5,20997.8,0
20241207,29,85.00,36191.5,20883.4,0
20241207,29,90.00,36191.5,20870.8,0
20241207,29,99.90,36191.5,20868.4,0
20241207,29,100.00,36210.5,20861.3,0
20241207,29,100.01,36283.1,20411.3,0
20241207,29,101.00,36283.1,20411.3,0
20241207,29,120.10,36283.1,20282.6,0
20241207,29,138.00,36283.1,20239.4,0
20241207,29,150.00,36283.1,20127.3,0
20241207,29,151.00,36283.1,20048.0,0
20241207,29,190.00,36283.1,20018.7,0
20241207,29,200.00,36283.1,20017.7,0
20241207,29,200.01,36283.1,17108.0,0
20241207,29,200.10,36283.1,15137.8,0
20241207,29,200.50,36283.1,15042.2,0
20241207,29,201.00,36283.1,15042.0,0
20241207,29,210.00,36283.1,14959.1,0
20241207,29,250.00,36283.1,14538.2,0
20241207,29,300.00,36283.1,14378.4,0
20241207,29,500.00,36283.1,14280.7,0
20241207,29,550.02,36283.1,14270.7,0
20241207,29,900.00,36283.1,14009.6,0
20241207,29,999.00,36283.1,14007.6,0
20241207,29,999.99,36283.1,0.0,0
20241207,30,0.00,0.0,9253.0,0
20241207,30,0.00,3604.1,9253.0,0
20241207,30,0.01,7811.6,9253.0,0
20241207,30,0.02,7844.6,9240.9,0
20241207,30,0.03,7848.7,9240.5,0
20241207,30,0.04,7848.9,9240.5,0
20241207,30,0.10,7875.9,9240.5,0
20241207,30,0.27,7876.8,9220.5,0
20241207,30,1.00,7954.3,9220.5,0
20241207,30,1.01,7954.3,9194.9,0
20241207,30,1.30,7959.8,9184.7,0
20241207,30,2.01,7959.8,9184.7,0
20241207,30,2.65,7961.8,8884.7,0
20241207,30,3.00,7981.8,8884.7,0
20241207,30,3.01,7982.0,8764.1,0
20241207,30,4.00,7984.0,8664.1,0
20241207,30,5.00,8061.8,8664.1,0
20241207,30,5.01,8061.8,8642.7,0
20241207,30,5.35,8063.8,8393.6,0
20241207,30,5.90,8063.8,8393.6,0
20241207,30,6.00,8085.3,8378.3,0
20241207,30,6.26,8085.3,8378.3,0
20241207,30,6.70,8087.3,8372.3,0
20241207,30,7.00,8087.3,8372.3,0
20241207,30,8.01,8087.8,8372.2,0
20241207,30,8.05,8089.8,8372.2,0
20241207,30,8.85,8089.8,8372.2,0
20241207,30,8.94,8089.8,8215.2,0
20241207,30,9.01,8089.8,8214.9,0
20241207,30,9.34,8089.8,8205.8,0
20241207,30,9.40,8091.8,7983.8,0
20241207,30,9.53,8091.8,7983.8,0
20241207,30,9.65,8091.8,7792.8,0
20241207,30,9.73,8091.8,7605.8,0
20241207,30,9.98,8091.8,7560.8,0
20241207,30,10.00,8095.7,7530.8,0
20241207,30,10.62,8095.7,7527.6,0
20241207,30,11.45,8095.7,7512.0,0
20241207,30,11.55,8101.2,7511.5,0
20241207,30,12.00,8185.9,7511.5,0
20241207,30,12.10,8185.9,7495.1,0
20241207,30,12.14,8187.6,7494.9,0
20241207,30,12.99,8626.6,7494.9,0
20241207,30,13.00,8631.9,7494.9,0
20241207,30,13.11,8631.9,7473.8,0
20241207,30,13.12,8631.9,7472.3,0
20241207,30,13.34,8631.9,7307.3,0
20241207,30,13.35,8657.9,7293.7,0
20241207,30,13.44,8657.9,7293.7,0
20241207,30,13.45,8657.9,7292.2,0
20241207,30,13.64,8818.9,7290.2,0
20241207,30,13.78,8818.9,7290.2,0
20241207,30,14.00,8818.9,7288.6,0
20241207,30,14.11,8818.9,7288.5,0
20241207,30,14.67,8818.9,7285.5,0
20241207,30,14.80,8818.9,7285.4,0
20241207,30,15.00,8818.9,7284.1,0
20241207,30,15.90,8818.9,7263.3,0
20241207,30,16.00,8829.5,7263.1,0
20241207,30,16.15,8829.5,7243.0,0
20241207,30,16.17,8829.5,7242.3,0
20241207,30,16.50,8829.5,7240.2,0
20241207,30,16.59,8829.5,7240.1,0
20241207,30,17.00,8829.5,7238.5,0
20241207,30,17.43,8829.5,7238.2,0
20241207,30,17.50,8829.5,7238.0,0
20241207,30,17.73,8829.5,7236.0,0
20241207,30,18.00,8829.5,7214.0,0
20241207,30,18.18,8845.9,7188.8,0
20241207,30,18.49,8845.9,7188.8,0
20241207,30,18.79,8845.9,7188.7,0
20241207,30,19.00,8845.9,7089.7,0
20241207,30,19.28,8897.9,7089.6,0
20241207,30,19.58,8898.2,7089.6,0
20241207,30,19.75,8957.2,7089.6,0
20241207,30,19.91,9033.3,7089.6,0
20241207,30,19.95,9034.4,7089.6,0
20241207,30,20.00,9034.4,7089.6,0
20241207,30,20.01,9034.4,7080.6,0
20241207,30,20.04,9034.8,7079.9,0
20241207,30,20.15,9034.8,7079.9,0
20241207,30,20.39,9034.8,7078.9,0
20241207,30,20.58,9035.1,7058.5,0
20241207,30,20.78,9095.9,7058.5,0
20241207,30,20.83,9110.9,7058.5,0
20241207,30,22.50,9110.9,7058.5,0
20241207,30,24.04,9110.9,7058.1,0
20241207,30,25.00,9110.9,7055.6,0
20241207,30,25.12,9110.9,7045.8,0
20241207,30,27.00,9110.9,7035.1,0
20241207,30,29.90,9110.9,7018.1,0
20241207,30,30.00,9110.9,7016.2,0
20241207,30,33.50,9110.9,6983.5,0
20241207,30,35.00,9110.9,6983.4,0
20241207,30,36.00,9110.9,6983.0,0
20241207,30,37.14,9110.9,6917.0,0
20241207,30,37.50,9110.9,6812.5,0
20241207,30,40.00,9110.9,6802.8,0
20241207,30,45.00,9110.9,6783.6,0
20241207,30,45.01,9110.9,6779.7,0
20241207,30,48.32,9110.9,6772.6,0
20241207,30,50.00,9110.9,6747.2,0
20241207,30,50.01,9110.9,6629.7,0
20241207,30,55.00,9110.9,6625.9,0
20241207,30,60.00,9110.9,6606.9,0
20241207,30,60.97,9110.9,6575.6,0
20241207,30,77.80,9110.9,6557.9,0
20241207,30,79.90,9110.9,6493.3,0
20241207,30,80.00,9110.9,6492.1,0
20241207,30,80.01,9110.9,6344.3,0
20241207,30,81.00,9110.9,6320.3,0
20241207,30,82.01,9110.9,6319.9,0
20241207,30,85.00,9110.9,6303.2,0
20241207,30,90.00,9110.9,6299.3,0
20241207,30,99.90,9110.9,6296.4,0
20241207,30,100.00,9110.9,6289.8,0
20241207,30,100.01,9139.5,6219.8,0
20241207,30,101.00,9139.5,6219.8,0
20241207,30,138.00,9139.5,6214.3,0
20241207,30,200.00,9139.5,6194.2,0
20241207,30,200.01,9139.5,5600.0,0
20241207,30,201.00,9139.5,5460.7,0
20241207,30,210.00,9139.5,5460.2,0
20241207,30,300.00,9139.5,5346.5,0
20241207,30,500.00,9139.5,5341.5,0
20241207,30,900.00,9139.5,5331.5,0
20241207,30,999.00,9139.5,5329.5,0
20241207,30,999.99,9139.5,0.0,0
20241207,30,0.00,0.0,26842.2,1
20241207,30,0.00,13089.7,26842.2,1
20241207,30,0.01,23398.6,26842.2,1
20241207,30,0.02,23549.3,26831.5,1
20241207,30,0.03,23549.6,26831.5,1
20241207,30,0.04,23592.3,26819.6,1
20241207,30,0.10,23674.3,26819.6,1
20241207,30,0.25,23679.5,26759.5,1
20241207,30,0.26,23681.9,26759.5,1
20241207,30,0.30,23682.7,26759.5,1
20241207,30,0.41,23756.5,26759.5,1
20241207,30,1.00,24070.7,26759.5,1
20241207,30,1.01,24087.6,26625.1,1
20241207,30,1.30,24272.8,26614.3,1
20241207,30,1.76,24273.8,26614.3,1
20241207,30,2.00,24329.5,26614.3,1
20241207,30,2.63,24336.7,26598.3,1
20241207,30,2.65,24337.7,26598.3,1
20241207,30,3.00,24337.7,26598.3,1
20241207,30,3.01,24350.8,26143.3,1
20241207,30,3.02,24350.8,26143.3,1
20241207,30,3.11,24351.8,26140.3,1
20241207,30,3.50,24351.8,26140.3,1
20241207,30,3.51,24352.5,26137.4,1
20241207,30,4.00,24379.7,26137.4,1
20241207,30,4.46,24381.6,26136.4,1
20241207,30,5.00,24489.8,26136.4,1
20241207,30,5.01,24489.8,26059.0,1
20241207,30,5.02,24489.8,25937.6,1
20241207,30,5.25,24497.0,25932.6,1
20241207,30,5.35,24498.0,25932.6,1
20241207,30,5.46,24498.3,25932.6,1
20241207,30,5.55,24498.7,25932.6,1
20241207,30,5.66,24499.0,25932.6,1
20241207,30,5.81,24501.0,25932.6,1
20241207,30,6.00,24544.9,25932.6,1
20241207,30,6.50,24545.0,25910.9,1
20241207,30,6.70,24546.0,25910.9,1
20241207,30,7.00,24546.0,25910.9,1
20241207,30,7.03,24546.0,25910.2,1
20241207,30,7.16,24548.1,25906.4,1
20241207,30,7.50,24588.1,25906.4,1
20241207,30,7.54,24588.7,25906.4,1
20241207,30,7.85,24588.7,25906.4,1
20241207,30,7.87,24599.8,25889.0,1
20241207,30,7.95,24603.4,25889.0,1
20241207,30,8.00,24607.5,25889.0,1
20241207,30,8.05,24608.5,25762.5,1
20241207,30,8.30,24608.5,25762.5,1
20241207,30,8.51,24612.7,25762.0,1
20241207,30,8.54,24612.7,25726.3,1
20241207,30,8.55,24614.4,25690.4,1
20241207,30,8.87,24614.4,25690.4,1
20241207,30,8.89,24614.4,25687.2,1
20241207,30,8.94,24614.4,25628.2,1
20241207,30,8.95,24624.8,25598.2,1
20241207,30,8.97,24624.8,25598.2,1
20241207,30,9.00,24629.8,25568.2,1
20241207,30,9.01,24633.0,25498.2,1
20241207,30,9.05,24633.0,25493.6,1
20241207,30,9.08,24633.0,25463.6,1
20241207,30,9.11,24633.0,25433.6,1
20241207,30,9.16,24633.0,25373.6,1
20241207,30,9.18,24633.0,25343.6,1
20241207,30,9.19,24633.0,25228.6,1
20241207,30,9.22,24633.0,25198.6,1
20241207,30,9.27,24633.3,25168.6,1
20241207,30,9.28,24633.3,25168.6,1
20241207,30,9.40,24634.3,25068.6,1
20241207,30,9.50,24637.8,25068.6,1
20241207,30,9.54,24650.9,25068.6,1
20241207,30,9.60,24650.9,25068.6,1
20241207,30,9.75,24650.9,25054.6,1
20241207,30,9.76,24656.9,25039.6,1
20241207,30,9.94,24661.6,25039.6,1
20241207,30,9.95,24661.6,25039.6,1
20241207,30,10.00,24683.9,25035.1,1
20241207,30,10.01,24685.2,24974.9,1
20241207,30,10.09,24685.2,24974.9,1
20241207,30,10.18,24685.2,24934.6,1
20241207,30,10.19,24685.2,24884.6,1
20241207,30,10.25,24685.2,24834.6,1
20241207,30,10.26,24686.0,24260.6,1
20241207,30,10.32,24686.0,24260.6,1
20241207,30,10.44,24695.5,24245.6,1
20241207,30,10.49,24714.9,24098.6,1
20241207,30,10.50,24722.1,24098.6,1
20241207,30,10.65,24722.2,24098.5,1
20241207,30,10.70,24739.7,24098.5,1
20241207,30,10.79,24739.7,24013.3,1
20241207,30,10.80,24739.7,23866.3,1
20241207,30,10.85,24839.7,23719.3,1
20241207,30,10.86,24895.6,23719.3,1
20241207,30,10.90,24895.6,23719.3,1
20241207,30,10.91,25110.6,23704.3,1
20241207,30,10.93,25110.6,23704.3,1
20241207,30,11.00,25141.8,23602.3,1
20241207,30,11.01,25141.8,23580.3,1
20241207,30,11.04,25141.8,23554.9,1
20241207,30,11.08,25141.8,23407.9,1
20241207,30,11.21,25141.8,23303.9,1
20241207,30,11.26,25199.2,23303.4,1
20241207,30,11.30,25384.2,23268.4,1
20241207,30,11.33,25384.2,23268.4,1
20241207,30,11.34,25384.2,23231.4,1
20241207,30,11.40,25384.2,22366.2,1
20241207,30,11.45,25384.2,22365.8,1
20241207,30,11.50,25384.2,22364.5,1
20241207,30,11.57,25436.2,22232.3,1
20241207,30,11.70,25436.2,22232.3,1
20241207,30,11.80,25436.7,22232.2,1
20241207,30,11.81,25439.6,22232.2,1
20241207,30,11.84,25469.6,22207.2,1
20241207,30,11.90,25476.4,22207.2,1
20241207,30,12.00,25562.4,22207.2,1
20241207,30,12.01,25581.5,22164.1,1
20241207,30,12.03,25681.5,22150.7,1
20241207,30,12.04,25681.5,22150.7,1
20241207,30,12.10,25681.5,22110.7,1
20241207,30,12.40,25681.5,22110.5,1
20241207,30,12.47,25710.4,22110.4,1
20241207,30,12.50,25710.4,22110.4,1
20241207,30,12.55,25710.4,22056.5,1
20241207,30,12.56,25710.4,22031.5,1
20241207,30,12.61,25710.4,22027.2,1
20241207,30,12.62,25728.6,22005.4,1
20241207,30,12.67,25728.6,22005.4,1
20241207,30,12.68,25769.8,21996.6,1
20241207,30,12.73,25769.8,21996.6,1
20241207,30,12.80,25769.8,21944.2,1
20241207,30,13.00,25789.8,21944.1,1
20241207,30,13.11,25789.8,21906.1,1
20241207,30,13.17,25789.8,21901.9,1
20241207,30,13.19,25819.8,21885.3,1
20241207,30,13.44,25819.8,21885.3,1
20241207,30,13.45,25819.8,21881.1,1
20241207,30,13.69,25819.8,21880.1,1
20241207,30,13.77,25849.8,21880.0,1
20241207,30,13.78,25849.8,21880.0,1
20241207,30,13.91,25849.8,21875.8,1
20241207,30,14.00,25874.8,21872.8,1
20241207,30,14.01,25878.7,21840.9,1
20241207,30,14.10,25885.4,21840.9,1
20241207,30,14.11,25885.4,21840.9,1
20241207,30,14.25,25897.7,21832.3,1
20241207,30,14.28,25897.7,21832.3,1
20241207,30,14.47,25912.3,21769.1,1
20241207,30,14.50,25912.3,21769.1,1
20241207,30,14.51,25912.6,21768.3,1
20241207,30,14.60,25912.6,21768.3,1
20241207,30,14.69,25924.1,21768.1,1
20241207,30,14.80,25924.1,21768.1,1
20241207,30,14.86,25954.1,21767.1,1
20241207,30,14.90,25967.1,21767.1,1
20241207,30,14.93,25968.1,21767.1,1
20241207,30,14.94,25968.1,21767.1,1
20241207,30,14.98,25973.1,21701.0,1
20241207,30,15.00,26003.1,21701.0,1
20241207,30,15.01,26109.3,21684.4,1
20241207,30,15.02,26118.4,21684.4,1
20241207,30,15.03,26127.4,21684.4,1
20241207,30,15.22,26192.4,21684.4,1
20241207,30,15.23,26192.4,21684.4,1
20241207,30,15.24,26192.4,21684.3,1
20241207,30,15.26,26192.4,21684.2,1
20241207,30,15.34,26192.5,21681.8,1
20241207,30,15.50,26332.5,21681.8,1
20241207,30,15.54,26382.5,21681.8,1
20241207,30,15.60,26382.5,21681.8,1
20241207,30,15.68,26385.5,21681.7,1
20241207,30,15.70,26385.5,21681.7,1
20241207,30,15.73,26435.5,21681.6,1
20241207,30,15.77,26435.5,21681.6,1
20241207,30,15.89,26466.5,21680.8,1
20241207,30,15.90,26478.5,21680.8,1
20241207,30,15.91,26485.5,21680.8,1
20241207,30,15.92,26501.5,21623.2,1
20241207,30,15.93,26559.9,21615.6,1
20241207,30,15.94,26572.9,21615.6,1
20241207,30,15.95,26580.9,21615.6,1
20241207,30,16.00,26610.9,21615.6,1
20241207,30,16.01,26612.2,21591.7,1
20241207,30,16.09,26629.2,21591.7,1
20241207,30,16.15,26629.2,21591.7,1
20241207,30,16.24,26664.2,21590.7,1
20241207,30,16.40,26664.2,21590.7,1
20241207,30,16.50,26734.2,21590.6,1
20241207,30,16.61,26734.2,21590.6,1
20241207,30,16.70,26734.2,21588.7,1
20241207,30,16.98,26759.2,21580.7,1
20241207,30,17.01,26759.2,21580.7,1
20241207,30,17.20,26759.4,21579.2,1
20241207,30,17.22,26983.9,21577.6,1
20241207,30,17.38,26983.9,21577.6,1
20241207,30,17.39,27001.1,21576.2,1
20241207,30,17.50,27001.1,21576.2,1
20241207,30,17.58,27001.1,21574.2,1
20241207,30,17.60,27001.1,21558.0,1
20241207,30,17.72,27026.1,21557.9,1
20241207,30,17.96,27026.1,21557.9,1
20241207,30,18.00,27026.1,21557.8,1
20241207,30,18.01,27031.8,21557.3,1
20241207,30,18.07,27031.8,21557.3,1
20241207,30,18.17,27031.8,21515.0,1
20241207,30,18.26,27081.7,21510.9,1
20241207,30,18.43,27186.7,21510.9,1
20241207,30,18.53,27186.7,21510.9,1
20241207,30,18.78,27186.7,21510.0,1
20241207,30,18.79,27192.9,21508.6,1
20241207,30,18.85,27192.9,21508.6,1
20241207,30,18.93,27192.9,21507.6,1
20241207,30,19.59,27334.9,21499.9,1
20241207,30,19.63,27475.9,21499.9,1
20241207,30,19.70,27617.9,21499.9,1
20241207,30,19.73,27758.9,21499.9,1
20241207,30,20.00,27788.9,21499.9,1
20241207,30,20.01,27793.8,21482.9,1
20241207,30,20.02,27793.8,21475.9,1
20241207,30,20.12,27793.8,21139.3,1
20241207,30,20.20,27793.8,21127.3,1
20241207,30,20.24,27793.8,21126.3,1
20241207,30,20.75,27935.8,21125.3,1
20241207,30,21.03,27935.8,21125.3,1
20241207,30,21.10,27946.9,20325.3,1
20241207,30,21.29,27946.9,20325.3,1
20241207,30,21.55,27946.9,20324.5,1
20241207,30,21.95,27946.9,20323.5,1
20241207,30,22.38,27946.9,20315.9,1
20241207,30,22.90,27946.9,20302.9,1
20241207,30,23.12,27946.9,20301.9,1
20241207,30,23.50,27946.9,20301.0,1
20241207,30,23.87,27956.5,20300.0,1
20241207,30,23.89,27956.5,20300.0,1
20241207,30,23.96,27956.5,20299.2,1
20241207,30,23.97,28097.5,20291.5,1
20241207,30,24.04,28097.5,20291.5,1
20241207,30,24.25,28097.5,20279.7,1
20241207,30,24.79,28097.5,20278.7,1
20241207,30,24.96,28097.5,20271.1,1
20241207,30,25.00,28097.5,20191.5,1
20241207,30,25.12,28097.5,20191.3,1
20241207,30,25.60,28097.5,20185.3,1
20241207,30,26.95,28097.5,20184.3,1
20241207,30,27.00,28097.5,20182.3,1
20241207,30,27.17,28239.5,20082.1,1
20241207,30,28.00,28239.5,20082.1,1
20241207,30,29.00,28239.5,20078.6,1
20241207,30,29.90,28239.5,20010.9,1
20241207,30,30.00,28239.5,20009.6,1
20241207,30,31.79,28239.5,19933.3,1
20241207,30,32.02,28380.5,19930.9,1
20241207,30,33.62,28442.8,19930.9,1
20241207,30,34.94,28442.8,19930.9,1
20241207,30,35.00,28442.8,19913.8,1
20241207,30,35.50,28442.8,19886.3,1
20241207,30,36.00,28442.8,19886.2,1
20241207,30,37.50,28442.8,19807.4,1
20241207,30,39.69,28927.8,19773.5,1
20241207,30,40.00,28927.8,19773.5,1
20241207,30,40.01,28927.8,19723.0,1
20241207,30,42.44,28927.8,19647.2,1
20241207,30,42.50,28927.8,19598.9,1
20241207,30,45.00,28927.8,19598.8,1
20241207,30,45.01,28927.8,19557.6,1
20241207,30,46.00,28927.8,19393.0,1
20241207,30,49.50,28927.8,19343.0,1
20241207,30,50.00,28929.2,19342.6,1
20241207,30,50.90,28929.2,19077.4,1
20241207,30,55.00,28929.2,19076.1,1
20241207,30,59.99,28929.2,19029.6,1
20241207,30,60.00,28929.2,19010.1,1
20241207,30,70.00,28929.2,18900.9,1
20241207,30,70.48,28929.6,18899.8,1
20241207,30,72.00,28929.6,18899.8,1
20241207,30,77.80,28929.6,18899.3,1
20241207,30,79.90,28929.6,18837.4,1
20241207,30,80.00,28929.6,18836.6,1
20241207,30,80.01,28929.6,18029.7,1
20241207,30,80.02,28929.6,17850.8,1
20241207,30,80.21,29069.6,17774.8,1
20241207,30,81.00,29069.6,17774.8,1
20241207,30,82.01,29069.6,17754.4,1
20241207,30,85.00,29069.6,17657.0,1
20241207,30,99.90,29069.6,17646.1,1
20241207,30,100.00,29088.6,17645.4,1
20241207,30,100.01,29121.4,17254.4,1
20241207,30,101.00,29121.4,17254.4,1
20241207,30,120.10,29121.4,17131.2,1
20241207,30,138.00,29121.4,17088.4,1
20241207,30,150.00,29121.4,16997.0,1
20241207,30,151.00,29121.4,16918.8,1
20241207,30,190.00,29121.4,16889.9,1
20241207,30,200.00,29121.4,16888.9,1
20241207,30,200.01,29121.4,14595.8,1
20241207,30,200.10,29121.4,12745.5,1
20241207,30,200.50,29121.4,12647.7,1
20241207,30,201.00,29121.4,12647.5,1
20241207,30,210.00,29121.4,12563.9,1
20241207,30,250.00,29121.4,12257.2,1
20241207,30,300.00,29121.4,12100.9,1
20241207,30,550.02,29121.4,12008.5,1
20241207,30,999.00,29121.4,11748.0,1
20241207,30,999.99,29121.4,0.0,1
20241207,31,0.00,0.0,8706.5,0
20241207,31,0.00,3216.1,8706.5,0
20241207,31,0.01,7433.8,8706.5,0
20241207,31,0.02,7466.1,8700.6,0
20241207,31,0.03,7470.0,8700.2,0
20241207,31,0.04,7470.1,8700.2,0
20241207,31,0.10,7493.2,8700.2,0
20241207,31,0.27,7493.7,8680.2,0
20241207,31,0.42,7497.2,8680.2,0
20241207,31,1.00,7578.4,8680.2,0
20241207,31,1.01,7578.4,8653.4,0
20241207,31,1.77,7580.4,8648.3,0
20241207,31,2.01,7580.4,8648.3,0
20241207,31,3.00,7580.4,8348.3,0
20241207,31,3.01,7580.6,8227.7,0
20241207,31,3.12,7582.6,8127.7,0
20241207,31,4.47,7584.6,8127.7,0
20241207,31,5.00,7658.6,8127.7,0
20241207,31,5.01,7658.6,8106.6,0
20241207,31,5.02,7658.6,7858.1,0
20241207,31,5.82,7660.6,7857.6,0
20241207,31,5.90,7660.6,7857.6,0
20241207,31,6.00,7681.3,7841.5,0
20241207,31,6.26,7681.3,7840.5,0
20241207,31,7.00,7685.3,7834.5,0
20241207,31,7.17,7687.3,7834.4,0
20241207,31,8.00,7707.3,7834.4,0
20241207,31,8.01,7707.8,7834.4,0
20241207,31,8.52,7709.8,7834.4,0
20241207,31,8.85,7709.8,7834.4,0
20241207,31,9.29,7709.8,7677.4,0
20241207,31,9.43,7709.8,7677.1,0
20241207,31,9.56,7709.8,7540.1,0
20241207,31,9.65,7709.8,7349.1,0
20241207,31,9.73,7709.8,7077.1,0
20241207,31,9.87,7711.8,7032.1,0
20241207,31,9.99,7711.8,7032.1,0
20241207,31,10.00,7715.7,7002.1,0
20241207,31,10.05,7719.6,7002.1,0
20241207,31,11.22,7721.6,7002.1,0
20241207,31,11.73,7721.6,7002.1,0
20241207,31,12.00,7806.2,6986.3,0
20241207,31,12.01,7806.2,6966.7,0
20241207,31,12.38,7811.5,6957.6,0
20241207,31,12.97,7813.2,6957.6,0
20241207,31,13.00,7818.3,6957.6,0
20241207,31,13.10,7981.3,6957.6,0
20241207,31,13.12,7981.3,6957.6,0
20241207,31,13.34,7981.3,6792.6,0
20241207,31,13.35,7990.4,6772.3,0
20241207,31,13.58,7990.4,6772.3,0
20241207,31,13.91,8269.4,6770.8,0
20241207,31,13.92,8269.4,6770.8,0
20241207,31,14.00,8269.4,6770.6,0
20241207,31,14.30,8427.4,6770.5,0
20241207,31,14.50,8427.4,6770.5,0
20241207,31,14.61,8427.4,6750.5,0
20241207,31,14.67,8427.4,6749.0,0
20241207,31,15.00,8427.4,6748.9,0
20241207,31,15.01,8427.4,6744.9,0
20241207,31,15.27,8427.4,6743.9,0
20241207,31,15.65,8427.4,6741.9,0
20241207,31,15.90,8427.4,6740.3,0
20241207,31,16.00,8437.7,6740.1,0
20241207,31,16.50,8437.7,6726.2,0
20241207,31,16.59,8437.7,6726.1,0
20241207,31,16.62,8437.7,6724.3,0
20241207,31,16.68,8437.7,6722.9,0
20241207,31,17.00,8437.7,6719.9,0
20241207,31,17.01,8437.7,6719.7,0
20241207,31,17.43,8437.7,6710.7,0
20241207,31,17.50,8437.7,6710.5,0
20241207,31,17.73,8437.7,6709.4,0
20241207,31,17.97,8437.7,6687.4,0
20241207,31,18.00,8437.7,6686.7,0
20241207,31,18.24,8447.3,6686.4,0
20241207,31,18.48,8447.3,6686.4,0
20241207,31,18.79,8447.3,6683.3,0
20241207,31,19.00,8447.3,6584.3,0
20241207,31,19.18,8499.3,6564.2,0
20241207,31,19.73,8500.1,6564.2,0
20241207,31,19.82,8569.4,6564.2,0
20241207,31,19.99,8646.8,6564.2,0
20241207,31,20.00,8646.8,6564.2,0
20241207,31,20.01,8646.8,6545.4,0
20241207,31,20.50,8646.8,6544.7,0
20241207,31,20.86,8708.7,6544.4,0
20241207,31,20.90,8723.7,6544.4,0
20241207,31,20.98,8723.7,6544.4,0
20241207,31,21.00,8733.7,6523.0,0
20241207,31,21.47,8733.7,6508.0,0
20241207,31,22.02,8733.8,6505.5,0
20241207,31,23.02,8733.9,6505.5,0
20241207,31,24.04,8733.9,6505.5,0
20241207,31,24.45,8733.9,6503.1,0
20241207,31,25.00,8733.9,6502.1,0
20241207,31,27.00,8733.9,6492.1,0
20241207,31,29.90,8733.9,6475.0,0
20241207,31,30.00,8733.9,6473.1,0
20241207,31,33.50,8733.9,6440.2,0
20241207,31,34.00,8733.9,6440.1,0
20241207,31,37.50,8733.9,6379.8,0
20241207,31,39.00,8733.9,6370.2,0
20241207,31,40.00,8733.9,6264.5,0
20241207,31,40.12,8733.9,6243.5,0
20241207,31,44.00,8733.9,6232.8,0
20241207,31,45.00,8733.9,6226.7,0
20241207,31,45.01,8733.9,6222.4,0
20241207,31,48.32,8733.9,6216.4,0
20241207,31,50.00,8733.9,6190.9,0
20241207,31,50.01,8733.9,6073.5,0
20241207,31,55.00,8733.9,6069.7,0
20241207,31,60.00,8733.9,6048.3,0
20241207,31,61.92,8733.9,6018.2,0
20241207,31,77.80,8733.9,6000.8,0
20241207,31,79.90,8733.9,5935.2,0
20241207,31,80.00,8733.9,5933.9,0
20241207,31,80.01,8733.9,5786.0,0
20241207,31,81.00,8733.9,5762.1,0
20241207,31,82.01,8733.9,5761.7,0
20241207,31,85.00,8733.9,5744.7,0
20241207,31,90.00,8733.9,5740.9,0
20241207,31,99.90,8733.9,5737.6,0
20241207,31,100.00,8733.9,5731.0,0
20241207,31,100.01,8756.8,5670.9,0
20241207,31,101.00,8756.8,5670.9,0
20241207,31,138.00,8756.8,5665.4,0
20241207,31,150.00,8756.8,5665.3,0
20241207,31,200.00,8756.8,5665.0,0
20241207,31,200.01,8756.8,5061.4,0
20241207,31,200.50,8756.8,4923.2,0
20241207,31,201.00,8756.8,4908.2,0
20241207,31,210.00,8756.8,4907.7,0
20241207,31,300.00,8756.8,4793.2,0
20241207,31,500.00,8756.8,4788.2,0
20241207,31,900.00,8756.8,4778.2,0
20241207,31,999.00,8756.8,4776.2,0
20241207,31,999.99,8756.8,0.0,0
20241207,31,0.00,0.0,17921.7,2
20241207,31,0.00,7085.5,17921.7,2
20241207,31,0.01,13945.0,17921.7,2
20241207,31,0.02,14079.3,17909.6,2
20241207,31,0.03,14079.3,17898.0,2
20241207,31,0.04,14096.6,17886.2,2
20241207,31,0.10,14128.4,17886.2,2
20241207,31,0.25,14131.8,17886.2,2
20241207,31,0.26,14131.9,17886.2,2
20241207,31,0.30,14132.3,17886.2,2
20241207,31,1.00,14356.8,17886.2,2
20241207,31,1.01,14358.9,17734.0,2
20241207,31,1.26,14428.8,17721.8,2
20241207,31,2.00,14465.1,17721.8,2
20241207,31,2.01,14465.1,17705.8,2
20241207,31,2.61,14466.1,17405.8,2
20241207,31,2.72,14473.3,17405.8,2
20241207,31,3.00,14473.3,17405.8,2
20241207,31,3.01,14482.8,16876.2,2
20241207,31,3.02,14482.8,16776.2,2
20241207,31,3.50,14482.8,16769.9,2
20241207,31,3.51,14483.5,16766.2,2
20241207,31,3.96,14484.6,16766.2,2
20241207,31,4.00,14497.8,16766.2,2
20241207,31,4.27,14556.2,16765.2,2
20241207,31,4.51,14556.2,16765.2,2
20241207,31,5.00,14612.3,16710.2,2
20241207,31,5.01,14612.9,16647.3,2
20241207,31,5.02,14612.9,16422.2,2
20241207,31,5.20,14612.9,16407.2,2
20241207,31,5.31,14614.9,16406.7,2
20241207,31,5.44,14622.1,16406.7,2
20241207,31,5.48,14622.1,16406.7,2
20241207,31,5.61,14622.4,16106.7,2
20241207,31,6.00,14668.8,16106.7,2
20241207,31,6.50,14671.5,16095.0,2
20241207,31,6.66,14673.5,16095.0,2
20241207,31,6.71,14676.7,16095.0,2
20241207,31,7.00,14676.7,16095.0,2
20241207,31,7.01,14680.8,16094.2,2
20241207,31,7.39,14680.8,16088.3,2
20241207,31,7.47,14681.4,16084.5,2
20241207,31,7.49,14681.6,16084.5,2
20241207,31,7.50,14701.6,16084.5,2
20241207,31,7.58,14701.9,16064.3,2
20241207,31,7.80,14701.9,16064.3,2
20241207,31,7.96,14704.3,15992.3,2
20241207,31,8.00,14704.3,15992.3,2
20241207,31,8.01,14720.8,15985.5,2
20241207,31,8.05,14722.8,15985.5,2
20241207,31,8.14,14722.8,15985.5,2
20241207,31,8.15,14730.0,15981.3,2
20241207,31,8.32,14730.0,15981.3,2
20241207,31,8.33,14730.0,15951.3,2
20241207,31,8.51,14830.0,15921.3,2
20241207,31,8.52,14856.6,15921.3,2
20241207,31,8.54,14918.1,15921.3,2
20241207,31,8.57,14918.1,15921.3,2
20241207,31,8.65,15006.8,15906.3,2
20241207,31,8.72,15006.8,15906.3,2
20241207,31,8.73,15006.8,15891.3,2
20241207,31,8.74,15010.2,15861.3,2
20241207,31,8.89,15010.2,15861.3,2
20241207,31,8.94,15010.2,15802.3,2
20241207,31,8.97,15010.2,15772.3,2
20241207,31,9.00,15010.2,15742.3,2
20241207,31,9.05,15010.2,15676.1,2
20241207,31,9.08,15010.2,15646.1,2
20241207,31,9.09,15018.9,15609.8,2
20241207,31,9.11,15018.9,15609.8,2
20241207,31,9.16,15038.9,15549.8,2
20241207,31,9.18,15038.9,15519.8,2
20241207,31,9.19,15038.9,15519.7,2
20241207,31,9.21,15074.6,15489.7,2
20241207,31,9.22,15074.6,15489.7,2
20241207,31,9.26,15074.6,15459.7,2
20241207,31,9.27,15079.3,15444.7,2
20241207,31,9.36,15084.0,15444.7,2
20241207,31,9.39,15109.0,15444.7,2
20241207,31,9.56,15164.0,15444.7,2
20241207,31,9.57,15184.0,15444.7,2
20241207,31,9.58,15184.0,15444.7,2
20241207,31,9.59,15214.0,15415.8,2
20241207,31,9.75,15215.2,15415.8,2
20241207,31,9.81,15215.2,15415.2,2
20241207,31,9.83,15227.3,15400.2,2
20241207,31,9.94,15227.6,15400.2,2
20241207,31,10.00,15243.4,15400.2,2
20241207,31,10.01,15249.7,15354.0,2
20241207,31,10.10,15249.7,15354.0,2
20241207,31,10.14,15249.7,15353.1,2
20241207,31,10.18,15469.7,15352.9,2
20241207,31,10.33,15869.7,15352.9,2
20241207,31,10.35,15869.7,15352.9,2
20241207,31,10.44,15869.7,15337.9,2
20241207,31,10.50,15869.7,15190.9,2
20241207,31,10.55,15869.7,15190.8,2
20241207,31,10.56,15869.7,15140.8,2
20241207,31,10.58,16269.7,15090.8,2
20241207,31,10.63,16269.7,15090.6,2
20241207,31,10.68,16269.7,15088.9,2
20241207,31,10.69,16283.2,15085.7,2
20241207,31,10.70,16309.0,15085.7,2
20241207,31,10.71,16339.0,15085.7,2
20241207,31,10.74,16341.4,15085.7,2
20241207,31,10.79,16341.4,15085.7,2
20241207,31,10.80,16341.4,14937.7,2
20241207,31,10.83,16741.4,14790.7,2
20241207,31,10.85,16841.4,14790.7,2
20241207,31,10.86,16897.4,14790.7,2
20241207,31,10.87,16904.7,14790.7,2
20241207,31,10.90,16904.7,14790.7,2
20241207,31,10.91,16926.7,14776.7,2
20241207,31,10.92,16938.3,14776.7,2
20241207,31,10.93,16939.0,14776.7,2
20241207,31,10.99,16969.0,14670.2,2
20241207,31,11.00,16969.0,14670.2,2
20241207,31,11.01,16970.3,14606.1,2
20241207,31,11.04,16970.3,14606.1,2
20241207,31,11.08,16970.3,14459.1,2
20241207,31,11.32,17870.3,14355.1,2
20241207,31,11.33,17870.3,14355.1,2
20241207,31,11.37,17870.3,14329.3,2
20241207,31,11.45,17870.3,14325.5,2
20241207,31,11.47,17879.7,14299.8,2
20241207,31,11.50,17899.7,14299.8,2
20241207,31,11.54,17899.7,14167.4,2
20241207,31,11.57,17951.7,14044.4,2
20241207,31,11.62,17951.7,14044.4,2
20241207,31,11.65,17951.7,14040.6,2
20241207,31,11.84,17981.7,13916.6,2
20241207,31,11.86,17981.7,13916.6,2
20241207,31,11.87,17981.7,13912.8,2
20241207,31,11.95,17981.7,13789.8,2
20241207,31,12.00,17986.7,13764.8,2
20241207,31,12.01,18007.3,13705.8,2
20241207,31,12.02,18007.3,13690.8,2
20241207,31,12.03,18138.0,13612.6,2
20241207,31,12.06,18138.0,13612.6,2
20241207,31,12.07,18331.0,13612.0,2
20241207,31,12.10,18351.0,13612.0,2
20241207,31,12.11,18351.0,13612.0,2
20241207,31,12.19,18351.0,13604.3,2
20241207,31,12.28,18351.0,13604.1,2
20241207,31,12.46,18536.0,13604.0,2
20241207,31,12.50,18538.5,13604.0,2
20241207,31,12.53,18568.5,13602.5,2
20241207,31,12.67,18568.5,13602.5,2
20241207,31,12.68,18597.2,13556.2,2
20241207,31,12.70,18597.2,13556.2,2
20241207,31,12.81,18599.3,13556.0,2
20241207,31,12.90,18604.7,13556.0,2
20241207,31,13.00,18650.5,13556.0,2
20241207,31,13.01,18651.7,13509.4,2
20241207,31,13.07,18681.7,13509.4,2
20241207,31,13.13,18701.7,13509.4,2
20241207,31,13.41,18701.7,13509.4,2
20241207,31,13.50,18721.7,13504.1,2
20241207,31,13.58,18721.7,13464.1,2
20241207,31,13.72,18721.7,13463.7,2
20241207,31,13.90,18736.5,13461.6,2
20241207,31,13.91,18736.5,13461.6,2
20241207,31,14.00,18738.5,13461.0,2
20241207,31,14.01,18742.3,13445.1,2
20241207,31,14.25,18750.9,13435.7,2
20241207,31,14.26,18770.9,13435.3,2
20241207,31,14.43,18770.9,13435.3,2
20241207,31,14.44,18770.9,13427.7,2
20241207,31,14.58,18770.9,13411.0,2
20241207,31,14.60,18770.9,13410.1,2
20241207,31,14.63,18790.9,13409.9,2
20241207,31,14.66,18812.9,13409.9,2
20241207,31,14.72,18838.9,13409.9,2
20241207,31,14.76,18838.9,13409.9,2
20241207,31,14.88,18850.9,13405.9,2
20241207,31,14.90,18863.9,13405.9,2
20241207,31,14.93,18911.9,13405.9,2
20241207,31,14.98,18956.9,13405.9,2
20241207,31,15.00,18996.9,13405.9,2
20241207,31,15.01,19099.2,13381.7,2
20241207,31,15.02,19108.2,13381.7,2
20241207,31,15.03,19156.2,13381.7,2
20241207,31,15.04,19186.2,13381.7,2
20241207,31,15.22,19336.2,13381.7,2
20241207,31,15.27,19336.2,13381.7,2
20241207,31,15.39,19986.2,13318.7,2
20241207,31,15.40,19986.7,13318.7,2
20241207,31,15.50,19996.7,13318.7,2
20241207,31,15.60,19996.7,13318.7,2
20241207,31,15.63,19996.7,13318.6,2
20241207,31,15.68,19999.1,13318.4,2
20241207,31,15.69,20034.1,13318.4,2
20241207,31,15.70,20034.1,13318.4,2
20241207,31,15.94,20084.1,13318.3,2
20241207,31,16.00,20114.1,13318.3,2
20241207,31,16.05,20114.1,13284.9,2
20241207,31,16.11,20114.1,13269.6,2
20241207,31,16.14,20164.1,13266.4,2
20241207,31,16.23,20164.1,13266.4,2
20241207,31,16.28,20164.1,13265.6,2
20241207,31,16.29,20164.1,13265.5,2
20241207,31,16.40,20164.1,13265.3,2
20241207,31,16.44,20199.1,13265.2,2
20241207,31,16.50,20204.1,13265.2,2
20241207,31,16.90,20204.3,13264.2,2
20241207,31,17.00,20254.3,13264.2,2
20241207,31,17.01,20255.8,13263.4,2
20241207,31,17.18,20280.8,13261.9,2
20241207,31,17.20,20280.8,13261.9,2
20241207,31,17.22,20505.3,13260.3,2
20241207,31,17.35,20505.3,13260.3,2
20241207,31,17.46,20505.3,13259.8,2
20241207,31,17.58,20505.3,13258.0,2
20241207,31,17.60,20505.3,13241.8,2
20241207,31,17.93,20530.3,13241.7,2
20241207,31,18.00,20530.3,13241.7,2
20241207,31,18.16,20530.3,13241.6,2
20241207,31,18.29,20530.3,13197.1,2
20241207,31,18.72,20530.3,13189.4,2
20241207,31,18.81,20530.3,13170.0,2
20241207,31,18.98,20530.3,13169.9,2
20241207,31,20.00,20530.3,13169.0,2
20241207,31,20.01,20535.2,13157.1,2
20241207,31,21.28,20535.2,13141.9,2
20241207,31,21.29,20535.2,13141.7,2
20241207,31,21.73,20535.2,13139.1,2
20241207,31,22.16,20535.2,13138.3,2
20241207,31,23.56,20535.2,13130.7,2
20241207,31,23.87,20544.8,13129.8,2
20241207,31,24.32,20544.8,13129.8,2
20241207,31,24.47,20544.8,13129.0,2
20241207,31,24.73,20544.8,13117.7,2
20241207,31,25.12,20544.8,13110.0,2
20241207,31,25.81,20544.8,13093.8,2
20241207,31,26.00,20544.8,13086.2,2
20241207,31,26.02,20544.8,12964.1,2
20241207,31,27.00,20544.8,12881.0,2
20241207,31,27.50,20544.8,12877.4,2
20241207,31,29.90,20544.8,12872.8,2
20241207,31,30.00,20544.8,12868.3,2
20241207,31,31.79,20544.8,12819.3,2
20241207,31,34.70,20544.8,12816.9,2
20241207,31,34.94,20544.8,12815.5,2
20241207,31,35.00,20544.8,12797.4,2
20241207,31,35.24,20544.8,12770.9,2
20241207,31,36.00,20544.8,12770.4,2
20241207,31,36.79,20544.8,12720.4,2
20241207,31,39.69,21127.8,12716.3,2
20241207,31,40.00,21127.8,12716.3,2
20241207,31,40.12,21127.8,12673.5,2
20241207,31,42.00,21127.8,12667.5,2
20241207,31,42.19,21127.8,12667.0,2
20241207,31,42.44,21127.8,12665.4,2
20241207,31,45.00,21127.8,12577.4,2
20241207,31,45.01,21127.8,12292.0,2
20241207,31,46.00,21127.8,12145.0,2
20241207,31,50.00,21127.8,12095.0,2
20241207,31,55.00,21127.8,11914.2,2
20241207,31,56.00,21127.8,11868.5,2
20241207,31,60.00,21127.8,11866.3,2
20241207,31,60.68,21127.8,11791.0,2
20241207,31,77.80,21127.8,11759.8,2
20241207,31,79.90,21127.8,11674.1,2
20241207,31,80.00,21127.8,11671.0,2
20241207,31,80.01,21127.8,11139.9,2
20241207,31,80.21,21277.7,11073.7,2
20241207,31,81.00,21277.7,11073.7,2
20241207,31,82.01,21277.7,11060.3,2
20241207,31,85.00,21277.7,10999.8,2
20241207,31,90.00,21277.7,10994.7,2
20241207,31,94.79,21277.7,10989.6,2
20241207,31,99.90,21277.7,10988.0,2
20241207,31,100.00,21427.7,10987.0,2
20241207,31,100.01,21440.8,10608.8,2
20241207,31,101.00,21440.8,10608.8,2
20241207,31,107.71,21440.8,10449.8,2
20241207,31,120.10,21440.8,10448.1,2
20241207,31,120.63,21440.8,10433.6,2
20241207,31,133.55,21440.8,10432.0,2
20241207,31,138.00,21440.8,10430.3,2
20241207,31,150.00,21440.8,10282.3,2
20241207,31,190.00,21440.8,10233.2,2
20241207,31,200.00,21440.8,10231.9,2
20241207,31,200.01,21440.8,8966.6,2
20241207,31,200.10,21440.8,7508.4,2
20241207,31,200.50,21440.8,7426.9,2
20241207,31,201.00,21440.8,7388.4,2
20241207,31,210.00,21440.8,7382.2,2
20241207,31,250.00,21440.8,7285.4,2
20241207,31,300.00,21440.8,7280.5,2
20241207,31,550.02,21440.8,7272.4,2
20241207,31,900.00,21440.8,7090.1,2
20241207,31,999.00,21440.8,7078.5,2
20241207,31,999.99,21440.8,0.0,2
20241207,32,0.00,0.0,30215.3,0
20241207,32,0.00,9886.9,30215.3,0
20241207,32,0.01,24603.3,30215.3,0
20241207,32,0.02,24772.4,30203.8,0
20241207,32,0.03,24776.4,30203.4,0
20241207,32,0.04,24805.2,30191.5,0
20241207,32,0.10,24881.0,30191.5,0
20241207,32,0.25,24882.8,30111.4,0
20241207,32,0.26,24882.9,30111.4,0
20241207,32,0.27,24883.1,30111.4,0
20241207,32,0.30,24883.2,30111.4,0
20241207,32,0.50,24948.8,30111.4,0
20241207,32,0.94,25162.5,30111.4,0
20241207,32,1.00,25568.7,30111.4,0
20241207,32,1.01,25579.4,29954.8,0
20241207,32,1.16,25586.6,29944.6,0
20241207,32,1.85,25587.6,29944.6,0
20241207,32,2.00,25642.0,29944.6,0
20241207,32,2.01,25642.0,29928.6,0
20241207,32,2.29,25645.0,29628.6,0
20241207,32,2.31,25652.2,29628.6,0
20241207,32,3.00,25653.6,29628.6,0
20241207,32,3.01,25659.8,29060.0,0
20241207,32,3.02,25659.8,28960.0,0
20241207,32,3.20,25660.8,28958.7,0
20241207,32,3.47,25668.0,28958.7,0
20241207,32,3.50,25668.0,28958.7,0
20241207,32,3.51,25668.7,28955.8,0
20241207,32,3.64,25671.7,28955.8,0
20241207,32,4.00,25691.1,28955.8,0
20241207,32,4.55,25692.1,28954.8,0
20241207,32,4.62,25699.4,28954.8,0
20241207,32,4.98,25699.9,28954.8,0
20241207,32,4.99,25702.9,28954.8,0
20241207,32,5.00,25881.0,28954.8,0
20241207,32,5.01,25881.0,28860.4,0
20241207,32,5.02,25881.0,28490.4,0
20241207,32,5.77,25888.2,28485.4,0
20241207,32,5.90,25889.2,28485.4,0
20241207,32,6.00,25957.7,28469.3,0
20241207,32,6.22,25958.2,28466.6,0
20241207,32,6.26,25958.2,28466.6,0
20241207,32,6.34,25961.2,28460.6,0
20241207,32,6.35,25962.6,28460.6,0
20241207,32,6.37,25962.8,28460.6,0
20241207,32,6.46,25963.0,28460.6,0
20241207,32,6.50,25969.9,28460.6,0
20241207,32,6.74,25970.0,28460.6,0
20241207,32,6.92,25971.4,28460.6,0
20241207,32,7.00,25975.4,28460.6,0
20241207,32,7.01,25979.5,28459.7,0
20241207,32,7.25,25980.6,28453.8,0
20241207,32,7.50,26022.1,28453.8,0
20241207,32,7.62,26022.1,28433.8,0
20241207,32,7.69,26025.1,28433.7,0
20241207,32,7.77,26025.2,28433.7,0
20241207,32,7.80,26025.2,28433.7,0
20241207,32,7.81,26025.2,28389.7,0
20241207,32,8.00,26048.1,28289.7,0
20241207,32,8.01,26049.4,28284.9,0
20241207,32,8.07,26050.9,28284.9,0
20241207,32,8.12,26050.9,28284.9,0
20241207,32,8.28,26051.0,28283.4,0
20241207,32,8.60,26052.2,28283.4,0
20241207,32,8.65,26053.5,28279.6,0
20241207,32,8.80,26053.6,28279.6,0
20241207,32,8.85,26053.6,28279.6,0
20241207,32,8.89,26053.6,28122.6,0
20241207,32,8.94,26053.6,28063.6,0
20241207,32,8.97,26053.6,28033.6,0
20241207,32,9.00,26053.6,28003.6,0
20241207,32,9.04,26056.6,27943.6,0
20241207,32,9.05,26056.6,27943.6,0
20241207,32,9.08,26056.6,27913.6,0
20241207,32,9.09,26056.6,27883.6,0
20241207,32,9.11,26056.6,27868.6,0
20241207,32,9.16,26056.6,27808.6,0
20241207,32,9.19,26056.6,27778.6,0
20241207,32,9.22,26056.6,27748.6,0
20241207,32,9.59,26151.6,27718.6,0
20241207,32,9.61,26151.6,27718.6,0
20241207,32,9.66,26155.1,27714.4,0
20241207,32,9.71,26158.2,27699.4,0
20241207,32,9.73,26158.2,27699.4,0
20241207,32,9.95,26161.0,27654.4,0
20241207,32,9.99,26161.0,27654.4,0
20241207,32,10.00,26166.5,27607.5,0
20241207,32,10.05,26179.7,27587.3,0
20241207,32,10.10,26179.7,27587.3,0
20241207,32,10.12,26197.8,27573.0,0
20241207,32,10.23,26197.8,27573.0,0
20241207,32,10.25,26197.8,27558.0,0
20241207,32,10.39,26200.8,26984.0,0
20241207,32,10.41,26201.7,26984.0,0
20241207,32,10.44,26201.9,26984.0,0
20241207,32,10.50,26201.9,26837.0,0
20241207,32,10.56,26201.9,26836.9,0
20241207,32,10.61,26204.8,26832.7,0
20241207,32,10.68,26204.8,26832.7,0
20241207,32,10.70,26204.8,26829.4,0
20241207,32,10.75,26204.8,26798.5,0
20241207,32,10.79,26204.8,26639.5,0
20241207,32,10.80,26204.8,26477.5,0
20241207,32,10.85,26304.8,26330.0,0
20241207,32,10.86,26360.8,26330.0,0
20241207,32,10.93,26372.7,26330.0,0
20241207,32,11.00,26384.6,26223.2,0
20241207,32,11.04,26384.6,26169.2,0
20241207,32,11.08,26384.6,26022.2,0
20241207,32,11.13,26384.6,25918.2,0
20241207,32,11.15,26384.6,25893.2,0
20241207,32,11.26,26384.6,25828.2,0
20241207,32,11.28,26384.6,25635.4,0
20241207,32,11.33,26384.6,25405.4,0
20241207,32,11.34,26384.6,25391.9,0
20241207,32,11.40,26386.3,24900.1,0
20241207,32,11.43,26386.7,24899.2,0
20241207,32,11.50,26386.7,24899.2,0
20241207,32,11.52,26386.7,24776.2,0
20241207,32,11.53,26392.7,24767.6,0
20241207,32,11.54,26392.7,24767.6,0
20241207,32,11.57,26444.7,24644.6,0
20241207,32,11.65,26444.7,24644.6,0
20241207,32,11.70,26444.7,24521.6,0
20241207,32,11.74,26447.7,24521.5,0
20241207,32,11.83,26447.7,24521.5,0
20241207,32,11.84,26477.7,24496.5,0
20241207,32,11.87,26477.7,24496.5,0
20241207,32,12.00,26559.7,24373.5,0
20241207,32,12.01,26561.0,24232.0,0
20241207,32,12.02,26561.0,24217.1,0
20241207,32,12.03,26661.0,24035.1,0
20241207,32,12.07,26881.0,24035.1,0
20241207,32,12.10,26881.0,24035.1,0
20241207,32,12.14,26892.0,24035.0,0
20241207,32,12.16,26892.0,24035.0,0
20241207,32,12.28,26892.0,24031.0,0
20241207,32,12.36,26920.9,24030.9,0
20241207,32,12.39,26920.9,24030.9,0
20241207,32,12.40,26920.9,24026.0,0
20241207,32,12.41,27100.9,24025.9,0
20241207,32,12.43,27100.9,24025.9,0
20241207,32,12.49,27103.4,24021.9,0
20241207,32,12.50,27105.4,23981.9,0
20241207,32,12.52,27105.4,23980.7,0
20241207,32,12.65,27105.4,23955.7,0
20241207,32,12.66,27106.6,23955.2,0
20241207,32,12.67,27106.6,23955.2,0
20241207,32,12.68,27121.6,23945.2,0
20241207,32,12.73,27121.6,23945.2,0
20241207,32,12.75,27138.9,23928.9,0
20241207,32,12.77,27138.9,23919.1,0
20241207,32,12.80,27138.9,23906.9,0
20241207,32,12.81,27138.9,23906.8,0
20241207,32,12.85,27138.9,23755.8,0
20241207,32,12.95,27138.9,23671.8,0
20241207,32,12.97,27138.9,23621.8,0
20241207,32,13.00,27185.2,23571.8,0
20241207,32,13.06,27185.2,23570.5,0
20241207,32,13.07,27199.6,23554.9,0
20241207,32,13.09,27202.6,23554.9,0
20241207,32,13.12,27202.6,23554.9,0
20241207,32,13.26,27214.7,23389.9,0
20241207,32,13.34,27214.7,23389.9,0
20241207,32,13.35,27234.0,23369.9,0
20241207,32,13.38,27234.0,23365.0,0
20241207,32,13.50,27257.5,23360.9,0
20241207,32,13.59,27257.5,23320.9,0
20241207,32,13.61,27260.0,23320.1,0
20241207,32,13.64,27290.0,23320.1,0
20241207,32,13.65,27290.0,23320.1,0
20241207,32,13.69,27290.0,23318.2,0
20241207,32,13.74,27292.5,23318.1,0
20241207,32,13.77,27292.5,23318.1,0
20241207,32,13.96,27294.9,23313.3,0
20241207,32,14.00,27294.9,23313.3,0
20241207,32,14.01,27341.7,23288.1,0
20241207,32,14.25,27346.2,23278.7,0
20241207,32,14.30,27348.6,23278.7,0
20241207,32,14.35,27348.6,23278.4,0
20241207,32,14.36,27364.6,23223.0,0
20241207,32,14.43,27364.6,23215.4,0
20241207,32,14.50,27364.6,23198.3,0
20241207,32,14.51,27369.7,23178.2,0
20241207,32,14.58,27370.0,23178.2,0
20241207,32,14.60,27370.0,23178.2,0
20241207,32,14.61,27405.0,23178.0,0
20241207,32,14.63,27408.0,23178.0,0
20241207,32,14.65,27410.4,23178.0,0
20241207,32,14.66,27416.4,23178.0,0
20241207,32,14.67,27416.4,23178.0,0
20241207,32,14.69,27419.6,23177.9,0
20241207,32,14.72,27430.6,23177.9,0
20241207,32,14.88,27455.6,23177.9,0
20241207,32,14.90,27468.6,23177.9,0
20241207,32,14.91,27469.0,23177.9,0
20241207,32,14.93,27501.0,23177.9,0
20241207,32,14.98,27532.0,23177.9,0
20241207,32,14.99,27537.0,23177.9,0
20241207,32,15.00,27604.4,23177.9,0
20241207,32,15.01,27712.7,23120.7,0
20241207,32,15.02,27721.7,23119.7,0
20241207,32,15.03,27756.7,23119.7,0
20241207,32,15.10,27758.4,23119.7,0
20241207,32,15.15,27758.4,23119.7,0
20241207,32,15.22,27897.4,23110.0,0
20241207,32,15.27,27897.4,23110.0,0
20241207,32,15.30,27932.4,23045.5,0
20241207,32,15.35,27932.4,23045.5,0
20241207,32,15.41,28322.4,23042.5,0
20241207,32,15.50,28477.4,23042.5,0
20241207,32,15.57,28687.4,23042.5,0
20241207,32,15.60,28687.9,23042.5,0
20241207,32,15.68,28689.8,23042.4,0
20241207,32,15.70,28689.8,23042.4,0
20241207,32,15.73,28690.6,23042.3,0
20241207,32,15.75,28832.6,23040.8,0
20241207,32,15.79,28832.6,23040.8,0
20241207,32,15.82,28834.4,23040.5,0
20241207,32,15.86,28884.4,23040.5,0
20241207,32,15.90,28884.4,23040.5,0
20241207,32,15.92,28934.4,23040.3,0
20241207,32,15.93,29037.4,23040.3,0
20241207,32,16.00,29102.4,23040.3,0
20241207,32,16.10,29102.6,23029.3,0
20241207,32,16.11,29133.6,23029.3,0
20241207,32,16.21,29145.6,23029.3,0
20241207,32,16.22,29152.6,23029.3,0
20241207,32,16.24,29178.6,23029.3,0
20241207,32,16.40,29178.6,23029.3,0
20241207,32,16.47,29178.6,23029.2,0
20241207,32,16.50,29253.6,23027.6,0
20241207,32,16.51,29253.9,23026.8,0
20241207,32,16.59,29253.9,23026.8,0
20241207,32,16.70,29278.9,23024.9,0
20241207,32,16.91,29279.0,23014.6,0
20241207,32,17.00,29379.0,23014.6,0
20241207,32,17.01,29379.0,23014.0,0
20241207,32,17.03,29379.0,23003.3,0
20241207,32,17.14,29379.0,22936.2,0
20241207,32,17.20,29379.0,22933.2,0
20241207,32,17.22,29603.5,22928.4,0
20241207,32,17.25,29603.5,22928.4,0
20241207,32,17.26,29603.5,22928.3,0
20241207,32,17.43,29603.5,22928.1,0
20241207,32,17.44,29608.3,22927.9,0
20241207,32,17.50,29608.3,22927.9,0
20241207,32,17.58,29608.3,22927.8,0
20241207,32,17.60,29608.3,22911.6,0
20241207,32,17.73,29608.3,22911.5,0
20241207,32,18.00,29608.3,22889.5,0
20241207,32,18.01,29615.5,22880.3,0
20241207,32,18.05,29615.5,22880.3,0
20241207,32,18.17,29615.5,22878.4,0
20241207,32,18.30,29615.5,22874.3,0
20241207,32,18.32,29665.4,22870.8,0
20241207,32,18.43,29770.4,22870.8,0
20241207,32,18.49,29770.4,22870.8,0
20241207,32,18.50,29770.4,22868.4,0
20241207,32,18.61,29770.4,22866.4,0
20241207,32,18.79,29778.0,22817.5,0
20241207,32,18.80,29778.0,22718.5,0
20241207,32,19.00,29778.0,22717.2,0
20241207,32,19.09,29778.0,22697.1,0
20241207,32,19.17,29778.0,22689.4,0
20241207,32,19.40,29778.0,22686.3,0
20241207,32,19.46,29809.0,22686.1,0
20241207,32,19.56,29950.0,22662.5,0
20241207,32,19.59,30092.0,22662.5,0
20241207,32,19.66,30233.0,22662.5,0
20241207,32,19.70,30375.0,22662.5,0
20241207,32,19.73,30516.0,22662.5,0
20241207,32,19.82,30585.0,22662.5,0
20241207,32,19.84,30585.0,22662.5,0
20241207,32,20.00,30615.0,22660.7,0
20241207,32,20.01,30619.9,22586.0,0
20241207,32,20.05,30619.9,22578.4,0
20241207,32,20.06,30705.4,22575.8,0
20241207,32,20.48,30705.4,22575.8,0
20241207,32,20.50,30705.4,22575.0,0
20241207,32,20.93,30775.8,22573.7,0
20241207,32,20.96,30790.8,22573.7,0
20241207,32,21.00,30800.8,22573.7,0
20241207,32,21.03,30800.8,22558.7,0
20241207,32,21.06,30800.8,21758.7,0
20241207,32,21.10,30806.7,21754.4,0
20241207,32,21.17,30806.7,21754.4,0
20241207,32,21.19,30806.7,21602.1,0
20241207,32,22.25,30806.7,21601.1,0
20241207,32,22.26,30806.7,21600.9,0
20241207,32,22.35,30948.7,21598.2,0
20241207,32,22.46,30948.7,21598.2,0
20241207,32,22.54,30948.7,21595.1,0
20241207,32,22.63,30949.2,21594.1,0
20241207,32,22.72,30949.4,21594.1,0
20241207,32,22.77,30949.4,21594.1,0
20241207,32,23.29,30998.8,21593.2,0
20241207,32,23.73,30998.8,21552.1,0
20241207,32,23.80,30998.8,21551.3,0
20241207,32,23.83,30998.8,21538.7,0
20241207,32,23.87,31008.4,21531.1,0
20241207,32,23.89,31008.4,21531.1,0
20241207,32,23.92,31008.4,21530.1,0
20241207,32,24.04,31008.4,21517.9,0
20241207,32,25.00,31008.4,21515.3,0
20241207,32,25.12,31008.4,21509.6,0
20241207,32,25.24,31008.4,21497.7,0
20241207,32,25.57,31149.4,21496.7,0
20241207,32,25.75,31149.4,21496.7,0
20241207,32,26.00,31149.4,21493.7,0
20241207,32,26.59,31149.4,21390.7,0
20241207,32,26.98,31149.4,21389.7,0
20241207,32,27.00,31149.4,21382.0,0
20241207,32,27.94,31149.4,21264.5,0
20241207,32,28.30,31149.4,21263.5,0
20241207,32,28.56,31149.4,21255.9,0
20241207,32,28.80,31291.4,21168.6,0
20241207,32,29.29,31291.4,21168.6,0
20241207,32,29.90,31291.4,21167.6,0
20241207,32,30.00,31291.4,21164.2,0
20241207,32,30.64,31291.4,21094.3,0
20241207,32,31.79,31291.4,21093.3,0
20241207,32,31.99,31291.4,21090.7,0
20241207,32,32.02,31432.4,21087.8,0
20241207,32,33.62,31454.3,21087.8,0
20241207,32,34.00,31454.3,21087.8,0
20241207,32,34.94,31454.3,21026.1,0
20241207,32,35.00,31454.3,21006.3,0
20241207,32,35.50,31454.3,20974.0,0
20241207,32,36.00,31454.3,20973.9,0
20241207,32,36.79,31454.3,20923.9,0
20241207,32,37.50,31454.3,20915.5,0
20241207,32,38.50,31454.3,20871.6,0
20241207,32,39.69,32172.3,20871.5,0
20241207,32,40.00,32172.3,20871.5,0
20241207,32,40.12,32172.3,20791.0,0
20241207,32,42.50,32172.3,20773.8,0
20241207,32,45.00,32172.3,20773.7,0
20241207,32,45.01,32172.3,20192.7,0
20241207,32,46.00,32172.3,20020.9,0
20241207,32,48.32,32172.3,19970.9,0
20241207,32,49.50,32172.3,19945.3,0
20241207,32,50.00,32173.9,19944.9,0
20241207,32,50.01,32173.9,19388.6,0
20241207,32,50.90,32173.9,19384.7,0
20241207,32,55.00,32173.9,19383.1,0
20241207,32,60.00,32173.9,19314.1,0
20241207,32,62.26,32173.9,19166.5,0
20241207,32,62.69,32173.9,19146.3,0
20241207,32,70.00,32173.9,19128.7,0
20241207,32,70.48,32174.3,19127.6,0
20241207,32,72.00,32174.3,19127.6,0
20241207,32,77.80,32174.3,19127.3,0
20241207,32,79.90,32174.3,18983.3,0
20241207,32,80.00,32174.3,18981.1,0
20241207,32,80.01,32174.3,18050.4,0
20241207,32,80.02,32174.3,17921.8,0
20241207,32,80.21,32314.3,17845.8,0
20241207,32,81.00,32314.3,17845.8,0
20241207,32,82.01,32314.3,17821.9,0
20241207,32,85.00,32314.3,17699.3,0
20241207,32,90.00,32314.3,17681.0,0
20241207,32,99.90,32314.3,17677.3,0
20241207,32,100.00,32333.3,17669.5,0
20241207,32,100.01,32371.5,17258.7,0
20241207,32,101.00,32371.5,17258.7,0
20241207,32,120.10,32371.5,17130.0,0
20241207,32,138.00,32371.5,17086.1,0
20241207,32,150.00,32371.5,16995.0,0
20241207,32,151.00,32371.5,16904.6,0
20241207,32,190.00,32371.5,16874.6,0
20241207,32,200.00,32371.5,16873.4,0
20241207,32,200.01,32371.5,13950.6,0
20241207,32,200.10,32371.5,11929.1,0
20241207,32,200.50,32371.5,11741.4,0
20241207,32,201.00,32371.5,11665.8,0
20241207,32,210.00,32371.5,11586.5,0
20241207,32,250.00,32371.5,11159.8,0
20241207,32,300.00,32371.5,11011.5,0
20241207,32,500.00,32371.5,10913.9,0
20241207,32,550.02,32371.5,10903.9,0
20241207,32,900.00,32371.5,10680.9,0
20241207,32,999.00,32371.5,10678.9,0
20241207,32,999.99,32371.5,0.0,0
20241207,33,0.00,0.0,8942.3,0
20241207,33,0.00,2593.6,8942.3,0
20241207,33,0.01,6863.2,8942.3,0
20241207,33,0.02,6898.1,8936.2,0
20241207,33,0.03,6901.8,8935.8,0
20241207,33,0.10,6933.6,8935.8,0
20241207,33,1.00,7034.8,8915.8,0
20241207,33,1.01,7034.8,8891.4,0
20241207,33,1.23,7035.2,8886.3,0
20241207,33,2.01,7035.2,8886.3,0
20241207,33,2.58,7036.2,8586.3,0
20241207,33,3.00,7036.2,8586.3,0
20241207,33,3.01,7036.2,8505.7,0
20241207,33,3.93,7038.1,8405.7,0
20241207,33,5.00,7106.6,8405.7,0
20241207,33,5.01,7106.6,8342.0,0
20241207,33,5.28,7108.6,8093.4,0
20241207,33,5.90,7108.6,8093.4,0
20241207,33,6.00,7129.3,8077.3,0
20241207,33,6.26,7129.3,8077.3,0
20241207,33,6.60,7130.7,8071.3,0
20241207,33,6.63,7132.7,8071.3,0
20241207,33,7.00,7132.7,8071.3,0
20241207,33,7.98,7134.7,8071.2,0
20241207,33,8.00,7134.7,8071.2,0
20241207,33,8.01,7135.2,8070.2,0
20241207,33,8.85,7135.2,8070.2,0
20241207,33,9.00,7139.2,7913.2,0
20241207,33,9.33,7141.2,7913.2,0
20241207,33,9.72,7141.2,7913.2,0
20241207,33,9.73,7141.2,7912.4,0
20241207,33,9.99,7141.2,7867.4,0
20241207,33,10.00,7152.6,7837.4,0
20241207,33,10.05,7172.6,7835.8,0
20241207,33,10.68,7174.6,7835.8,0
20241207,33,11.48,7174.6,7835.8,0
20241207,33,11.58,7174.6,7798.8,0
20241207,33,11.71,7174.6,7733.8,0
20241207,33,12.00,7256.6,7503.8,0
20241207,33,12.01,7256.6,7493.5,0
20241207,33,12.03,7258.6,7484.2,0
20241207,33,12.27,7258.6,7484.2,0
20241207,33,12.43,7258.6,7342.2,0
20241207,33,13.12,7258.6,7116.2,0
20241207,33,13.34,7258.6,6951.2,0
20241207,33,13.38,7260.6,6936.0,0
20241207,33,13.97,7263.1,6936.0,0
20241207,33,13.99,7263.1,6936.0,0
20241207,33,14.00,7263.1,6918.5,0
20241207,33,14.01,7263.1,6918.4,0
20241207,33,14.67,7263.1,6916.6,0
20241207,33,14.73,7265.1,6916.5,0
20241207,33,15.00,7265.1,6916.5,0
20241207,33,15.01,7265.1,6893.9,0
20241207,33,15.37,7275.1,6892.9,0
20241207,33,15.41,7423.1,6892.9,0
20241207,33,15.45,7423.1,6892.9,0
20241207,33,15.55,7423.1,6891.0,0
20241207,33,15.76,7875.1,6878.0,0
20241207,33,15.90,7875.1,6878.0,0
20241207,33,15.94,7880.1,6877.8,0
20241207,33,16.00,7880.1,6877.8,0
20241207,33,16.53,7881.8,6877.1,0
20241207,33,16.59,7881.8,6877.1,0
20241207,33,16.61,7881.8,6875.7,0
20241207,33,16.76,7891.8,6875.4,0
20241207,33,16.90,7891.8,6875.4,0
20241207,33,16.98,7892.0,6873.5,0
20241207,33,17.00,7892.0,6873.5,0
20241207,33,17.01,7892.0,6873.3,0
20241207,33,17.43,7892.0,6864.1,0
20241207,33,17.50,7892.0,6863.7,0
20241207,33,17.73,7892.0,6863.6,0
20241207,33,18.00,7892.0,6841.6,0
20241207,33,18.16,7894.5,6822.9,0
20241207,33,18.19,7894.5,6822.9,0
20241207,33,18.20,7963.8,6809.0,0
20241207,33,18.34,7963.8,6809.0,0
20241207,33,18.78,7963.8,6806.0,0
20241207,33,18.79,7963.8,6804.0,0
20241207,33,19.00,8030.4,6705.0,0
20241207,33,19.35,8045.4,6684.9,0
20241207,33,19.47,8071.4,6684.9,0
20241207,33,19.82,8140.4,6684.9,0
20241207,33,20.00,8140.4,6684.9,0
20241207,33,20.01,8140.4,6662.2,0
20241207,33,20.13,8140.4,6661.5,0
20241207,33,20.53,8140.4,6660.0,0
20241207,33,20.97,8140.4,6656.9,0
20241207,33,21.00,8160.4,6627.7,0
20241207,33,21.48,8160.4,6612.2,0
20241207,33,24.04,8160.4,6611.2,0
20241207,33,24.19,8160.4,6609.1,0
20241207,33,25.00,8160.4,6606.0,0
20241207,33,27.00,8160.4,6600.4,0
20241207,33,27.85,8160.4,6582.4,0
20241207,33,29.90,8160.4,6579.3,0
20241207,33,30.00,8160.4,6577.4,0
20241207,33,30.28,8160.4,6543.4,0
20241207,33,34.00,8160.4,6541.2,0
20241207,33,35.00,8160.4,6478.5,0
20241207,33,37.50,8160.4,6473.8,0
20241207,33,40.00,8160.4,6463.9,0
20241207,33,40.12,8160.4,6445.8,0
20241207,33,42.50,8160.4,6434.0,0
20241207,33,45.00,8160.4,6424.2,0
20241207,33,45.01,8160.4,6419.4,0
20241207,33,48.32,8160.4,6414.6,0
20241207,33,50.00,8160.4,6388.8,0
20241207,33,50.01,8160.4,6151.2,0
20241207,33,55.00,8160.4,6147.3,0
20241207,33,60.00,8160.4,6124.1,0
20241207,33,62.94,8160.4,6094.3,0
20241207,33,77.80,8160.4,6075.9,0
20241207,33,79.90,8160.4,6005.3,0
20241207,33,80.00,8160.4,6004.0,0
20241207,33,80.01,8160.4,5850.6,0
20241207,33,81.00,8160.4,5825.1,0
20241207,33,82.01,8160.4,5824.7,0
20241207,33,85.00,8160.4,5806.3,0
20241207,33,90.00,8160.4,5802.7,0
20241207,33,99.90,8160.4,5798.9,0
20241207,33,100.00,8160.4,5791.5,0
20241207,33,100.01,8173.1,5719.5,0
20241207,33,101.00,8173.1,5719.5,0
20241207,33,138.00,8173.1,5714.0,0
20241207,33,150.00,8173.1,5713.8,0
20241207,33,200.00,8173.1,5710.8,0
20241207,33,200.01,8173.1,5089.5,0
20241207,33,200.10,8173.1,4948.6,0
20241207,33,200.50,8173.1,4948.1,0
20241207,33,201.00,8173.1,4932.7,0
20241207,33,210.00,8173.1,4932.2,0
20241207,33,300.00,8173.1,4875.6,0
20241207,33,500.00,8173.1,4870.6,0
20241207,33,900.00,8173.1,4860.6,0
20241207,33,999.00,8173.1,4858.6,0
20241207,33,999.99,8173.1,0.0,0
20241207,33,0.00,0.0,18080.6,2
20241207,33,0.00,6330.3,18080.6,2
20241207,33,0.01,14734.8,18080.6,2
20241207,33,0.02,14859.4,18071.7,2
20241207,33,0.03,14859.4,18061.2,2
20241207,33,0.04,14864.2,18049.2,2
20241207,33,0.10,14884.9,18049.2,2
20241207,33,0.25,14885.4,18049.2,2
20241207,33,1.00,15087.5,18049.2,2
20241207,33,1.01,15089.6,17896.6,2
20241207,33,1.28,15147.1,17887.8,2
20241207,33,2.00,15183.2,17887.8,2
20241207,33,2.01,15183.2,17871.8,2
20241207,33,2.30,15190.4,17571.8,2
20241207,33,2.63,15191.4,17571.8,2
20241207,33,3.00,15192.4,17571.8,2
20241207,33,3.01,15195.3,17160.5,2
20241207,33,3.98,15196.3,17060.5,2
20241207,33,4.00,15204.3,17060.5,2
20241207,33,4.27,15262.7,17059.5,2
20241207,33,4.48,15262.9,17059.5,2
20241207,33,4.59,15270.1,17059.5,2
20241207,33,4.73,15270.2,17059.5,2
20241207,33,4.82,15270.3,17059.5,2
20241207,33,4.93,15270.4,17059.5,2
20241207,33,4.98,15270.4,17059.5,2
20241207,33,5.00,15323.5,17004.5,2
20241207,33,5.01,15324.1,16824.6,2
20241207,33,5.33,15325.1,16599.3,2
20241207,33,5.37,15325.2,16599.3,2
20241207,33,5.48,15325.2,16599.3,2
20241207,33,5.82,15325.3,16299.3,2
20241207,33,6.00,15402.1,16299.3,2
20241207,33,6.26,15402.2,16287.5,2
20241207,33,6.50,15409.5,16287.5,2
20241207,33,6.68,15410.5,16287.5,2
20241207,33,6.71,15410.6,16287.5,2
20241207,33,6.89,15417.8,16287.5,2
20241207,33,7.00,15417.8,16287.5,2
20241207,33,7.47,15417.8,16286.8,2
20241207,33,7.50,15437.8,16284.9,2
20241207,33,7.71,15437.8,16264.9,2
20241207,33,8.00,15437.8,16264.8,2
20241207,33,8.01,15438.7,16194.5,2
20241207,33,8.03,15440.5,16194.5,2
20241207,33,8.50,15440.5,16194.5,2
20241207,33,8.67,15440.5,16194.0,2
20241207,33,8.81,15440.5,16179.0,2
20241207,33,8.89,15440.5,16177.6,2
20241207,33,8.93,15440.5,16130.6,2
20241207,33,8.96,15440.5,16100.6,2
20241207,33,8.99,15440.5,16070.6,2
20241207,33,9.00,15440.5,16010.6,2
20241207,33,9.04,15440.5,16004.4,2
20241207,33,9.07,15440.5,15974.4,2
20241207,33,9.10,15440.5,15944.4,2
20241207,33,9.15,15440.5,15884.4,2
20241207,33,9.18,15447.8,15854.4,2
20241207,33,9.35,15477.8,15809.3,2
20241207,33,9.36,15489.8,15809.3,2
20241207,33,9.38,15491.9,15809.3,2
20241207,33,9.47,15491.9,15809.3,2
20241207,33,9.49,15491.9,15805.2,2
20241207,33,9.50,15491.9,15780.2,2
20241207,33,9.69,15491.9,15779.3,2
20241207,33,9.71,15501.9,15749.3,2
20241207,33,9.85,15501.9,15749.3,2
20241207,33,10.00,15503.7,15734.3,2
20241207,33,10.01,15507.9,15713.0,2
20241207,33,10.14,15509.3,15700.1,2
20241207,33,10.19,15509.3,15700.1,2
20241207,33,10.23,15509.9,15695.8,2
20241207,33,10.30,15578.0,15695.8,2
20241207,33,10.44,15578.0,15695.8,2
20241207,33,10.47,15580.3,15548.8,2
20241207,33,10.50,15580.3,15533.8,2
20241207,33,10.58,15780.3,15533.7,2
20241207,33,10.64,15783.3,15533.7,2
20241207,33,10.65,15783.3,15533.7,2
20241207,33,10.66,15783.3,15503.7,2
20241207,33,10.67,15807.8,15498.2,2
20241207,33,10.68,15807.8,15498.2,2
20241207,33,10.70,15812.1,15494.9,2
20241207,33,10.71,15844.7,15494.9,2
20241207,33,10.73,15847.8,15494.9,2
20241207,33,10.79,15847.8,15494.9,2
20241207,33,10.80,15850.8,15347.9,2
20241207,33,10.83,16050.8,15200.4,2
20241207,33,10.85,16150.8,15192.5,2
20241207,33,10.86,16206.5,15192.5,2
20241207,33,10.90,16207.2,15192.5,2
20241207,33,10.93,16207.2,15192.0,2
20241207,33,10.97,16207.2,15090.0,2
20241207,33,11.00,16209.3,15074.9,2
20241207,33,11.04,16209.3,14993.4,2
20241207,33,11.07,16209.4,14846.4,2
20241207,33,11.08,16209.4,14846.4,2
20241207,33,11.12,16239.4,14727.4,2
20241207,33,11.19,16269.4,14727.4,2
20241207,33,11.30,16288.7,14727.4,2
20241207,33,11.32,17088.7,14726.8,2
20241207,33,11.33,17088.7,14726.8,2
20241207,33,11.40,17088.7,14721.9,2
20241207,33,11.47,17095.9,14720.6,2
20241207,33,11.50,17095.9,14720.6,2
20241207,33,11.54,17095.9,14597.6,2
20241207,33,11.55,17097.3,14474.6,2
20241207,33,11.56,17097.3,14474.6,2
20241207,33,11.57,17149.3,14474.0,2
20241207,33,11.59,17149.3,14474.0,2
20241207,33,11.61,17149.3,14473.3,2
20241207,33,11.63,17170.7,14472.7,2
20241207,33,11.64,17170.7,14472.7,2
20241207,33,11.65,17170.7,14471.0,2
20241207,33,11.70,17172.2,14348.0,2
20241207,33,11.72,17192.2,14333.0,2
20241207,33,11.78,17193.7,14333.0,2
20241207,33,11.82,17205.8,14333.0,2
20241207,33,11.84,17235.8,14333.0,2
20241207,33,11.86,17237.1,14333.0,2
20241207,33,11.87,17237.1,14332.6,2
20241207,33,11.88,17237.1,14209.6,2
20241207,33,11.89,17238.1,14209.3,2
20241207,33,11.99,17238.1,14209.3,2
20241207,33,12.00,17243.1,14085.9,2
20241207,33,12.01,17244.7,14053.4,2
20241207,33,12.03,17344.7,14050.8,2
20241207,33,12.06,17344.8,14050.8,2
20241207,33,12.07,17567.8,14050.8,2
20241207,33,12.10,17567.8,14050.8,2
20241207,33,12.11,17568.5,14048.8,2
20241207,33,12.12,17568.5,14045.0,2
20241207,33,12.15,17580.2,14044.6,2
20241207,33,12.20,17580.2,14039.6,2
20241207,33,12.25,17600.2,14011.0,2
20241207,33,12.26,17620.2,14010.1,2
20241207,33,12.28,17620.2,14010.1,2
20241207,33,12.32,17620.2,14010.0,2
20241207,33,12.41,17626.3,14006.2,2
20241207,33,12.43,17803.3,14004.7,2
20241207,33,12.49,17803.3,14004.7,2
20241207,33,12.50,17805.3,13979.7,2
20241207,33,12.53,17805.3,13977.7,2
20241207,33,12.55,17805.3,13973.9,2
20241207,33,12.67,17805.3,13973.7,2
20241207,33,12.68,17810.8,13904.2,2
20241207,33,12.71,17839.7,13904.2,2
20241207,33,12.74,17839.7,13904.2,2
20241207,33,12.81,17839.7,13896.5,2
20241207,33,12.83,17855.1,13745.5,2
20241207,33,12.85,17855.1,13745.5,2
20241207,33,12.92,17855.1,13644.5,2
20241207,33,13.00,17903.9,13604.5,2
20241207,33,13.10,17904.4,13600.1,2
20241207,33,13.13,17944.4,13550.1,2
20241207,33,13.22,17944.4,13550.1,2
20241207,33,13.23,17944.4,13549.9,2
20241207,33,13.43,17944.4,13499.9,2
20241207,33,13.50,17979.8,13499.3,2
20241207,33,13.52,17979.8,13459.3,2
20241207,33,13.54,17979.8,13455.2,2
20241207,33,14.00,17979.8,13415.2,2
20241207,33,14.01,17980.7,13368.3,2
20241207,33,14.15,17980.7,13368.3,2
20241207,33,14.16,17982.1,13339.7,2
20241207,33,14.18,17991.8,13339.7,2
20241207,33,14.20,17991.8,13329.7,2
20241207,33,14.23,17991.8,13317.4,2
20241207,33,14.25,17993.4,13299.0,2
20241207,33,14.26,18033.4,13299.0,2
20241207,33,14.37,18033.9,13299.0,2
20241207,33,14.46,18034.4,13299.0,2
20241207,33,14.60,18034.4,13299.0,2
20241207,33,14.67,18034.4,13298.0,2
20241207,33,14.78,18064.4,13297.8,2
20241207,33,14.85,18069.4,13292.4,2
20241207,33,14.87,18069.4,13287.4,2
20241207,33,14.90,18082.4,13283.3,2
20241207,33,14.98,18083.4,13283.3,2
20241207,33,15.00,18133.4,13283.3,2
20241207,33,15.01,18239.7,13209.3,2
20241207,33,15.02,18249.6,13199.2,2
20241207,33,15.03,18253.6,13199.2,2
20241207,33,15.22,18305.6,13199.2,2
20241207,33,15.31,18321.8,13199.2,2
20241207,33,15.36,18352.7,13199.2,2
20241207,33,15.39,18462.7,13199.2,2
20241207,33,15.40,18512.7,13199.2,2
20241207,33,15.43,18562.7,13199.2,2
20241207,33,15.48,18593.7,13199.2,2
20241207,33,15.49,18605.7,13199.2,2
20241207,33,15.50,18612.7,13199.2,2
20241207,33,15.51,18628.7,13189.2,2
20241207,33,15.52,18641.7,13189.2,2
20241207,33,15.53,18654.7,13189.2,2
20241207,33,15.58,18654.7,13189.2,2
20241207,33,15.60,18662.7,13181.6,2
20241207,33,15.61,18679.7,13181.5,2
20241207,33,15.64,18691.7,13181.5,2
20241207,33,15.68,18714.0,13181.5,2
20241207,33,15.70,18714.0,13181.5,2
20241207,33,15.71,18725.0,13181.4,2
20241207,33,15.72,18749.0,13181.4,2
20241207,33,15.73,18764.0,13181.4,2
20241207,33,15.76,18775.0,13181.4,2
20241207,33,15.86,18814.0,13181.4,2
20241207,33,15.90,18856.2,13181.4,2
20241207,33,16.00,18896.2,13181.4,2
20241207,33,16.01,18896.2,13171.1,2
20241207,33,16.06,18996.2,13166.0,2
20241207,33,16.13,18996.2,13166.0,2
20241207,33,16.32,19035.7,13161.8,2
20241207,33,16.39,19070.7,13161.8,2
20241207,33,16.40,19070.7,13161.8,2
20241207,33,16.50,19075.7,13161.7,2
20241207,33,16.95,19075.7,13160.7,2
20241207,33,17.00,19126.2,13092.8,2
20241207,33,17.01,19126.2,13092.8,2
20241207,33,17.17,19261.2,13089.2,2
20241207,33,17.20,19261.2,13089.2,2
20241207,33,17.22,19485.7,13087.5,2
20241207,33,17.32,19485.7,13087.5,2
20241207,33,17.48,19485.7,13072.0,2
20241207,33,17.58,19485.7,13068.7,2
20241207,33,17.59,19501.9,13067.7,2
20241207,33,17.60,19501.9,13067.7,2
20241207,33,17.95,19526.9,13067.6,2
20241207,33,18.00,19526.9,13067.6,2
20241207,33,18.13,19626.9,13054.2,2
20241207,33,18.33,19626.9,13054.2,2
20241207,33,18.34,19626.9,13054.1,2
20241207,33,18.52,19626.9,13053.8,2
20241207,33,18.61,19656.9,13052.9,2
20241207,33,18.73,19681.9,13052.9,2
20241207,33,18.81,19681.9,13052.9,2
20241207,33,18.83,19681.9,12994.7,2
20241207,33,19.42,20161.9,12992.7,2
20241207,33,20.00,20161.9,12992.7,2
20241207,33,20.01,20166.9,12952.9,2
20241207,33,20.18,20166.9,12937.7,2
20241207,33,20.32,20166.9,12937.4,2
20241207,33,22.00,20173.9,12929.7,2
20241207,33,22.01,20173.9,12929.7,2
20241207,33,22.44,20173.9,12909.9,2
20241207,33,22.50,20173.9,12909.1,2
20241207,33,23.33,20173.9,12907.4,2
20241207,33,23.34,20173.9,12907.2,2
20241207,33,23.87,20183.5,12904.3,2
20241207,33,25.05,20183.5,12904.3,2
20241207,33,25.06,20183.5,12903.4,2
20241207,33,25.12,20183.5,12895.8,2
20241207,33,26.00,20183.5,12878.3,2
20241207,33,26.13,20183.5,12753.9,2
20241207,33,26.35,20183.5,12753.1,2
20241207,33,27.50,20183.5,12740.7,2
20241207,33,28.21,20183.5,12736.7,2
20241207,33,29.53,20183.5,12729.0,2
20241207,33,29.79,20183.5,12721.4,2
20241207,33,29.90,20183.5,12631.2,2
20241207,33,30.00,20183.5,12626.7,2
20241207,33,31.79,20183.5,12579.8,2
20241207,33,34.94,20183.5,12577.0,2
20241207,33,35.00,20183.5,12555.0,2
20241207,33,35.16,20183.5,12526.1,2
20241207,33,35.24,20183.5,12524.1,2
20241207,33,36.00,20183.5,12524.0,2
20241207,33,36.79,20183.5,12474.0,2
20241207,33,39.69,20905.5,12462.9,2
20241207,33,40.00,20905.5,12462.9,2
20241207,33,40.12,20905.5,12417.0,2
20241207,33,42.00,20905.5,12410.2,2
20241207,33,43.03,20905.5,12409.5,2
20241207,33,45.00,20905.5,12407.9,2
20241207,33,45.01,20905.5,11695.1,2
20241207,33,46.00,20905.5,11617.8,2
20241207,33,50.00,20905.5,11567.8,2
20241207,33,55.00,20905.5,11285.5,2
20241207,33,60.00,20905.5,11238.8,2
20241207,33,62.35,20905.5,11179.8,2
20241207,33,77.80,20905.5,11146.7,2
20241207,33,79.90,20905.5,11041.3,2
20241207,33,80.00,20905.5,11038.5,2
20241207,33,80.01,20905.5,10510.2,2
20241207,33,80.21,21055.4,10442.6,2
20241207,33,81.00,21055.4,10442.6,2
20241207,33,82.01,21055.4,10441.6,2
20241207,33,85.00,21055.4,10379.0,2
20241207,33,90.00,21055.4,10374.4,2
20241207,33,95.35,21055.4,10369.1,2
20241207,33,99.00,21055.4,10367.5,2
20241207,33,99.90,21055.4,10367.3,2
20241207,33,100.00,21101.2,10366.4,2
20241207,33,100.01,21112.3,10133.1,2
20241207,33,101.00,21112.3,10133.1,2
20241207,33,108.27,21112.3,9974.1,2
20241207,33,120.10,21112.3,9972.4,2
20241207,33,121.19,21112.3,9956.1,2
20241207,33,134.11,21112.3,9954.5,2
20241207,33,138.00,21112.3,9952.8,2
20241207,33,190.00,21112.3,9809.4,2
20241207,33,200.00,21112.3,9807.9,2
20241207,33,200.01,21112.3,8516.8,2
20241207,33,200.10,21112.3,6974.0,2
20241207,33,200.50,21112.3,6893.2,2
20241207,33,201.00,21112.3,6853.9,2
20241207,33,210.00,21112.3,6847.5,2
20241207,33,250.00,21112.3,6329.9,2
20241207,33,299.99,21112.4,6322.7,2
20241207,33,300.00,21112.4,6322.7,2
20241207,33,550.02,21112.4,6314.7,2
20241207,33,900.00,21112.4,6132.4,2
20241207,33,999.00,21112.4,6120.8,2
20241207,33,999.99,21112.4,0.0,2
20241207,34,0.00,0.0,8989.0,0
20241207,34,0.00,2566.0,8989.0,0
20241207,34,0.01,6907.5,8989.0,0
20241207,34,0.02,6939.0,8982.9,0
20241207,34,0.03,6942.6,8982.5,0
20241207,34,0.10,6974.3,8982.5,0
20241207,34,1.00,7075.4,8962.5,0
20241207,34,1.01,7075.4,8939.9,0
20241207,34,2.01,7075.4,8934.9,0
20241207,34,2.45,7075.9,8634.9,0
20241207,34,3.00,7075.9,8634.9,0
20241207,34,3.01,7080.4,8554.3,0
20241207,34,3.80,7081.4,8454.3,0
20241207,34,5.00,7147.2,8454.3,0
20241207,34,5.01,7147.2,8391.1,0
20241207,34,5.15,7148.2,8142.9,0
20241207,34,5.90,7148.2,8142.9,0
20241207,34,6.00,7169.0,8126.8,0
20241207,34,6.26,7169.0,8126.8,0
20241207,34,6.50,7170.0,8120.8,0
20241207,34,6.60,7172.0,8120.8,0
20241207,34,7.00,7172.0,8120.8,0
20241207,34,7.85,7173.0,8120.7,0
20241207,34,8.00,7173.0,8120.7,0
20241207,34,8.01,7173.5,8119.7,0
20241207,34,8.85,7173.5,8119.7,0
20241207,34,9.00,7177.5,7962.7,0
20241207,34,9.20,7178.5,7962.7,0
20241207,34,9.73,7178.5,7962.7,0
20241207,34,9.99,7178.5,7917.7,0
20241207,34,10.00,7189.9,7887.7,0
20241207,34,10.05,7209.9,7884.3,0
20241207,34,10.55,7210.9,7884.3,0
20241207,34,11.41,7210.9,7884.3,0
20241207,34,11.42,7220.5,7884.0,0
20241207,34,11.90,7221.5,7884.0,0
20241207,34,12.00,7303.5,7884.0,0
20241207,34,12.01,7303.5,7713.0,0
20241207,34,12.38,7303.5,7703.7,0
20241207,34,12.52,7303.5,7561.7,0
20241207,34,12.99,7303.5,7239.7,0
20241207,34,13.00,7303.5,7174.7,0
20241207,34,13.12,7303.5,7164.7,0
20241207,34,13.14,7303.5,6999.7,0
20241207,34,13.25,7304.5,6999.2,0
20241207,34,13.34,7304.5,6999.2,0
20241207,34,14.00,7304.5,6984.2,0
20241207,34,14.05,7304.5,6984.1,0
20241207,34,14.42,7304.5,6982.3,0
20241207,34,14.60,7305.5,6963.5,0
20241207,34,14.67,7305.5,6962.0,0
20241207,34,15.00,7305.5,6961.9,0
20241207,34,15.01,7305.5,6941.0,0
20241207,34,15.16,7305.5,6940.0,0
20241207,34,15.27,7308.0,6938.4,0
20241207,34,15.33,7308.0,6938.4,0
20241207,34,15.43,7404.0,6918.9,0
20241207,34,15.68,7404.0,6918.9,0
20241207,34,15.71,7404.0,6918.5,0
20241207,34,15.80,7794.0,6915.5,0
20241207,34,15.90,7794.0,6915.5,0
20241207,34,15.95,7795.0,6915.3,0
20241207,34,16.00,7795.0,6915.3,0
20241207,34,16.27,7909.0,6914.6,0
20241207,34,16.59,7909.0,6914.6,0
20241207,34,16.75,7910.7,6913.2,0
20241207,34,16.80,7920.7,6913.2,0
20241207,34,17.00,7920.7,6913.2,0
20241207,34,17.01,7920.7,6912.9,0
20241207,34,17.04,7920.9,6903.7,0
20241207,34,17.43,7920.9,6903.7,0
20241207,34,17.50,7920.9,6903.5,0
20241207,34,17.73,7920.9,6901.5,0
20241207,34,18.00,7920.9,6879.5,0
20241207,34,18.32,7930.9,6860.3,0
20241207,34,18.43,8014.7,6860.3,0
20241207,34,18.65,8014.7,6860.3,0
20241207,34,19.00,8014.7,6860.1,0
20241207,34,19.08,8014.7,6840.0,0
20241207,34,19.11,8014.7,6788.0,0
20241207,34,19.24,8081.7,6784.9,0
20241207,34,19.45,8120.7,6784.9,0
20241207,34,19.85,8123.2,6784.9,0
20241207,34,20.00,8123.2,6784.9,0
20241207,34,20.01,8123.2,6760.5,0
20241207,34,20.50,8123.2,6759.8,0
20241207,34,21.00,8143.2,6759.7,0
20241207,34,21.01,8143.2,6744.7,0
20241207,34,21.35,8143.2,6709.7,0
20241207,34,22.50,8143.2,6708.2,0
20241207,34,22.70,8143.2,6707.9,0
20241207,34,24.04,8143.2,6706.9,0
20241207,34,24.05,8143.2,6704.8,0
20241207,34,24.78,8143.2,6704.6,0
20241207,34,25.00,8143.2,6701.5,0
20241207,34,27.00,8143.2,6696.1,0
20241207,34,29.90,8143.2,6677.8,0
20241207,34,30.00,8143.2,6676.0,0
20241207,34,30.46,8143.2,6643.9,0
20241207,34,34.00,8143.2,6640.8,0
20241207,34,34.24,8143.2,6577.8,0
20241207,34,35.00,8143.2,6574.8,0
20241207,34,35.82,8143.2,6570.0,0
20241207,34,37.50,8143.2,6567.9,0
20241207,34,40.00,8143.2,6559.5,0
20241207,34,40.12,8143.2,6541.2,0
20241207,34,45.00,8143.2,6529.1,0
20241207,34,45.01,8143.2,6524.7,0
20241207,34,48.32,8143.2,6520.1,0
20241207,34,50.00,8143.2,6494.2,0
20241207,34,50.01,8143.2,6368.5,0
20241207,34,52.94,8143.2,6364.1,0
20241207,34,54.65,8143.2,6252.2,0
20241207,34,55.00,8143.2,6241.7,0
20241207,34,60.00,8143.2,6218.6,0
20241207,34,65.44,8143.2,6188.6,0
20241207,34,77.80,8143.2,6169.5,0
20241207,34,79.90,8143.2,6097.4,0
20241207,34,80.00,8143.2,6096.2,0
20241207,34,80.01,8143.2,5943.2,0
20241207,34,81.00,8143.2,5918.3,0
20241207,34,82.01,8143.2,5917.9,0
20241207,34,85.00,8143.2,5898.3,0
20241207,34,90.00,8143.2,5895.1,0
20241207,34,99.90,8143.2,5891.3,0
20241207,34,100.00,8143.2,5883.2,0
20241207,34,100.01,8155.6,5811.4,0
20241207,34,101.00,8155.6,5811.4,0
20241207,34,138.00,8155.6,5805.9,0
20241207,34,150.00,8155.6,5805.6,0
20241207,34,200.00,8155.6,5801.7,0
20241207,34,200.01,8155.6,5175.5,0
20241207,34,200.10,8155.6,5031.9,0
20241207,34,200.50,8155.6,5031.3,0
20241207,34,201.00,8155.6,5016.3,0
20241207,34,210.00,8155.6,5015.8,0
20241207,34,300.00,8155.6,4976.6,0
20241207,34,500.00,8155.6,4971.6,0
20241207,34,900.00,8155.6,4961.6,0
20241207,34,999.00,8155.6,4959.6,0
20241207,34,999.99,8155.6,0.0,0
20241207,34,0.00,0.0,16590.8,2
20241207,34,0.00,5108.3,16590.8,2
20241207,34,0.01,13153.0,16590.8,2
20241207,34,0.02,13268.3,16582.2,2
20241207,34,0.03,13268.3,16571.6,2
20241207,34,0.04,13269.3,16559.6,2
20241207,34,0.10,13322.2,16559.6,2
20241207,34,1.00,13514.6,16559.6,2
20241207,34,1.01,13516.7,16421.6,2
20241207,34,1.45,13517.7,16413.1,2
20241207,34,2.00,13527.9,16413.1,2
20241207,34,2.01,13527.9,16397.1,2
20241207,34,2.60,13535.1,16097.1,2
20241207,34,2.80,13536.1,16097.1,2
20241207,34,3.00,13537.1,16097.1,2
20241207,34,3.01,13537.7,15744.9,2
20241207,34,4.15,13538.7,15644.9,2
20241207,34,4.27,13597.1,15644.9,2
20241207,34,5.00,13634.0,15644.9,2
20241207,34,5.01,13634.6,15494.5,2
20241207,34,5.19,13641.8,15269.6,2
20241207,34,5.34,13641.8,15269.6,2
20241207,34,5.48,13641.8,15214.6,2
20241207,34,5.50,13642.8,14914.6,2
20241207,34,6.00,13718.9,14914.6,2
20241207,34,6.01,13719.2,14903.2,2
20241207,34,6.50,13726.6,14903.2,2
20241207,34,6.68,13726.6,14903.2,2
20241207,34,6.85,13727.6,14901.3,2
20241207,34,7.00,13727.6,14901.3,2
20241207,34,7.50,13747.6,14900.5,2
20241207,34,7.77,13754.8,14900.5,2
20241207,34,8.00,13754.8,14900.5,2
20241207,34,8.01,13755.8,14830.1,2
20241207,34,8.20,13757.6,14830.1,2
20241207,34,9.00,13757.6,14830.1,2
20241207,34,9.18,13757.6,14824.0,2
20241207,34,9.26,13757.6,14823.9,2
20241207,34,9.50,13757.6,14822.5,2
20241207,34,9.53,13757.6,14821.6,2
20241207,34,9.54,13757.6,14806.6,2
20241207,34,9.55,13759.6,14791.6,2
20241207,34,9.71,13766.6,14791.6,2
20241207,34,10.00,13768.4,14791.6,2
20241207,34,10.01,13772.8,14770.4,2
20241207,34,10.02,13773.8,14758.4,2
20241207,34,10.04,13773.8,14758.4,2
20241207,34,10.10,13773.8,14756.9,2
20241207,34,10.11,13774.2,14741.9,2
20241207,34,10.12,13774.2,14741.9,2
20241207,34,10.13,13775.6,14726.9,2
20241207,34,10.15,13775.6,14722.5,2
20241207,34,10.30,13843.7,14672.5,2
20241207,34,10.36,13851.0,14672.5,2
20241207,34,10.44,13851.0,14672.5,2
20241207,34,10.48,13851.0,14500.5,2
20241207,34,10.50,13851.0,14498.7,2
20241207,34,10.51,13851.3,14497.8,2
20241207,34,10.67,13851.3,14497.8,2
20241207,34,10.68,13851.3,14467.8,2
20241207,34,10.69,13851.3,14464.3,2
20241207,34,10.72,13851.3,14462.9,2
20241207,34,10.79,13851.3,14447.9,2
20241207,34,10.80,13851.3,14300.9,2
20241207,34,10.85,13951.3,14153.9,2
20241207,34,10.86,13962.6,14153.9,2
20241207,34,10.90,13964.7,14153.9,2
20241207,34,10.91,13964.7,14123.9,2
20241207,34,10.92,13987.7,14116.9,2
20241207,34,10.93,13987.7,14116.9,2
20241207,34,11.00,13989.8,14014.9,2
20241207,34,11.04,13989.8,13937.6,2
20241207,34,11.08,13989.8,13790.6,2
20241207,34,11.14,13989.8,13686.6,2
20241207,34,11.20,13989.8,13670.1,2
20241207,34,11.31,13989.8,13669.3,2
20241207,34,11.32,14589.8,13654.3,2
20241207,34,11.33,14589.8,13654.3,2
20241207,34,11.35,14590.2,13653.4,2
20241207,34,11.44,14611.2,13653.4,2
20241207,34,11.46,14641.2,13653.4,2
20241207,34,11.50,14641.2,13653.4,2
20241207,34,11.54,14641.2,13530.4,2
20241207,34,11.58,14641.2,13407.4,2
20241207,34,11.65,14641.2,13307.4,2
20241207,34,11.67,14644.2,13084.4,2
20241207,34,11.73,14644.2,13084.4,2
20241207,34,11.78,14645.0,12984.4,2
20241207,34,11.79,14675.0,12984.4,2
20241207,34,11.87,14675.0,12984.4,2
20241207,34,11.88,14675.0,12861.4,2
20241207,34,11.89,14675.0,12761.4,2
20241207,34,11.99,14675.0,12736.4,2
20241207,34,12.00,14675.0,12613.4,2
20241207,34,12.01,14697.2,12580.7,2
20241207,34,12.07,14928.2,12580.1,2
20241207,34,12.24,14958.2,12580.1,2
20241207,34,12.28,14958.2,12580.1,2
20241207,34,12.31,14995.8,12580.0,2
20241207,34,12.34,14996.0,12575.0,2
20241207,34,12.46,14996.0,12575.0,2
20241207,34,12.50,14998.0,12543.0,2
20241207,34,12.55,15018.0,12495.8,2
20241207,34,12.63,15018.0,12495.8,2
20241207,34,12.67,15018.0,12470.8,2
20241207,34,12.68,15019.0,12421.8,2
20241207,34,12.70,15019.0,12421.8,2
20241207,34,12.80,15039.0,12421.2,2
20241207,34,12.81,15039.0,12421.2,2
20241207,34,12.85,15039.0,12270.2,2
20241207,34,12.95,15039.0,12169.2,2
20241207,34,12.97,15051.0,12168.8,2
20241207,34,13.00,15071.4,12168.8,2
20241207,34,13.09,15071.4,12164.5,2
20241207,34,13.33,15071.4,12124.5,2
20241207,34,13.47,15091.4,12123.8,2
20241207,34,13.50,15111.4,12123.8,2
20241207,34,13.52,15111.5,12083.8,2
20241207,34,13.60,15111.5,12083.8,2
20241207,34,13.61,15111.6,12083.3,2
20241207,34,13.62,15117.6,12083.3,2
20241207,34,13.68,15127.0,12083.3,2
20241207,34,13.69,15127.0,12083.3,2
20241207,34,13.70,15127.0,12053.3,2
20241207,34,13.90,15127.0,12049.2,2
20241207,34,13.96,15127.0,12048.7,2
20241207,34,14.00,15127.0,12048.1,2
20241207,34,14.01,15127.6,12001.0,2
20241207,34,14.05,15127.6,12001.0,2
20241207,34,14.25,15127.9,11996.8,2
20241207,34,14.27,15130.9,11996.8,2
20241207,34,14.28,15130.9,11996.8,2
20241207,34,14.29,15153.6,11989.5,2
20241207,34,14.34,15153.6,11989.5,2
20241207,34,14.36,15163.3,11939.5,2
20241207,34,14.37,15213.3,11929.5,2
20241207,34,14.39,15213.3,11929.5,2
20241207,34,14.40,15213.3,11917.2,2
20241207,34,14.50,15243.3,11867.2,2
20241207,34,14.51,15244.1,11867.2,2
20241207,34,14.59,15244.1,11867.2,2
20241207,34,14.60,15244.3,11865.5,2
20241207,34,14.61,15244.3,11865.3,2
20241207,34,14.70,15244.3,11861.5,2
20241207,34,14.85,15258.3,11861.3,2
20241207,34,14.88,15272.3,11861.3,2
20241207,34,14.90,15285.3,11861.3,2
20241207,34,14.91,15302.3,11861.3,2
20241207,34,14.93,15322.3,11861.3,2
20241207,34,14.95,15322.3,11861.3,2
20241207,34,14.98,15343.3,11856.5,2
20241207,34,15.00,15383.3,11856.5,2
20241207,34,15.01,15489.1,11783.4,2
20241207,34,15.02,15499.0,11774.0,2
20241207,34,15.03,15524.0,11774.0,2
20241207,34,15.05,15526.0,11774.0,2
20241207,34,15.07,15534.1,11769.0,2
20241207,34,15.15,15534.1,11764.9,2
20241207,34,15.16,15534.1,11764.5,2
20241207,34,15.22,15644.1,11760.7,2
20241207,34,15.36,15688.7,11760.7,2
20241207,34,15.37,15733.3,11760.7,2
20241207,34,15.39,15923.3,11760.7,2
20241207,34,15.40,15923.3,11760.7,2
20241207,34,15.50,15923.3,11760.4,2
20241207,34,15.60,15958.3,11750.4,2
20241207,34,15.68,15959.3,11750.4,2
20241207,34,15.70,15959.3,11750.4,2
20241207,34,15.72,15988.6,11750.3,2
20241207,34,15.99,16038.6,11742.6,2
20241207,34,16.00,16078.6,11742.6,2
20241207,34,16.01,16078.6,11742.6,2
20241207,34,16.06,16178.6,11737.3,2
20241207,34,16.10,16178.6,11737.3,2
20241207,34,16.12,16254.8,11737.1,2
20241207,34,16.17,16304.8,11737.1,2
20241207,34,16.24,16335.8,11737.1,2
20241207,34,16.25,16335.8,11737.1,2
20241207,34,16.30,16335.8,11736.2,2
20241207,34,16.34,16370.8,11732.2,2
20241207,34,16.37,16382.8,11732.2,2
20241207,34,16.38,16389.8,11732.2,2
20241207,34,16.39,16405.8,11732.2,2
20241207,34,16.48,16418.8,11732.2,2
20241207,34,16.49,16431.8,11732.2,2
20241207,34,16.50,16436.8,11732.2,2
20241207,34,16.56,16444.8,11731.2,2
20241207,34,16.58,16461.8,11731.2,2
20241207,34,16.80,16461.8,11731.2,2
20241207,34,16.82,16461.8,11731.0,2
20241207,34,17.00,16491.8,11656.7,2
20241207,34,17.01,16491.8,11656.7,2
20241207,34,17.09,16516.8,11655.2,2
20241207,34,17.10,16517.3,11655.2,2
20241207,34,17.17,16617.3,11655.2,2
20241207,34,17.20,16617.3,11655.2,2
20241207,34,17.22,16841.8,11653.7,2
20241207,34,17.32,16841.8,11653.7,2
20241207,34,17.51,16841.8,11637.5,2
20241207,34,17.58,16841.8,11636.4,2
20241207,34,17.65,16841.8,11620.2,2
20241207,34,17.74,17010.8,11616.7,2
20241207,34,17.83,17035.8,11616.7,2
20241207,34,17.86,17065.8,11616.7,2
20241207,34,17.98,17065.8,11616.7,2
20241207,34,18.00,17065.8,11614.6,2
20241207,34,18.13,17165.8,11608.6,2
20241207,34,18.32,17165.8,11608.6,2
20241207,34,18.60,17165.8,11607.8,2
20241207,34,18.74,17165.8,11600.2,2
20241207,34,18.75,17165.8,11600.1,2
20241207,34,18.81,17165.8,11599.8,2
20241207,34,19.00,17165.8,11525.9,2
20241207,34,19.42,17595.8,11523.8,2
20241207,34,20.00,17595.8,11523.8,2
20241207,34,20.01,17601.0,11482.4,2
20241207,34,20.35,17601.0,11468.1,2
20241207,34,21.77,17601.0,11467.1,2
20241207,34,22.00,17608.0,11466.2,2
20241207,34,22.50,17608.0,11466.2,2
20241207,34,22.98,17608.0,11464.5,2
20241207,34,23.40,17608.0,11444.8,2
20241207,34,23.74,17608.0,11437.1,2
20241207,34,23.75,17608.0,11436.8,2
20241207,34,23.87,17617.6,11433.5,2
20241207,34,25.00,17617.6,11433.5,2
20241207,34,25.12,17617.6,11432.8,2
20241207,34,25.22,17617.6,11415.2,2
20241207,34,26.00,17617.6,11414.4,2
20241207,34,27.50,17617.6,11295.7,2
20241207,34,27.52,17617.6,11292.4,2
20241207,34,28.21,17617.6,11291.5,2
20241207,34,28.48,17617.6,11283.9,2
20241207,34,28.67,17617.6,11283.1,2
20241207,34,29.90,17617.6,11269.3,2
20241207,34,30.00,17617.6,11265.2,2
20241207,34,30.01,17617.6,11219.8,2
20241207,34,31.41,17617.6,11219.3,2
20241207,34,32.74,17617.6,11211.6,2
20241207,34,33.01,17617.6,11204.0,2
20241207,34,34.94,17617.6,11108.4,2
20241207,34,35.00,17617.6,11085.1,2
20241207,34,35.02,17617.6,11059.7,2
20241207,34,36.00,17617.6,11057.2,2
20241207,34,36.79,17617.6,11007.2,2
20241207,34,39.69,18412.6,10996.1,2
20241207,34,40.00,18412.6,10996.1,2
20241207,34,40.12,18412.6,10949.3,2
20241207,34,42.00,18412.6,10941.9,2
20241207,34,45.00,18412.6,10941.1,2
20241207,34,45.01,18412.6,10890.5,2
20241207,34,45.49,18412.6,10827.6,2
20241207,34,46.00,18412.6,10826.0,2
20241207,34,50.00,18412.6,10776.0,2
20241207,34,52.94,18412.6,10588.4,2
20241207,34,55.00,18412.6,10506.1,2
20241207,34,58.41,18412.6,10458.1,2
20241207,34,60.00,18412.6,10456.5,2
20241207,34,64.35,18412.6,10399.4,2
20241207,34,70.01,18412.6,10375.7,2
20241207,34,71.33,18412.6,10375.5,2
20241207,34,77.80,18412.6,10373.8,2
20241207,34,79.90,18412.6,10271.5,2
20241207,34,80.00,18412.6,10268.8,2
20241207,34,80.01,18412.6,9727.8,2
20241207,34,80.05,18412.6,9663.4,2
20241207,34,80.21,18562.5,9658.2,2
20241207,34,81.00,18562.5,9658.2,2
20241207,34,82.01,18562.5,9648.2,2
20241207,34,84.25,18562.5,9584.9,2
20241207,34,85.00,18562.5,9583.3,2
20241207,34,90.00,18562.5,9579.3,2
20241207,34,97.17,18562.5,9574.9,2
20241207,34,99.00,18562.5,9573.2,2
20241207,34,99.90,18562.5,9573.0,2
20241207,34,100.00,18608.3,9572.2,2
20241207,34,100.01,18621.9,9341.7,2
20241207,34,101.00,18621.9,9341.7,2
20241207,34,120.10,18621.9,9255.7,2
20241207,34,138.00,18621.9,9237.7,2
20241207,34,190.00,18621.9,9118.0,2
20241207,34,200.00,18621.9,9116.2,2
20241207,34,200.01,18621.9,7897.8,2
20241207,34,200.10,18621.9,6399.0,2
20241207,34,200.50,18621.9,6320.9,2
20241207,34,201.00,18621.9,6286.7,2
20241207,34,210.00,18621.9,6281.4,2
20241207,34,250.00,18621.9,5314.7,2
20241207,34,299.99,18622.0,5304.7,2
20241207,34,300.00,18622.0,5304.7,2
20241207,34,550.02,18622.0,5296.7,2
20241207,34,900.00,18622.0,5114.4,2
20241207,34,999.00,18622.0,5102.8,2
20241207,34,999.99,18622.0,0.0,2
20241207,35,0.00,0.0,8967.7,0
20241207,35,0.00,2520.0,8967.7,0
20241207,35,0.01,6860.4,8967.7,0
20241207,35,0.02,6889.1,8961.7,0
20241207,35,0.03,6892.6,8961.3,0
20241207,35,0.10,6924.5,8961.3,0
20241207,35,1.00,7032.3,8941.3,0
20241207,35,1.01,7032.3,8920.5,0
20241207,35,2.01,7032.3,8915.6,0
20241207,35,2.45,7032.9,8615.6,0
20241207,35,3.00,7032.9,8615.6,0
20241207,35,3.01,7032.9,8535.0,0
20241207,35,3.80,7033.9,8435.0,0
20241207,35,5.00,7097.1,8435.0,0
20241207,35,5.01,7097.1,8378.8,0
20241207,35,5.15,7098.1,8131.3,0
20241207,35,5.90,7098.1,8131.3,0
20241207,35,6.00,7119.0,8115.3,0
20241207,35,6.26,7119.0,8115.3,0
20241207,35,6.50,7120.0,8109.3,0
20241207,35,6.60,7124.4,8109.3,0
20241207,35,7.00,7124.4,8109.3,0
20241207,35,7.85,7125.4,8109.2,0
20241207,35,8.00,7125.4,8109.2,0
20241207,35,8.01,7125.9,8108.2,0
20241207,35,8.85,7125.9,8108.2,0
20241207,35,9.00,7129.9,7951.2,0
20241207,35,9.20,7130.9,7951.2,0
20241207,35,9.73,7130.9,7951.2,0
20241207,35,9.99,7130.9,7906.2,0
20241207,35,10.00,7142.6,7876.2,0
20241207,35,10.05,7162.6,7876.2,0
20241207,35,10.55,7163.6,7876.2,0
20241207,35,11.42,7173.2,7876.2,0
20241207,35,11.83,7173.2,7876.2,0
20241207,35,11.90,7174.2,7875.9,0
20241207,35,12.00,7262.2,7875.9,0
20241207,35,12.01,7262.2,7875.9,0
20241207,35,12.31,7262.2,7866.9,0
20241207,35,12.48,7262.2,7796.9,0
20241207,35,12.62,7262.2,7654.9,0
20241207,35,12.99,7262.2,7332.9,0
20241207,35,13.12,7262.2,7166.9,0
20241207,35,13.25,7263.2,7001.9,0
20241207,35,13.34,7263.2,7001.9,0
20241207,35,14.00,7263.2,6971.9,0
20241207,35,14.28,7263.2,6961.8,0
20241207,35,14.53,7263.2,6961.1,0
20241207,35,14.56,7263.2,6959.3,0
20241207,35,14.60,7264.2,6939.3,0
20241207,35,14.67,7264.2,6939.3,0
20241207,35,14.74,7264.2,6939.2,0
20241207,35,15.00,7264.2,6915.5,0
20241207,35,15.01,7264.2,6891.3,0
20241207,35,15.04,7266.7,6890.3,0
20241207,35,15.48,7286.7,6890.3,0
20241207,35,15.87,7622.7,6890.3,0
20241207,35,15.90,7622.7,6890.3,0
20241207,35,15.95,7623.7,6890.1,0
20241207,35,16.00,7623.7,6890.1,0
20241207,35,16.10,7625.4,6889.2,0
20241207,35,16.14,7625.4,6889.2,0
20241207,35,16.54,7635.4,6887.3,0
20241207,35,16.59,7635.4,6887.3,0
20241207,35,16.86,7879.4,6885.9,0
20241207,35,17.00,7879.4,6885.9,0
20241207,35,17.01,7879.4,6885.6,0
20241207,35,17.43,7879.4,6876.7,0
20241207,35,17.64,7879.6,6876.5,0
20241207,35,17.73,7879.6,6876.5,0
20241207,35,17.74,7879.6,6854.5,0
20241207,35,18.00,7879.6,6852.9,0
20241207,35,18.05,7889.6,6834.4,0
20241207,35,18.65,7889.6,6834.4,0
20241207,35,19.00,7889.6,6834.2,0
20241207,35,19.08,7889.6,6813.1,0
20241207,35,19.35,7889.6,6679.1,0
20241207,35,19.45,7928.6,6676.1,0
20241207,35,19.55,7931.1,6676.1,0
20241207,35,20.00,7931.1,6676.1,0
20241207,35,20.01,7931.1,6652.1,0
20241207,35,20.11,7960.1,6651.4,0
20241207,35,20.44,7997.8,6651.4,0
20241207,35,21.00,8017.8,6651.4,0
20241207,35,21.35,8017.8,6635.9,0
20241207,35,21.41,8049.2,6634.3,0
20241207,35,22.38,8080.6,6634.3,0
20241207,35,22.43,8080.6,6634.3,0
20241207,35,22.49,8080.6,6594.0,0
20241207,35,22.70,8080.6,6590.9,0
20241207,35,23.36,8105.7,6589.9,0
20241207,35,24.04,8105.7,6589.9,0
20241207,35,24.05,8105.7,6587.9,0
20241207,35,25.00,8105.7,6587.6,0
20241207,35,27.00,8105.7,6582.7,0
20241207,35,27.72,8105.7,6564.4,0
20241207,35,29.90,8105.7,6561.3,0
20241207,35,30.00,8105.7,6559.7,0
20241207,35,32.95,8105.7,6526.9,0
20241207,35,34.00,8105.7,6523.8,0
20241207,35,35.00,8105.7,6462.9,0
20241207,35,36.44,8105.7,6458.5,0
20241207,35,37.50,8105.7,6455.5,0
20241207,35,37.89,8105.7,6445.5,0
20241207,35,40.00,8105.7,6443.6,0
20241207,35,40.12,8105.7,6425.6,0
20241207,35,44.57,8105.7,6413.9,0
20241207,35,45.00,8105.7,6403.8,0
20241207,35,45.01,8105.7,6399.6,0
20241207,35,47.15,8105.7,6395.4,0
20241207,35,48.32,8105.7,6283.5,0
20241207,35,50.00,8105.7,6257.6,0
20241207,35,50.01,8105.7,6134.1,0
20241207,35,55.00,8105.7,6129.4,0
20241207,35,60.00,8105.7,6106.4,0
20241207,35,66.22,8105.7,6076.7,0
20241207,35,77.80,8105.7,6057.4,0
20241207,35,79.90,8105.7,5985.9,0
20241207,35,80.00,8105.7,5984.9,0
20241207,35,80.01,8105.7,5835.1,0
20241207,35,81.00,8105.7,5811.2,0
20241207,35,82.01,8105.7,5810.8,0
20241207,35,85.00,8105.7,5790.4,0
20241207,35,90.00,8105.7,5787.6,0
20241207,35,99.90,8105.7,5783.9,0
20241207,35,100.00,8105.7,5775.2,0
20241207,35,100.01,8118.2,5704.9,0
20241207,35,101.00,8118.2,5704.9,0
20241207,35,138.00,8118.2,5699.4,0
20241207,35,150.00,8118.2,5699.1,0
20241207,35,200.00,8118.2,5694.4,0
20241207,35,200.01,8118.2,5070.6,0
20241207,35,200.10,8118.2,4920.8,0
20241207,35,200.50,8118.2,4919.9,0
20241207,35,201.00,8118.2,4906.8,0
20241207,35,210.00,8118.2,4906.4,0
20241207,35,300.00,8118.2,4866.2,0
20241207,35,500.00,8118.2,4861.2,0
20241207,35,900.00,8118.2,4851.2,0
20241207,35,999.00,8118.2,4849.2,0
20241207,35,999.99,8118.2,0.0,0
20241207,35,0.00,0.0,17414.0,2
20241207,35,0.00,5150.9,17414.0,2
20241207,35,0.01,13624.2,17414.0,2
20241207,35,0.02,13738.0,17405.5,2
20241207,35,0.03,13738.0,17395.5,2
20241207,35,0.04,13738.2,17383.4,2
20241207,35,0.10,13757.3,17383.4,2
20241207,35,0.28,13804.8,17383.4,2
20241207,35,1.00,13990.6,17383.4,2
20241207,35,1.01,13992.8,17247.6,2
20241207,35,1.63,13993.8,17239.0,2
20241207,35,2.00,14004.0,17239.0,2
20241207,35,2.01,14004.0,17223.0,2
20241207,35,2.71,14011.2,16923.0,2
20241207,35,2.98,14012.2,16923.0,2
20241207,35,3.00,14013.3,16923.0,2
20241207,35,3.01,14013.3,16569.8,2
20241207,35,3.50,14013.3,16469.8,2
20241207,35,4.27,14071.7,16414.8,2
20241207,35,4.33,14072.7,16414.8,2
20241207,35,5.00,14106.7,16414.8,2
20241207,35,5.01,14107.2,16271.0,2
20241207,35,5.41,14114.4,16046.0,2
20241207,35,5.48,14114.4,16046.0,2
20241207,35,5.68,14115.4,15746.0,2
20241207,35,6.00,14180.1,15746.0,2
20241207,35,6.01,14181.2,15736.0,2
20241207,35,6.50,14186.6,15736.0,2
20241207,35,7.00,14186.6,15736.0,2
20241207,35,7.03,14187.6,15735.2,2
20241207,35,7.50,14207.6,15735.2,2
20241207,35,8.00,14207.6,15735.2,2
20241207,35,8.01,14208.6,15664.7,2
20241207,35,8.10,14215.8,15664.7,2
20241207,35,8.38,14217.7,15664.7,2
20241207,35,8.45,14217.7,15664.7,2
20241207,35,9.00,14217.7,15662.8,2
20241207,35,9.31,14217.7,15657.0,2
20241207,35,9.46,14217.7,15655.5,2
20241207,35,9.50,14217.7,15653.5,2
20241207,35,9.69,14217.7,15653.2,2
20241207,35,9.71,14220.7,15623.2,2
20241207,35,9.73,14222.7,15623.2,2
20241207,35,9.89,14222.7,15623.2,2
20241207,35,10.00,14225.0,15608.2,2
20241207,35,10.01,14229.8,15585.2,2
20241207,35,10.14,14229.8,15573.4,2
20241207,35,10.15,14229.8,15517.4,2
20241207,35,10.30,14297.9,15417.4,2
20241207,35,10.44,14297.9,15387.4,2
20241207,35,10.47,14297.9,15240.4,2
20241207,35,10.50,14297.9,15225.4,2
20241207,35,10.67,14297.9,15225.3,2
20241207,35,10.68,14297.9,15170.3,2
20241207,35,10.79,14297.9,15166.8,2
20241207,35,10.80,14305.2,15018.8,2
20241207,35,10.90,14306.0,14870.8,2
20241207,35,10.93,14306.0,14840.8,2
20241207,35,10.99,14306.3,14738.8,2
20241207,35,11.00,14308.4,14738.8,2
20241207,35,11.01,14309.1,14659.7,2
20241207,35,11.04,14309.1,14659.7,2
20241207,35,11.06,14309.1,14512.7,2
20241207,35,11.08,14311.3,14508.0,2
20241207,35,11.32,14391.3,14404.0,2
20241207,35,11.36,14391.3,14404.0,2
20241207,35,11.50,14391.3,14379.0,2
20241207,35,11.51,14391.7,14255.9,2
20241207,35,11.54,14391.7,14225.9,2
20241207,35,11.56,14391.7,14102.9,2
20241207,35,11.64,14391.7,14002.9,2
20241207,35,11.65,14391.7,13902.9,2
20241207,35,11.72,14391.7,13779.9,2
20241207,35,11.78,14391.7,13679.9,2
20241207,35,11.79,14391.7,13649.9,2
20241207,35,11.80,14411.9,13640.1,2
20241207,35,11.87,14413.1,13640.1,2
20241207,35,11.88,14413.1,13517.1,2
20241207,35,11.99,14413.1,13417.1,2
20241207,35,12.00,14413.1,13294.1,2
20241207,35,12.01,14414.5,13263.7,2
20241207,35,12.07,14414.5,13263.7,2
20241207,35,12.22,14444.5,13238.7,2
20241207,35,12.24,14444.5,13238.7,2
20241207,35,12.28,14444.5,13220.5,2
20241207,35,12.31,14458.0,13220.4,2
20241207,35,12.38,14488.0,13220.4,2
20241207,35,12.50,14490.0,13220.4,2
20241207,35,12.51,14490.7,13214.7,2
20241207,35,12.52,14519.6,13214.7,2
20241207,35,12.67,14519.6,13214.7,2
20241207,35,12.69,14550.4,13164.7,2
20241207,35,12.71,14550.4,13164.7,2
20241207,35,12.81,14550.4,13104.7,2
20241207,35,12.83,14562.4,12953.7,2
20241207,35,12.85,14571.1,12953.7,2
20241207,35,12.88,14571.1,12847.7,2
20241207,35,12.97,14591.1,12812.0,2
20241207,35,13.00,14596.1,12812.0,2
20241207,35,13.20,14596.1,12807.7,2
20241207,35,13.27,14616.1,12806.6,2
20241207,35,13.32,14616.1,12806.6,2
20241207,35,13.40,14616.1,12747.6,2
20241207,35,13.50,14636.1,12745.3,2
20241207,35,13.56,14656.1,12704.3,2
20241207,35,13.57,14671.5,12704.3,2
20241207,35,13.78,14671.5,12704.3,2
20241207,35,13.92,14671.5,12703.8,2
20241207,35,13.93,14700.5,12702.8,2
20241207,35,13.97,14720.5,12702.8,2
20241207,35,14.00,14720.5,12702.8,2
20241207,35,14.01,14724.5,12656.9,2
20241207,35,14.26,14730.5,12647.6,2
20241207,35,14.28,14739.9,12647.6,2
20241207,35,14.30,14740.1,12647.6,2
20241207,35,14.37,14790.1,12559.8,2
20241207,35,14.47,14790.1,12559.8,2
20241207,35,14.50,14820.1,12559.6,2
20241207,35,14.53,14820.1,12559.6,2
20241207,35,14.54,14850.1,12555.8,2
20241207,35,14.60,14850.1,12555.8,2
20241207,35,14.63,14870.1,12555.6,2
20241207,35,14.66,14892.1,12555.6,2
20241207,35,14.72,14918.1,12555.6,2
20241207,35,14.85,14963.1,12555.6,2
20241207,35,14.88,15004.1,12555.6,2
20241207,35,14.90,15017.1,12555.6,2
20241207,35,14.91,15052.1,12505.6,2
20241207,35,14.93,15100.1,12505.6,2
20241207,35,14.96,15100.1,12505.6,2
20241207,35,14.97,15103.1,12455.6,2
20241207,35,14.98,15148.1,12455.6,2
20241207,35,14.99,15157.8,12455.6,2
20241207,35,15.00,15197.8,12445.6,2
20241207,35,15.01,15226.5,12368.5,2
20241207,35,15.02,15226.5,12368.5,2
20241207,35,15.03,15274.5,12355.0,2
20241207,35,15.11,15274.5,12355.0,2
20241207,35,15.12,15289.9,12354.7,2
20241207,35,15.13,15289.9,12354.7,2
20241207,35,15.18,15289.9,12349.9,2
20241207,35,15.20,15289.9,12349.5,2
20241207,35,15.22,15440.9,12349.0,2
20241207,35,15.36,15485.5,12349.0,2
20241207,35,15.37,15530.1,12349.0,2
20241207,35,15.39,15720.1,12349.0,2
20241207,35,15.50,15720.1,12349.0,2
20241207,35,15.62,15755.1,12339.0,2
20241207,35,15.70,15755.1,12339.0,2
20241207,35,15.71,15757.1,12338.9,2
20241207,35,15.73,15757.1,12333.9,2
20241207,35,15.75,15757.1,12329.7,2
20241207,35,16.00,15797.1,12329.5,2
20241207,35,16.01,15797.1,12329.5,2
20241207,35,16.06,15897.1,12324.0,2
20241207,35,16.13,15964.3,12324.0,2
20241207,35,16.14,16031.5,12324.0,2
20241207,35,16.15,16098.7,12324.0,2
20241207,35,16.16,16098.7,12324.0,2
20241207,35,16.32,16133.6,12320.2,2
20241207,35,16.33,16158.6,12320.2,2
20241207,35,16.39,16158.6,12320.2,2
20241207,35,16.48,16158.6,12320.0,2
20241207,35,16.49,16208.6,12316.0,2
20241207,35,16.50,16213.6,12316.0,2
20241207,35,16.53,16213.6,12315.0,2
20241207,35,16.72,16285.5,12314.4,2
20241207,35,16.86,16285.5,12314.4,2
20241207,35,16.91,16335.5,12314.0,2
20241207,35,16.94,16514.0,12314.0,2
20241207,35,17.00,16544.0,12314.0,2
20241207,35,17.01,16544.0,12314.0,2
20241207,35,17.04,16569.0,12312.5,2
20241207,35,17.11,16572.0,12312.5,2
20241207,35,17.17,16672.0,12312.5,2
20241207,35,17.19,16672.0,12312.5,2
20241207,35,17.20,16702.0,12230.6,2
20241207,35,17.22,16926.5,12229.3,2
20241207,35,17.40,16927.0,12229.3,2
20241207,35,17.54,16927.0,12229.3,2
20241207,35,17.58,16927.0,12229.0,2
20241207,35,17.79,16927.0,12212.8,2
20241207,35,17.83,16927.0,12209.0,2
20241207,35,17.89,16927.0,12205.4,2
20241207,35,18.00,16927.0,12187.9,2
20241207,35,18.05,16927.0,12182.7,2
20241207,35,18.13,17027.0,12181.0,2
20241207,35,18.54,17027.0,12181.0,2
20241207,35,19.10,17027.0,12180.1,2
20241207,35,19.18,17027.0,12179.0,2
20241207,35,19.41,17027.0,12176.7,2
20241207,35,19.42,17457.0,12086.3,2
20241207,35,19.54,17457.0,12078.6,2
20241207,35,19.55,17457.0,12076.9,2
20241207,35,19.56,17457.0,12076.8,2
20241207,35,20.00,17457.0,12076.5,2
20241207,35,20.01,17462.3,12037.7,2
20241207,35,20.53,17462.3,12023.7,2
20241207,35,20.64,17462.3,12022.1,2
20241207,35,21.88,17462.3,12021.3,2
20241207,35,21.97,17462.3,12021.2,2
20241207,35,22.00,17469.3,12013.6,2
20241207,35,22.50,17469.3,12013.6,2
20241207,35,23.87,17478.9,12011.9,2
20241207,35,24.13,17478.9,12011.9,2
20241207,35,24.54,17478.9,12011.0,2
20241207,35,24.55,17478.9,11994.9,2
20241207,35,24.56,17478.9,11994.6,2
20241207,35,25.00,17478.9,11991.0,2
20241207,35,25.12,17478.9,11990.2,2
20241207,35,26.00,17478.9,11970.9,2
20241207,35,26.21,17478.9,11852.2,2
20241207,35,27.50,17478.9,11844.5,2
20241207,35,27.62,17478.9,11841.0,2
20241207,35,29.90,17478.9,11840.2,2
20241207,35,29.95,17478.9,11836.7,2
20241207,35,30.00,17478.9,11835.8,2
20241207,35,30.01,17478.9,11788.1,2
20241207,35,30.45,17478.9,11787.0,2
20241207,35,30.92,17478.9,11779.4,2
20241207,35,31.11,17478.9,11778.6,2
20241207,35,33.28,17478.9,11763.4,2
20241207,35,34.46,17478.9,11755.7,2
20241207,35,34.69,17478.9,11748.1,2
20241207,35,34.94,17478.9,11649.0,2
20241207,35,35.00,17478.9,11625.3,2
20241207,35,36.00,17478.9,11602.0,2
20241207,35,36.79,17478.9,11552.0,2
20241207,35,38.20,17478.9,11540.9,2
20241207,35,39.69,18269.9,11538.3,2
20241207,35,40.00,18269.9,11538.3,2
20241207,35,40.12,18269.9,11490.0,2
20241207,35,42.00,18269.9,11482.6,2
20241207,35,45.00,18269.9,11481.6,2
20241207,35,45.01,18269.9,11423.8,2
20241207,35,46.00,18269.9,11284.1,2
20241207,35,47.15,18269.9,11234.1,2
20241207,35,48.38,18269.9,11138.5,2
20241207,35,50.00,18269.9,11136.9,2
20241207,35,55.00,18269.9,10945.2,2
20241207,35,60.00,18269.9,10896.6,2
20241207,35,61.30,18269.9,10839.1,2
20241207,35,64.60,18269.9,10837.5,2
20241207,35,74.22,18269.9,10812.0,2
20241207,35,77.80,18269.9,10810.3,2
20241207,35,79.90,18269.9,10703.7,2
20241207,35,80.00,18269.9,10701.3,2
20241207,35,80.01,18269.9,10140.8,2
20241207,35,80.05,18269.9,10086.9,2
20241207,35,80.21,18419.8,10074.5,2
20241207,35,81.00,18419.8,10074.5,2
20241207,35,82.01,18419.8,10031.0,2
20241207,35,85.00,18419.8,9963.4,2
20241207,35,87.14,18419.8,9960.0,2
20241207,35,90.00,18419.8,9958.4,2
20241207,35,99.00,18419.8,9954.2,2
20241207,35,99.90,18419.8,9954.0,2
20241207,35,100.00,18465.6,9953.0,2
20241207,35,100.01,18479.0,9725.4,2
20241207,35,100.06,18479.0,9725.4,2
20241207,35,101.00,18479.0,9723.7,2
20241207,35,120.10,18479.0,9637.7,2
20241207,35,138.00,18479.0,9618.5,2
20241207,35,190.00,18479.0,9498.7,2
20241207,35,200.00,18479.0,9496.8,2
20241207,35,200.01,18479.0,8258.9,2
20241207,35,200.10,18479.0,6760.2,2
20241207,35,200.50,18479.0,6682.2,2
20241207,35,201.00,18479.0,6653.3,2
20241207,35,210.00,18479.0,6647.9,2
20241207,35,250.00,18479.0,5422.1,2
20241207,35,299.99,18479.3,5411.5,2
20241207,35,300.00,18479.3,5411.5,2
20241207,35,550.02,18479.3,5403.5,2
20241207,35,900.00,18479.3,5221.2,2
20241207,35,999.00,18479.3,5209.6,2
20241207,35,999.99,18479.3,0.0,2
20241207,36,0.00,0.0,8916.7,0
20241207,36,0.00,2483.7,8916.7,0
20241207,36,0.01,6821.2,8916.7,0
20241207,36,0.02,6848.0,8910.8,0
20241207,36,0.03,6851.6,8910.4,0
20241207,36,0.10,6883.6,8910.4,0
20241207,36,1.00,6992.9,8890.4,0
20241207,36,1.01,6992.9,8869.6,0
20241207,36,2.01,6992.9,8864.8,0
20241207,36,2.45,6993.6,8564.8,0
20241207,36,3.00,6993.6,8564.8,0
20241207,36,3.01,6998.2,8484.2,0
20241207,36,3.80,6999.2,8384.2,0
20241207,36,5.00,7060.0,8384.2,0
20241207,36,5.01,7060.0,8332.8,0
20241207,36,5.15,7061.0,8085.9,0
20241207,36,5.90,7061.0,8085.9,0
20241207,36,6.00,7081.9,8069.9,0
20241207,36,6.26,7081.9,8069.9,0
20241207,36,6.50,7082.9,8063.9,0
20241207,36,6.60,7092.1,8063.9,0
20241207,36,7.85,7093.1,8063.9,0
20241207,36,8.00,7093.1,8063.9,0
20241207,36,8.01,7093.6,8062.9,0
20241207,36,8.62,7093.6,8062.9,0
20241207,36,8.85,7093.6,8062.6,0
20241207,36,9.00,7097.6,7905.6,0
20241207,36,9.20,7098.6,7905.6,0
20241207,36,9.73,7098.6,7905.6,0
20241207,36,9.99,7098.6,7860.6,0
20241207,36,10.00,7110.3,7830.6,0
20241207,36,10.05,7130.3,7827.3,0
20241207,36,10.55,7131.3,7827.3,0
20241207,36,10.68,7131.3,7827.3,0
20241207,36,11.42,7146.5,7826.6,0
20241207,36,11.90,7147.5,7826.6,0
20241207,36,12.00,7236.5,7826.6,0
20241207,36,12.01,7236.5,7826.6,0
20241207,36,12.25,7236.5,7817.7,0
20241207,36,12.47,7236.5,7728.7,0
20241207,36,12.60,7236.5,7586.7,0
20241207,36,12.99,7236.5,7264.7,0
20241207,36,13.12,7236.5,7117.7,0
20241207,36,13.25,7237.5,6952.7,0
20241207,36,13.34,7237.5,6952.7,0
20241207,36,13.90,7237.5,6922.7,0
20241207,36,14.00,7237.5,6896.0,0
20241207,36,14.44,7237.5,6885.8,0
20241207,36,14.60,7238.5,6864.8,0
20241207,36,14.67,7238.5,6864.8,0
20241207,36,14.69,7238.5,6864.7,0
20241207,36,15.00,7238.5,6863.0,0
20241207,36,15.01,7238.5,6842.1,0
20241207,36,15.04,7241.0,6841.1,0
20241207,36,15.44,7242.7,6841.1,0
20241207,36,15.47,7245.7,6841.1,0
20241207,36,15.50,7245.7,6841.1,0
20241207,36,15.80,7245.9,6840.9,0
20241207,36,15.89,7590.9,6840.9,0
20241207,36,15.90,7590.9,6840.9,0
20241207,36,15.95,7591.9,6840.7,0
20241207,36,16.00,7591.9,6840.7,0
20241207,36,16.36,7591.9,6840.0,0
20241207,36,16.50,7591.9,6838.5,0
20241207,36,16.54,7601.9,6837.5,0
20241207,36,16.59,7601.9,6837.5,0
20241207,36,16.90,7853.9,6836.1,0
20241207,36,17.00,7853.9,6836.1,0
20241207,36,17.01,7853.9,6835.9,0
20241207,36,17.20,7891.6,6827.1,0
20241207,36,17.43,7891.6,6827.1,0
20241207,36,17.73,7891.6,6826.9,0
20241207,36,18.00,7891.6,6804.9,0
20241207,36,18.02,7923.0,6786.1,0
20241207,36,18.04,7923.0,6786.1,0
20241207,36,18.05,7933.0,6784.5,0
20241207,36,18.65,7933.0,6784.5,0
20241207,36,18.79,7933.0,6784.3,0
20241207,36,18.84,7964.4,6685.3,0
20241207,36,19.00,7964.4,6685.3,0
20241207,36,19.39,8016.4,6664.9,0
20241207,36,19.55,8018.9,6664.9,0
20241207,36,19.65,8044.0,6664.9,0
20241207,36,19.71,8044.0,6664.9,0
20241207,36,19.82,8113.0,6661.9,0
20241207,36,20.00,8113.0,6661.9,0
20241207,36,20.01,8113.0,6638.1,0
20241207,36,21.00,8133.0,6637.4,0
20241207,36,21.35,8133.0,6622.4,0
20241207,36,22.43,8133.0,6620.8,0
20241207,36,22.70,8133.0,6576.1,0
20241207,36,24.04,8133.0,6572.0,0
20241207,36,24.05,8133.0,6570.0,0
20241207,36,25.00,8133.0,6569.6,0
20241207,36,27.00,8133.0,6565.3,0
20241207,36,27.68,8133.0,6547.3,0
20241207,36,29.90,8133.0,6544.2,0
20241207,36,30.00,8133.0,6542.7,0
20241207,36,32.66,8133.0,6511.5,0
20241207,36,34.00,8133.0,6508.4,0
20241207,36,35.00,8133.0,6448.7,0
20241207,36,35.97,8133.0,6444.5,0
20241207,36,37.50,8133.0,6442.2,0
20241207,36,38.00,8133.0,6432.4,0
20241207,36,40.00,8133.0,6432.0,0
20241207,36,40.12,8133.0,6404.6,0
20241207,36,45.00,8133.0,6393.5,0
20241207,36,45.01,8133.0,6389.7,0
20241207,36,46.93,8133.0,6385.5,0
20241207,36,48.32,8133.0,6276.4,0
20241207,36,50.00,8133.0,6250.6,0
20241207,36,50.01,8133.0,6129.7,0
20241207,36,55.00,8133.0,6125.0,0
20241207,36,60.00,8133.0,6102.2,0
20241207,36,65.92,8133.0,6073.2,0
20241207,36,77.80,8133.0,6054.3,0
20241207,36,79.90,8133.0,5983.9,0
20241207,36,80.00,8133.0,5982.9,0
20241207,36,80.01,8133.0,5836.2,0
20241207,36,81.00,8133.0,5812.9,0
20241207,36,82.01,8133.0,5812.5,0
20241207,36,85.00,8133.0,5791.6,0
20241207,36,90.00,8133.0,5788.9,0
20241207,36,99.90,8133.0,5785.2,0
20241207,36,100.00,8133.0,5776.3,0
20241207,36,100.01,8145.5,5707.2,0
20241207,36,101.00,8145.5,5707.2,0
20241207,36,138.00,8145.5,5701.7,0
20241207,36,150.00,8145.5,5701.5,0
20241207,36,200.00,8145.5,5696.4,0
20241207,36,200.01,8145.5,5082.0,0
20241207,36,200.10,8145.5,4930.6,0
20241207,36,200.50,8145.5,4929.8,0
20241207,36,201.00,8145.5,4917.8,0
20241207,36,210.00,8145.5,4917.4,0
20241207,36,300.00,8145.5,4877.1,0
20241207,36,500.00,8145.5,4872.1,0
20241207,36,900.00,8145.5,4862.1,0
20241207,36,999.00,8145.5,4860.1,0
20241207,36,999.99,8145.5,0.0,0
20241207,36,0.00,0.0,17637.4,2
20241207,36,0.00,5155.9,17637.4,2
20241207,36,0.01,13372.3,17637.4,2
20241207,36,0.02,13486.3,17628.8,2
20241207,36,0.03,13486.3,17618.8,2
20241207,36,0.10,13505.9,17606.8,2
20241207,36,0.29,13539.8,17606.8,2
20241207,36,1.00,13723.7,17606.8,2
20241207,36,1.01,13725.9,17477.2,2
20241207,36,1.64,13726.9,17468.7,2
20241207,36,2.00,13737.3,17468.7,2
20241207,36,2.01,13737.3,17452.7,2
20241207,36,2.62,13744.5,17152.7,2
20241207,36,2.99,13745.5,17152.7,2
20241207,36,3.00,13746.6,17152.7,2
20241207,36,3.01,13746.6,16798.2,2
20241207,36,4.27,13805.0,16698.2,2
20241207,36,4.34,13806.0,16698.2,2
20241207,36,4.51,13806.0,16698.2,2
20241207,36,5.00,13839.0,16643.2,2
20241207,36,5.01,13839.5,16500.9,2
20241207,36,5.22,13846.7,16276.0,2
20241207,36,5.48,13846.7,16276.0,2
20241207,36,5.69,13847.7,15976.0,2
20241207,36,6.00,13912.4,15976.0,2
20241207,36,6.01,13913.7,15966.0,2
20241207,36,6.50,13920.9,15966.0,2
20241207,36,7.00,13920.9,15966.0,2
20241207,36,7.04,13921.9,15965.2,2
20241207,36,7.50,13941.9,15965.2,2
20241207,36,7.83,13949.1,15965.2,2
20241207,36,8.00,13949.1,15965.2,2
20241207,36,8.01,13950.1,15895.6,2
20241207,36,8.39,13952.1,15895.6,2
20241207,36,8.45,13952.1,15895.6,2
20241207,36,9.00,13952.1,15893.8,2
20241207,36,9.43,13952.1,15888.2,2
20241207,36,9.71,13966.1,15886.9,2
20241207,36,9.74,13968.1,15886.9,2
20241207,36,10.00,13970.1,15886.9,2
20241207,36,10.01,13974.5,15865.7,2
20241207,36,10.14,13974.5,15853.8,2
20241207,36,10.15,13974.5,15797.8,2
20241207,36,10.22,13974.5,15697.8,2
20241207,36,10.24,13974.5,15667.8,2
20241207,36,10.30,14042.6,15665.8,2
20241207,36,10.43,14049.9,15665.8,2
20241207,36,10.44,14049.9,15665.8,2
20241207,36,10.50,14049.9,15517.8,2
20241207,36,10.64,14049.9,15517.3,2
20241207,36,10.67,14049.9,15502.3,2
20241207,36,10.68,14049.9,15432.3,2
20241207,36,10.79,14049.9,15403.7,2
20241207,36,10.80,14049.9,15255.7,2
20241207,36,10.85,14049.9,15107.7,2
20241207,36,10.93,14049.9,15077.7,2
20241207,36,11.00,14052.1,14975.7,2
20241207,36,11.01,14052.7,14897.9,2
20241207,36,11.04,14052.7,14897.9,2
20241207,36,11.08,14052.7,14750.9,2
20241207,36,11.09,14054.8,14646.9,2
20241207,36,11.31,14055.2,14646.9,2
20241207,36,11.34,14055.2,14646.9,2
20241207,36,11.49,14055.2,14621.9,2
20241207,36,11.50,14055.2,14591.9,2
20241207,36,11.51,14056.7,14466.0,2
20241207,36,11.54,14056.7,14366.0,2
20241207,36,11.60,14056.7,14243.0,2
20241207,36,11.65,14056.7,14143.0,2
20241207,36,11.67,14056.7,14020.0,2
20241207,36,11.69,14056.8,14015.1,2
20241207,36,11.70,14056.8,14015.1,2
20241207,36,11.87,14056.8,13915.1,2
20241207,36,11.88,14056.8,13792.1,2
20241207,36,11.95,14056.8,13692.1,2
20241207,36,11.96,14056.8,13662.1,2
20241207,36,11.97,14076.9,13652.2,2
20241207,36,11.99,14076.9,13652.2,2
20241207,36,12.00,14076.9,13529.2,2
20241207,36,12.01,14078.4,13499.1,2
20241207,36,12.07,14202.4,13444.1,2
20241207,36,12.28,14202.4,13444.1,2
20241207,36,12.33,14202.4,13444.0,2
20241207,36,12.50,14204.4,13419.7,2
20241207,36,12.51,14205.5,13414.0,2
20241207,36,12.55,14235.5,13414.0,2
20241207,36,12.56,14235.5,13414.0,2
20241207,36,12.67,14235.5,13394.6,2
20241207,36,12.78,14236.2,13369.6,2
20241207,36,12.81,14236.2,13369.6,2
20241207,36,12.85,14236.2,13218.6,2
20241207,36,12.88,14236.2,13117.6,2
20241207,36,12.91,14248.2,13079.4,2
20241207,36,12.92,14256.9,13079.4,2
20241207,36,13.00,14261.9,13074.4,2
20241207,36,13.04,14269.1,13070.2,2
20241207,36,13.05,14271.9,13070.2,2
20241207,36,13.06,14274.9,13070.2,2
20241207,36,13.07,14276.2,13070.2,2
20241207,36,13.14,14306.2,13069.2,2
20241207,36,13.15,14326.2,13069.2,2
20241207,36,13.17,14355.1,13069.2,2
20241207,36,13.20,14355.1,13069.2,2
20241207,36,13.40,14355.1,13067.9,2
20241207,36,13.45,14455.1,13007.9,2
20241207,36,13.50,14475.1,13007.9,2
20241207,36,13.64,14520.5,12967.9,2
20241207,36,13.75,14540.5,12967.9,2
20241207,36,13.79,14540.5,12967.9,2
20241207,36,14.00,14540.7,12967.4,2
20241207,36,14.01,14579.7,12921.5,2
20241207,36,14.04,14579.7,12912.2,2
20241207,36,14.20,14579.7,12853.2,2
20241207,36,14.27,14599.7,12852.7,2
20241207,36,14.29,14599.7,12852.7,2
20241207,36,14.30,14599.7,12842.8,2
20241207,36,14.34,14605.7,12742.8,2
20241207,36,14.36,14615.1,12742.8,2
20241207,36,14.37,14665.1,12742.8,2
20241207,36,14.38,14665.1,12742.8,2
20241207,36,14.50,14695.1,12738.4,2
20241207,36,14.60,14695.1,12738.1,2
20241207,36,14.63,14715.1,12737.9,2
20241207,36,14.66,14737.1,12737.9,2
20241207,36,14.68,14772.1,12737.9,2
20241207,36,14.69,14801.1,12736.9,2
20241207,36,14.70,14801.1,12733.1,2
20241207,36,14.72,14827.1,12680.2,2
20241207,36,14.73,14827.1,12680.2,2
20241207,36,14.85,14872.1,12630.2,2
20241207,36,14.88,14913.1,12630.2,2
20241207,36,14.90,14926.1,12630.2,2
20241207,36,14.93,14974.1,12630.2,2
20241207,36,14.98,15019.1,12630.2,2
20241207,36,15.00,15059.1,12630.2,2
20241207,36,15.01,15061.6,12549.8,2
20241207,36,15.02,15081.6,12549.8,2
20241207,36,15.03,15129.6,12549.8,2
20241207,36,15.06,15132.6,12549.8,2
20241207,36,15.08,15142.3,12549.8,2
20241207,36,15.10,15142.3,12539.8,2
20241207,36,15.14,15142.3,12526.6,2
20241207,36,15.16,15142.3,12521.8,2
20241207,36,15.22,15293.3,12521.6,2
20241207,36,15.32,15323.3,12521.6,2
20241207,36,15.35,15348.3,12521.6,2
20241207,36,15.36,15392.9,12521.6,2
20241207,36,15.37,15437.5,12521.6,2
20241207,36,15.39,15477.5,12521.6,2
20241207,36,15.45,15577.5,12521.6,2
20241207,36,15.50,15577.5,12521.6,2
20241207,36,15.70,15577.5,12511.6,2
20241207,36,15.77,15592.9,12511.5,2
20241207,36,15.80,15594.9,12511.5,2
20241207,36,15.82,15594.9,12506.5,2
20241207,36,16.00,15634.9,12501.9,2
20241207,36,16.01,15659.9,12501.9,2
20241207,36,16.06,15759.9,12496.4,2
20241207,36,16.13,15824.2,12496.4,2
20241207,36,16.14,15888.5,12496.4,2
20241207,36,16.15,15952.8,12496.4,2
20241207,36,16.32,16028.7,12496.4,2
20241207,36,16.34,16058.7,12496.4,2
20241207,36,16.36,16058.7,12496.4,2
20241207,36,16.49,16058.7,12492.6,2
20241207,36,16.50,16063.7,12488.6,2
20241207,36,16.57,16113.7,12487.6,2
20241207,36,16.63,16113.7,12487.6,2
20241207,36,16.88,16163.7,12487.3,2
20241207,36,16.93,16163.7,12487.3,2
20241207,36,17.00,16195.6,12486.3,2
20241207,36,17.01,16195.6,12486.3,2
20241207,36,17.17,16295.6,12484.7,2
20241207,36,17.19,16295.6,12484.7,2
20241207,36,17.20,16295.6,12397.4,2
20241207,36,17.21,16298.6,12396.2,2
20241207,36,17.22,16523.1,12396.2,2
20241207,36,17.38,16523.1,12396.2,2
20241207,36,17.40,16523.6,12377.9,2
20241207,36,17.58,16523.6,12377.9,2
20241207,36,17.84,16523.6,12361.7,2
20241207,36,18.00,16523.6,12358.0,2
20241207,36,18.03,16523.6,12354.6,2
20241207,36,18.09,16523.6,12350.8,2
20241207,36,18.13,16623.6,12350.6,2
20241207,36,18.86,16623.6,12350.6,2
20241207,36,19.19,16623.6,12348.0,2
20241207,36,19.31,16623.6,12345.6,2
20241207,36,19.42,16853.6,12244.1,2
20241207,36,19.55,16853.6,12244.1,2
20241207,36,19.69,16853.6,12242.9,2
20241207,36,19.70,16853.6,12241.2,2
20241207,36,19.71,16853.6,12233.4,2
20241207,36,20.00,16853.6,12233.0,2
20241207,36,20.01,16858.8,12194.8,2
20241207,36,20.54,16858.8,12180.7,2
20241207,36,21.11,16858.8,12178.9,2
20241207,36,21.77,16858.8,12178.1,2
20241207,36,21.89,16858.8,12170.5,2
20241207,36,22.00,16865.8,12170.1,2
20241207,36,22.50,16865.8,12170.1,2
20241207,36,23.87,16875.4,12168.3,2
20241207,36,24.69,16875.4,12168.3,2
20241207,36,24.70,16875.4,12152.2,2
20241207,36,24.71,16875.4,12151.9,2
20241207,36,24.86,16875.4,12148.2,2
20241207,36,25.00,16875.4,12147.3,2
20241207,36,25.12,16875.4,12146.5,2
20241207,36,25.22,16875.4,12126.3,2
20241207,36,26.00,16875.4,12118.6,2
20241207,36,27.50,16875.4,12002.2,2
20241207,36,28.61,16875.4,11998.5,2
20241207,36,28.68,16875.4,11997.7,2
20241207,36,29.90,16875.4,11990.1,2
20241207,36,30.00,16875.4,11986.8,2
20241207,36,30.01,16875.4,11937.6,2
20241207,36,30.98,16875.4,11936.1,2
20241207,36,31.10,16875.4,11928.4,2
20241207,36,31.94,16875.4,11927.5,2
20241207,36,32.13,16875.4,11919.9,2
20241207,36,32.14,16875.4,11821.0,2
20241207,36,32.35,16875.4,11820.2,2
20241207,36,34.94,16875.4,11805.9,2
20241207,36,35.00,16875.4,11782.5,2
20241207,36,36.00,16875.4,11761.4,2
20241207,36,36.79,16875.4,11711.4,2
20241207,36,39.10,16875.4,11700.3,2
20241207,36,39.69,17658.4,11697.7,2
20241207,36,40.00,17658.4,11697.7,2
20241207,36,40.12,17658.4,11648.6,2
20241207,36,42.00,17658.4,11641.5,2
20241207,36,45.00,17658.4,11640.3,2
20241207,36,45.01,17658.4,11577.5,2
20241207,36,46.00,17658.4,11356.6,2
20241207,36,47.92,17658.4,11306.6,2
20241207,36,49.05,17658.4,11208.5,2
20241207,36,50.00,17658.4,11206.9,2
20241207,36,55.00,17658.4,11014.3,2
20241207,36,60.00,17658.4,10965.9,2
20241207,36,61.97,17658.4,10908.1,2
20241207,36,64.56,17658.4,10906.5,2
20241207,36,74.89,17658.4,10880.1,2
20241207,36,77.80,17658.4,10878.4,2
20241207,36,79.90,17658.4,10768.9,2
20241207,36,80.00,17658.4,10766.6,2
20241207,36,80.01,17658.4,10189.5,2
20241207,36,80.05,17658.4,10137.6,2
20241207,36,80.21,17808.3,10124.0,2
20241207,36,81.00,17808.3,10124.0,2
20241207,36,82.01,17808.3,10061.3,2
20241207,36,85.00,17808.3,9991.1,2
20241207,36,87.81,17808.3,9988.3,2
20241207,36,90.00,17808.3,9986.7,2
20241207,36,99.00,17808.3,9982.8,2
20241207,36,99.90,17808.3,9982.6,2
20241207,36,100.00,17854.3,9981.6,2
20241207,36,100.01,17867.7,9756.6,2
20241207,36,100.73,17867.7,9756.6,2
20241207,36,101.00,17867.7,9754.9,2
20241207,36,120.10,17867.7,9668.9,2
20241207,36,138.00,17867.7,9649.5,2
20241207,36,190.00,17867.7,9529.7,2
20241207,36,200.00,17867.7,9527.9,2
20241207,36,200.01,17867.7,8285.3,2
20241207,36,200.10,17867.7,6789.3,2
20241207,36,200.50,17867.7,6711.3,2
20241207,36,201.00,17867.7,6686.4,2
20241207,36,210.00,17867.7,6681.0,2
20241207,36,250.00,17867.7,5454.9,2
20241207,36,299.99,17868.0,5443.8,2
20241207,36,300.00,17868.0,5443.8,2
20241207,36,550.02,17868.0,5435.8,2
20241207,36,900.00,17868.0,5253.5,2
20241207,36,999.00,17868.0,5241.9,2
20241207,36,999.99,17868.0,0.0,2
20241207,37,0.00,0.0,18284.8,0
20241207,37,0.00,3818.5,18284.8,0
20241207,37,0.01,12870.9,18284.8,0
20241207,37,0.02,13004.8,18279.1,0
20241207,37,0.03,13008.6,18278.7,0
20241207,37,0.04,13025.7,18278.7,0
20241207,37,0.10,13025.7,18278.7,0
20241207,37,1.00,13302.6,18173.0,0
20241207,37,1.01,13309.5,18152.0,0
20241207,37,1.10,13445.2,18147.2,0
20241207,37,2.00,13476.2,18147.2,0
20241207,37,2.01,13476.2,18147.2,0
20241207,37,2.45,13478.1,17847.2,0
20241207,37,3.00,13478.1,17847.2,0
20241207,37,3.01,13482.7,17766.6,0
20241207,37,3.80,13484.7,17666.6,0
20241207,37,5.00,13596.7,17666.6,0
20241207,37,5.01,13596.7,17566.3,0
20241207,37,5.15,13598.7,17221.3,0
20241207,37,5.90,13598.7,17221.3,0
20241207,37,6.00,13619.6,17205.3,0
20241207,37,6.26,13619.6,17205.3,0
20241207,37,6.50,13621.6,17199.3,0
20241207,37,7.50,13641.6,17199.3,0
20241207,37,7.85,13643.6,17199.3,0
20241207,37,8.00,13644.4,17199.3,0
20241207,37,8.01,13644.9,17180.3,0
20241207,37,8.85,13644.9,17180.3,0
20241207,37,9.00,13648.9,17023.3,0
20241207,37,9.20,13650.9,17023.3,0
20241207,37,9.73,13650.9,17023.3,0
20241207,37,9.99,13650.9,16978.3,0
20241207,37,10.00,13662.7,16948.3,0
20241207,37,10.25,13662.7,16945.1,0
20241207,37,10.55,13664.7,16371.1,0
20241207,37,11.26,13664.7,16371.1,0
20241207,37,11.34,13664.7,16177.6,0
20241207,37,11.42,13679.9,15712.4,0
20241207,37,11.90,13681.9,15712.4,0
20241207,37,12.00,13770.9,15712.4,0
20241207,37,12.01,13770.9,15615.3,0
20241207,37,12.12,13770.9,15606.6,0
20241207,37,12.16,13770.9,15453.6,0
20241207,37,12.48,13770.9,15453.3,0
20241207,37,12.50,13770.9,15169.3,0
20241207,37,12.59,13770.9,15132.8,0
20241207,37,12.99,13770.9,15132.1,0
20241207,37,13.00,13774.7,14869.1,0
20241207,37,13.14,13774.7,14869.1,0
20241207,37,13.22,13774.7,14704.1,0
20241207,37,13.25,13776.7,14702.0,0
20241207,37,13.34,13776.7,14702.0,0
20241207,37,13.50,13780.2,14672.0,0
20241207,37,13.69,13780.2,14672.0,0
20241207,37,14.00,13824.6,14671.9,0
20241207,37,14.01,13824.6,14661.7,0
20241207,37,14.33,13824.6,14660.8,0
20241207,37,14.37,13824.6,14460.8,0
20241207,37,14.40,13824.6,14260.8,0
20241207,37,14.42,13824.6,14060.8,0
20241207,37,14.44,13824.6,13860.8,0
20241207,37,14.49,13824.6,13839.3,0
20241207,37,14.56,13824.6,13639.3,0
20241207,37,14.60,13826.6,13439.3,0
20241207,37,14.67,13826.6,13433.8,0
20241207,37,14.71,13826.6,13433.7,0
20241207,37,14.75,13826.6,13428.8,0
20241207,37,14.94,13826.6,13228.8,0
20241207,37,15.00,13853.5,13028.8,0
20241207,37,15.01,13858.9,13006.4,0
20241207,37,15.02,13858.9,13006.4,0
20241207,37,15.04,13861.4,12806.4,0
20241207,37,15.11,13861.4,12806.4,0
20241207,37,15.18,13861.4,12606.4,0
20241207,37,15.50,14006.4,12544.0,0
20241207,37,15.69,14008.1,12544.0,0
20241207,37,15.90,14210.1,12544.0,0
20241207,37,15.93,14313.1,12543.8,0
20241207,37,15.95,14315.1,12543.8,0
20241207,37,16.00,14325.1,12543.8,0
20241207,37,16.01,14339.0,12543.1,0
20241207,37,16.17,14339.0,12543.1,0
20241207,37,16.50,14409.0,12537.6,0
20241207,37,16.54,14419.0,12537.6,0
20241207,37,16.59,14419.0,12537.6,0
20241207,37,16.68,14419.2,12536.2,0
20241207,37,16.70,14439.2,12536.2,0
20241207,37,16.71,14439.2,12528.2,0
20241207,37,16.72,14739.2,12524.6,0
20241207,37,16.76,14818.7,12524.6,0
20241207,37,17.00,14848.7,12524.6,0
20241207,37,17.01,14848.7,12524.3,0
20241207,37,17.16,14848.7,12515.7,0
20241207,37,17.22,14848.8,12506.0,0
20241207,37,17.43,14848.8,12506.0,0
20241207,37,17.49,15246.8,12505.8,0
20241207,37,17.50,15246.8,12505.8,0
20241207,37,17.73,15246.8,12504.8,0
20241207,37,17.74,15246.8,12482.8,0
20241207,37,17.76,15271.9,12477.1,0
20241207,37,17.86,15321.8,12477.1,0
20241207,37,18.00,15321.8,12477.1,0
20241207,37,18.01,15327.2,12418.1,0
20241207,37,18.05,15337.2,12417.4,0
20241207,37,18.43,15442.2,12417.4,0
20241207,37,18.60,15463.1,12417.4,0
20241207,37,18.65,15463.1,12417.4,0
20241207,37,18.78,15463.1,12417.1,0
20241207,37,18.79,15464.2,12410.6,0
20241207,37,18.87,15464.2,12400.9,0
20241207,37,19.00,15514.2,12290.9,0
20241207,37,19.31,15514.2,12270.5,0
20241207,37,19.45,15574.1,12257.5,0
20241207,37,19.50,15574.1,12257.5,0
20241207,37,19.55,15576.6,12256.5,0
20241207,37,19.59,15718.6,12256.5,0
20241207,37,19.63,15859.6,12256.5,0
20241207,37,19.66,16001.6,12256.5,0
20241207,37,19.73,16142.6,12256.5,0
20241207,37,19.77,16284.6,12256.5,0
20241207,37,19.83,16332.6,12256.5,0
20241207,37,20.00,16362.6,12256.5,0
20241207,37,20.29,16379.3,12220.2,0
20241207,37,20.96,16379.3,12220.2,0
20241207,37,21.00,16406.3,12192.3,0
20241207,37,21.10,16412.5,12177.3,0
20241207,37,21.35,16412.5,12177.3,0
20241207,37,21.44,16412.5,12174.7,0
20241207,37,21.55,16412.5,12172.7,0
20241207,37,22.15,16412.5,12125.4,0
20241207,37,22.35,16553.5,12112.2,0
20241207,37,22.58,16561.2,12112.2,0
20241207,37,22.70,16561.2,12112.2,0
20241207,37,23.20,16576.6,12110.2,0
20241207,37,23.29,16576.6,12110.2,0
20241207,37,24.04,16576.6,12019.7,0
20241207,37,24.05,16576.6,12017.7,0
20241207,37,25.00,16576.6,12016.3,0
20241207,37,25.40,16576.6,11915.6,0
20241207,37,25.57,16718.6,11914.6,0
20241207,37,26.00,16718.6,11914.6,0
20241207,37,26.44,16718.6,11897.0,0
20241207,37,26.75,16718.6,11879.0,0
20241207,37,26.89,16718.6,11878.0,0
20241207,37,28.10,16718.6,11864.8,0
20241207,37,29.45,16718.6,11863.8,0
20241207,37,29.90,16718.6,11862.8,0
20241207,37,30.00,16718.6,11861.5,0
20241207,37,30.40,16859.6,11829.4,0
20241207,37,30.80,16859.6,11829.4,0
20241207,37,31.36,16859.6,11828.4,0
20241207,37,31.50,16859.6,11273.9,0
20241207,37,31.63,16859.6,11273.7,0
20241207,37,32.15,16859.6,11260.5,0
20241207,37,33.00,16859.6,11259.5,0
20241207,37,33.50,16859.6,11202.1,0
20241207,37,33.62,16989.5,11201.1,0
20241207,37,34.79,16989.5,11201.1,0
20241207,37,34.85,16989.5,11190.8,0
20241207,37,35.00,16989.5,11182.6,0
20241207,37,36.00,16989.5,11177.8,0
20241207,37,36.11,16989.5,11149.6,0
20241207,37,36.37,16989.5,11139.5,0
20241207,37,37.50,16989.5,11130.6,0
20241207,37,38.00,16989.5,11084.5,0
20241207,37,39.18,16989.5,11084.2,0
20241207,37,40.00,16989.5,11084.1,0
20241207,37,40.01,16989.5,11029.0,0
20241207,37,40.12,16989.5,10959.3,0
20241207,37,41.36,16989.5,10948.7,0
20241207,37,45.00,16989.5,10948.5,0
20241207,37,45.01,16989.5,10915.9,0
20241207,37,46.18,16989.5,10911.7,0
20241207,37,47.36,16989.5,10911.6,0
20241207,37,48.32,16989.5,10805.5,0
20241207,37,50.00,16990.8,10779.8,0
20241207,37,50.01,16990.8,10540.5,0
20241207,37,50.90,16990.8,10535.9,0
20241207,37,53.18,16990.8,10533.6,0
20241207,37,55.00,16990.8,10533.2,0
20241207,37,60.00,16990.8,10510.7,0
20241207,37,66.29,16990.8,10415.5,0
20241207,37,70.00,16990.8,10396.4,0
20241207,37,72.00,16990.8,10395.2,0
20241207,37,77.80,16990.8,10394.9,0
20241207,37,79.90,16990.8,10325.7,0
20241207,37,80.00,16990.8,10324.8,0
20241207,37,80.01,16990.8,9734.8,0
20241207,37,81.00,16990.8,9671.3,0
20241207,37,82.01,16990.8,9670.6,0
20241207,37,85.00,16990.8,9572.4,0
20241207,37,90.00,16990.8,9561.7,0
20241207,37,99.90,16990.8,9557.6,0
20241207,37,100.00,16990.8,9548.7,0
20241207,37,100.01,17012.5,9362.9,0
20241207,37,101.00,17012.5,9362.9,0
20241207,37,120.10,17012.5,9357.4,0
20241207,37,138.00,17012.5,9325.7,0
20241207,37,150.00,17012.5,9277.8,0
20241207,37,151.00,17012.5,9272.5,0
20241207,37,190.00,17012.5,9235.0,0
20241207,37,200.00,17012.5,9234.8,0
20241207,37,200.01,17012.5,7742.9,0
20241207,37,200.10,17012.5,6983.8,0
20241207,37,200.50,17012.5,6876.6,0
20241207,37,200.98,17012.5,6845.8,0
20241207,37,200.99,17012.5,6845.7,0
20241207,37,201.00,17012.5,6845.6,0
20241207,37,210.00,17012.5,6771.0,0
20241207,37,250.00,17012.5,6432.6,0
20241207,37,299.99,17012.6,6301.7,0
20241207,37,300.00,17012.6,6301.7,0
20241207,37,500.00,17012.6,6204.8,0
20241207,37,550.02,17012.6,6194.8,0
20241207,37,900.00,17012.6,6081.7,0
20241207,37,999.00,17012.6,6079.7,0
20241207,37,999.99,17012.6,0.0,0
20241207,37,0.00,0.0,17890.1,1
20241207,37,0.00,5203.2,17890.1,1
20241207,37,0.01,13447.2,17890.1,1
20241207,37,0.02,13561.9,17881.5,1
20241207,37,0.03,13561.9,17871.5,1
20241207,37,0.04,13562.2,17859.5,1
20241207,37,0.10,13581.6,17859.5,1
20241207,37,0.30,13607.7,17859.5,1
20241207,37,1.00,13792.9,17859.5,1
20241207,37,1.01,13795.0,17784.1,1
20241207,37,1.65,13796.0,17775.6,1
20241207,37,2.00,13806.6,17775.6,1
20241207,37,2.01,13806.6,17759.6,1
20241207,37,2.65,13813.8,17459.6,1
20241207,37,3.00,13816.0,17459.6,1
20241207,37,3.01,13816.0,17103.6,1
20241207,37,4.27,13874.4,17003.6,1
20241207,37,4.35,13875.4,17003.6,1
20241207,37,5.00,13909.1,17003.6,1
20241207,37,5.01,13909.6,16862.8,1
20241207,37,5.29,13916.8,16637.8,1
20241207,37,5.42,13916.8,16637.8,1
20241207,37,5.70,13917.8,16582.8,1
20241207,37,6.00,13965.8,16582.8,1
20241207,37,6.01,13967.1,16572.8,1
20241207,37,6.50,13975.9,16572.8,1
20241207,37,7.00,13975.9,16572.8,1
20241207,37,7.05,13977.1,16572.0,1
20241207,37,7.47,13977.1,16572.0,1
20241207,37,7.50,13997.1,16567.0,1
20241207,37,7.51,13997.1,16567.0,1
20241207,37,7.93,14004.3,16367.0,1
20241207,37,8.00,14004.3,16367.0,1
20241207,37,8.01,14005.3,16247.1,1
20241207,37,8.40,14007.3,16247.1,1
20241207,37,8.85,14007.3,16247.1,1
20241207,37,9.00,14007.3,15947.1,1
20241207,37,9.18,14007.3,15941.6,1
20241207,37,9.26,14007.3,15941.5,1
20241207,37,9.50,14007.3,15911.5,1
20241207,37,9.60,14007.3,15911.1,1
20241207,37,9.71,14011.3,15910.3,1
20241207,37,9.75,14013.3,15910.3,1
20241207,37,9.84,14013.3,15910.3,1
20241207,37,10.00,14015.4,15880.3,1
20241207,37,10.01,14020.1,15858.7,1
20241207,37,10.14,14020.1,15831.9,1
20241207,37,10.15,14020.1,15775.9,1
20241207,37,10.30,14088.2,15675.9,1
20241207,37,10.42,14088.2,15675.9,1
20241207,37,10.44,14088.2,15645.9,1
20241207,37,10.50,14088.2,15497.9,1
20241207,37,10.53,14088.2,15497.6,1
20241207,37,10.57,14095.5,15472.6,1
20241207,37,10.60,14095.5,15472.6,1
20241207,37,10.67,14095.5,15457.6,1
20241207,37,10.68,14095.5,15402.6,1
20241207,37,10.79,14095.5,15399.0,1
20241207,37,10.80,14095.5,15252.0,1
20241207,37,10.93,14095.5,15104.0,1
20241207,37,11.00,14097.7,15002.0,1
20241207,37,11.01,14098.4,14893.8,1
20241207,37,11.04,14098.4,14893.8,1
20241207,37,11.08,14098.4,14746.8,1
20241207,37,11.10,14100.6,14642.8,1
20241207,37,11.19,14100.6,14642.8,1
20241207,37,11.28,14101.0,14617.8,1
20241207,37,11.34,14102.1,14617.8,1
20241207,37,11.50,14102.1,14617.8,1
20241207,37,11.51,14102.5,14494.1,1
20241207,37,11.53,14102.6,14394.1,1
20241207,37,11.54,14102.6,14394.1,1
20241207,37,11.60,14102.6,14271.1,1
20241207,37,11.65,14102.6,14171.1,1
20241207,37,11.70,14102.6,14048.1,1
20241207,37,11.84,14102.6,13948.1,1
20241207,37,11.87,14102.6,13923.1,1
20241207,37,11.88,14102.6,13800.1,1
20241207,37,11.99,14102.6,13700.1,1
20241207,37,12.00,14102.6,13577.1,1
20241207,37,12.01,14104.8,13547.4,1
20241207,37,12.07,14229.8,13547.4,1
20241207,37,12.14,14229.8,13547.4,1
20241207,37,12.15,14229.8,13457.4,1
20241207,37,12.16,14249.9,13447.5,1
20241207,37,12.28,14249.9,13447.5,1
20241207,37,12.37,14279.9,13447.4,1
20241207,37,12.40,14279.9,13447.4,1
20241207,37,12.50,14281.9,13442.5,1
20241207,37,12.63,14281.9,13411.8,1
20241207,37,12.65,14310.8,13386.3,1
20241207,37,12.69,14311.5,13386.3,1
20241207,37,12.70,14311.5,13386.3,1
20241207,37,12.72,14311.5,13385.8,1
20241207,37,12.76,14341.5,13326.8,1
20241207,37,12.81,14341.5,13306.8,1
20241207,37,12.84,14371.5,13155.8,1
20241207,37,12.85,14371.5,13155.8,1
20241207,37,12.88,14371.5,13054.8,1
20241207,37,13.00,14376.5,13015.4,1
20241207,37,13.01,14379.9,13011.2,1
20241207,37,13.18,14391.9,13001.9,1
20241207,37,13.19,14400.6,13001.9,1
20241207,37,13.21,14407.8,12996.9,1
20241207,37,13.30,14409.2,12996.9,1
20241207,37,13.31,14438.2,12994.5,1
20241207,37,13.36,14458.2,12994.5,1
20241207,37,13.39,14459.6,12994.5,1
20241207,37,13.43,14479.6,12994.5,1
20241207,37,13.45,14579.6,12994.5,1
20241207,37,13.47,14581.1,12994.5,1
20241207,37,13.50,14601.1,12994.5,1
20241207,37,13.56,14602.6,12954.5,1
20241207,37,13.65,14603.9,12954.4,1
20241207,37,13.80,14603.9,12953.4,1
20241207,37,13.82,14638.9,12952.9,1
20241207,37,13.89,14668.9,12952.9,1
20241207,37,13.93,14684.3,12952.9,1
20241207,37,13.97,14704.3,12952.9,1
20241207,37,14.00,14704.3,12952.9,1
20241207,37,14.01,14704.8,12906.1,1
20241207,37,14.13,14724.8,12906.1,1
20241207,37,14.29,14724.8,12906.1,1
20241207,37,14.30,14724.8,12896.2,1
20241207,37,14.37,14774.8,12796.2,1
20241207,37,14.42,14774.8,12796.2,1
20241207,37,14.48,14809.8,12796.0,1
20241207,37,14.50,14840.0,12796.0,1
20241207,37,14.57,14853.7,12796.0,1
20241207,37,14.60,14853.7,12796.0,1
20241207,37,14.63,14870.7,12792.0,1
20241207,37,14.64,14876.7,12792.0,1
20241207,37,14.66,14906.1,12792.0,1
20241207,37,14.68,14906.1,12792.0,1
20241207,37,14.70,14906.1,12787.6,1
20241207,37,14.72,14929.1,12737.6,1
20241207,37,14.73,14929.1,12737.6,1
20241207,37,14.85,14971.1,12687.6,1
20241207,37,14.88,15009.1,12687.6,1
20241207,37,14.90,15022.1,12687.6,1
20241207,37,14.93,15068.1,12687.6,1
20241207,37,14.98,15111.1,12687.6,1
20241207,37,15.00,15151.1,12687.6,1
20241207,37,15.01,15153.6,12608.3,1
20241207,37,15.03,15199.6,12608.3,1
20241207,37,15.04,15199.6,12608.3,1
20241207,37,15.10,15199.6,12608.0,1
20241207,37,15.13,15224.6,12605.0,1
20241207,37,15.15,15224.6,12605.0,1
20241207,37,15.22,15374.6,12600.1,1
20241207,37,15.29,15374.6,12600.1,1
20241207,37,15.31,15374.6,12599.4,1
20241207,37,15.36,15390.5,12599.0,1
20241207,37,15.37,15409.4,12599.0,1
20241207,37,15.39,15419.1,12599.0,1
20241207,37,15.41,15419.1,12589.0,1
20241207,37,15.45,15519.1,12575.6,1
20241207,37,15.50,15519.1,12575.6,1
20241207,37,15.66,15519.1,12565.6,1
20241207,37,15.70,15519.1,12565.4,1
20241207,37,15.79,15544.1,12565.3,1
20241207,37,16.00,15584.1,12565.3,1
20241207,37,16.01,15584.1,12565.3,1
20241207,37,16.06,15684.1,12559.8,1
20241207,37,16.12,15730.2,12559.8,1
20241207,37,16.13,15778.3,12559.8,1
20241207,37,16.14,15824.4,12554.8,1
20241207,37,16.15,15824.4,12554.8,1
20241207,37,16.16,15854.4,12550.4,1
20241207,37,16.25,15854.4,12550.4,1
20241207,37,16.32,15954.4,12546.6,1
20241207,37,16.50,15959.4,12546.6,1
20241207,37,16.57,16009.4,12541.6,1
20241207,37,16.86,16009.4,12541.6,1
20241207,37,16.88,16059.4,12541.3,1
20241207,37,16.90,16059.9,12541.3,1
20241207,37,16.93,16059.9,12541.3,1
20241207,37,16.97,16059.9,12540.7,1
20241207,37,17.00,16091.8,12540.3,1
20241207,37,17.01,16091.8,12539.4,1
20241207,37,17.17,16191.8,12537.9,1
20241207,37,17.20,16191.8,12537.9,1
20241207,37,17.22,16416.3,12536.8,1
20241207,37,17.43,16416.3,12536.8,1
20241207,37,17.57,16419.3,12446.7,1
20241207,37,17.58,16419.3,12428.2,1
20241207,37,17.85,16419.3,12412.0,1
20241207,37,17.90,16419.3,12408.3,1
20241207,37,18.00,16419.3,12404.5,1
20241207,37,18.13,16519.3,12402.9,1
20241207,37,18.57,16519.3,12402.9,1
20241207,37,18.59,16519.3,12401.2,1
20241207,37,18.63,16519.3,12401.0,1
20241207,37,19.20,16519.3,12400.1,1
20241207,37,19.32,16519.3,12397.6,1
20241207,37,19.42,16749.3,12290.4,1
20241207,37,19.55,16749.3,12290.4,1
20241207,37,19.73,16843.2,12282.7,1
20241207,37,19.91,16843.2,12282.7,1
20241207,37,19.92,16843.2,12281.0,1
20241207,37,19.93,16843.2,12280.9,1
20241207,37,20.00,16843.2,12280.5,1
20241207,37,20.01,16848.4,12243.9,1
20241207,37,20.32,16848.4,12229.9,1
20241207,37,20.55,16848.4,12228.7,1
20241207,37,20.99,16848.4,12226.9,1
20241207,37,21.80,16848.4,12226.1,1
20241207,37,21.90,16848.4,12218.5,1
20241207,37,22.00,16855.4,12218.0,1
20241207,37,22.50,16855.4,12218.0,1
20241207,37,24.00,16855.4,12216.3,1
20241207,37,24.91,16855.4,12135.1,1
20241207,37,24.92,16855.4,12118.9,1
20241207,37,24.93,16855.4,12117.7,1
20241207,37,25.00,16855.4,12113.8,1
20241207,37,25.12,16855.4,12078.8,1
20241207,37,25.54,16855.4,12058.2,1
20241207,37,27.50,16855.4,12050.5,1
20241207,37,28.85,16855.4,12046.8,1
20241207,37,28.87,16865.0,12046.0,1
20241207,37,29.28,16865.0,12046.0,1
20241207,37,29.90,16865.0,12038.4,1
20241207,37,30.00,16865.0,12035.3,1
20241207,37,30.01,16865.0,11986.1,1
20241207,37,31.46,16865.0,11984.7,1
20241207,37,31.77,16865.0,11983.8,1
20241207,37,32.55,16865.0,11976.1,1
20241207,37,32.77,16865.0,11975.3,1
20241207,37,32.81,16865.0,11961.3,1
20241207,37,33.02,16865.0,11953.7,1
20241207,37,34.94,16865.0,11856.5,1
20241207,37,35.00,16865.0,11833.6,1
20241207,37,36.00,16865.0,11813.8,1
20241207,37,36.79,16865.0,11763.8,1
20241207,37,39.69,17635.0,11752.7,1
20241207,37,40.00,17635.0,11752.7,1
20241207,37,40.12,17635.0,11700.2,1
20241207,37,40.64,17635.0,11693.3,1
20241207,37,42.00,17635.0,11690.6,1
20241207,37,45.00,17635.0,11689.3,1
20241207,37,45.01,17635.0,11625.6,1
20241207,37,46.00,17635.0,11366.8,1
20241207,37,47.77,17635.0,11316.8,1
20241207,37,48.81,17635.0,11217.1,1
20241207,37,50.00,17635.0,11215.5,1
20241207,37,55.00,17635.0,11026.7,1
20241207,37,60.00,17635.0,10978.5,1
20241207,37,61.73,17635.0,10921.0,1
20241207,37,64.85,17635.0,10919.4,1
20241207,37,74.65,17635.0,10893.1,1
20241207,37,77.80,17635.0,10891.4,1
20241207,37,79.90,17635.0,10781.1,1
20241207,37,80.00,17635.0,10779.1,1
20241207,37,80.01,17635.0,10192.2,1
20241207,37,80.05,17635.0,10137.5,1
20241207,37,80.21,17784.9,10123.6,1
20241207,37,81.00,17784.9,10123.6,1
20241207,37,82.01,17784.9,10047.1,1
20241207,37,85.00,17784.9,9975.5,1
20241207,37,87.57,17784.9,9973.1,1
20241207,37,90.00,17784.9,9971.5,1
20241207,37,99.00,17784.9,9967.8,1
20241207,37,99.90,17784.9,9967.6,1
20241207,37,100.00,17830.7,9966.6,1
20241207,37,100.01,17844.1,9744.3,1
20241207,37,100.49,17844.1,9744.3,1
20241207,37,101.00,17844.1,9742.6,1
20241207,37,120.10,17844.1,9656.6,1
20241207,37,138.00,17844.1,9636.7,1
20241207,37,190.00,17844.1,9517.2,1
20241207,37,200.00,17844.1,9515.4,1
20241207,37,200.01,17844.1,8276.0,1
20241207,37,200.10,17844.1,6776.3,1
20241207,37,200.50,17844.1,6698.3,1
20241207,37,201.00,17844.1,6676.6,1
20241207,37,210.00,17844.1,6671.4,1
20241207,37,250.00,17844.1,5445.3,1
20241207,37,299.99,17844.4,5434.1,1
20241207,37,300.00,17844.4,5434.1,1
20241207,37,550.02,17844.4,5426.1,1
20241207,37,900.00,17844.4,5243.8,1
20241207,37,999.00,17844.4,5232.2,1
20241207,37,999.99,17844.4,0.0,1
20241207,38,0.00,0.0,18274.9,0
20241207,38,0.00,3801.0,18274.9,0
20241207,38,0.01,12853.7,18274.9,0
20241207,38,0.02,12975.3,18269.3,0
20241207,38,0.03,12979.2,18268.9,0
20241207,38,0.04,12996.4,18268.9,0
20241207,38,0.10,12996.4,18268.9,0
20241207,38,1.00,13275.1,18169.5,0
20241207,38,1.01,13281.9,18148.5,0
20241207,38,1.10,13413.7,18143.8,0
20241207,38,2.00,13445.3,18143.8,0
20241207,38,2.01,13445.3,18143.8,0
20241207,38,2.45,13447.3,17843.8,0
20241207,38,3.00,13447.4,17843.8,0
20241207,38,3.01,13447.8,17763.2,0
20241207,38,3.80,13449.8,17663.2,0
20241207,38,5.00,13559.8,17663.2,0
20241207,38,5.01,13559.8,17562.6,0
20241207,38,5.15,13561.8,17219.7,0
20241207,38,5.90,13561.8,17219.7,0
20241207,38,6.00,13582.7,17203.7,0
20241207,38,6.26,13582.7,17203.7,0
20241207,38,6.50,13584.7,17197.7,0
20241207,38,7.50,13604.7,17197.7,0
20241207,38,7.85,13606.7,17197.7,0
20241207,38,8.00,13608.0,17197.7,0
20241207,38,8.01,13608.5,17179.5,0
20241207,38,8.85,13608.5,17179.5,0
20241207,38,9.00,13612.5,17022.5,0
20241207,38,9.20,13614.5,17022.5,0
20241207,38,9.73,13614.5,17022.5,0
20241207,38,9.99,13614.5,16977.5,0
20241207,38,10.00,13626.4,16947.5,0
20241207,38,10.25,13626.4,16947.5,0
20241207,38,10.55,13628.4,16373.5,0
20241207,38,11.26,13628.4,16373.5,0
20241207,38,11.34,13628.4,16180.0,0
20241207,38,11.42,13643.6,15714.8,0
20241207,38,11.84,13643.6,15714.8,0
20241207,38,11.86,13643.6,15703.8,0
20241207,38,11.90,13645.6,15473.8,0
20241207,38,12.00,13734.6,15473.8,0
20241207,38,12.01,13734.6,15376.7,0
20241207,38,12.38,13734.6,15368.2,0
20241207,38,12.50,13734.6,15084.2,0
20241207,38,12.99,13734.6,15059.9,0
20241207,38,13.00,13738.4,14884.9,0
20241207,38,13.14,13738.4,14884.9,0
20241207,38,13.22,13738.4,14719.9,0
20241207,38,13.25,13740.4,14719.6,0
20241207,38,13.34,13740.4,14719.6,0
20241207,38,13.50,13743.9,14689.6,0
20241207,38,13.69,13743.9,14689.6,0
20241207,38,13.74,13743.9,14689.5,0
20241207,38,14.00,13794.6,14686.9,0
20241207,38,14.01,13794.6,14676.8,0
20241207,38,14.14,13794.6,14675.9,0
20241207,38,14.26,13794.6,14670.4,0
20241207,38,14.33,13794.6,14648.7,0
20241207,38,14.37,13794.6,14448.7,0
20241207,38,14.40,13794.6,14248.7,0
20241207,38,14.42,13794.6,14048.7,0
20241207,38,14.49,13794.6,13848.7,0
20241207,38,14.54,13794.6,13648.7,0
20241207,38,14.56,13794.6,13643.8,0
20241207,38,14.60,13796.6,13443.8,0
20241207,38,14.75,13796.6,13443.8,0
20241207,38,14.89,13796.6,13243.8,0
20241207,38,15.00,13823.5,13043.8,0
20241207,38,15.01,13828.7,13006.2,0
20241207,38,15.02,13828.7,13006.2,0
20241207,38,15.03,13831.2,12806.2,0
20241207,38,15.11,13831.2,12806.2,0
20241207,38,15.18,13831.2,12606.2,0
20241207,38,15.50,13976.2,12545.7,0
20241207,38,15.83,13977.9,12545.7,0
20241207,38,15.89,13977.9,12545.7,0
20241207,38,15.90,14257.9,12540.2,0
20241207,38,15.93,14360.9,12540.0,0
20241207,38,15.95,14362.9,12540.0,0
20241207,38,16.00,14372.9,12540.0,0
20241207,38,16.01,14386.6,12539.3,0
20241207,38,16.28,14386.8,12539.3,0
20241207,38,16.50,14456.8,12539.3,0
20241207,38,16.53,14466.8,12539.3,0
20241207,38,16.59,14466.8,12539.3,0
20241207,38,16.70,14486.8,12537.9,0
20241207,38,16.71,14486.8,12529.9,0
20241207,38,16.72,14786.8,12526.3,0
20241207,38,16.76,14868.5,12526.3,0
20241207,38,16.96,14868.5,12526.3,0
20241207,38,17.00,14898.5,12516.6,0
20241207,38,17.01,14898.5,12516.4,0
20241207,38,17.17,15218.5,12508.0,0
20241207,38,17.33,15218.6,12508.0,0
20241207,38,17.43,15218.6,12508.0,0
20241207,38,17.65,15218.6,12507.8,0
20241207,38,17.73,15218.6,12502.1,0
20241207,38,18.00,15218.6,12480.1,0
20241207,38,18.01,15223.8,12423.5,0
20241207,38,18.04,15233.8,12422.8,0
20241207,38,18.43,15338.8,12422.8,0
20241207,38,18.50,15338.8,12422.8,0
20241207,38,18.57,15338.8,12421.6,0
20241207,38,18.65,15338.8,12411.9,0
20241207,38,18.78,15338.8,12411.6,0
20241207,38,18.79,15339.7,12404.9,0
20241207,38,18.93,15364.8,12404.9,0
20241207,38,18.99,15414.7,12285.9,0
20241207,38,19.00,15464.7,12285.9,0
20241207,38,19.40,15464.7,12263.4,0
20241207,38,19.45,15503.7,12250.4,0
20241207,38,19.54,15506.2,12250.4,0
20241207,38,19.56,15648.2,12250.4,0
20241207,38,19.63,15789.2,12250.4,0
20241207,38,19.66,15931.2,12250.4,0
20241207,38,19.70,16072.2,12250.4,0
20241207,38,19.77,16214.2,12250.4,0
20241207,38,19.83,16235.1,12224.1,0
20241207,38,19.90,16274.1,12224.1,0
20241207,38,20.00,16304.1,12224.1,0
20241207,38,20.50,16304.1,12191.2,0
20241207,38,20.73,16325.0,12189.6,0
20241207,38,21.00,16352.0,12189.6,0
20241207,38,21.02,16352.0,12174.6,0
20241207,38,21.10,16358.3,12172.6,0
20241207,38,21.35,16358.3,12172.6,0
20241207,38,21.44,16358.3,12170.0,0
20241207,38,21.55,16358.3,12168.0,0
20241207,38,21.63,16375.0,12120.2,0
20241207,38,22.33,16375.0,12120.2,0
20241207,38,22.35,16516.0,12107.0,0
20241207,38,22.58,16523.7,12107.0,0
20241207,38,22.70,16523.7,12107.0,0
20241207,38,23.20,16539.1,12105.0,0
20241207,38,23.29,16539.1,12105.0,0
20241207,38,24.04,16539.1,12014.5,0
20241207,38,24.05,16539.1,12012.8,0
20241207,38,25.00,16539.1,12011.4,0
20241207,38,25.40,16539.1,11911.4,0
20241207,38,25.57,16681.1,11910.4,0
20241207,38,26.00,16681.1,11910.4,0
20241207,38,26.44,16681.1,11893.1,0
20241207,38,26.75,16681.1,11874.5,0
20241207,38,27.22,16681.1,11873.5,0
20241207,38,28.10,16681.1,11860.3,0
20241207,38,28.80,16822.1,11859.3,0
20241207,38,29.45,16822.1,11859.3,0
20241207,38,29.90,16822.1,11858.3,0
20241207,38,30.00,16822.1,11856.9,0
20241207,38,30.80,16822.1,11825.0,0
20241207,38,31.36,16822.1,11824.0,0
20241207,38,32.11,16822.1,11235.3,0
20241207,38,32.15,16822.1,11225.0,0
20241207,38,33.00,16822.1,11224.0,0
20241207,38,33.50,16822.1,11168.5,0
20241207,38,33.62,16964.5,11167.5,0
20241207,38,34.85,16964.5,11167.5,0
20241207,38,35.00,16964.5,11158.9,0
20241207,38,35.37,16964.5,11154.2,0
20241207,38,36.00,16964.5,11144.1,0
20241207,38,36.73,16964.5,11112.9,0
20241207,38,37.00,16964.5,11102.8,0
20241207,38,37.50,16964.5,11096.0,0
20241207,38,38.00,16964.5,11050.1,0
20241207,38,39.00,16964.5,11049.8,0
20241207,38,40.00,16964.5,11049.7,0
20241207,38,40.01,16964.5,10995.6,0
20241207,38,40.12,16964.5,10917.9,0
20241207,38,41.36,16964.5,10907.7,0
20241207,38,45.00,16964.5,10907.0,0
20241207,38,45.01,16964.5,10877.6,0
20241207,38,46.00,16964.5,10873.4,0
20241207,38,47.20,16964.5,10873.3,0
20241207,38,48.32,16964.5,10768.3,0
20241207,38,50.00,16965.7,10742.6,0
20241207,38,50.01,16965.7,10504.1,0
20241207,38,50.90,16965.7,10499.7,0
20241207,38,53.00,16965.7,10497.4,0
20241207,38,55.00,16965.7,10497.0,0
20241207,38,60.00,16965.7,10474.9,0
20241207,38,65.89,16965.7,10380.6,0
20241207,38,70.00,16965.7,10361.6,0
20241207,38,72.00,16965.7,10360.4,0
20241207,38,77.80,16965.7,10360.1,0
20241207,38,79.90,16965.7,10292.1,0
20241207,38,80.00,16965.7,10291.1,0
20241207,38,80.01,16965.7,9710.0,0
20241207,38,81.00,16965.7,9647.6,0
20241207,38,82.01,16965.7,9646.9,0
20241207,38,85.00,16965.7,9547.1,0
20241207,38,90.00,16965.7,9536.5,0
20241207,38,99.90,16965.7,9532.1,0
20241207,38,100.00,16965.7,9523.3,0
20241207,38,100.01,16987.4,9340.8,0
20241207,38,101.00,16987.4,9340.8,0
20241207,38,120.10,16987.4,9335.3,0
20241207,38,138.00,16987.4,9303.5,0
20241207,38,150.00,16987.4,9256.1,0
20241207,38,151.00,16987.4,9250.7,0
20241207,38,190.00,16987.4,9212.5,0
20241207,38,200.00,16987.4,9212.3,0
20241207,38,200.01,16987.4,7734.4,0
20241207,38,200.10,16987.4,6977.6,0
20241207,38,200.50,16987.4,6870.5,0
20241207,38,200.98,16987.4,6841.8,0
20241207,38,200.99,16987.4,6841.7,0
20241207,38,201.00,16987.4,6841.6,0
20241207,38,210.00,16987.4,6768.3,0
20241207,38,250.00,16987.4,6430.4,0
20241207,38,299.99,16987.5,6299.2,0
20241207,38,300.00,16987.5,6299.2,0
20241207,38,500.00,16987.5,6202.4,0
20241207,38,550.02,16987.5,6192.4,0
20241207,38,900.00,16987.5,6079.3,0
20241207,38,999.00,16987.5,6077.3,0
20241207,38,999.99,16987.5,0.0,0
20241207,38,0.00,0.0,17754.6,1
20241207,38,0.00,5211.9,17754.6,1
20241207,38,0.01,13440.5,17754.6,1
20241207,38,0.02,13555.2,17746.1,1
20241207,38,0.03,13555.2,17736.1,1
20241207,38,0.04,13555.3,17724.2,1
20241207,38,0.10,13574.6,17724.2,1
20241207,38,0.24,13596.8,17724.2,1
20241207,38,1.00,13779.0,17724.2,1
20241207,38,1.01,13781.1,17652.8,1
20241207,38,1.59,13782.1,17644.4,1
20241207,38,2.00,13792.7,17644.4,1
20241207,38,2.01,13792.7,17628.4,1
20241207,38,2.56,13799.9,17328.4,1
20241207,38,2.94,13800.9,17328.4,1
20241207,38,3.00,13802.1,17328.4,1
20241207,38,3.01,13802.1,16970.9,1
20241207,38,4.27,13860.5,16870.9,1
20241207,38,4.29,13861.5,16870.9,1
20241207,38,4.98,13861.5,16870.9,1
20241207,38,5.00,13894.8,16815.9,1
20241207,38,5.01,13895.2,16676.3,1
20241207,38,5.11,13902.4,16452.0,1
20241207,38,5.64,13903.4,16452.0,1
20241207,38,6.00,13951.7,16452.0,1
20241207,38,6.01,13953.1,16442.0,1
20241207,38,6.50,13963.0,16442.0,1
20241207,38,6.99,13964.2,16442.0,1
20241207,38,7.00,13964.2,16442.0,1
20241207,38,7.50,13984.2,16441.2,1
20241207,38,7.51,13984.2,16441.2,1
20241207,38,7.67,13991.4,16241.2,1
20241207,38,8.00,13991.4,16241.2,1
20241207,38,8.01,13992.4,16124.6,1
20241207,38,8.34,13994.4,16124.6,1
20241207,38,8.41,13994.4,16124.6,1
20241207,38,8.85,13994.4,16119.7,1
20241207,38,9.00,13994.4,15819.7,1
20241207,38,9.18,13994.4,15814.2,1
20241207,38,9.44,13994.5,15814.1,1
20241207,38,9.50,13994.5,15814.1,1
20241207,38,9.51,13994.8,15813.1,1
20241207,38,9.69,13996.8,15813.1,1
20241207,38,9.71,13999.8,15813.1,1
20241207,38,9.73,13999.8,15813.1,1
20241207,38,9.77,13999.8,15798.1,1
20241207,38,10.00,14002.1,15768.1,1
20241207,38,10.01,14006.7,15746.1,1
20241207,38,10.14,14006.7,15734.4,1
20241207,38,10.15,14006.7,15678.4,1
20241207,38,10.22,14014.0,15578.4,1
20241207,38,10.28,14014.0,15578.4,1
20241207,38,10.30,14082.1,15553.4,1
20241207,38,10.38,14082.1,15538.4,1
20241207,38,10.44,14082.1,15508.4,1
20241207,38,10.50,14082.1,15361.4,1
20241207,38,10.64,14082.1,15361.3,1
20241207,38,10.67,14082.1,15336.3,1
20241207,38,10.68,14082.1,15306.3,1
20241207,38,10.79,14082.1,15302.7,1
20241207,38,10.80,14082.1,15155.7,1
20241207,38,10.90,14082.1,15007.7,1
20241207,38,10.93,14082.1,15007.5,1
20241207,38,10.99,14082.1,14880.5,1
20241207,38,11.00,14084.3,14850.5,1
20241207,38,11.01,14086.5,14769.7,1
20241207,38,11.04,14088.8,14769.7,1
20241207,38,11.08,14088.8,14622.7,1
20241207,38,11.26,14089.2,14518.7,1
20241207,38,11.48,14089.2,14518.7,1
20241207,38,11.50,14089.2,14418.7,1
20241207,38,11.51,14089.9,14295.7,1
20241207,38,11.54,14090.0,14295.7,1
20241207,38,11.57,14090.0,14172.7,1
20241207,38,11.58,14090.0,14147.7,1
20241207,38,11.60,14090.0,14047.7,1
20241207,38,11.65,14090.0,14017.7,1
20241207,38,11.68,14090.0,13894.7,1
20241207,38,11.87,14090.0,13794.7,1
20241207,38,11.88,14090.0,13671.7,1
20241207,38,11.96,14091.1,13571.7,1
20241207,38,11.99,14091.1,13571.7,1
20241207,38,12.00,14091.1,13448.7,1
20241207,38,12.01,14091.1,13421.2,1
20241207,38,12.07,14324.1,13391.2,1
20241207,38,12.21,14324.1,13391.2,1
20241207,38,12.23,14324.1,13366.2,1
20241207,38,12.24,14344.2,13356.3,1
20241207,38,12.25,14374.2,13356.3,1
20241207,38,12.28,14374.2,13356.3,1
20241207,38,12.37,14374.2,13356.2,1
20241207,38,12.46,14403.1,13351.3,1
20241207,38,12.48,14433.1,13351.3,1
20241207,38,12.50,14435.1,13351.3,1
20241207,38,12.63,14435.1,13347.6,1
20241207,38,12.69,14435.8,13321.5,1
20241207,38,12.76,14435.8,13321.5,1
20241207,38,12.77,14443.0,13301.2,1
20241207,38,12.81,14443.0,13301.2,1
20241207,38,12.82,14444.4,13090.2,1
20241207,38,12.85,14474.4,13090.2,1
20241207,38,12.87,14475.8,13090.2,1
20241207,38,12.88,14475.8,13090.2,1
20241207,38,12.91,14477.3,13050.0,1
20241207,38,12.96,14478.8,13050.0,1
20241207,38,13.00,14483.8,13050.0,1
20241207,38,13.01,14488.4,13045.8,1
20241207,38,13.05,14508.4,13035.7,1
20241207,38,13.10,14508.6,13035.7,1
20241207,38,13.20,14508.6,13035.7,1
20241207,38,13.30,14520.6,13034.3,1
20241207,38,13.32,14529.3,13027.3,1
20241207,38,13.39,14529.3,13022.3,1
20241207,38,13.42,14529.3,13018.5,1
20241207,38,13.45,14629.3,12959.5,1
20241207,38,13.47,14649.3,12959.5,1
20241207,38,13.49,14649.3,12959.5,1
20241207,38,13.50,14704.3,12955.7,1
20241207,38,13.58,14704.3,12915.7,1
20241207,38,13.73,14724.3,12908.0,1
20241207,38,13.74,14724.3,12908.0,1
20241207,38,13.90,14724.3,12907.5,1
20241207,38,13.96,14724.3,12906.8,1
20241207,38,14.00,14724.3,12906.4,1
20241207,38,14.01,14726.2,12857.7,1
20241207,38,14.03,14726.2,12857.7,1
20241207,38,14.04,14755.2,12856.7,1
20241207,38,14.06,14770.6,12856.7,1
20241207,38,14.08,14790.6,12856.7,1
20241207,38,14.14,14825.6,12856.7,1
20241207,38,14.29,14825.6,12856.7,1
20241207,38,14.30,14825.6,12846.8,1
20241207,38,14.33,14825.6,12746.8,1
20241207,38,14.37,14875.6,12746.6,1
20241207,38,14.50,14905.6,12746.6,1
20241207,38,14.60,14905.6,12746.6,1
20241207,38,14.63,14911.6,12696.4,1
20241207,38,14.66,14950.6,12696.4,1
20241207,38,14.72,14964.6,12646.4,1
20241207,38,14.78,14995.6,12646.4,1
20241207,38,14.79,14995.6,12646.4,1
20241207,38,14.80,15005.0,12645.8,1
20241207,38,14.82,15005.0,12645.8,1
20241207,38,14.85,15035.0,12641.3,1
20241207,38,14.88,15063.0,12641.3,1
20241207,38,14.90,15076.0,12641.3,1
20241207,38,14.91,15076.0,12641.3,1
20241207,38,14.93,15111.0,12640.9,1
20241207,38,14.96,15111.0,12640.9,1
20241207,38,14.98,15145.0,12640.7,1
20241207,38,15.00,15185.0,12640.7,1
20241207,38,15.01,15186.0,12563.1,1
20241207,38,15.03,15223.0,12563.1,1
20241207,38,15.09,15223.0,12563.1,1
20241207,38,15.21,15236.8,12558.2,1
20241207,38,15.22,15382.8,12558.2,1
20241207,38,15.36,15392.2,12558.2,1
20241207,38,15.37,15401.6,12558.2,1
20241207,38,15.43,15426.6,12558.2,1
20241207,38,15.45,15526.6,12558.2,1
20241207,38,15.50,15526.6,12558.2,1
20241207,38,15.52,15529.6,12548.2,1
20241207,38,15.54,15539.3,12548.2,1
20241207,38,15.56,15539.3,12538.2,1
20241207,38,15.58,15539.3,12524.7,1
20241207,38,15.68,15539.3,12524.4,1
20241207,38,15.70,15539.3,12522.7,1
20241207,38,15.85,15569.3,12522.6,1
20241207,38,15.86,15569.3,12522.6,1
20241207,38,16.00,15609.3,12521.7,1
20241207,38,16.01,15609.3,12521.7,1
20241207,38,16.06,15709.3,12516.3,1
20241207,38,16.10,15709.8,12516.3,1
20241207,38,16.13,15755.8,12516.3,1
20241207,38,16.14,15801.8,12516.3,1
20241207,38,16.15,15847.8,12516.3,1
20241207,38,16.21,15847.8,12516.3,1
20241207,38,16.28,15849.8,12516.1,1
20241207,38,16.30,15849.8,12511.1,1
20241207,38,16.32,15949.8,12506.6,1
20241207,38,16.44,15949.8,12506.6,1
20241207,38,16.50,15954.8,12502.6,1
20241207,38,16.59,16004.8,12501.6,1
20241207,38,16.61,16004.8,12501.6,1
20241207,38,16.84,16004.8,12494.0,1
20241207,38,16.88,16054.8,12493.8,1
20241207,38,17.00,16086.7,12493.8,1
20241207,38,17.01,16086.7,12492.9,1
20241207,38,17.17,16186.7,12491.3,1
20241207,38,17.20,16186.7,12491.3,1
20241207,38,17.22,16411.2,12490.3,1
20241207,38,17.43,16411.2,12490.3,1
20241207,38,17.51,16411.2,12380.3,1
20241207,38,17.58,16411.2,12379.1,1
20241207,38,17.74,16414.2,12362.9,1
20241207,38,17.79,16414.2,12362.9,1
20241207,38,18.00,16414.2,12359.2,1
20241207,38,18.13,16514.2,12359.0,1
20241207,38,18.62,16514.2,12359.0,1
20241207,38,18.98,16514.2,12358.2,1
20241207,38,19.14,16514.2,12357.2,1
20241207,38,19.19,16514.2,12354.7,1
20241207,38,19.42,16744.2,12244.1,1
20241207,38,19.73,16844.2,12244.1,1
20241207,38,19.74,16847.4,12244.1,1
20241207,38,19.94,16847.4,12244.1,1
20241207,38,19.95,16847.4,12242.4,1
20241207,38,19.96,16847.4,12242.3,1
20241207,38,20.00,16847.4,12241.9,1
20241207,38,20.01,16852.5,12206.1,1
20241207,38,20.49,16852.5,12192.2,1
20241207,38,21.65,16852.5,12190.4,1
20241207,38,21.84,16852.5,12182.7,1
20241207,38,22.00,16859.5,12182.1,1
20241207,38,22.50,16859.5,12182.1,1
20241207,38,23.21,16859.5,12180.6,1
20241207,38,24.00,16859.5,12179.7,1
20241207,38,24.94,16859.5,12099.7,1
20241207,38,24.95,16859.5,12083.6,1
20241207,38,24.96,16859.5,12083.3,1
20241207,38,25.00,16859.5,12079.4,1
20241207,38,25.12,16859.5,12044.9,1
20241207,38,26.69,16859.5,12024.1,1
20241207,38,27.50,16859.5,12016.5,1
20241207,38,27.80,16859.5,12012.8,1
20241207,38,28.87,16869.1,12012.0,1
20241207,38,29.90,16869.1,12012.0,1
20241207,38,30.00,16869.1,12009.0,1
20241207,38,30.01,16869.1,11959.4,1
20241207,38,30.05,16869.1,11958.3,1
20241207,38,30.86,16869.1,11950.6,1
20241207,38,31.45,16869.1,11949.7,1
20241207,38,31.73,16869.1,11942.1,1
20241207,38,32.14,16869.1,11846.2,1
20241207,38,32.39,16869.1,11845.4,1
20241207,38,34.94,16869.1,11831.8,1
20241207,38,35.00,16869.1,11809.7,1
20241207,38,35.02,16869.1,11788.8,1
20241207,38,36.00,16869.1,11786.4,1
20241207,38,36.79,16869.1,11736.4,1
20241207,38,39.69,17622.1,11725.3,1
20241207,38,40.00,17622.1,11725.3,1
20241207,38,40.12,17622.1,11672.0,1
20241207,38,42.00,17622.1,11665.3,1
20241207,38,45.00,17622.1,11664.0,1
20241207,38,45.01,17622.1,11599.0,1
20241207,38,46.00,17622.1,11312.0,1
20241207,38,46.40,17622.1,11262.0,1
20241207,38,47.20,17622.1,11260.4,1
20241207,38,50.00,17622.1,11159.7,1
20241207,38,55.00,17622.1,10973.9,1
20241207,38,59.32,17622.1,10926.1,1
20241207,38,60.00,17622.1,10924.5,1
20241207,38,64.53,17622.1,10867.7,1
20241207,38,72.24,17622.1,10842.2,1
20241207,38,77.80,17622.1,10840.5,1
20241207,38,79.90,17622.1,10731.1,1
20241207,38,80.00,17622.1,10729.0,1
20241207,38,80.01,17622.1,10138.2,1
20241207,38,80.05,17622.1,10085.7,1
20241207,38,80.21,17772.0,10069.8,1
20241207,38,81.00,17772.0,10069.8,1
20241207,38,82.01,17772.0,9988.0,1
20241207,38,85.00,17772.0,9916.1,1
20241207,38,85.16,17772.0,9913.9,1
20241207,38,90.00,17772.0,9912.3,1
20241207,38,98.08,17772.0,9908.7,1
20241207,38,99.00,17772.0,9907.0,1
20241207,38,99.90,17772.0,9906.8,1
20241207,38,100.00,17817.8,9905.8,1
20241207,38,100.01,17831.2,9686.0,1
20241207,38,101.00,17831.2,9686.0,1
20241207,38,120.10,17831.2,9600.0,1
20241207,38,138.00,17831.2,9580.1,1
20241207,38,190.00,17831.2,9461.1,1
20241207,38,200.00,17831.2,9459.5,1
20241207,38,200.01,17831.2,8232.4,1
20241207,38,200.10,17831.2,6735.2,1
20241207,38,200.50,17831.2,6657.2,1
20241207,38,201.00,17831.2,6637.9,1
20241207,38,210.00,17831.2,6632.7,1
20241207,38,250.00,17831.2,5408.7,1
20241207,38,299.99,17831.5,5397.3,1
20241207,38,300.00,17831.5,5397.3,1
20241207,38,550.02,17831.5,5389.3,1
20241207,38,900.00,17831.5,5207.0,1
20241207,38,999.00,17831.5,5195.4,1
20241207,38,999.99,17831.5,0.0,1
20241207,39,0.00,0.0,18166.1,0
20241207,39,0.00,3788.7,18166.1,0
20241207,39,0.01,12875.2,18166.1,0
20241207,39,0.02,12988.8,18160.5,0
20241207,39,0.03,12992.8,18160.1,0
20241207,39,0.04,13010.5,18160.1,0
20241207,39,0.10,13010.5,18160.1,0
20241207,39,1.00,13292.6,18067.6,0
20241207,39,1.01,13299.3,18048.0,0
20241207,39,1.10,13429.1,18043.6,0
20241207,39,2.00,13462.2,18043.6,0
20241207,39,2.01,13462.2,18043.6,0
20241207,39,2.45,13464.2,17743.6,0
20241207,39,3.00,13464.5,17743.6,0
20241207,39,3.01,13468.4,17663.5,0
20241207,39,3.80,13470.4,17563.5,0
20241207,39,5.00,13578.0,17563.5,0
20241207,39,5.01,13578.0,17463.3,0
20241207,39,5.15,13580.0,17123.2,0
20241207,39,5.90,13580.0,17123.2,0
20241207,39,6.00,13601.0,17107.4,0
20241207,39,6.26,13601.0,17107.4,0
20241207,39,6.50,13603.0,17101.4,0
20241207,39,6.60,13604.0,17101.4,0
20241207,39,7.50,13624.0,17101.4,0
20241207,39,7.85,13626.0,17101.4,0
20241207,39,8.00,13627.5,17101.4,0
20241207,39,8.01,13628.0,17084.6,0
20241207,39,8.85,13628.0,17084.6,0
20241207,39,9.00,13632.0,16927.6,0
20241207,39,9.20,13634.0,16927.6,0
20241207,39,9.73,13634.0,16927.6,0
20241207,39,9.99,13634.0,16882.6,0
20241207,39,10.00,13645.9,16852.6,0
20241207,39,10.25,13645.9,16849.6,0
20241207,39,10.55,13647.9,16275.6,0
20241207,39,10.89,13647.9,16275.6,0
20241207,39,11.26,13647.9,16273.0,0
20241207,39,11.34,13647.9,16078.8,0
20241207,39,11.40,13647.9,15613.6,0
20241207,39,11.42,13663.1,15564.6,0
20241207,39,11.53,13663.1,15564.6,0
20241207,39,11.66,13663.1,15499.6,0
20241207,39,11.90,13665.1,15269.6,0
20241207,39,11.92,13665.1,15269.6,0
20241207,39,12.00,13754.1,15269.3,0
20241207,39,12.01,13754.1,15172.2,0
20241207,39,12.21,13754.1,15164.1,0
20241207,39,12.50,13754.1,14880.1,0
20241207,39,12.99,13754.1,14843.8,0
20241207,39,13.00,13758.0,14771.8,0
20241207,39,13.14,13758.0,14771.8,0
20241207,39,13.25,13760.0,14606.8,0
20241207,39,13.34,13760.0,14606.8,0
20241207,39,13.50,13763.5,14576.8,0
20241207,39,13.69,13763.5,14576.8,0
20241207,39,13.89,13763.5,14576.7,0
20241207,39,14.00,13823.0,14555.1,0
20241207,39,14.01,13823.0,14545.0,0
20241207,39,14.29,13823.0,14544.1,0
20241207,39,14.31,13823.0,14538.6,0
20241207,39,14.37,13823.0,14338.6,0
20241207,39,14.40,13823.0,14138.6,0
20241207,39,14.42,13823.0,13938.6,0
20241207,39,14.49,13823.0,13738.6,0
20241207,39,14.51,13828.1,13538.6,0
20241207,39,14.54,13828.1,13538.6,0
20241207,39,14.56,13828.1,13533.7,0
20241207,39,14.60,13830.1,13333.7,0
20241207,39,14.64,13832.6,13333.7,0
20241207,39,14.75,13832.6,13333.7,0
20241207,39,14.89,13832.6,13133.7,0
20241207,39,15.00,13857.6,12933.7,0
20241207,39,15.04,13857.6,12711.4,0
20241207,39,15.37,13859.2,12511.4,0
20241207,39,15.43,13860.2,12511.4,0
20241207,39,15.50,14005.2,12511.4,0
20241207,39,15.89,14389.2,12511.4,0
20241207,39,15.90,14389.2,12511.4,0
20241207,39,15.93,14492.2,12511.2,0
20241207,39,15.95,14494.2,12511.2,0
20241207,39,15.98,14494.4,12505.7,0
20241207,39,16.00,14504.4,12505.7,0
20241207,39,16.01,14517.9,12505.1,0
20241207,39,16.10,14527.9,12505.1,0
20241207,39,16.38,14611.2,12505.1,0
20241207,39,16.50,14681.2,12505.1,0
20241207,39,16.59,14681.2,12505.1,0
20241207,39,16.70,14701.2,12503.7,0
20241207,39,16.71,14701.2,12495.7,0
20241207,39,16.72,15001.2,12492.1,0
20241207,39,16.75,15216.2,12492.1,0
20241207,39,16.96,15216.2,12492.1,0
20241207,39,17.00,15246.2,12482.4,0
20241207,39,17.01,15251.3,12482.2,0
20241207,39,17.08,15251.4,12474.2,0
20241207,39,17.43,15251.4,12474.2,0
20241207,39,17.48,15251.4,12474.0,0
20241207,39,17.50,15251.4,12415.2,0
20241207,39,17.56,15263.9,12411.6,0
20241207,39,17.57,15273.9,12411.6,0
20241207,39,17.61,15273.9,12411.6,0
20241207,39,17.73,15323.8,12405.9,0
20241207,39,18.00,15323.8,12383.9,0
20241207,39,18.01,15323.8,12327.2,0
20241207,39,18.40,15334.2,12326.6,0
20241207,39,18.43,15439.2,12326.6,0
20241207,39,18.57,15439.2,12326.6,0
20241207,39,18.65,15439.2,12316.9,0
20241207,39,18.78,15439.2,12316.6,0
20241207,39,18.79,15439.7,12309.5,0
20241207,39,18.80,15439.7,12309.5,0
20241207,39,19.00,15489.7,12209.5,0
20241207,39,19.03,15492.2,12185.8,0
20241207,39,19.23,15502.6,12185.8,0
20241207,39,19.27,15502.6,12185.8,0
20241207,39,19.45,15541.6,12172.8,0
20241207,39,19.50,15541.6,12172.8,0
20241207,39,19.56,15683.6,12172.5,0
20241207,39,19.59,15824.6,12172.5,0
20241207,39,19.66,15966.6,12172.5,0
20241207,39,19.70,16107.6,12172.5,0
20241207,39,19.76,16165.6,12172.5,0
20241207,39,19.77,16307.6,12172.5,0
20241207,39,20.00,16337.6,12172.5,0
20241207,39,20.07,16345.9,12141.1,0
20241207,39,21.00,16372.9,12141.1,0
20241207,39,21.10,16379.2,12126.1,0
20241207,39,21.25,16379.2,12126.1,0
20241207,39,21.35,16379.2,12124.0,0
20241207,39,21.55,16379.2,12121.4,0
20241207,39,21.92,16379.2,12073.9,0
20241207,39,22.35,16520.2,12061.8,0
20241207,39,22.58,16527.9,12061.8,0
20241207,39,22.70,16527.9,12061.8,0
20241207,39,22.75,16527.9,12059.8,0
20241207,39,23.20,16543.3,12034.0,0
20241207,39,23.29,16543.3,12034.0,0
20241207,39,24.04,16543.3,11943.5,0
20241207,39,24.05,16543.3,11942.3,0
20241207,39,25.00,16543.3,11940.9,0
20241207,39,25.40,16543.3,11843.1,0
20241207,39,25.57,16685.3,11842.1,0
20241207,39,26.00,16685.3,11842.1,0
20241207,39,26.25,16685.3,11825.3,0
20241207,39,26.34,16685.3,11806.3,0
20241207,39,26.75,16685.3,11796.2,0
20241207,39,28.10,16685.3,11795.2,0
20241207,39,28.80,16826.3,11794.2,0
20241207,39,29.45,16826.3,11794.2,0
20241207,39,29.90,16826.3,11793.2,0
20241207,39,30.00,16826.3,11791.8,0
20241207,39,30.76,16826.3,11759.0,0
20241207,39,30.80,16826.3,11748.9,0
20241207,39,31.36,16826.3,11747.9,0
20241207,39,31.50,16826.3,11139.9,0
20241207,39,31.79,16826.3,11139.7,0
20241207,39,32.02,16968.3,11131.8,0
20241207,39,32.15,16968.3,11131.8,0
20241207,39,33.00,16968.3,11130.8,0
20241207,39,33.50,16968.3,11077.5,0
20241207,39,33.62,16993.0,11076.5,0
20241207,39,33.71,16993.0,11076.5,0
20241207,39,34.85,16993.0,11066.4,0
20241207,39,34.94,16993.0,11057.5,0
20241207,39,35.00,16993.0,11047.4,0
20241207,39,35.18,16993.0,11043.0,0
20241207,39,35.50,16993.0,11041.3,0
20241207,39,36.00,16993.0,11041.2,0
20241207,39,37.50,16993.0,11009.7,0
20241207,39,38.00,16993.0,10968.0,0
20241207,39,40.00,16993.0,10967.7,0
20241207,39,40.01,16993.0,10922.8,0
20241207,39,40.12,16993.0,10841.2,0
20241207,39,41.36,16993.0,10831.4,0
20241207,39,42.50,16993.0,10830.1,0
20241207,39,45.00,16993.0,10830.0,0
20241207,39,45.01,16993.0,10807.0,0
20241207,39,47.08,16993.0,10802.8,0
20241207,39,48.32,16993.0,10693.4,0
20241207,39,49.50,16993.0,10667.8,0
20241207,39,50.00,16994.2,10667.5,0
20241207,39,50.01,16994.2,10434.0,0
20241207,39,50.90,16994.2,10430.0,0
20241207,39,55.00,16994.2,10427.7,0
20241207,39,60.00,16994.2,10405.6,0
20241207,39,66.04,16994.2,10311.7,0
20241207,39,70.00,16994.2,10293.1,0
20241207,39,72.00,16994.2,10291.9,0
20241207,39,77.80,16994.2,10291.7,0
20241207,39,79.90,16994.2,10226.3,0
20241207,39,80.00,16994.2,10225.3,0
20241207,39,80.01,16994.2,9654.1,0
20241207,39,81.00,16994.2,9592.7,0
20241207,39,82.01,16994.2,9592.1,0
20241207,39,85.00,16994.2,9491.1,0
20241207,39,90.00,16994.2,9480.7,0
20241207,39,99.90,16994.2,9477.2,0
20241207,39,100.00,16994.2,9468.5,0
20241207,39,100.01,17015.9,9290.3,0
20241207,39,101.00,17015.9,9290.3,0
20241207,39,120.10,17015.9,9284.8,0
20241207,39,138.00,17015.9,9253.7,0
20241207,39,150.00,17015.9,9207.4,0
20241207,39,151.00,17015.9,9202.0,0
20241207,39,190.00,17015.9,9163.1,0
20241207,39,200.00,17015.9,9162.9,0
20241207,39,200.01,17015.9,7712.1,0
20241207,39,200.10,17015.9,6956.9,0
20241207,39,200.50,17015.9,6849.6,0
20241207,39,200.98,17015.9,6823.2,0
20241207,39,200.99,17015.9,6823.1,0
20241207,39,201.00,17015.9,6823.0,0
20241207,39,210.00,17015.9,6752.2,0
20241207,39,250.00,17015.9,6413.2,0
20241207,39,299.99,17016.0,6281.5,0
20241207,39,300.00,17016.0,6281.5,0
20241207,39,500.00,17016.0,6184.8,0
20241207,39,550.02,17016.0,6174.8,0
20241207,39,900.00,17016.0,6061.7,0
20241207,39,999.00,17016.0,6059.7,0
20241207,39,999.99,17016.0,0.0,0
20241207,39,0.00,0.0,17614.2,1
20241207,39,0.00,5185.4,17614.2,1
20241207,39,0.01,13631.9,17614.2,1
20241207,39,0.02,13746.9,17605.9,1
20241207,39,0.03,13746.9,17595.9,1
20241207,39,0.04,13747.2,17584.1,1
20241207,39,0.10,13767.5,17584.1,1
20241207,39,0.25,13788.0,17584.1,1
20241207,39,1.00,13971.2,17584.1,1
20241207,39,1.01,13973.2,17509.1,1
20241207,39,1.60,13974.2,17500.8,1
20241207,39,2.00,13985.0,17500.8,1
20241207,39,2.01,13985.0,17484.8,1
20241207,39,2.60,13992.2,17184.8,1
20241207,39,2.95,13993.2,17184.8,1
20241207,39,3.00,13994.2,17184.8,1
20241207,39,3.01,13994.2,16825.5,1
20241207,39,4.27,14052.6,16725.5,1
20241207,39,4.30,14053.6,16725.5,1
20241207,39,5.00,14086.8,16725.5,1
20241207,39,5.01,14087.2,16587.8,1
20241207,39,5.19,14094.4,16364.2,1
20241207,39,5.34,14094.4,16364.2,1
20241207,39,5.65,14095.4,16309.2,1
20241207,39,6.00,14145.3,16309.2,1
20241207,39,6.01,14146.8,16299.2,1
20241207,39,6.10,14148.7,16299.2,1
20241207,39,6.50,14160.4,16299.2,1
20241207,39,7.00,14161.8,16299.2,1
20241207,39,7.50,14181.8,16298.4,1
20241207,39,7.51,14181.8,16298.4,1
20241207,39,7.78,14189.0,16098.4,1
20241207,39,8.00,14189.0,16098.4,1
20241207,39,8.01,14190.0,15978.8,1
20241207,39,8.35,14192.0,15978.8,1
20241207,39,8.85,14192.0,15978.8,1
20241207,39,9.00,14192.0,15678.8,1
20241207,39,9.41,14192.0,15673.4,1
20241207,39,9.50,14192.1,15670.5,1
20241207,39,9.70,14194.1,15670.5,1
20241207,39,9.71,14200.1,15670.5,1
20241207,39,10.00,14202.4,15670.5,1
20241207,39,10.01,14206.6,15649.4,1
20241207,39,10.14,14206.6,15638.1,1
20241207,39,10.15,14206.6,15582.1,1
20241207,39,10.30,14274.7,15482.1,1
20241207,39,10.37,14282.0,15482.1,1
20241207,39,10.44,14282.0,15482.1,1
20241207,39,10.50,14282.0,15335.1,1
20241207,39,10.67,14282.0,15334.7,1
20241207,39,10.68,14282.0,15249.7,1
20241207,39,10.71,14282.0,15246.1,1
20241207,39,10.79,14282.0,15244.2,1
20241207,39,10.80,14282.0,15097.2,1
20241207,39,10.90,14282.0,14950.2,1
20241207,39,10.93,14282.0,14950.0,1
20241207,39,11.00,14284.2,14848.0,1
20241207,39,11.01,14285.9,14768.6,1
20241207,39,11.04,14285.9,14768.6,1
20241207,39,11.05,14288.1,14621.6,1
20241207,39,11.07,14288.1,14621.6,1
20241207,39,11.08,14288.1,14591.6,1
20241207,39,11.45,14288.5,14487.6,1
20241207,39,11.50,14288.5,14387.6,1
20241207,39,11.54,14288.5,14264.6,1
20241207,39,11.56,14288.5,14141.6,1
20241207,39,11.65,14288.5,14041.6,1
20241207,39,11.67,14288.5,13918.6,1
20241207,39,11.74,14288.6,13818.6,1
20241207,39,11.76,14288.6,13818.6,1
20241207,39,11.82,14288.6,13788.6,1
20241207,39,11.83,14288.6,13758.6,1
20241207,39,11.84,14308.7,13748.7,1
20241207,39,11.87,14308.7,13748.7,1
20241207,39,11.88,14308.7,13625.7,1
20241207,39,11.99,14308.7,13525.7,1
20241207,39,12.00,14308.7,13402.7,1
20241207,39,12.01,14309.0,13374.8,1
20241207,39,12.17,14309.0,13314.8,1
20241207,39,12.28,14309.0,13310.0,1
20241207,39,12.40,14309.0,13309.9,1
20241207,39,12.43,14339.0,13284.9,1
20241207,39,12.50,14341.0,13284.9,1
20241207,39,12.60,14341.0,13279.3,1
20241207,39,12.63,14341.0,13252.8,1
20241207,39,12.67,14341.0,13232.3,1
20241207,39,12.68,14342.1,13157.3,1
20241207,39,12.75,14354.1,13157.3,1
20241207,39,12.77,14362.8,13157.3,1
20241207,39,12.81,14362.8,13152.3,1
20241207,39,12.88,14362.8,13001.3,1
20241207,39,12.96,14370.0,12960.6,1
20241207,39,13.00,14375.0,12960.6,1
20241207,39,13.01,14379.0,12953.1,1
20241207,39,13.02,14399.0,12944.2,1
20241207,39,13.05,14400.4,12944.2,1
20241207,39,13.14,14401.8,12944.2,1
20241207,39,13.23,14403.3,12944.2,1
20241207,39,13.30,14403.3,12944.2,1
20241207,39,13.32,14404.8,12942.7,1
20241207,39,13.41,14406.1,12942.7,1
20241207,39,13.45,14506.1,12941.7,1
20241207,39,13.48,14521.5,12941.7,1
20241207,39,13.50,14541.5,12941.7,1
20241207,39,13.51,14542.3,12901.7,1
20241207,39,13.61,14562.3,12901.7,1
20241207,39,13.70,14562.3,12901.7,1
20241207,39,13.75,14562.3,12901.2,1
20241207,39,13.85,14563.0,12900.7,1
20241207,39,14.00,14563.0,12900.7,1
20241207,39,14.01,14564.8,12853.0,1
20241207,39,14.17,14570.8,12853.0,1
20241207,39,14.18,14600.8,12853.0,1
20241207,39,14.19,14610.2,12853.0,1
20241207,39,14.21,14610.2,12853.0,1
20241207,39,14.29,14610.2,12848.5,1
20241207,39,14.30,14610.2,12834.8,1
20241207,39,14.35,14639.1,12734.8,1
20241207,39,14.37,14689.1,12734.8,1
20241207,39,14.50,14719.1,12734.8,1
20241207,39,14.52,14719.1,12734.8,1
20241207,39,14.60,14719.1,12674.8,1
20241207,39,14.62,14719.1,12674.6,1
20241207,39,14.72,14749.1,12674.4,1
20241207,39,14.85,14755.1,12674.4,1
20241207,39,14.88,14765.1,12674.4,1
20241207,39,14.90,14787.8,12674.4,1
20241207,39,14.91,14787.8,12664.4,1
20241207,39,14.92,14787.8,12614.4,1
20241207,39,14.93,14799.8,12600.9,1
20241207,39,14.98,14814.8,12600.9,1
20241207,39,14.99,14814.8,12600.9,1
20241207,39,15.00,14854.8,12550.9,1
20241207,39,15.01,14855.8,12540.0,1
20241207,39,15.03,14873.8,12540.0,1
20241207,39,15.06,14873.8,12540.0,1
20241207,39,15.10,14873.8,12539.3,1
20241207,39,15.21,14873.8,12534.0,1
20241207,39,15.22,14965.8,12475.0,1
20241207,39,15.36,14997.6,12475.0,1
20241207,39,15.37,15029.4,12475.0,1
20241207,39,15.39,15049.4,12475.0,1
20241207,39,15.45,15149.4,12475.0,1
20241207,39,15.46,15149.4,12475.0,1
20241207,39,15.50,15149.4,12474.7,1
20241207,39,15.61,15151.4,12461.3,1
20241207,39,15.63,15151.4,12456.3,1
20241207,39,15.70,15151.4,12451.8,1
20241207,39,15.90,15151.9,12451.7,1
20241207,39,15.91,15151.9,12451.7,1
20241207,39,15.92,15180.9,12450.7,1
20241207,39,15.98,15180.9,12450.7,1
20241207,39,16.00,15220.9,12446.9,1
20241207,39,16.01,15220.9,12379.6,1
20241207,39,16.06,15320.9,12374.3,1
20241207,39,16.12,15367.2,12374.3,1
20241207,39,16.13,15413.5,12374.3,1
20241207,39,16.14,15459.8,12374.3,1
20241207,39,16.21,15479.8,12374.3,1
20241207,39,16.28,15514.8,12374.3,1
20241207,39,16.32,15614.8,12374.3,1
20241207,39,16.45,15614.8,12374.3,1
20241207,39,16.47,15664.8,12370.3,1
20241207,39,16.50,15669.8,12370.3,1
20241207,39,16.61,15699.8,12369.3,1
20241207,39,16.72,15770.3,12369.1,1
20241207,39,16.78,15770.3,12368.5,1
20241207,39,16.84,15782.3,12368.1,1
20241207,39,16.91,15832.3,12368.1,1
20241207,39,17.00,15867.2,12368.1,1
20241207,39,17.01,15867.2,12368.1,1
20241207,39,17.02,16045.7,12366.6,1
20241207,39,17.05,16080.7,12366.6,1
20241207,39,17.17,16180.7,12366.6,1
20241207,39,17.18,16180.7,12366.6,1
20241207,39,17.20,16180.7,12274.3,1
20241207,39,17.22,16405.2,12273.3,1
20241207,39,17.30,16405.2,12273.3,1
20241207,39,17.58,16405.2,12255.3,1
20241207,39,17.67,16405.2,12239.1,1
20241207,39,17.80,16405.2,12235.3,1
20241207,39,17.83,16430.2,12231.7,1
20241207,39,18.00,16430.2,12231.7,1
20241207,39,18.13,16530.2,12231.6,1
20241207,39,18.18,16530.2,12231.6,1
20241207,39,18.37,16530.2,12231.4,1
20241207,39,18.47,16530.2,12229.7,1
20241207,39,18.50,16560.2,12228.8,1
20241207,39,18.60,16585.2,12228.8,1
20241207,39,18.98,16585.2,12228.8,1
20241207,39,19.15,16585.2,12225.7,1
20241207,39,19.18,16585.2,12223.2,1
20241207,39,19.36,16585.2,12110.5,1
20241207,39,19.42,16815.2,12102.8,1
20241207,39,19.63,16815.2,12102.8,1
20241207,39,19.64,16815.2,12101.1,1
20241207,39,19.65,16815.2,12101.0,1
20241207,39,19.73,16870.7,12100.6,1
20241207,39,19.74,16870.7,12100.6,1
20241207,39,20.00,16870.7,12100.4,1
20241207,39,20.01,16875.6,12066.1,1
20241207,39,20.50,16875.6,12052.6,1
20241207,39,20.51,16875.6,12050.7,1
20241207,39,21.11,16875.6,12049.9,1
20241207,39,21.31,16875.6,12042.3,1
20241207,39,21.85,16875.6,12041.2,1
20241207,39,22.00,16882.6,12040.6,1
20241207,39,22.50,16882.6,12040.6,1
20241207,39,23.91,16882.6,12039.1,1
20241207,39,24.00,16882.6,12038.2,1
20241207,39,24.02,16882.6,11960.3,1
20241207,39,24.63,16882.6,11952.6,1
20241207,39,24.64,16882.6,11936.5,1
20241207,39,24.65,16882.6,11936.2,1
20241207,39,25.00,16882.6,11932.3,1
20241207,39,25.12,16882.6,11898.8,1
20241207,39,26.93,16882.6,11878.3,1
20241207,39,27.31,16882.6,11870.7,1
20241207,39,27.50,16882.6,11869.9,1
20241207,39,28.87,16892.2,11866.3,1
20241207,39,29.57,16892.2,11858.6,1
20241207,39,29.68,16892.2,11857.7,1
20241207,39,29.84,16892.2,11850.1,1
20241207,39,29.90,16892.2,11755.9,1
20241207,39,30.00,16892.2,11752.9,1
20241207,39,30.01,16892.2,11702.9,1
20241207,39,30.51,16892.2,11702.1,1
20241207,39,30.70,16892.2,11701.3,1
20241207,39,31.00,16892.2,11689.0,1
20241207,39,34.94,16892.2,11688.2,1
20241207,39,35.00,16892.2,11667.2,1
20241207,39,36.00,16892.2,11648.6,1
20241207,39,36.79,16892.2,11598.6,1
20241207,39,39.69,17618.2,11587.5,1
20241207,39,40.00,17618.2,11587.5,1
20241207,39,40.12,17618.2,11533.9,1
20241207,39,42.00,17618.2,11527.3,1
20241207,39,42.62,17618.2,11526.1,1
20241207,39,45.00,17618.2,11523.7,1
20241207,39,45.01,17618.2,11459.4,1
20241207,39,46.00,17618.2,11155.1,1
20241207,39,47.08,17618.2,11105.1,1
20241207,39,48.64,17618.2,11006.8,1
20241207,39,50.00,17618.2,11005.2,1
20241207,39,55.00,17618.2,10825.8,1
20241207,39,60.00,17618.2,10778.4,1
20241207,39,61.56,17618.2,10723.5,1
20241207,39,64.71,17618.2,10721.9,1
20241207,39,74.48,17618.2,10697.0,1
20241207,39,77.80,17618.2,10695.3,1
20241207,39,79.90,17618.2,10588.7,1
20241207,39,80.00,17618.2,10586.7,1
20241207,39,80.01,17618.2,9993.9,1
20241207,39,80.05,17618.2,9944.2,1
20241207,39,80.21,17768.1,9928.9,1
20241207,39,81.00,17768.1,9928.9,1
20241207,39,82.01,17768.1,9841.7,1
20241207,39,85.00,17768.1,9769.7,1
20241207,39,87.40,17768.1,9767.6,1
20241207,39,90.00,17768.1,9766.0,1
20241207,39,99.00,17768.1,9762.7,1
20241207,39,99.90,17768.1,9762.5,1
20241207,39,100.00,17814.1,9761.5,1
20241207,39,100.01,17827.4,9544.3,1
20241207,39,100.32,17827.4,9544.3,1
20241207,39,101.00,17827.4,9542.6,1
20241207,39,120.10,17827.4,9456.6,1
20241207,39,138.00,17827.4,9437.4,1
20241207,39,190.00,17827.4,9319.0,1
20241207,39,200.00,17827.4,9317.5,1
20241207,39,200.01,17827.4,8110.7,1
20241207,39,200.10,17827.4,6612.9,1
20241207,39,200.50,17827.4,6534.8,1
20241207,39,201.00,17827.4,6517.5,1
20241207,39,210.00,17827.4,6512.3,1
20241207,39,250.00,17827.4,5288.1,1
20241207,39,299.99,17827.7,5276.6,1
20241207,39,300.00,17827.7,5276.6,1
20241207,39,550.02,17827.7,5268.6,1
20241207,39,900.00,17827.7,5086.3,1
20241207,39,999.00,17827.7,5074.7,1
20241207,39,999.99,17827.7,0.0,1
20241207,40,0.00,0.0,18071.6,0
20241207,40,0.00,3759.8,18071.6,0
20241207,40,0.01,12850.8,18071.6,0
20241207,40,0.02,12959.8,18066.7,0
20241207,40,0.03,12963.9,18066.3,0
20241207,40,0.04,12981.9,18066.3,0
20241207,40,0.10,12981.9,18066.3,0
20241207,40,1.00,13232.8,17981.1,0
20241207,40,1.01,13239.4,17962.5,0
20241207,40,1.10,13372.4,17958.2,0
20241207,40,2.00,13405.8,17958.2,0
20241207,40,2.01,13405.8,17958.2,0
20241207,40,2.45,13407.8,17658.2,0
20241207,40,3.00,13408.6,17658.2,0
20241207,40,3.01,13409.1,17578.2,0
20241207,40,3.80,13411.1,17478.2,0
20241207,40,5.00,13516.6,17478.2,0
20241207,40,5.01,13516.6,17380.1,0
20241207,40,5.15,13518.6,17043.6,0
20241207,40,5.90,13518.6,17043.6,0
20241207,40,6.00,13539.5,17027.7,0
20241207,40,6.26,13539.5,17027.7,0
20241207,40,6.50,13541.5,17021.7,0
20241207,40,6.60,13544.9,17021.7,0
20241207,40,7.50,13564.9,17021.7,0
20241207,40,7.85,13566.9,17021.7,0
20241207,40,8.00,13568.9,17021.7,0
20241207,40,8.01,13569.4,17005.7,0
20241207,40,8.66,13569.4,17005.7,0
20241207,40,8.85,13569.4,17005.4,0
20241207,40,9.00,13573.4,16848.4,0
20241207,40,9.20,13575.4,16848.4,0
20241207,40,9.73,13575.4,16848.4,0
20241207,40,9.99,13575.4,16803.4,0
20241207,40,10.00,13587.2,16773.4,0
20241207,40,10.25,13587.2,16773.4,0
20241207,40,10.55,13589.2,16199.4,0
20241207,40,10.87,13589.5,16199.4,0
20241207,40,10.94,13589.5,16199.4,0
20241207,40,11.26,13589.5,16042.4,0
20241207,40,11.31,13589.5,15848.2,0
20241207,40,11.34,13589.5,15783.2,0
20241207,40,11.40,13589.5,15318.0,0
20241207,40,11.42,13604.7,15317.7,0
20241207,40,11.43,13604.7,15317.7,0
20241207,40,11.49,13604.7,15087.7,0
20241207,40,11.90,13606.7,15087.1,0
20241207,40,12.00,13695.7,15087.1,0
20241207,40,12.01,13695.7,14990.0,0
20241207,40,12.40,13695.7,14734.2,0
20241207,40,12.50,13695.7,14734.1,0
20241207,40,12.80,13695.7,14710.2,0
20241207,40,13.00,13699.7,14710.1,0
20241207,40,13.14,13699.7,14709.8,0
20241207,40,13.25,13701.7,14544.8,0
20241207,40,13.34,13701.7,14544.8,0
20241207,40,13.50,13705.2,14514.8,0
20241207,40,13.58,13706.9,14514.8,0
20241207,40,13.69,13707.4,14514.8,0
20241207,40,13.80,13707.8,14514.7,0
20241207,40,13.89,13707.8,14514.7,0
20241207,40,13.92,13708.2,14493.2,0
20241207,40,14.00,13775.0,14493.2,0
20241207,40,14.01,13775.0,14483.1,0
20241207,40,14.03,13775.4,14482.2,0
20241207,40,14.14,13775.8,14482.2,0
20241207,40,14.30,13775.8,14476.7,0
20241207,40,14.33,13775.8,14474.7,0
20241207,40,14.37,13775.8,14274.7,0
20241207,40,14.40,13775.8,14074.7,0
20241207,40,14.42,13775.8,13874.7,0
20241207,40,14.49,13775.8,13674.7,0
20241207,40,14.51,13780.7,13474.7,0
20241207,40,14.54,13780.7,13474.7,0
20241207,40,14.56,13780.7,13469.8,0
20241207,40,14.60,13782.7,13269.8,0
20241207,40,14.64,13785.2,13269.8,0
20241207,40,14.75,13785.2,13269.8,0
20241207,40,14.89,13785.2,13069.8,0
20241207,40,15.00,13810.2,12869.8,0
20241207,40,15.08,13810.2,12633.0,0
20241207,40,15.15,13810.4,12433.0,0
20241207,40,15.41,13833.4,12433.0,0
20241207,40,15.50,13978.4,12433.0,0
20241207,40,15.52,13980.0,12433.0,0
20241207,40,15.86,14452.0,12433.0,0
20241207,40,15.89,14452.0,12433.0,0
20241207,40,15.90,14452.0,12427.5,0
20241207,40,15.93,14555.0,12427.3,0
20241207,40,15.95,14557.0,12427.3,0
20241207,40,16.00,14567.0,12427.3,0
20241207,40,16.01,14580.3,12426.7,0
20241207,40,16.10,14590.3,12426.7,0
20241207,40,16.29,14695.3,12426.7,0
20241207,40,16.38,14779.5,12426.7,0
20241207,40,16.50,14849.5,12426.7,0
20241207,40,16.59,14849.5,12426.7,0
20241207,40,16.70,14849.5,12425.4,0
20241207,40,16.71,14849.5,12416.4,0
20241207,40,16.72,15149.5,12412.8,0
20241207,40,16.94,15149.6,12412.8,0
20241207,40,16.96,15149.6,12412.8,0
20241207,40,17.00,15179.6,12403.1,0
20241207,40,17.01,15184.5,12402.9,0
20241207,40,17.43,15184.5,12395.2,0
20241207,40,17.48,15184.5,12395.0,0
20241207,40,17.57,15194.5,12337.8,0
20241207,40,17.65,15194.5,12337.8,0
20241207,40,17.73,15194.5,12332.1,0
20241207,40,18.00,15194.5,12310.1,0
20241207,40,18.01,15194.5,12253.5,0
20241207,40,18.43,15299.5,12252.9,0
20241207,40,18.57,15299.5,12252.9,0
20241207,40,18.65,15299.5,12243.2,0
20241207,40,18.78,15299.5,12242.9,0
20241207,40,18.79,15299.8,12235.6,0
20241207,40,19.00,15349.8,12136.6,0
20241207,40,19.03,15352.3,12113.0,0
20241207,40,19.28,15404.3,12113.0,0
20241207,40,19.40,15404.3,12113.0,0
20241207,40,19.56,15546.3,12100.0,0
20241207,40,19.63,15687.3,12100.0,0
20241207,40,19.66,15829.3,12100.0,0
20241207,40,19.70,15970.3,12100.0,0
20241207,40,19.75,16029.3,12100.0,0
20241207,40,19.77,16171.3,12100.0,0
20241207,40,20.00,16201.3,12100.0,0
20241207,40,20.48,16213.8,12070.0,0
20241207,40,20.56,16263.7,12070.0,0
20241207,40,21.00,16290.7,12070.0,0
20241207,40,21.10,16297.3,12055.0,0
20241207,40,21.25,16297.3,12055.0,0
20241207,40,21.35,16297.3,12052.9,0
20241207,40,21.46,16307.7,12050.3,0
20241207,40,21.55,16307.7,12050.3,0
20241207,40,21.74,16307.7,12003.2,0
20241207,40,22.35,16448.7,11992.9,0
20241207,40,22.43,16459.1,11992.9,0
20241207,40,22.58,16466.8,11992.9,0
20241207,40,22.70,16466.8,11992.9,0
20241207,40,22.87,16466.8,11990.9,0
20241207,40,23.20,16482.2,11966.1,0
20241207,40,23.29,16482.2,11966.1,0
20241207,40,23.41,16490.5,11875.6,0
20241207,40,24.04,16490.5,11875.6,0
20241207,40,24.05,16490.5,11874.8,0
20241207,40,25.00,16490.5,11873.4,0
20241207,40,25.40,16490.5,11777.4,0
20241207,40,25.57,16632.5,11776.4,0
20241207,40,25.63,16632.5,11776.4,0
20241207,40,25.99,16632.5,11766.3,0
20241207,40,26.00,16632.5,11759.0,0
20241207,40,26.25,16632.5,11742.4,0
20241207,40,26.75,16632.5,11722.9,0
20241207,40,28.10,16632.5,11721.9,0
20241207,40,28.80,16773.5,11720.9,0
20241207,40,29.45,16773.5,11720.9,0
20241207,40,29.52,16773.5,11719.9,0
20241207,40,29.90,16773.5,11709.8,0
20241207,40,30.00,16773.5,11708.4,0
20241207,40,30.80,16773.5,11673.8,0
20241207,40,31.36,16773.5,11672.8,0
20241207,40,31.50,16773.5,11050.8,0
20241207,40,32.02,16915.5,11049.3,0
20241207,40,32.11,16915.5,11049.3,0
20241207,40,32.15,16915.5,11039.2,0
20241207,40,33.00,16915.5,11038.2,0
20241207,40,33.19,16915.5,10988.0,0
20241207,40,33.50,16915.5,10980.9,0
20241207,40,33.62,16935.7,10979.9,0
20241207,40,34.85,16935.7,10979.9,0
20241207,40,35.00,16935.7,10970.8,0
20241207,40,35.50,16935.7,10966.5,0
20241207,40,36.00,16935.7,10966.4,0
20241207,40,37.50,16935.7,10934.7,0
20241207,40,38.00,16935.7,10890.4,0
20241207,40,40.00,16935.7,10890.2,0
20241207,40,40.01,16935.7,10845.8,0
20241207,40,40.12,16935.7,10770.9,0
20241207,40,41.36,16935.7,10761.9,0
20241207,40,42.50,16935.7,10759.7,0
20241207,40,45.00,16935.7,10759.6,0
20241207,40,45.01,16935.7,10740.0,0
20241207,40,46.93,16935.7,10735.8,0
20241207,40,48.32,16935.7,10629.6,0
20241207,40,49.50,16935.7,10604.1,0
20241207,40,50.00,16936.6,10603.8,0
20241207,40,50.01,16936.6,10374.0,0
20241207,40,50.90,16936.6,10370.2,0
20241207,40,55.00,16936.6,10367.9,0
20241207,40,60.00,16936.6,10346.0,0
20241207,40,65.67,16936.6,10253.0,0
20241207,40,70.00,16936.6,10235.0,0
20241207,40,72.00,16936.6,10233.9,0
20241207,40,77.80,16936.6,10233.7,0
20241207,40,79.90,16936.6,10170.2,0
20241207,40,80.00,16936.6,10169.3,0
20241207,40,80.01,16936.6,9609.6,0
20241207,40,81.00,16936.6,9539.0,0
20241207,40,82.01,16936.6,9538.4,0
20241207,40,85.00,16936.6,9436.9,0
20241207,40,90.00,16936.6,9426.8,0
20241207,40,99.90,16936.6,9423.5,0
20241207,40,100.00,16936.6,9415.0,0
20241207,40,100.01,16958.3,9241.6,0
20241207,40,101.00,16958.3,9241.6,0
20241207,40,120.10,16958.3,9236.1,0
20241207,40,138.00,16958.3,9206.3,0
20241207,40,150.00,16958.3,9161.0,0
20241207,40,151.00,16958.3,9155.7,0
20241207,40,190.00,16958.3,9116.5,0
20241207,40,200.00,16958.3,9116.4,0
20241207,40,200.01,16958.3,7636.2,0
20241207,40,200.10,16958.3,6892.9,0
20241207,40,200.50,16958.3,6785.7,0
20241207,40,200.98,16958.3,6761.1,0
20241207,40,200.99,16958.3,6761.0,0
20241207,40,201.00,16958.3,6760.9,0
20241207,40,210.00,16958.3,6692.7,0
20241207,40,250.00,16958.3,6354.9,0
20241207,40,299.99,16958.4,6222.6,0
20241207,40,300.00,16958.4,6222.6,0
20241207,40,500.00,16958.4,6126.0,0
20241207,40,550.02,16958.4,6116.0,0
20241207,40,900.00,16958.4,6002.9,0
20241207,40,999.00,16958.4,6000.9,0
20241207,40,999.99,16958.4,0.0,0
20241207,40,0.00,0.0,17449.6,1
20241207,40,0.00,5207.8,17449.6,1
20241207,40,0.01,13508.6,17449.6,1
20241207,40,0.02,13623.6,17441.5,1
20241207,40,0.03,13623.6,17431.5,1
20241207,40,0.10,13643.7,17419.9,1
20241207,40,1.00,13828.5,17419.9,1
20241207,40,1.01,13830.5,17337.1,1
20241207,40,2.00,13841.4,17329.1,1
20241207,40,2.01,13841.4,17313.1,1
20241207,40,2.49,13848.6,17013.1,1
20241207,40,3.00,13849.6,17013.1,1
20241207,40,3.01,13849.6,16652.7,1
20241207,40,3.50,13849.6,16552.7,1
20241207,40,4.27,13908.0,16497.7,1
20241207,40,4.97,13915.2,16497.7,1
20241207,40,5.00,13948.7,16497.7,1
20241207,40,5.01,13949.1,16359.4,1
20241207,40,6.00,13997.0,16136.4,1
20241207,40,6.01,13998.6,16126.4,1
20241207,40,6.50,14009.0,16126.4,1
20241207,40,6.87,14009.5,16126.4,1
20241207,40,7.00,14009.5,16126.4,1
20241207,40,7.45,14016.7,16125.6,1
20241207,40,7.50,14036.7,16125.6,1
20241207,40,7.51,14036.7,16125.6,1
20241207,40,8.00,14036.7,15925.6,1
20241207,40,8.01,14037.7,15798.1,1
20241207,40,8.22,14038.7,15798.1,1
20241207,40,8.85,14038.7,15798.1,1
20241207,40,9.00,14038.7,15498.1,1
20241207,40,9.12,14038.7,15492.5,1
20241207,40,9.41,14038.8,15489.7,1
20241207,40,9.50,14038.8,15489.7,1
20241207,40,9.57,14039.8,15489.4,1
20241207,40,9.58,14039.8,15489.4,1
20241207,40,9.71,14047.8,15487.6,1
20241207,40,9.93,14055.1,15487.6,1
20241207,40,10.00,14057.5,15487.6,1
20241207,40,10.01,14061.8,15465.0,1
20241207,40,10.14,14061.8,15453.9,1
20241207,40,10.15,14061.8,15397.9,1
20241207,40,10.30,14129.8,15297.9,1
20241207,40,10.44,14129.8,15297.7,1
20241207,40,10.50,14129.8,15150.7,1
20241207,40,10.52,14129.8,15150.6,1
20241207,40,10.67,14129.8,15135.6,1
20241207,40,10.68,14129.8,15065.6,1
20241207,40,10.69,14129.8,15062.0,1
20241207,40,10.79,14129.8,15032.0,1
20241207,40,10.80,14129.8,14885.0,1
20241207,40,10.92,14130.8,14738.0,1
20241207,40,10.93,14130.8,14738.0,1
20241207,40,11.00,14133.1,14636.0,1
20241207,40,11.01,14134.5,14557.4,1
20241207,40,11.04,14134.5,14557.4,1
20241207,40,11.08,14135.0,14410.4,1
20241207,40,11.36,14135.0,14306.4,1
20241207,40,11.40,14135.0,14276.4,1
20241207,40,11.50,14135.0,14176.4,1
20241207,40,11.52,14135.0,14053.4,1
20241207,40,11.54,14135.0,13953.4,1
20241207,40,11.64,14135.0,13830.4,1
20241207,40,11.65,14135.0,13730.4,1
20241207,40,11.69,14135.1,13607.4,1
20241207,40,11.86,14135.1,13607.4,1
20241207,40,11.87,14135.1,13577.4,1
20241207,40,11.88,14155.2,13444.5,1
20241207,40,12.00,14155.2,13344.5,1
20241207,40,12.01,14155.2,13317.6,1
20241207,40,12.07,14225.2,13257.6,1
20241207,40,12.08,14225.2,13257.6,1
20241207,40,12.28,14225.2,13232.6,1
20241207,40,12.32,14225.2,13232.5,1
20241207,40,12.41,14232.4,13227.7,1
20241207,40,12.46,14262.4,13227.7,1
20241207,40,12.50,14264.4,13227.7,1
20241207,40,12.53,14265.8,13224.1,1
20241207,40,12.60,14265.8,13224.1,1
20241207,40,12.63,14265.8,13197.5,1
20241207,40,12.65,14267.2,13177.0,1
20241207,40,12.67,14267.2,13177.0,1
20241207,40,12.68,14268.3,13102.0,1
20241207,40,12.74,14280.3,13102.0,1
20241207,40,12.76,14289.0,13102.0,1
20241207,40,12.77,14290.5,13056.1,1
20241207,40,12.81,14290.5,13056.1,1
20241207,40,12.89,14292.0,12906.1,1
20241207,40,12.99,14322.0,12906.1,1
20241207,40,13.00,14327.0,12906.1,1
20241207,40,13.01,14332.4,12898.6,1
20241207,40,13.05,14352.4,12888.9,1
20241207,40,13.20,14352.4,12888.9,1
20241207,40,13.30,14352.4,12887.4,1
20241207,40,13.37,14353.1,12883.6,1
20241207,40,13.39,14353.1,12883.6,1
20241207,40,13.40,14382.0,12879.8,1
20241207,40,13.45,14482.0,12879.8,1
20241207,40,13.47,14497.4,12879.8,1
20241207,40,13.49,14527.4,12879.8,1
20241207,40,13.50,14547.4,12876.0,1
20241207,40,13.58,14547.4,12836.0,1
20241207,40,13.62,14547.4,12828.3,1
20241207,40,13.65,14567.4,12827.8,1
20241207,40,14.00,14567.4,12827.8,1
20241207,40,14.01,14569.2,12780.0,1
20241207,40,14.02,14569.2,12780.0,1
20241207,40,14.11,14589.2,12720.0,1
20241207,40,14.16,14595.2,12720.0,1
20241207,40,14.18,14604.6,12720.0,1
20241207,40,14.20,14604.6,12720.0,1
20241207,40,14.29,14604.6,12715.5,1
20241207,40,14.30,14604.6,12705.6,1
20241207,40,14.37,14654.6,12605.4,1
20241207,40,14.50,14684.6,12605.4,1
20241207,40,14.51,14685.4,12605.4,1
20241207,40,14.60,14685.4,12605.4,1
20241207,40,14.69,14685.4,12605.2,1
20241207,40,14.78,14685.4,12546.2,1
20241207,40,14.82,14685.4,12496.2,1
20241207,40,14.84,14685.4,12495.1,1
20241207,40,14.85,14705.4,12445.1,1
20241207,40,14.87,14708.4,12445.1,1
20241207,40,14.89,14718.1,12445.1,1
20241207,40,14.90,14731.1,12435.1,1
20241207,40,14.91,14731.1,12435.1,1
20241207,40,14.97,14731.1,12421.6,1
20241207,40,15.00,14771.1,12416.7,1
20241207,40,15.01,14772.1,12405.8,1
20241207,40,15.03,14776.1,12405.8,1
20241207,40,15.10,14776.1,12405.8,1
20241207,40,15.22,14828.1,12405.5,1
20241207,40,15.36,14872.7,12405.5,1
20241207,40,15.37,14946.3,12404.5,1
20241207,40,15.45,15046.3,12404.5,1
20241207,40,15.50,15046.3,12404.5,1
20241207,40,15.60,15048.8,12394.5,1
20241207,40,15.62,15048.8,12389.5,1
20241207,40,15.70,15048.8,12385.0,1
20241207,40,15.86,15083.8,12384.9,1
20241207,40,15.91,15083.8,12384.9,1
20241207,40,16.00,15123.8,12384.7,1
20241207,40,16.01,15123.8,12317.5,1
20241207,40,16.04,15153.8,12312.3,1
20241207,40,16.06,15253.8,12312.3,1
20241207,40,16.12,15308.9,12312.3,1
20241207,40,16.13,15364.0,12312.3,1
20241207,40,16.14,15419.1,12312.3,1
20241207,40,16.30,15419.1,12312.3,1
20241207,40,16.32,15518.6,12308.8,1
20241207,40,16.37,15530.6,12304.8,1
20241207,40,16.38,15530.6,12304.8,1
20241207,40,16.50,15535.6,12297.2,1
20241207,40,16.51,15585.6,12296.2,1
20241207,40,16.61,15620.6,12296.2,1
20241207,40,16.62,15620.6,12296.2,1
20241207,40,16.72,15691.1,12295.2,1
20241207,40,16.79,15741.1,12295.2,1
20241207,40,16.94,15919.6,12295.2,1
20241207,40,16.99,15922.6,12295.2,1
20241207,40,17.00,15954.5,12295.2,1
20241207,40,17.01,15954.5,12295.2,1
20241207,40,17.17,16054.5,12293.6,1
20241207,40,17.20,16054.5,12293.6,1
20241207,40,17.22,16279.0,12292.7,1
20241207,40,17.27,16279.0,12292.7,1
20241207,40,17.37,16304.0,12275.0,1
20241207,40,17.38,16304.0,12275.0,1
20241207,40,17.58,16304.0,12274.8,1
20241207,40,17.66,16304.0,12258.6,1
20241207,40,17.67,16304.0,12166.4,1
20241207,40,18.00,16304.0,12162.8,1
20241207,40,18.10,16334.0,12161.6,1
20241207,40,18.12,16359.0,12161.6,1
20241207,40,18.13,16459.0,12161.6,1
20241207,40,18.43,16459.0,12161.6,1
20241207,40,18.98,16459.0,12159.0,1
20241207,40,19.02,16459.0,12155.6,1
20241207,40,19.06,16459.0,12153.1,1
20241207,40,19.17,16459.0,12152.9,1
20241207,40,19.42,16689.0,12038.9,1
20241207,40,19.52,16689.0,12038.9,1
20241207,40,19.53,16689.0,12037.2,1
20241207,40,19.54,16689.0,12037.1,1
20241207,40,20.00,16689.0,12036.7,1
20241207,40,20.01,16693.8,12000.7,1
20241207,40,20.21,16693.8,11987.5,1
20241207,40,20.37,16693.8,11986.7,1
20241207,40,20.75,16693.8,11984.8,1
20241207,40,21.05,16693.8,11983.6,1
20241207,40,21.72,16693.8,11975.9,1
20241207,40,22.00,16700.8,11975.3,1
20241207,40,22.50,16700.8,11975.3,1
20241207,40,23.18,16700.8,11974.0,1
20241207,40,24.00,16700.8,11973.1,1
20241207,40,24.52,16700.8,11897.4,1
20241207,40,24.53,16700.8,11881.3,1
20241207,40,24.54,16700.8,11881.0,1
20241207,40,25.00,16700.8,11877.0,1
20241207,40,25.12,16700.8,11844.4,1
20241207,40,25.72,16700.8,11824.1,1
20241207,40,26.16,16700.8,11816.5,1
20241207,40,27.50,16700.8,11815.7,1
20241207,40,28.14,16700.8,11812.3,1
20241207,40,28.83,16700.8,11811.4,1
20241207,40,28.87,16710.4,11803.7,1
20241207,40,28.97,16710.4,11803.7,1
20241207,40,29.13,16710.4,11802.9,1
20241207,40,29.90,16710.4,11790.5,1
20241207,40,30.00,16710.4,11787.5,1
20241207,40,30.01,16710.4,11733.2,1
20241207,40,30.12,16710.4,11732.8,1
20241207,40,30.38,16710.4,11725.2,1
20241207,40,31.00,16710.4,11632.6,1
20241207,40,34.94,16710.4,11631.7,1
20241207,40,35.00,16710.4,11611.4,1
20241207,40,36.00,16710.4,11591.8,1
20241207,40,36.79,16710.4,11541.8,1
20241207,40,39.69,17386.4,11530.7,1
20241207,40,40.00,17386.4,11530.7,1
20241207,40,40.12,17386.4,11476.5,1
20241207,40,41.50,17386.4,11470.8,1
20241207,40,42.00,17386.4,11468.3,1
20241207,40,45.00,17386.4,11467.1,1
20241207,40,45.01,17386.4,11403.0,1
20241207,40,46.00,17386.4,11101.2,1
20241207,40,46.93,17386.4,11051.2,1
20241207,40,48.69,17386.4,10955.3,1
20241207,40,50.00,17386.4,10953.7,1
20241207,40,55.00,17386.4,10780.1,1
20241207,40,60.00,17386.4,10732.8,1
20241207,40,61.61,17386.4,10678.8,1
20241207,40,64.53,17386.4,10677.2,1
20241207,40,74.53,17386.4,10653.3,1
20241207,40,77.80,17386.4,10651.6,1
20241207,40,79.90,17386.4,10548.4,1
20241207,40,80.00,17386.4,10546.3,1
20241207,40,80.01,17386.4,9955.0,1
20241207,40,80.05,17386.4,9901.9,1
20241207,40,80.21,17536.3,9888.3,1
20241207,40,81.00,17536.3,9888.3,1
20241207,40,82.01,17536.3,9798.2,1
20241207,40,85.00,17536.3,9726.1,1
20241207,40,87.45,17536.3,9724.1,1
20241207,40,90.00,17536.3,9722.5,1
20241207,40,99.00,17536.3,9719.3,1
20241207,40,99.90,17536.3,9719.1,1
20241207,40,100.00,17582.1,9718.1,1
20241207,40,100.01,17595.4,9503.4,1
20241207,40,100.37,17595.4,9503.4,1
20241207,40,101.00,17595.4,9501.7,1
20241207,40,120.10,17595.4,9415.7,1
20241207,40,138.00,17595.4,9396.9,1
20241207,40,190.00,17595.4,9280.5,1
20241207,40,200.00,17595.4,9279.1,1
20241207,40,200.01,17595.4,8098.1,1
20241207,40,200.10,17595.4,6601.3,1
20241207,40,200.50,17595.4,6523.2,1
20241207,40,201.00,17595.4,6507.9,1
20241207,40,210.00,17595.4,6502.8,1
20241207,40,250.00,17595.4,5277.3,1
20241207,40,299.99,17595.7,5265.9,1
20241207,40,300.00,17595.7,5265.9,1
20241207,40,550.02,17595.7,5257.9,1
20241207,40,900.00,17595.7,5075.6,1
20241207,40,999.00,17595.7,5064.0,1
20241207,40,999.99,17595.7,0.0,1
20241207,41,0.00,0.0,18815.1,0
20241207,41,0.00,3726.3,18815.1,0
20241207,41,0.01,12890.0,18815.1,0
20241207,41,0.02,12972.0,18811.2,0
20241207,41,0.03,12976.1,18810.8,0
20241207,41,0.04,12994.5,18810.8,0
20241207,41,0.10,12994.5,18810.8,0
20241207,41,1.00,13253.7,18738.2,0
20241207,41,1.01,13260.0,18720.2,0
20241207,41,1.10,13398.3,18716.3,0
20241207,41,2.00,13438.1,18716.3,0
20241207,41,2.01,13438.1,18716.3,0
20241207,41,2.45,13440.1,18416.3,0
20241207,41,3.00,13441.5,18416.3,0
20241207,41,3.01,13442.0,18336.3,0
20241207,41,3.80,13444.0,18236.3,0
20241207,41,5.00,13549.3,18236.3,0
20241207,41,5.01,13549.3,18139.7,0
20241207,41,5.15,13551.3,17809.9,0
20241207,41,5.90,13551.3,17809.9,0
20241207,41,6.00,13572.2,17794.0,0
20241207,41,6.26,13572.2,17794.0,0
20241207,41,6.50,13574.2,17788.0,0
20241207,41,6.60,13579.4,17788.0,0
20241207,41,7.50,13599.4,17788.0,0
20241207,41,7.85,13601.4,17788.0,0
20241207,41,8.00,13605.0,17788.0,0
20241207,41,8.01,13605.5,17772.2,0
20241207,41,8.85,13605.5,17772.2,0
20241207,41,8.92,13605.5,17615.2,0
20241207,41,9.00,13609.5,17615.0,0
20241207,41,9.20,13611.5,17615.0,0
20241207,41,9.40,13611.7,17615.0,0
20241207,41,9.73,13611.7,17615.0,0
20241207,41,9.99,13611.7,17570.0,0
20241207,41,10.00,13623.6,17540.0,0
20241207,41,10.25,13623.6,17540.0,0
20241207,41,10.44,13623.9,16966.0,0
20241207,41,10.55,13625.9,16966.0,0
20241207,41,10.67,13625.9,16966.0,0
20241207,41,11.19,13625.9,16731.0,0
20241207,41,11.26,13625.9,16666.0,0
20241207,41,11.32,13625.9,16471.8,0
20241207,41,11.34,13625.9,16241.8,0
20241207,41,11.40,13625.9,15776.6,0
20241207,41,11.42,13641.1,15776.4,0
20241207,41,11.90,13643.1,15776.4,0
20241207,41,12.00,13732.1,15776.4,0
20241207,41,12.01,13732.1,15679.3,0
20241207,41,12.40,13732.1,15502.1,0
20241207,41,12.80,13732.1,15502.0,0
20241207,41,13.00,13736.2,15501.9,0
20241207,41,13.01,13736.2,15491.6,0
20241207,41,13.14,13736.2,15470.2,0
20241207,41,13.25,13738.2,15305.2,0
20241207,41,13.34,13738.2,15305.2,0
20241207,41,13.50,13741.7,15275.2,0
20241207,41,13.69,13741.7,15275.2,0
20241207,41,14.00,13819.2,15275.1,0
20241207,41,14.01,13831.9,15275.0,0
20241207,41,14.13,13831.9,15067.2,0
20241207,41,14.27,13831.9,14867.2,0
20241207,41,14.31,13831.9,14667.2,0
20241207,41,14.35,13831.9,14467.2,0
20241207,41,14.39,13831.9,14267.2,0
20241207,41,14.42,13831.9,14067.2,0
20241207,41,14.44,13831.9,13867.2,0
20241207,41,14.45,13834.4,13667.2,0
20241207,41,14.47,13834.4,13667.2,0
20241207,41,14.49,13836.0,13666.7,0
20241207,41,14.51,13840.8,13666.7,0
20241207,41,14.53,13840.8,13666.7,0
20241207,41,14.54,13840.8,13661.8,0
20241207,41,14.60,13842.8,13461.8,0
20241207,41,14.75,13842.8,13461.8,0
20241207,41,15.00,13869.7,13261.8,0
20241207,41,15.02,13869.7,13201.1,0
20241207,41,15.31,13869.7,13195.6,0
20241207,41,15.41,13896.7,13193.7,0
20241207,41,15.50,14183.7,13193.7,0
20241207,41,15.54,14324.7,13193.7,0
20241207,41,15.58,14324.7,13193.7,0
20241207,41,15.69,14466.7,13174.7,0
20241207,41,15.71,14466.9,13174.7,0
20241207,41,15.79,14607.9,13174.7,0
20241207,41,15.80,14693.2,13174.7,0
20241207,41,15.85,15239.2,13174.7,0
20241207,41,15.90,15249.2,13174.7,0
20241207,41,15.93,15352.2,13174.5,0
20241207,41,15.95,15354.2,13174.5,0
20241207,41,15.96,15381.2,13174.5,0
20241207,41,16.00,15391.2,13174.5,0
20241207,41,16.50,15461.2,13174.0,0
20241207,41,16.59,15461.2,13174.0,0
20241207,41,16.70,15461.2,13172.6,0
20241207,41,16.71,15461.2,13163.6,0
20241207,41,16.72,15761.2,13154.5,0
20241207,41,16.95,15761.2,13154.5,0
20241207,41,17.00,15791.2,13144.8,0
20241207,41,17.01,15796.0,13144.5,0
20241207,41,17.02,15796.0,13144.5,0
20241207,41,17.34,15806.0,13089.2,0
20241207,41,17.43,15806.0,13089.2,0
20241207,41,17.73,15806.0,13089.0,0
20241207,41,17.78,15855.9,13067.0,0
20241207,41,18.00,15855.9,13067.0,0
20241207,41,18.01,15855.9,13009.9,0
20241207,41,18.39,15855.9,13009.4,0
20241207,41,18.43,15960.9,13003.7,0
20241207,41,18.50,15960.9,13003.7,0
20241207,41,18.56,15960.9,13002.7,0
20241207,41,18.65,15960.9,12993.0,0
20241207,41,18.78,15960.9,12992.7,0
20241207,41,18.79,15964.0,12985.7,0
20241207,41,18.87,15964.0,12985.7,0
20241207,41,19.00,16014.0,12875.7,0
20241207,41,19.45,16053.0,12852.6,0
20241207,41,19.56,16195.0,12852.6,0
20241207,41,19.59,16336.0,12852.6,0
20241207,41,19.66,16478.0,12852.6,0
20241207,41,19.70,16619.0,12852.6,0
20241207,41,19.73,16761.0,12852.6,0
20241207,41,19.84,16809.0,12852.6,0
20241207,41,20.00,16839.0,12852.6,0
20241207,41,20.08,16839.0,12823.1,0
20241207,41,20.50,16839.0,12812.5,0
20241207,41,20.75,16980.0,12811.6,0
20241207,41,21.00,17000.0,12811.6,0
20241207,41,21.02,17000.0,12796.6,0
20241207,41,21.07,17000.0,11994.6,0
20241207,41,21.10,17006.5,11992.5,0
20241207,41,21.35,17006.5,11992.5,0
20241207,41,21.55,17006.5,11989.9,0
20241207,41,21.82,17006.5,11943.2,0
20241207,41,22.58,17014.2,11933.1,0
20241207,41,22.70,17014.2,11933.1,0
20241207,41,23.20,17029.6,11931.1,0
20241207,41,23.29,17029.6,11931.1,0
20241207,41,23.97,17171.6,11840.6,0
20241207,41,24.04,17171.6,11840.6,0
20241207,41,24.05,17171.6,11839.2,0
20241207,41,24.72,17171.6,11837.8,0
20241207,41,25.00,17171.6,11827.7,0
20241207,41,25.12,17171.6,11735.5,0
20241207,41,25.40,17171.6,11728.1,0
20241207,41,25.84,17171.6,11727.1,0
20241207,41,26.00,17171.6,11720.3,0
20241207,41,26.07,17171.6,11704.1,0
20241207,41,26.75,17171.6,11684.3,0
20241207,41,27.62,17171.6,11683.3,0
20241207,41,28.10,17171.6,11673.2,0
20241207,41,28.80,17312.6,11672.2,0
20241207,41,29.45,17312.6,11672.2,0
20241207,41,29.55,17312.6,11671.2,0
20241207,41,29.90,17312.6,11661.1,0
20241207,41,30.00,17312.6,11659.8,0
20241207,41,30.36,17312.6,11625.2,0
20241207,41,30.80,17312.6,11619.1,0
20241207,41,31.36,17312.6,11618.1,0
20241207,41,32.02,17454.6,10975.6,0
20241207,41,32.15,17454.6,10975.6,0
20241207,41,33.00,17454.6,10974.6,0
20241207,41,33.50,17454.6,10929.8,0
20241207,41,33.62,17504.7,10928.8,0
20241207,41,34.85,17504.7,10928.8,0
20241207,41,35.00,17504.7,10919.6,0
20241207,41,35.50,17504.7,10915.3,0
20241207,41,36.00,17504.7,10915.2,0
20241207,41,37.50,17504.7,10884.8,0
20241207,41,40.00,17504.7,10841.1,0
20241207,41,40.01,17504.7,10797.6,0
20241207,41,41.36,17504.7,10728.9,0
20241207,41,42.50,17504.7,10725.6,0
20241207,41,45.00,17504.7,10725.5,0
20241207,41,45.01,17504.7,10705.7,0
20241207,41,47.00,17504.7,10701.5,0
20241207,41,48.32,17504.7,10600.0,0
20241207,41,49.50,17504.7,10574.5,0
20241207,41,50.00,17505.7,10574.2,0
20241207,41,50.01,17505.7,10350.0,0
20241207,41,50.90,17505.7,10346.6,0
20241207,41,55.00,17505.7,10344.3,0
20241207,41,60.00,17505.7,10322.7,0
20241207,41,65.05,17505.7,10230.4,0
20241207,41,70.00,17505.7,10213.0,0
20241207,41,72.00,17505.7,10211.9,0
20241207,41,77.80,17505.7,10211.7,0
20241207,41,79.90,17505.7,10150.6,0
20241207,41,80.00,17505.7,10149.8,0
20241207,41,80.01,17505.7,9601.3,0
20241207,41,81.00,17505.7,9534.2,0
20241207,41,82.01,17505.7,9533.6,0
20241207,41,85.00,17505.7,9431.7,0
20241207,41,90.00,17505.7,9423.1,0
20241207,41,99.90,17505.7,9420.2,0
20241207,41,100.00,17505.7,9411.8,0
20241207,41,100.01,17527.4,9223.5,0
20241207,41,101.00,17527.4,9223.5,0
20241207,41,120.10,17527.4,9218.0,0
20241207,41,138.00,17527.4,9190.1,0
20241207,41,150.00,17527.4,9145.9,0
20241207,41,151.00,17527.4,9140.8,0
20241207,41,190.00,17527.4,9101.1,0
20241207,41,200.00,17527.4,9101.0,0
20241207,41,200.01,17527.4,7654.3,0
20241207,41,200.10,17527.4,6912.8,0
20241207,41,200.98,17527.4,6805.7,0
20241207,41,200.99,17527.4,6805.6,0
20241207,41,201.00,17527.4,6805.5,0
20241207,41,210.00,17527.4,6743.5,0
20241207,41,250.00,17527.4,6407.0,0
20241207,41,299.99,17527.5,6273.9,0
20241207,41,300.00,17527.5,6273.9,0
20241207,41,500.00,17527.5,6177.3,0
20241207,41,550.02,17527.5,6167.3,0
20241207,41,900.00,17527.5,6054.2,0
20241207,41,999.00,17527.5,6052.2,0
20241207,41,999.99,17527.5,0.0,0
20241207,41,0.00,0.0,17707.9,1
20241207,41,0.00,5372.6,17707.9,1
20241207,41,0.01,13408.1,17707.9,1
20241207,41,0.02,13523.1,17700.2,1
20241207,41,0.03,13523.1,17690.2,1
20241207,41,0.10,13544.7,17678.8,1
20241207,41,1.00,13730.1,17678.8,1
20241207,41,1.01,13732.1,17597.4,1
20241207,41,2.00,13750.5,17589.6,1
20241207,41,2.01,13750.5,17581.6,1
20241207,41,2.37,13756.3,17281.6,1
20241207,41,3.00,13756.9,17281.6,1
20241207,41,3.01,13756.9,16920.4,1
20241207,41,4.27,13815.3,16820.4,1
20241207,41,4.51,13815.3,16820.4,1
20241207,41,4.73,13821.2,16765.4,1
20241207,41,5.00,13854.7,16765.4,1
20241207,41,5.01,13855.1,16620.8,1
20241207,41,6.00,13892.3,16398.9,1
20241207,41,6.01,13894.0,16388.9,1
20241207,41,6.50,13897.7,16388.9,1
20241207,41,6.80,13898.2,16388.9,1
20241207,41,7.00,13898.2,16388.9,1
20241207,41,7.08,13904.1,16388.1,1
20241207,41,7.47,13904.1,16388.1,1
20241207,41,7.50,13924.1,16383.7,1
20241207,41,7.51,13924.1,16383.7,1
20241207,41,8.00,13924.1,16183.7,1
20241207,41,8.01,13925.1,16056.7,1
20241207,41,8.15,13926.1,16056.7,1
20241207,41,8.85,13926.1,16056.7,1
20241207,41,9.00,13926.2,15756.7,1
20241207,41,9.18,13926.2,15751.3,1
20241207,41,9.38,13926.2,15751.2,1
20241207,41,9.44,13932.1,15721.2,1
20241207,41,9.50,13933.1,15721.2,1
20241207,41,9.71,13943.1,15721.2,1
20241207,41,9.97,13943.1,15706.2,1
20241207,41,10.00,13945.6,15676.2,1
20241207,41,10.01,13951.3,15652.1,1
20241207,41,10.10,13951.3,15641.3,1
20241207,41,10.14,13951.3,15640.7,1
20241207,41,10.15,13951.3,15584.7,1
20241207,41,10.17,13951.3,15484.7,1
20241207,41,10.28,13951.3,15459.7,1
20241207,41,10.30,14019.3,15444.7,1
20241207,41,10.44,14019.3,15444.7,1
20241207,41,10.50,14019.3,15292.9,1
20241207,41,10.56,14019.3,15292.8,1
20241207,41,10.62,14019.3,15262.8,1
20241207,41,10.67,14019.3,15237.8,1
20241207,41,10.68,14019.3,15207.8,1
20241207,41,10.79,14019.3,15204.2,1
20241207,41,10.80,14019.3,15057.2,1
20241207,41,10.81,14019.3,14910.2,1
20241207,41,10.85,14020.3,14885.2,1
20241207,41,10.93,14020.3,14885.2,1
20241207,41,11.00,14022.5,14783.2,1
20241207,41,11.04,14022.5,14702.3,1
20241207,41,11.08,14022.5,14555.3,1
20241207,41,11.14,14022.5,14451.3,1
20241207,41,11.42,14022.5,14421.3,1
20241207,41,11.45,14022.5,14321.3,1
20241207,41,11.48,14022.5,14296.3,1
20241207,41,11.49,14023.6,14292.5,1
20241207,41,11.50,14023.6,14292.5,1
20241207,41,11.51,14024.1,14169.5,1
20241207,41,11.53,14024.1,14169.5,1
20241207,41,11.54,14024.1,14069.5,1
20241207,41,11.63,14024.2,13946.5,1
20241207,41,11.65,14024.2,13946.5,1
20241207,41,11.80,14030.1,13723.5,1
20241207,41,11.84,14031.2,13723.5,1
20241207,41,11.86,14031.2,13723.5,1
20241207,41,11.87,14032.4,13718.8,1
20241207,41,11.88,14032.4,13595.8,1
20241207,41,11.89,14032.4,13495.8,1
20241207,41,11.91,14033.6,13469.1,1
20241207,41,11.94,14034.8,13469.1,1
20241207,41,11.98,14035.9,13469.1,1
20241207,41,12.00,14040.9,13438.1,1
20241207,41,12.01,14041.7,13410.8,1
20241207,41,12.04,14041.7,13410.8,1
20241207,41,12.05,14061.8,13399.8,1
20241207,41,12.06,14091.8,13399.8,1
20241207,41,12.07,14321.8,13399.8,1
20241207,41,12.08,14321.8,13399.8,1
20241207,41,12.10,14321.8,13374.8,1
20241207,41,12.13,14350.7,13373.8,1
20241207,41,12.16,14350.7,13373.8,1
20241207,41,12.28,14362.7,13371.2,1
20241207,41,12.29,14371.4,13371.1,1
20241207,41,12.31,14371.4,13366.1,1
20241207,41,12.37,14371.4,13306.1,1
20241207,41,12.45,14401.4,13285.6,1
20241207,41,12.50,14401.4,13285.6,1
20241207,41,12.52,14401.4,13260.4,1
20241207,41,12.60,14401.4,13252.7,1
20241207,41,12.66,14431.4,13251.1,1
20241207,41,12.69,14432.1,13251.1,1
20241207,41,12.71,14432.1,13251.1,1
20241207,41,12.81,14432.1,13209.9,1
20241207,41,12.89,14432.1,13058.9,1
20241207,41,12.98,14447.5,12999.9,1
20241207,41,13.00,14477.5,12999.9,1
20241207,41,13.01,14482.0,12993.7,1
20241207,41,13.02,14502.0,12985.3,1
20241207,41,13.20,14502.0,12985.3,1
20241207,41,13.26,14522.0,12981.8,1
20241207,41,13.35,14557.0,12981.8,1
20241207,41,13.45,14657.0,12981.8,1
20241207,41,13.48,14657.0,12981.8,1
20241207,41,13.49,14686.0,12980.8,1
20241207,41,13.50,14686.0,12980.8,1
20241207,41,13.55,14686.0,12910.8,1
20241207,41,13.64,14692.0,12910.3,1
20241207,41,13.66,14701.4,12910.3,1
20241207,41,13.68,14701.4,12910.3,1
20241207,41,13.70,14721.4,12905.8,1
20241207,41,13.86,14741.4,12905.8,1
20241207,41,13.99,14776.4,12905.8,1
20241207,41,14.00,14776.4,12905.8,1
20241207,41,14.01,14776.8,12859.9,1
20241207,41,14.07,14806.8,12854.9,1
20241207,41,14.12,14806.8,12854.9,1
20241207,41,14.13,14806.8,12834.8,1
20241207,41,14.14,14806.8,12814.7,1
20241207,41,14.21,14806.8,12794.6,1
20241207,41,14.29,14806.8,12794.4,1
20241207,41,14.30,14806.8,12784.5,1
20241207,41,14.32,14809.8,12684.5,1
20241207,41,14.34,14819.5,12684.5,1
20241207,41,14.36,14819.5,12674.5,1
20241207,41,14.37,14869.5,12661.0,1
20241207,41,14.60,14869.5,12661.0,1
20241207,41,14.62,14894.5,12660.9,1
20241207,41,14.63,14894.5,12660.9,1
20241207,41,14.68,14894.5,12610.9,1
20241207,41,14.72,14896.5,12560.9,1
20241207,41,14.73,14906.7,12560.9,1
20241207,41,14.75,14906.7,12560.9,1
20241207,41,14.88,14923.7,12560.1,1
20241207,41,14.90,14936.7,12560.1,1
20241207,41,14.93,14959.7,12555.2,1
20241207,41,14.98,14983.7,12555.2,1
20241207,41,15.00,14993.7,12555.2,1
20241207,41,15.01,14994.7,12524.5,1
20241207,41,15.03,15023.7,12524.3,1
20241207,41,15.05,15023.7,12519.3,1
20241207,41,15.19,15023.7,12514.8,1
20241207,41,15.22,15140.7,12507.2,1
20241207,41,15.26,15165.7,12507.2,1
20241207,41,15.36,15202.8,12507.2,1
20241207,41,15.37,15239.7,12507.2,1
20241207,41,15.40,15240.2,12507.2,1
20241207,41,15.45,15340.2,12507.2,1
20241207,41,15.50,15340.2,12507.2,1
20241207,41,15.70,15340.2,12497.2,1
20241207,41,15.72,15370.2,12497.1,1
20241207,41,15.82,15370.2,12497.1,1
20241207,41,16.00,15390.2,12496.8,1
20241207,41,16.06,15490.2,12411.9,1
20241207,41,16.25,15490.2,12411.9,1
20241207,41,16.37,15493.2,12407.9,1
20241207,41,16.50,15498.2,12407.9,1
20241207,41,16.56,15548.2,12406.9,1
20241207,41,16.62,15548.2,12406.9,1
20241207,41,16.91,15598.2,12406.7,1
20241207,41,17.00,15612.1,12406.7,1
20241207,41,17.01,15612.1,12406.7,1
20241207,41,17.09,15612.1,12405.1,1
20241207,41,17.17,15712.1,12387.9,1
20241207,41,17.20,15712.1,12387.9,1
20241207,41,17.22,15936.6,12387.0,1
20241207,41,17.42,15936.6,12387.0,1
20241207,41,17.49,15936.6,12386.8,1
20241207,41,17.58,15936.6,12294.5,1
20241207,41,17.60,15936.6,12278.3,1
20241207,41,18.00,15936.6,12274.8,1
20241207,41,18.13,16036.6,12265.4,1
20241207,41,18.64,16036.6,12265.4,1
20241207,41,18.95,16036.6,12264.3,1
20241207,41,18.99,16036.6,12261.8,1
20241207,41,19.05,16036.6,12258.1,1
20241207,41,19.07,16036.6,12143.2,1
20241207,41,19.10,16036.6,12142.3,1
20241207,41,19.11,16036.6,12140.7,1
20241207,41,19.12,16036.6,12140.6,1
20241207,41,19.42,16266.6,12140.2,1
20241207,41,19.65,16266.6,12140.2,1
20241207,41,20.00,16266.6,12132.5,1
20241207,41,20.01,16271.3,12098.2,1
20241207,41,20.12,16271.3,12085.4,1
20241207,41,20.30,16271.3,12066.3,1
20241207,41,21.65,16271.3,12064.4,1
20241207,41,23.39,16271.3,12063.6,1
20241207,41,24.00,16271.3,12062.8,1
20241207,41,24.10,16271.3,11985.0,1
20241207,41,24.11,16271.3,11969.7,1
20241207,41,24.12,16271.3,11961.8,1
20241207,41,25.00,16271.3,11957.8,1
20241207,41,25.12,16271.3,11926.4,1
20241207,41,26.26,16271.3,11921.6,1
20241207,41,27.08,16271.3,11920.7,1
20241207,41,27.46,16271.3,11913.0,1
20241207,41,27.50,16271.3,11912.2,1
20241207,41,27.70,16271.3,11908.9,1
20241207,41,28.31,16271.3,11897.8,1
20241207,41,28.56,16271.3,11890.2,1
20241207,41,28.87,16280.9,11800.8,1
20241207,41,29.90,16280.9,11800.8,1
20241207,41,30.00,16280.9,11798.0,1
20241207,41,30.01,16280.9,11744.7,1
20241207,41,31.00,16280.9,11744.5,1
20241207,41,34.94,16280.9,11743.8,1
20241207,41,35.00,16280.9,11724.8,1
20241207,41,36.00,16280.9,11708.5,1
20241207,41,36.79,16280.9,11658.5,1
20241207,41,37.28,16280.9,11647.4,1
20241207,41,39.69,16950.9,11645.0,1
20241207,41,40.00,16950.9,11645.0,1
20241207,41,43.47,16950.9,11589.7,1
20241207,41,45.00,16950.9,11588.1,1
20241207,41,45.01,16950.9,11525.3,1
20241207,41,46.00,16950.9,11233.2,1
20241207,41,47.00,16950.9,11183.2,1
20241207,41,50.00,16950.9,11092.8,1
20241207,41,55.00,16950.9,10925.8,1
20241207,41,60.00,16950.9,10863.4,1
20241207,41,64.76,16950.9,10804.2,1
20241207,41,77.80,16950.9,10781.6,1
20241207,41,79.90,16950.9,10683.1,1
20241207,41,80.00,16950.9,10681.4,1
20241207,41,80.01,16950.9,10094.8,1
20241207,41,80.05,16950.9,10044.4,1
20241207,41,80.21,17100.8,10031.3,1
20241207,41,81.00,17100.8,10031.3,1
20241207,41,82.01,17100.8,9938.9,1
20241207,41,85.00,17100.8,9866.5,1
20241207,41,90.00,17100.8,9864.8,1
20241207,41,95.65,17100.8,9861.9,1
20241207,41,99.00,17100.8,9860.3,1
20241207,41,99.90,17100.8,9860.1,1
20241207,41,100.00,17146.6,9859.1,1
20241207,41,100.01,17159.9,9636.0,1
20241207,41,101.00,17159.9,9636.0,1
20241207,41,108.57,17159.9,9550.0,1
20241207,41,120.10,17159.9,9548.3,1
20241207,41,121.49,17159.9,9529.4,1
20241207,41,134.41,17159.9,9527.8,1
20241207,41,138.00,17159.9,9526.1,1
20241207,41,190.00,17159.9,9414.3,1
20241207,41,200.00,17159.9,9413.0,1
20241207,41,200.01,17159.9,8249.3,1
20241207,41,200.10,17159.9,6724.6,1
20241207,41,200.50,17159.9,6646.4,1
20241207,41,201.00,17159.9,6646.2,1
20241207,41,210.00,17159.9,6641.5,1
20241207,41,250.00,17159.9,5416.3,1
20241207,41,299.99,17160.2,5404.8,1
20241207,41,300.00,17160.2,5404.8,1
20241207,41,550.02,17160.2,5396.8,1
20241207,41,900.00,17160.2,5214.5,1
20241207,41,999.00,17160.2,5205.5,1
20241207,41,999.99,17160.2,0.0,1
20241207,42,0.00,0.0,18711.9,0
20241207,42,0.00,3686.1,18711.9,0
20241207,42,0.01,12884.6,18711.9,0
20241207,42,0.02,12912.8,18708.2,0
20241207,42,0.03,12916.7,18707.8,0
20241207,42,0.04,12935.8,18707.8,0
20241207,42,0.10,12935.8,18707.8,0
20241207,42,1.00,13199.7,18644.9,0
20241207,42,1.01,13205.9,18626.1,0
20241207,42,1.10,13352.2,18622.4,0
20241207,42,2.00,13392.4,18622.4,0
20241207,42,2.01,13392.4,18622.4,0
20241207,42,2.45,13394.4,18322.4,0
20241207,42,3.00,13396.0,18322.4,0
20241207,42,3.01,13396.6,18242.4,0
20241207,42,3.80,13398.6,18142.4,0
20241207,42,5.00,13505.0,18142.4,0
20241207,42,5.01,13505.0,18048.6,0
20241207,42,5.15,13507.0,17723.6,0
20241207,42,5.90,13507.0,17723.6,0
20241207,42,6.00,13527.9,17707.7,0
20241207,42,6.26,13527.9,17707.7,0
20241207,42,6.50,13529.9,17701.7,0
20241207,42,6.60,13537.8,17701.7,0
20241207,42,7.50,13557.8,17701.7,0
20241207,42,7.85,13559.8,17701.7,0
20241207,42,8.00,13564.0,17701.7,0
20241207,42,8.01,13564.5,17684.7,0
20241207,42,8.85,13564.5,17684.7,0
20241207,42,9.00,13568.5,17527.7,0
20241207,42,9.20,13570.5,17527.7,0
20241207,42,9.73,13570.5,17527.7,0
20241207,42,9.99,13570.5,17482.7,0
20241207,42,10.00,13582.5,17452.7,0
20241207,42,10.21,13582.5,17450.2,0
20241207,42,10.25,13582.5,17367.2,0
20241207,42,10.31,13582.5,16793.2,0
20241207,42,10.55,13584.5,16511.2,0
20241207,42,10.87,13584.5,16511.2,0
20241207,42,10.99,13584.5,16446.2,0
20241207,42,11.26,13584.5,16216.2,0
20241207,42,11.34,13584.5,16022.0,0
20241207,42,11.40,13584.5,15556.8,0
20241207,42,11.42,13599.7,15556.6,0
20241207,42,11.53,13599.7,15556.6,0
20241207,42,11.90,13601.7,15554.3,0
20241207,42,12.00,13690.7,15554.3,0
20241207,42,12.01,13690.7,15457.2,0
20241207,42,12.40,13690.7,15410.3,0
20241207,42,12.42,13690.7,15410.2,0
20241207,42,12.50,13690.7,15409.9,0
20241207,42,12.80,13690.7,15374.4,0
20241207,42,13.00,13695.0,15374.3,0
20241207,42,13.01,13695.0,15364.1,0
20241207,42,13.14,13695.0,15342.9,0
20241207,42,13.25,13697.0,15177.9,0
20241207,42,13.34,13697.0,15177.9,0
20241207,42,13.50,13700.5,15147.9,0
20241207,42,13.68,13700.6,15147.9,0
20241207,42,13.69,13700.6,15147.9,0
20241207,42,13.87,13701.0,15147.8,0
20241207,42,14.00,13788.2,15147.8,0
20241207,42,14.01,13800.6,15147.7,0
20241207,42,14.06,13801.0,15140.3,0
20241207,42,14.21,13802.5,15134.8,0
20241207,42,14.29,13802.5,15134.8,0
20241207,42,14.33,13805.0,14934.8,0
20241207,42,14.35,13805.1,14734.8,0
20241207,42,14.37,13805.1,14734.8,0
20241207,42,14.40,13805.1,14534.8,0
20241207,42,14.42,13805.1,14334.8,0
20241207,42,14.49,13805.1,14134.8,0
20241207,42,14.51,13809.7,13934.8,0
20241207,42,14.53,13809.7,13934.8,0
20241207,42,14.56,13809.7,13929.9,0
20241207,42,14.60,13811.7,13729.9,0
20241207,42,14.75,13811.7,13729.9,0
20241207,42,14.94,13811.7,13529.9,0
20241207,42,15.00,13838.6,13329.9,0
20241207,42,15.03,13838.6,13307.7,0
20241207,42,15.41,13979.6,13107.7,0
20241207,42,15.50,14124.6,13107.7,0
20241207,42,15.76,14134.6,13107.7,0
20241207,42,15.77,14593.6,13107.7,0
20241207,42,15.80,14593.6,13107.7,0
20241207,42,15.90,14593.6,13022.0,0
20241207,42,15.93,14696.6,13021.8,0
20241207,42,15.94,14696.6,13021.8,0
20241207,42,15.95,14698.6,13016.5,0
20241207,42,16.00,14708.6,13016.5,0
20241207,42,16.29,14708.6,13016.0,0
20241207,42,16.50,14778.6,12998.5,0
20241207,42,16.59,14778.6,12998.5,0
20241207,42,16.70,14778.6,12997.1,0
20241207,42,16.71,14778.6,12988.1,0
20241207,42,16.72,15078.6,12984.5,0
20241207,42,16.95,15078.6,12984.5,0
20241207,42,17.00,15108.6,12974.8,0
20241207,42,17.01,15113.2,12974.6,0
20241207,42,17.03,15113.2,12974.6,0
20241207,42,17.20,15123.2,12921.0,0
20241207,42,17.35,15173.1,12921.0,0
20241207,42,17.43,15173.1,12921.0,0
20241207,42,17.50,15173.1,12920.8,0
20241207,42,17.73,15173.1,12919.6,0
20241207,42,17.81,15173.1,12897.6,0
20241207,42,18.00,15173.1,12893.5,0
20241207,42,18.01,15173.1,12836.2,0
20241207,42,18.43,15278.1,12835.8,0
20241207,42,18.50,15278.1,12835.8,0
20241207,42,18.56,15278.1,12833.5,0
20241207,42,18.63,15280.6,12823.8,0
20241207,42,18.65,15280.6,12823.8,0
20241207,42,18.78,15280.6,12823.5,0
20241207,42,18.79,15281.5,12816.8,0
20241207,42,19.00,15331.5,12717.8,0
20241207,42,19.26,15383.5,12697.4,0
20241207,42,19.50,15383.5,12697.4,0
20241207,42,19.56,15525.5,12696.2,0
20241207,42,19.59,15666.5,12696.2,0
20241207,42,19.66,15808.5,12696.2,0
20241207,42,19.69,15808.5,12696.2,0
20241207,42,19.70,15949.5,12686.2,0
20241207,42,19.73,16091.5,12686.2,0
20241207,42,19.75,16150.5,12686.2,0
20241207,42,20.00,16180.5,12686.2,0
20241207,42,20.59,16180.5,12656.9,0
20241207,42,20.75,16321.5,12654.7,0
20241207,42,21.00,16341.5,12654.7,0
20241207,42,21.02,16341.5,12639.7,0
20241207,42,21.10,16347.9,11771.7,0
20241207,42,21.21,16347.9,11771.7,0
20241207,42,21.35,16347.9,11761.6,0
20241207,42,21.55,16347.9,11759.1,0
20241207,42,22.58,16355.6,11713.2,0
20241207,42,22.70,16355.6,11713.2,0
20241207,42,23.20,16371.0,11711.2,0
20241207,42,23.29,16371.0,11711.2,0
20241207,42,23.75,16371.0,11620.7,0
20241207,42,23.97,16513.0,11610.6,0
20241207,42,24.04,16513.0,11610.6,0
20241207,42,24.05,16513.0,11608.7,0
20241207,42,25.00,16513.0,11607.4,0
20241207,42,25.12,16513.0,11519.1,0
20241207,42,25.40,16513.0,11512.5,0
20241207,42,25.59,16513.0,11511.5,0
20241207,42,25.84,16513.0,11491.4,0
20241207,42,26.00,16513.0,11485.1,0
20241207,42,26.29,16513.0,11469.4,0
20241207,42,26.75,16513.0,11459.3,0
20241207,42,27.98,16513.0,11458.3,0
20241207,42,28.10,16513.0,11448.2,0
20241207,42,28.68,16513.0,11447.2,0
20241207,42,28.80,16654.0,11446.3,0
20241207,42,29.45,16654.0,11446.3,0
20241207,42,29.90,16654.0,11445.3,0
20241207,42,30.00,16654.0,11444.2,0
20241207,42,30.80,16654.0,11410.4,0
20241207,42,31.36,16654.0,11409.4,0
20241207,42,32.02,16796.0,10760.4,0
20241207,42,32.15,16796.0,10760.4,0
20241207,42,33.00,16796.0,10759.4,0
20241207,42,33.50,16796.0,10719.3,0
20241207,42,33.62,16839.2,10718.3,0
20241207,42,34.85,16839.2,10718.3,0
20241207,42,35.00,16839.2,10709.0,0
20241207,42,35.50,16839.2,10704.8,0
20241207,42,36.00,16839.2,10704.7,0
20241207,42,37.50,16839.2,10677.1,0
20241207,42,40.00,16839.2,10634.0,0
20241207,42,40.01,16839.2,10591.1,0
20241207,42,41.36,16839.2,10530.2,0
20241207,42,42.50,16839.2,10526.0,0
20241207,42,43.50,16839.2,10525.9,0
20241207,42,45.00,16839.2,10428.2,0
20241207,42,45.01,16839.2,10409.1,0
20241207,42,48.32,16839.2,10404.9,0
20241207,42,49.50,16839.2,10379.5,0
20241207,42,50.00,16840.3,10379.2,0
20241207,42,50.01,16840.3,10158.2,0
20241207,42,50.90,16840.3,10154.8,0
20241207,42,55.00,16840.3,10152.6,0
20241207,42,60.00,16840.3,10131.4,0
20241207,42,64.65,16840.3,10041.1,0
20241207,42,70.00,16840.3,10024.2,0
20241207,42,72.00,16840.3,10023.1,0
20241207,42,77.80,16840.3,10022.9,0
20241207,42,79.90,16840.3,9964.1,0
20241207,42,80.00,16840.3,9963.3,0
20241207,42,80.01,16840.3,9429.3,0
20241207,42,81.00,16840.3,9367.1,0
20241207,42,82.01,16840.3,9366.6,0
20241207,42,85.00,16840.3,9264.9,0
20241207,42,90.00,16840.3,9257.7,0
20241207,42,99.90,16840.3,9254.4,0
20241207,42,100.00,16840.3,9246.2,0
20241207,42,100.01,16861.9,9065.0,0
20241207,42,101.00,16861.9,9065.0,0
20241207,42,120.10,16861.9,9059.5,0
20241207,42,138.00,16861.9,9034.4,0
20241207,42,150.00,16861.9,8990.9,0
20241207,42,151.00,16861.9,8986.0,0
20241207,42,190.00,16861.9,8945.7,0
20241207,42,200.00,16861.9,8945.6,0
20241207,42,200.01,16861.9,7543.0,0
20241207,42,200.10,16861.9,6802.8,0
20241207,42,200.98,16861.9,6695.9,0
20241207,42,200.99,16861.9,6695.8,0
20241207,42,201.00,16861.9,6695.7,0
20241207,42,210.00,16861.9,6637.3,0
20241207,42,250.00,16861.9,6301.7,0
20241207,42,299.99,16862.0,6168.4,0
20241207,42,300.00,16862.0,6168.4,0
20241207,42,500.00,16862.0,6071.8,0
20241207,42,550.02,16862.0,6061.8,0
20241207,42,900.00,16862.0,5948.7,0
20241207,42,999.00,16862.0,5946.7,0
20241207,42,999.99,16862.0,0.0,0
20241207,42,0.00,0.0,17804.4,1
20241207,42,0.00,5371.5,17804.4,1
20241207,42,0.01,13746.0,17804.4,1
20241207,42,0.02,13861.2,17796.7,1
20241207,42,0.03,13861.2,17786.7,1
20241207,42,0.10,13883.1,17775.3,1
20241207,42,1.00,14069.8,17775.3,1
20241207,42,1.01,14071.7,17690.5,1
20241207,42,2.00,14090.3,17683.0,1
20241207,42,2.01,14090.3,17675.0,1
20241207,42,2.41,14096.1,17375.0,1
20241207,42,3.00,14096.7,17375.0,1
20241207,42,3.01,14096.7,17013.3,1
20241207,42,4.27,14155.1,16913.3,1
20241207,42,4.80,14161.0,16913.3,1
20241207,42,5.00,14192.5,16913.3,1
20241207,42,5.01,14192.9,16766.7,1
20241207,42,5.42,14192.9,16546.0,1
20241207,42,6.00,14231.0,16491.0,1
20241207,42,6.01,14232.7,16481.0,1
20241207,42,6.50,14239.0,16481.0,1
20241207,42,6.64,14239.6,16481.0,1
20241207,42,7.00,14239.6,16481.0,1
20241207,42,7.20,14245.5,16480.1,1
20241207,42,7.50,14265.5,16480.1,1
20241207,42,7.51,14265.5,16480.1,1
20241207,42,7.99,14266.5,16280.1,1
20241207,42,8.00,14266.5,16280.1,1
20241207,42,8.01,14267.5,16213.3,1
20241207,42,8.04,14267.5,16213.3,1
20241207,42,8.85,14267.5,16188.4,1
20241207,42,9.00,14267.7,15888.4,1
20241207,42,9.34,14268.7,15883.0,1
20241207,42,9.46,14268.7,15883.0,1
20241207,42,9.59,14274.6,15880.3,1
20241207,42,9.71,14288.6,15880.3,1
20241207,42,10.00,14291.4,15880.3,1
20241207,42,10.01,14296.7,15857.6,1
20241207,42,10.14,14296.7,15847.1,1
20241207,42,10.15,14296.7,15791.1,1
20241207,42,10.22,14296.7,15691.1,1
20241207,42,10.30,14364.7,15689.4,1
20241207,42,10.44,14364.7,15689.4,1
20241207,42,10.50,14364.7,15541.4,1
20241207,42,10.67,14364.7,15540.2,1
20241207,42,10.68,14364.7,15455.2,1
20241207,42,10.69,14365.7,15451.7,1
20241207,42,10.79,14365.7,15451.7,1
20241207,42,10.80,14365.7,15303.7,1
20241207,42,10.93,14365.7,15156.7,1
20241207,42,11.00,14367.9,15054.7,1
20241207,42,11.04,14367.9,14975.4,1
20241207,42,11.08,14367.9,14828.4,1
20241207,42,11.39,14367.9,14724.4,1
20241207,42,11.42,14367.9,14694.4,1
20241207,42,11.50,14367.9,14594.4,1
20241207,42,11.54,14367.9,14471.4,1
20241207,42,11.65,14367.9,14248.4,1
20241207,42,11.70,14368.1,14025.4,1
20241207,42,11.73,14368.1,14025.4,1
20241207,42,11.87,14368.1,14020.9,1
20241207,42,11.88,14368.1,13897.9,1
20241207,42,11.89,14368.1,13797.9,1
20241207,42,11.98,14368.1,13771.2,1
20241207,42,11.99,14374.3,13741.2,1
20241207,42,12.00,14400.0,13731.3,1
20241207,42,12.01,14400.3,13702.0,1
20241207,42,12.03,14401.7,13607.0,1
20241207,42,12.06,14403.1,13607.0,1
20241207,42,12.07,14507.1,13607.0,1
20241207,42,12.09,14507.2,13607.0,1
20241207,42,12.10,14508.7,13607.0,1
20241207,42,12.13,14510.2,13607.0,1
20241207,42,12.17,14511.5,13607.0,1
20241207,42,12.23,14523.5,13606.0,1
20241207,42,12.25,14532.2,13606.0,1
20241207,42,12.28,14532.2,13601.0,1
20241207,42,12.37,14532.2,13600.9,1
20241207,42,12.50,14532.2,13580.6,1
20241207,42,12.59,14562.2,13559.0,1
20241207,42,12.67,14562.2,13559.0,1
20241207,42,12.68,14563.3,13459.0,1
20241207,42,12.71,14563.3,13459.0,1
20241207,42,12.81,14563.3,13418.0,1
20241207,42,12.90,14563.3,13267.0,1
20241207,42,12.93,14578.7,13266.5,1
20241207,42,13.00,14608.7,13266.5,1
20241207,42,13.01,14613.1,13259.1,1
20241207,42,13.19,14633.1,13255.9,1
20241207,42,13.20,14633.1,13216.7,1
20241207,42,13.21,14633.1,13116.7,1
20241207,42,13.39,14633.1,13016.7,1
20241207,42,13.45,14733.1,13016.2,1
20241207,42,13.50,14733.1,13016.2,1
20241207,42,13.59,14739.1,12946.2,1
20241207,42,13.61,14748.5,12946.2,1
20241207,42,13.63,14748.5,12936.2,1
20241207,42,13.71,14778.5,12931.7,1
20241207,42,13.79,14798.5,12931.7,1
20241207,42,13.94,14798.5,12931.7,1
20241207,42,14.00,14798.5,12930.6,1
20241207,42,14.01,14798.9,12884.7,1
20241207,42,14.04,14798.9,12879.9,1
20241207,42,14.06,14798.9,12879.7,1
20241207,42,14.23,14828.9,12875.9,1
20241207,42,14.24,14829.6,12875.9,1
20241207,42,14.27,14832.6,12875.9,1
20241207,42,14.29,14842.3,12875.9,1
20241207,42,14.30,14842.3,12861.0,1
20241207,42,14.31,14842.3,12761.0,1
20241207,42,14.37,14892.3,12747.5,1
20241207,42,14.40,14892.3,12747.5,1
20241207,42,14.60,14892.3,12744.0,1
20241207,42,14.63,14905.3,12743.9,1
20241207,42,14.64,14934.2,12743.9,1
20241207,42,14.66,14949.2,12743.9,1
20241207,42,14.72,14968.2,12743.9,1
20241207,42,14.73,14968.2,12743.9,1
20241207,42,14.74,14968.2,12693.9,1
20241207,42,14.79,14968.2,12689.0,1
20241207,42,14.88,15022.2,12639.0,1
20241207,42,14.89,15022.2,12639.0,1
20241207,42,14.90,15035.2,12638.8,1
20241207,42,14.93,15076.2,12638.8,1
20241207,42,14.94,15076.2,12638.8,1
20241207,42,14.97,15078.2,12578.8,1
20241207,42,14.98,15117.2,12578.8,1
20241207,42,14.99,15117.2,12578.8,1
20241207,42,15.00,15117.2,12574.3,1
20241207,42,15.01,15118.9,12543.6,1
20241207,42,15.03,15160.9,12543.6,1
20241207,42,15.10,15161.4,12543.6,1
20241207,42,15.22,15312.4,12543.6,1
20241207,42,15.39,15402.4,12543.6,1
20241207,42,15.45,15502.4,12543.6,1
20241207,42,15.50,15502.4,12543.6,1
20241207,42,15.57,15502.4,12533.6,1
20241207,42,15.65,15502.4,12529.8,1
20241207,42,15.67,15522.4,12470.8,1
20241207,42,15.70,15522.4,12470.8,1
20241207,42,15.75,15522.4,12469.7,1
20241207,42,16.00,15542.4,12469.4,1
20241207,42,16.06,15642.4,12384.9,1
20241207,42,16.09,15642.4,12384.9,1
20241207,42,16.31,15645.4,12380.9,1
20241207,42,16.36,15645.4,12380.9,1
20241207,42,16.37,15674.4,12379.9,1
20241207,42,16.49,15724.4,12379.9,1
20241207,42,16.50,15729.4,12379.9,1
20241207,42,16.61,15729.4,12378.9,1
20241207,42,16.72,15799.9,12378.7,1
20241207,42,16.91,15849.9,12378.7,1
20241207,42,16.94,16028.4,12378.7,1
20241207,42,17.00,16042.3,12378.7,1
20241207,42,17.01,16042.3,12378.7,1
20241207,42,17.09,16072.3,12377.1,1
20241207,42,17.17,16172.3,12356.6,1
20241207,42,17.20,16172.3,12356.6,1
20241207,42,17.22,16396.8,12355.8,1
20241207,42,17.24,16407.0,12355.8,1
20241207,42,17.40,16442.0,12355.8,1
20241207,42,17.44,16442.0,12355.8,1
20241207,42,17.47,16442.0,12352.3,1
20241207,42,17.49,16442.0,12349.7,1
20241207,42,17.58,16442.0,12258.0,1
20241207,42,17.77,16442.0,12241.8,1
20241207,42,18.00,16442.0,12241.5,1
20241207,42,18.13,16542.0,12235.0,1
20241207,42,18.23,16577.0,12235.0,1
20241207,42,18.60,16577.0,12235.0,1
20241207,42,18.79,16577.0,12227.3,1
20241207,42,18.94,16577.0,12224.8,1
20241207,42,18.99,16577.0,12110.5,1
20241207,42,19.00,16577.0,12106.5,1
20241207,42,19.01,16577.0,12105.3,1
20241207,42,19.04,16577.0,12104.5,1
20241207,42,19.05,16577.0,12102.9,1
20241207,42,19.06,16602.0,12102.8,1
20241207,42,19.42,16832.0,12102.4,1
20241207,42,19.57,16862.0,12102.4,1
20241207,42,19.88,16887.0,12102.4,1
20241207,42,20.00,16887.0,12102.4,1
20241207,42,20.01,16891.6,12067.6,1
20241207,42,20.06,16891.6,12055.1,1
20241207,42,20.12,16891.6,12047.5,1
20241207,42,20.14,16891.6,12029.3,1
20241207,42,21.49,16891.6,12027.4,1
20241207,42,21.57,16891.6,12026.7,1
20241207,42,22.49,16891.6,12025.8,1
20241207,42,24.00,16891.6,12018.1,1
20241207,42,24.04,16891.6,11943.8,1
20241207,42,24.05,16891.6,11928.7,1
20241207,42,24.06,16891.6,11928.4,1
20241207,42,24.14,16891.6,11924.4,1
20241207,42,24.93,16891.6,11923.6,1
20241207,42,25.00,16891.6,11916.0,1
20241207,42,25.12,16891.6,11885.6,1
20241207,42,25.85,16891.6,11881.3,1
20241207,42,26.55,16891.6,11880.4,1
20241207,42,26.56,16891.6,11872.7,1
20241207,42,26.70,16891.6,11871.9,1
20241207,42,27.23,16891.6,11861.8,1
20241207,42,27.36,16891.6,11854.2,1
20241207,42,27.50,16891.6,11768.9,1
20241207,42,28.87,16901.2,11765.8,1
20241207,42,29.90,16901.2,11765.8,1
20241207,42,30.00,16901.2,11763.3,1
20241207,42,31.00,16901.2,11710.6,1
20241207,42,34.94,16901.2,11710.0,1
20241207,42,35.00,16901.2,11691.8,1
20241207,42,36.00,16901.2,11673.7,1
20241207,42,36.79,16901.2,11623.7,1
20241207,42,38.00,16901.2,11612.6,1
20241207,42,39.69,17558.2,11610.0,1
20241207,42,40.00,17558.2,11610.0,1
20241207,42,43.50,17558.2,11555.2,1
20241207,42,45.00,17558.2,11467.7,1
20241207,42,45.01,17558.2,11405.9,1
20241207,42,46.00,17558.2,11111.2,1
20241207,42,47.89,17558.2,11061.2,1
20241207,42,50.00,17558.2,11059.6,1
20241207,42,55.00,17558.2,10895.3,1
20241207,42,60.00,17558.2,10833.2,1
20241207,42,60.81,17558.2,10776.1,1
20241207,42,64.65,17558.2,10774.5,1
20241207,42,73.73,17558.2,10753.0,1
20241207,42,77.80,17558.2,10751.3,1
20241207,42,79.90,17558.2,10656.4,1
20241207,42,80.00,17558.2,10654.8,1
20241207,42,80.01,17558.2,10073.6,1
20241207,42,80.05,17558.2,10025.1,1
20241207,42,80.21,17708.1,10012.2,1
20241207,42,81.00,17708.1,10012.2,1
20241207,42,82.01,17708.1,9920.8,1
20241207,42,85.00,17708.1,9848.9,1
20241207,42,86.65,17708.1,9847.4,1
20241207,42,90.00,17708.1,9845.8,1
20241207,42,99.00,17708.1,9843.1,1
20241207,42,99.57,17708.1,9842.9,1
20241207,42,99.90,17708.1,9841.2,1
20241207,42,100.00,17753.9,9840.2,1
20241207,42,100.01,17767.2,9623.1,1
20241207,42,101.00,17767.2,9623.1,1
20241207,42,120.10,17767.2,9537.1,1
20241207,42,138.00,17767.2,9518.4,1
20241207,42,190.00,17767.2,9410.9,1
20241207,42,200.00,17767.2,9409.7,1
20241207,42,200.01,17767.2,8268.1,1
20241207,42,200.10,17767.2,6745.4,1
20241207,42,200.50,17767.2,6667.2,1
20241207,42,201.00,17767.2,6667.0,1
20241207,42,210.00,17767.2,6662.4,1
20241207,42,250.00,17767.2,5401.5,1
20241207,42,299.99,17767.5,5389.9,1
20241207,42,300.00,17767.5,5389.9,1
20241207,42,550.02,17767.5,5381.9,1
20241207,42,900.00,17767.5,5199.6,1
20241207,42,999.00,17767.5,5190.6,1
20241207,42,999.99,17767.5,0.0,1
20241207,43,0.00,0.0,18716.2,0
20241207,43,0.00,3666.9,18716.2,0
20241207,43,0.01,12912.1,18716.2,0
20241207,43,0.02,12941.3,18712.6,0
20241207,43,0.03,12945.2,18712.2,0
20241207,43,0.04,12965.6,18712.2,0
20241207,43,0.10,12965.6,18712.2,0
20241207,43,0.50,13119.6,18668.8,0
20241207,43,1.00,13390.4,18668.8,0
20241207,43,1.01,13396.4,18650.4,0
20241207,43,1.70,13397.4,18646.8,0
20241207,43,2.00,13438.5,18646.8,0
20241207,43,2.01,13438.5,18646.8,0
20241207,43,2.90,13440.4,18346.8,0
20241207,43,3.00,13442.1,18346.8,0
20241207,43,3.01,13442.7,18266.8,0
20241207,43,4.10,13444.7,18166.8,0
20241207,43,5.00,13551.9,18166.8,0
20241207,43,5.01,13551.9,18077.4,0
20241207,43,5.30,13553.9,17758.3,0
20241207,43,5.90,13553.9,17758.3,0
20241207,43,6.00,13574.9,17742.4,0
20241207,43,6.26,13574.9,17742.4,0
20241207,43,6.50,13576.9,17736.4,0
20241207,43,6.60,13589.0,17736.4,0
20241207,43,7.50,13609.0,17736.4,0
20241207,43,7.70,13611.0,17736.4,0
20241207,43,8.00,13617.1,17736.4,0
20241207,43,8.01,13617.6,17720.0,0
20241207,43,8.50,13621.6,17720.0,0
20241207,43,8.85,13621.6,17720.0,0
20241207,43,8.90,13623.6,17563.0,0
20241207,43,9.00,13643.6,17563.0,0
20241207,43,9.01,13643.6,17563.0,0
20241207,43,9.61,13643.6,17556.3,0
20241207,43,9.73,13643.6,17555.5,0
20241207,43,9.94,13643.6,17510.5,0
20241207,43,9.99,13643.6,17328.5,0
20241207,43,10.00,13645.8,17298.5,0
20241207,43,10.10,13647.8,17287.2,0
20241207,43,10.13,13647.8,17287.2,0
20241207,43,10.25,13647.8,17005.2,0
20241207,43,10.68,13647.8,16431.2,0
20241207,43,10.70,13647.8,16429.5,0
20241207,43,10.81,13647.8,16364.5,0
20241207,43,11.26,13647.8,16193.5,0
20241207,43,11.30,13649.8,15999.2,0
20241207,43,11.34,13649.8,15999.2,0
20241207,43,11.40,13649.8,15534.0,0
20241207,43,11.42,13665.0,15533.8,0
20241207,43,12.00,13754.0,15533.8,0
20241207,43,12.40,13754.0,15436.7,0
20241207,43,12.50,13756.0,15436.6,0
20241207,43,12.80,13756.0,15413.3,0
20241207,43,12.99,13758.5,15413.2,0
20241207,43,13.00,13762.8,15413.2,0
20241207,43,13.12,13762.8,15413.0,0
20241207,43,13.17,13763.0,15248.0,0
20241207,43,13.25,13763.5,15248.0,0
20241207,43,13.33,13764.4,15248.0,0
20241207,43,13.34,13764.4,15227.2,0
20241207,43,13.40,13765.9,15197.2,0
20241207,43,13.41,13766.7,15197.2,0
20241207,43,13.49,13767.6,15197.2,0
20241207,43,13.50,13771.1,15197.2,0
20241207,43,13.57,13771.9,15197.2,0
20241207,43,13.69,13771.9,15193.2,0
20241207,43,13.70,13773.9,15193.1,0
20241207,43,14.00,13880.6,15193.1,0
20241207,43,14.01,13892.7,15168.2,0
20241207,43,14.28,13892.8,15161.0,0
20241207,43,14.29,13902.8,15161.0,0
20241207,43,14.33,13902.8,14961.0,0
20241207,43,14.38,13902.8,14761.0,0
20241207,43,14.41,13902.8,14561.0,0
20241207,43,14.43,13902.8,14361.0,0
20241207,43,14.51,13907.3,14161.0,0
20241207,43,14.64,13907.3,13961.0,0
20241207,43,14.80,13907.3,13761.0,0
20241207,43,14.90,13909.3,13561.0,0
20241207,43,15.00,13934.3,13561.0,0
20241207,43,15.07,13934.3,13345.7,0
20241207,43,15.11,13934.3,13341.7,0
20241207,43,15.41,14172.3,13141.7,0
20241207,43,15.47,14172.3,13141.7,0
20241207,43,15.50,14347.3,13056.1,0
20241207,43,15.59,14357.3,13056.1,0
20241207,43,15.69,14719.3,13056.1,0
20241207,43,15.90,14719.3,13056.1,0
20241207,43,15.93,14822.3,13055.9,0
20241207,43,16.00,14832.2,13055.9,0
20241207,43,16.10,14834.2,13055.4,0
20241207,43,16.33,14834.2,13055.4,0
20241207,43,16.46,14884.1,13045.7,0
20241207,43,16.50,14954.1,13045.7,0
20241207,43,16.58,14954.1,13045.7,0
20241207,43,16.59,14954.1,13041.6,0
20241207,43,16.70,14954.1,13040.2,0
20241207,43,16.71,14954.1,13031.2,0
20241207,43,16.72,15254.1,13027.6,0
20241207,43,16.89,15256.6,13027.6,0
20241207,43,17.00,15276.6,13027.6,0
20241207,43,17.01,15281.1,13007.2,0
20241207,43,17.03,15281.1,13007.2,0
20241207,43,17.43,15281.1,12955.8,0
20241207,43,17.50,15281.1,12955.6,0
20241207,43,17.73,15281.1,12954.6,0
20241207,43,17.88,15281.1,12932.6,0
20241207,43,18.00,15281.1,12922.9,0
20241207,43,18.01,15281.1,12853.7,0
20241207,43,18.08,15281.1,12853.3,0
20241207,43,18.43,15386.1,12843.3,0
20241207,43,18.50,15416.1,12843.3,0
20241207,43,18.66,15416.1,12842.7,0
20241207,43,18.78,15416.1,12828.1,0
20241207,43,18.90,15416.1,12820.5,0
20241207,43,19.00,15416.1,12700.5,0
20241207,43,19.29,15468.1,12700.4,0
20241207,43,19.59,15610.1,12700.4,0
20241207,43,19.63,15751.1,12700.4,0
20241207,43,19.70,15893.1,12700.4,0
20241207,43,19.72,15893.1,12697.4,0
20241207,43,19.73,16034.1,12687.3,0
20241207,43,19.91,16073.1,12687.3,0
20241207,43,20.00,16073.1,12687.3,0
20241207,43,20.39,16073.1,12655.2,0
20241207,43,20.63,16073.1,12653.0,0
20241207,43,20.75,16215.1,12609.0,0
20241207,43,20.90,16215.1,12609.0,0
20241207,43,21.02,16215.1,12606.5,0
20241207,43,21.10,16226.3,11806.5,0
20241207,43,21.37,16226.3,11806.5,0
20241207,43,22.10,16226.3,11731.2,0
20241207,43,22.44,16226.3,11729.2,0
20241207,43,22.57,16226.3,11719.1,0
20241207,43,22.58,16230.9,11716.0,0
20241207,43,23.20,16246.3,11716.0,0
20241207,43,23.30,16246.3,11716.0,0
20241207,43,23.97,16387.3,11714.8,0
20241207,43,24.04,16387.3,11714.8,0
20241207,43,24.50,16387.3,11712.9,0
20241207,43,25.00,16387.3,11711.9,0
20241207,43,25.12,16387.3,11689.8,0
20241207,43,25.17,16387.3,11683.7,0
20241207,43,25.39,16387.3,11675.1,0
20241207,43,25.70,16387.3,11654.8,0
20241207,43,25.73,16387.3,11653.8,0
20241207,43,26.00,16387.3,11648.8,0
20241207,43,26.90,16387.3,11564.5,0
20241207,43,27.17,16529.3,11563.5,0
20241207,43,28.10,16529.3,11563.5,0
20241207,43,29.30,16529.3,11562.5,0
20241207,43,29.90,16529.3,11561.5,0
20241207,43,30.00,16529.3,11560.4,0
20241207,43,30.50,16529.3,11527.2,0
20241207,43,31.36,16529.3,11526.2,0
20241207,43,31.70,16529.3,10660.2,0
20241207,43,32.00,16529.3,10659.2,0
20241207,43,32.02,16670.3,10622.4,0
20241207,43,32.90,16670.3,10622.4,0
20241207,43,33.00,16670.3,10613.4,0
20241207,43,33.62,16736.5,10612.8,0
20241207,43,35.00,16736.5,10612.8,0
20241207,43,35.50,16736.5,10612.4,0
20241207,43,36.00,16736.5,10612.3,0
20241207,43,37.50,16736.5,10589.0,0
20241207,43,40.00,16736.5,10546.6,0
20241207,43,40.01,16736.5,10506.0,0
20241207,43,41.36,16736.5,10456.9,0
20241207,43,42.50,16736.5,10451.5,0
20241207,43,42.82,16736.5,10451.4,0
20241207,43,45.00,16736.5,10357.2,0
20241207,43,45.01,16736.5,10338.6,0
20241207,43,48.32,16736.5,10334.4,0
20241207,43,49.50,16736.5,10309.0,0
20241207,43,50.00,16737.8,10308.7,0
20241207,43,50.01,16737.8,10092.5,0
20241207,43,50.90,16737.8,10089.3,0
20241207,43,55.00,16737.8,10087.1,0
20241207,43,60.00,16737.8,10066.1,0
20241207,43,64.38,16737.8,9979.1,0
20241207,43,70.00,16737.8,9963.0,0
20241207,43,72.00,16737.8,9961.9,0
20241207,43,77.80,16737.8,9961.7,0
20241207,43,79.90,16737.8,9905.0,0
20241207,43,80.00,16737.8,9904.3,0
20241207,43,80.01,16737.8,9386.7,0
20241207,43,81.00,16737.8,9328.5,0
20241207,43,82.01,16737.8,9328.0,0
20241207,43,85.00,16737.8,9227.6,0
20241207,43,90.00,16737.8,9222.9,0
20241207,43,99.90,16737.8,9219.3,0
20241207,43,100.00,16737.8,9211.3,0
20241207,43,100.01,16759.5,9036.7,0
20241207,43,101.00,16759.5,9036.7,0
20241207,43,120.10,16759.5,9031.2,0
20241207,43,138.00,16759.5,9009.3,0
20241207,43,150.00,16759.5,8962.7,0
20241207,43,151.00,16759.5,8957.9,0
20241207,43,190.00,16759.5,8917.5,0
20241207,43,200.00,16759.5,8917.4,0
20241207,43,200.01,16759.5,7597.1,0
20241207,43,200.10,16759.5,6848.3,0
20241207,43,200.98,16759.5,6741.3,0
20241207,43,200.99,16759.5,6741.2,0
20241207,43,201.00,16759.5,6741.1,0
20241207,43,210.00,16759.5,6689.6,0
20241207,43,250.00,16759.5,6340.0,0
20241207,43,299.99,16759.6,6206.0,0
20241207,43,300.00,16759.6,6206.0,0
20241207,43,500.00,16759.6,6109.6,0
20241207,43,550.02,16759.6,6099.6,0
20241207,43,900.00,16759.6,5986.5,0
20241207,43,999.00,16759.6,5984.5,0
20241207,43,999.99,16759.6,0.0,0
20241207,43,0.00,0.0,20597.5,1
20241207,43,0.00,6875.2,20597.5,1
20241207,43,0.01,15483.6,20597.5,1
20241207,43,0.02,15598.9,20589.8,1
20241207,43,0.03,15598.9,20579.8,1
20241207,43,0.10,15622.3,20568.5,1
20241207,43,1.00,15808.5,20568.5,1
20241207,43,1.01,15810.3,20482.7,1
20241207,43,2.00,15857.3,20475.0,1
20241207,43,2.01,15857.3,20467.0,1
20241207,43,2.56,15863.1,20167.0,1
20241207,43,3.00,15864.0,20167.0,1
20241207,43,3.01,15864.0,19744.6,1
20241207,43,4.00,15864.0,19644.6,1
20241207,43,4.27,15922.4,19643.6,1
20241207,43,4.98,15922.4,19643.6,1
20241207,43,5.00,15965.2,19588.6,1
20241207,43,5.01,15965.6,19414.6,1
20241207,43,5.11,15971.5,19195.0,1
20241207,43,6.00,16011.0,19195.0,1
20241207,43,6.01,16012.8,19185.0,1
20241207,43,6.50,16021.9,19185.0,1
20241207,43,7.00,16021.9,19185.0,1
20241207,43,7.13,16022.6,19164.2,1
20241207,43,7.50,16042.6,19164.2,1
20241207,43,7.51,16042.6,19164.2,1
20241207,43,7.66,16049.7,18964.2,1
20241207,43,7.84,16049.7,18964.2,1
20241207,43,8.00,16049.7,18964.1,1
20241207,43,8.01,16050.7,18898.6,1
20241207,43,8.05,16050.7,18898.6,1
20241207,43,8.12,16050.7,18810.2,1
20241207,43,8.33,16051.7,18807.7,1
20241207,43,8.79,16051.9,18807.7,1
20241207,43,8.85,16051.9,18807.7,1
20241207,43,8.89,16051.9,18507.7,1
20241207,43,8.92,16051.9,18473.7,1
20241207,43,8.95,16051.9,18443.7,1
20241207,43,9.00,16051.9,18383.7,1
20241207,43,9.01,16051.9,18348.4,1
20241207,43,9.03,16051.9,18341.4,1
20241207,43,9.06,16051.9,18311.4,1
20241207,43,9.11,16051.9,18251.4,1
20241207,43,9.14,16051.9,18221.4,1
20241207,43,9.17,16051.9,18191.4,1
20241207,43,9.22,16051.9,18131.4,1
20241207,43,9.25,16051.9,18104.4,1
20241207,43,9.50,16051.9,18101.4,1
20241207,43,9.53,16052.9,18081.4,1
20241207,43,9.59,16144.9,18081.4,1
20241207,43,10.00,16147.6,18081.4,1
20241207,43,10.01,16152.7,18074.5,1
20241207,43,10.14,16152.7,18070.5,1
20241207,43,10.15,16152.7,18014.5,1
20241207,43,10.20,16152.7,17914.5,1
20241207,43,10.21,16160.0,17912.9,1
20241207,43,10.30,16227.9,17912.9,1
20241207,43,10.44,16227.9,17912.9,1
20241207,43,10.50,16227.9,17765.9,1
20241207,43,10.67,16227.9,17735.6,1
20241207,43,10.68,16227.9,17650.6,1
20241207,43,10.73,16228.9,17647.1,1
20241207,43,10.79,16228.9,17647.1,1
20241207,43,10.80,16228.9,17500.1,1
20241207,43,10.93,16228.9,17352.1,1
20241207,43,11.00,16246.9,17250.1,1
20241207,43,11.01,16246.9,17201.5,1
20241207,43,11.04,16246.9,17190.3,1
20241207,43,11.08,16246.9,17043.3,1
20241207,43,11.31,16246.9,16939.3,1
20241207,43,11.41,16246.9,16939.0,1
20241207,43,11.50,16246.9,16839.0,1
20241207,43,11.51,16246.9,16716.0,1
20241207,43,11.53,16246.9,16711.6,1
20241207,43,11.54,16246.9,16611.6,1
20241207,43,11.57,16298.9,16458.6,1
20241207,43,11.65,16299.5,16458.6,1
20241207,43,11.66,16302.5,16235.6,1
20241207,43,11.68,16319.2,16235.6,1
20241207,43,11.84,16349.2,16230.6,1
20241207,43,11.87,16349.2,16230.6,1
20241207,43,11.88,16349.2,16107.6,1
20241207,43,12.00,16354.2,16007.6,1
20241207,43,12.01,16354.2,15979.4,1
20241207,43,12.03,16384.2,15889.4,1
20241207,43,12.07,16591.2,15869.5,1
20241207,43,12.21,16591.3,15842.9,1
20241207,43,12.28,16591.3,15842.9,1
20241207,43,12.30,16591.8,15842.8,1
20241207,43,12.42,16591.8,15842.8,1
20241207,43,12.44,16601.8,15802.3,1
20241207,43,12.45,16601.8,15802.3,1
20241207,43,12.46,16601.8,15772.3,1
20241207,43,12.47,16621.9,15762.4,1
20241207,43,12.50,16621.9,15762.4,1
20241207,43,12.51,16622.4,15739.3,1
20241207,43,12.67,16622.4,15739.3,1
20241207,43,12.68,16623.5,15639.3,1
20241207,43,12.76,16623.5,15639.3,1
20241207,43,12.81,16623.5,15638.3,1
20241207,43,12.82,16673.5,15487.3,1
20241207,43,12.96,16682.5,15487.3,1
20241207,43,12.98,16711.9,15487.3,1
20241207,43,13.00,16741.9,15477.3,1
20241207,43,13.01,16746.1,15446.6,1
20241207,43,13.04,16746.1,15443.5,1
20241207,43,13.08,16776.1,15443.1,1
20241207,43,13.13,16776.1,15443.1,1
20241207,43,13.19,16776.1,15442.6,1
20241207,43,13.20,16776.1,15352.9,1
20241207,43,13.21,16776.1,15251.4,1
20241207,43,13.24,16776.1,15151.4,1
20241207,43,13.45,16876.1,15151.3,1
20241207,43,13.50,16876.1,15151.3,1
20241207,43,13.57,16876.1,15081.3,1
20241207,43,13.61,16885.1,15077.5,1
20241207,43,13.63,16886.3,15077.5,1
20241207,43,13.65,16886.3,15072.5,1
20241207,43,13.70,16906.3,15059.0,1
20241207,43,13.74,16906.3,15059.0,1
20241207,43,14.00,16916.3,15057.9,1
20241207,43,14.01,16916.7,15033.0,1
20241207,43,14.08,16916.7,15020.1,1
20241207,43,14.28,16932.9,15019.8,1
20241207,43,14.29,16932.9,15019.8,1
20241207,43,14.30,16932.9,15009.9,1
20241207,43,14.33,16952.9,14905.4,1
20241207,43,14.37,17002.9,14900.8,1
20241207,43,14.43,17003.6,14900.8,1
20241207,43,14.44,17003.6,14900.8,1
20241207,43,14.50,17003.6,14899.8,1
20241207,43,14.59,17003.6,14879.8,1
20241207,43,14.60,17003.6,14876.0,1
20241207,43,14.63,17009.6,14875.9,1
20241207,43,14.64,17009.6,14872.9,1
20241207,43,14.66,17018.6,14869.9,1
20241207,43,14.67,17018.6,14869.9,1
20241207,43,14.71,17018.6,14819.9,1
20241207,43,14.72,17032.6,14768.9,1
20241207,43,14.73,17062.6,14768.9,1
20241207,43,14.76,17062.6,14768.9,1
20241207,43,14.88,17090.6,14768.6,1
20241207,43,14.90,17103.6,14768.6,1
20241207,43,14.92,17103.6,14768.6,1
20241207,43,14.93,17138.6,14742.6,1
20241207,43,14.98,17172.6,14742.6,1
20241207,43,15.00,17192.6,14742.6,1
20241207,43,15.01,17193.7,14716.0,1
20241207,43,15.03,17230.7,14716.0,1
20241207,43,15.13,17230.7,14716.0,1
20241207,43,15.22,17376.7,14656.0,1
20241207,43,15.29,17406.7,14656.0,1
20241207,43,15.42,17435.6,14656.0,1
20241207,43,15.45,17535.6,14656.0,1
20241207,43,15.50,17545.6,14656.0,1
20241207,43,15.53,17545.6,14656.0,1
20241207,43,15.55,17548.6,14653.0,1
20241207,43,15.58,17555.3,14653.0,1
20241207,43,15.60,17555.3,14653.0,1
20241207,43,15.61,17555.3,14652.9,1
20241207,43,15.64,17555.3,14649.1,1
20241207,43,15.69,17555.3,14648.1,1
20241207,43,15.70,17555.3,14645.5,1
20241207,43,15.77,17555.3,14645.4,1
20241207,43,15.85,17555.3,14645.1,1
20241207,43,15.90,17555.8,14586.1,1
20241207,43,15.98,17585.8,14586.1,1
20241207,43,15.99,17605.8,14586.1,1
20241207,43,16.00,17615.8,14586.1,1
20241207,43,16.06,17715.8,14494.7,1
20241207,43,16.40,17715.8,14494.7,1
20241207,43,16.49,17715.8,14494.6,1
20241207,43,16.50,17720.8,14493.9,1
20241207,43,16.57,17720.8,14489.4,1
20241207,43,16.58,17749.8,14488.4,1
20241207,43,16.59,17799.8,14488.4,1
20241207,43,16.63,17799.8,14488.4,1
20241207,43,16.67,17834.8,14480.7,1
20241207,43,16.73,17834.8,14480.7,1
20241207,43,16.83,17854.8,14388.6,1
20241207,43,16.84,17854.8,14388.6,1
20241207,43,16.86,17904.8,14387.6,1
20241207,43,16.99,17904.8,14387.6,1
20241207,43,17.00,17916.8,14371.5,1
20241207,43,17.01,17921.3,14371.5,1
20241207,43,17.17,18021.3,14365.2,1
20241207,43,17.20,18021.3,14365.2,1
20241207,43,17.22,18245.8,14364.4,1
20241207,43,17.30,18275.8,14364.4,1
20241207,43,17.42,18286.0,14364.4,1
20241207,43,17.46,18321.0,14364.4,1
20241207,43,17.55,18321.0,14364.2,1
20241207,43,17.58,18321.0,14363.4,1
20241207,43,17.66,18321.0,14347.2,1
20241207,43,17.93,18321.0,14343.8,1
20241207,43,17.95,18321.0,14342.3,1
20241207,43,18.00,18321.0,14340.7,1
20241207,43,18.04,18321.0,14339.6,1
20241207,43,18.13,18421.0,14338.6,1
20241207,43,18.21,18421.0,14338.6,1
20241207,43,18.26,18446.0,14337.9,1
20241207,43,18.28,18446.0,14337.9,1
20241207,43,18.29,18446.0,14337.8,1
20241207,43,18.33,18446.0,14337.4,1
20241207,43,18.34,18446.0,14329.8,1
20241207,43,18.50,18446.0,14217.8,1
20241207,43,19.05,18471.0,14216.6,1
20241207,43,19.13,18471.0,14216.6,1
20241207,43,19.15,18471.0,14215.6,1
20241207,43,19.24,18471.0,14215.4,1
20241207,43,19.42,18701.0,14214.5,1
20241207,43,20.00,18701.0,14214.5,1
20241207,43,20.12,18701.0,14183.2,1
20241207,43,20.33,18701.0,14165.4,1
20241207,43,20.64,18701.0,14164.9,1
20241207,43,20.84,18701.0,14164.0,1
20241207,43,21.08,18701.0,14163.7,1
20241207,43,21.16,18701.0,14162.9,1
20241207,43,22.00,18701.0,14155.2,1
20241207,43,22.53,18701.0,14083.1,1
20241207,43,22.95,18701.0,14081.9,1
20241207,43,23.28,18701.0,14066.7,1
20241207,43,23.29,18701.0,14066.4,1
20241207,43,23.73,18701.0,14062.4,1
20241207,43,23.95,18701.0,14061.6,1
20241207,43,23.99,18701.0,14061.5,1
20241207,43,24.00,18701.0,14053.9,1
20241207,43,25.12,18701.0,14025.5,1
20241207,43,25.79,18701.0,14022.2,1
20241207,43,25.88,18701.0,14021.3,1
20241207,43,26.65,18701.0,14013.6,1
20241207,43,26.66,18701.0,14012.8,1
20241207,43,26.82,18701.0,14005.2,1
20241207,43,27.50,18701.0,13918.8,1
20241207,43,28.87,18710.6,13914.4,1
20241207,43,29.90,18710.6,13914.4,1
20241207,43,30.00,18710.6,13912.5,1
20241207,43,31.79,18710.6,13858.1,1
20241207,43,34.94,18710.6,13855.1,1
20241207,43,35.00,18710.6,13837.3,1
20241207,43,36.00,18710.6,13821.9,1
20241207,43,36.79,18710.6,13771.9,1
20241207,43,39.69,19350.6,13760.8,1
20241207,43,40.00,19350.6,13760.8,1
20241207,43,43.27,19350.6,13706.5,1
20241207,43,45.00,19350.6,13610.0,1
20241207,43,45.01,19350.6,12883.7,1
20241207,43,45.06,19350.6,12609.4,1
20241207,43,46.00,19350.6,12606.9,1
20241207,43,46.41,19350.6,12556.9,1
20241207,43,50.00,19350.6,12555.3,1
20241207,43,55.00,19350.6,12389.1,1
20241207,43,59.33,19350.6,12327.6,1
20241207,43,60.00,19350.6,12326.0,1
20241207,43,64.38,19350.6,12268.1,1
20241207,43,72.25,19350.6,12242.9,1
20241207,43,77.80,19350.6,12241.2,1
20241207,43,79.90,19350.6,12141.5,1
20241207,43,80.00,19350.6,12140.3,1
20241207,43,80.01,19350.6,11562.5,1
20241207,43,80.05,19350.6,11514.6,1
20241207,43,80.10,19350.6,11507.9,1
20241207,43,80.21,19500.5,11507.8,1
20241207,43,81.00,19500.5,11507.8,1
20241207,43,82.01,19500.5,11424.6,1
20241207,43,85.00,19500.5,11351.0,1
20241207,43,85.17,19500.5,11349.7,1
20241207,43,90.00,19500.5,11348.1,1
20241207,43,98.09,19500.5,11345.7,1
20241207,43,99.00,19500.5,11344.0,1
20241207,43,99.90,19500.5,11343.8,1
20241207,43,100.00,19546.3,11342.8,1
20241207,43,100.01,19559.7,11130.0,1
20241207,43,101.00,19559.7,11130.0,1
20241207,43,120.10,19559.7,10971.0,1
20241207,43,138.00,19559.7,10953.5,1
20241207,43,190.00,19559.7,10821.2,1
20241207,43,200.00,19559.7,10820.1,1
20241207,43,200.01,19559.7,9636.5,1
20241207,43,200.10,19559.7,8054.7,1
20241207,43,200.50,19559.7,7974.0,1
20241207,43,201.00,19559.7,7973.8,1
20241207,43,210.00,19559.7,7968.9,1
20241207,43,250.00,19559.7,6693.0,1
20241207,43,299.99,19560.1,6681.5,1
20241207,43,300.00,19560.1,6681.5,1
20241207,43,550.02,19560.1,6673.5,1
20241207,43,900.00,19560.1,6491.2,1
20241207,43,999.00,19560.1,6483.2,1
20241207,43,999.99,19560.1,0.0,1
20241207,44,0.00,0.0,18690.1,0
20241207,44,0.00,3599.6,18690.1,0
20241207,44,0.01,12810.6,18690.1,0
20241207,44,0.02,12841.0,18686.5,0
20241207,44,0.03,12844.9,18686.1,0
20241207,44,0.04,12866.5,18686.1,0
20241207,44,0.10,12866.5,18686.1,0
20241207,44,1.00,13137.6,18655.1,0
20241207,44,1.01,13143.3,18636.3,0
20241207,44,1.22,13312.1,18632.8,0
20241207,44,2.00,13354.1,18632.8,0
20241207,44,2.01,13354.1,18632.8,0
20241207,44,2.42,13356.1,18332.8,0
20241207,44,3.00,13357.9,18332.8,0
20241207,44,3.01,13358.6,18252.8,0
20241207,44,3.62,13360.6,18152.8,0
20241207,44,4.82,13362.6,18152.8,0
20241207,44,5.00,13469.3,18152.8,0
20241207,44,5.01,13469.3,18066.4,0
20241207,44,5.90,13469.3,17751.5,0
20241207,44,6.00,13490.3,17735.7,0
20241207,44,6.02,13492.3,17735.7,0
20241207,44,6.26,13492.3,17735.7,0
20241207,44,6.60,13506.9,17729.7,0
20241207,44,7.22,13508.9,17729.7,0
20241207,44,7.50,13528.9,17729.7,0
20241207,44,8.00,13536.1,17729.7,0
20241207,44,8.01,13536.6,17713.1,0
20241207,44,8.42,13538.6,17713.1,0
20241207,44,8.50,13542.6,17713.1,0
20241207,44,8.85,13542.6,17713.1,0
20241207,44,9.00,13562.6,17556.1,0
20241207,44,9.01,13562.6,17556.1,0
20241207,44,9.62,13564.6,17549.5,0
20241207,44,9.72,13564.6,17549.5,0
20241207,44,9.73,13564.6,17549.3,0
20241207,44,9.99,13564.6,17504.3,0
20241207,44,10.00,13566.9,17474.3,0
20241207,44,10.05,13566.9,17464.3,0
20241207,44,10.19,13566.9,17336.3,0
20241207,44,10.25,13566.9,17054.3,0
20241207,44,10.36,13567.8,16480.3,0
20241207,44,10.53,13567.8,16480.3,0
20241207,44,10.72,13567.8,16479.8,0
20241207,44,10.81,13567.8,16414.8,0
20241207,44,10.82,13569.8,16189.8,0
20241207,44,11.26,13569.8,16189.8,0
20241207,44,11.34,13569.8,15995.5,0
20241207,44,11.40,13569.8,15530.3,0
20241207,44,11.50,13569.8,15530.1,0
20241207,44,12.00,13658.8,15433.6,0
20241207,44,12.02,13660.8,15433.0,0
20241207,44,12.11,13660.9,15433.0,0
20241207,44,12.40,13660.9,15433.0,0
20241207,44,12.50,13664.4,15432.9,0
20241207,44,12.61,13666.9,15409.9,0
20241207,44,12.80,13666.9,15409.9,0
20241207,44,12.95,13670.2,15409.8,0
20241207,44,12.96,13670.2,15409.8,0
20241207,44,13.00,13699.7,15408.1,0
20241207,44,13.12,13700.7,15407.9,0
20241207,44,13.20,13702.2,15242.9,0
20241207,44,13.22,13704.2,15242.9,0
20241207,44,13.29,13705.1,15242.9,0
20241207,44,13.33,13705.1,15242.9,0
20241207,44,13.34,13705.1,15222.9,0
20241207,44,13.46,13705.1,15192.9,0
20241207,44,13.47,13705.9,15188.0,0
20241207,44,13.64,13706.8,15188.0,0
20241207,44,13.69,13706.8,15188.0,0
20241207,44,13.81,13707.6,15187.9,0
20241207,44,13.87,13717.6,15183.9,0
20241207,44,14.00,13836.7,15183.9,0
20241207,44,14.01,13848.3,15163.9,0
20241207,44,14.19,13848.3,15145.5,0
20241207,44,14.28,13848.3,14945.5,0
20241207,44,14.31,13848.3,14745.5,0
20241207,44,14.37,13848.3,14545.5,0
20241207,44,14.40,13848.3,14345.5,0
20241207,44,14.42,13850.3,14145.5,0
20241207,44,14.44,13850.3,14145.5,0
20241207,44,14.51,13854.6,13945.5,0
20241207,44,14.54,13854.6,13945.5,0
20241207,44,14.75,13854.6,13745.5,0
20241207,44,14.89,13854.6,13545.5,0
20241207,44,15.00,13904.6,13345.5,0
20241207,44,15.04,13904.6,13329.2,0
20241207,44,15.13,13914.6,13129.2,0
20241207,44,15.36,13914.6,13129.2,0
20241207,44,15.41,14104.6,13125.2,0
20241207,44,15.47,14104.6,13125.2,0
20241207,44,15.50,14229.6,13040.8,0
20241207,44,15.62,14231.6,13040.8,0
20241207,44,15.71,14231.6,13040.8,0
20241207,44,15.73,14641.6,13031.1,0
20241207,44,15.90,14641.6,13031.1,0
20241207,44,15.93,14744.6,13030.9,0
20241207,44,16.00,14744.6,13030.9,0
20241207,44,16.14,14794.5,13030.4,0
20241207,44,16.39,14797.0,13030.4,0
20241207,44,16.50,14867.0,13030.4,0
20241207,44,16.59,14867.0,13030.4,0
20241207,44,16.70,14867.0,13029.0,0
20241207,44,16.91,14867.0,13020.0,0
20241207,44,17.00,14887.0,13015.9,0
20241207,44,17.01,14891.3,12995.5,0
20241207,44,17.03,14891.3,12995.5,0
20241207,44,17.20,14891.3,12946.0,0
20241207,44,17.43,14891.3,12936.3,0
20241207,44,17.50,14891.3,12936.1,0
20241207,44,17.73,14891.3,12933.0,0
20241207,44,18.00,14891.3,12911.0,0
20241207,44,18.01,14891.3,12844.9,0
20241207,44,18.02,14891.3,12844.5,0
20241207,44,18.43,14996.3,12844.2,0
20241207,44,18.46,14996.3,12844.2,0
20241207,44,18.50,15026.3,12834.2,0
20241207,44,18.70,15026.3,12834.2,0
20241207,44,18.78,15026.3,12755.2,0
20241207,44,19.00,15026.3,12747.6,0
20241207,44,19.05,15078.3,12746.4,0
20241207,44,19.22,15078.3,12746.4,0
20241207,44,19.59,15220.3,12743.4,0
20241207,44,19.63,15361.3,12743.4,0
20241207,44,19.66,15503.3,12743.4,0
20241207,44,19.73,15644.3,12743.4,0
20241207,44,19.75,15703.3,12743.4,0
20241207,44,19.77,15845.3,12743.4,0
20241207,44,19.84,15845.3,12743.4,0
20241207,44,20.00,15845.3,12733.3,0
20241207,44,20.03,15845.3,12703.0,0
20241207,44,20.42,15845.3,12700.8,0
20241207,44,20.48,15845.3,12698.3,0
20241207,44,21.02,15845.3,12657.8,0
20241207,44,21.10,15856.4,11857.8,0
20241207,44,21.13,15856.4,11857.8,0
20241207,44,21.62,15856.4,11587.9,0
20241207,44,22.14,15856.4,11585.9,0
20241207,44,22.35,15997.4,11581.1,0
20241207,44,22.57,15997.4,11581.1,0
20241207,44,22.58,16003.0,11579.0,0
20241207,44,22.82,16003.0,11579.0,0
20241207,44,23.20,16018.4,11577.9,0
20241207,44,23.39,16018.4,11577.9,0
20241207,44,24.02,16018.4,11573.7,0
20241207,44,24.04,16018.4,11572.7,0
20241207,44,25.00,16018.4,11570.9,0
20241207,44,25.03,16018.4,11549.8,0
20241207,44,25.12,16018.4,11529.5,0
20241207,44,25.22,16018.4,11524.0,0
20241207,44,26.00,16018.4,11523.0,0
20241207,44,26.42,16018.4,11442.9,0
20241207,44,27.17,16160.4,11441.9,0
20241207,44,27.62,16160.4,11441.9,0
20241207,44,28.82,16160.4,11440.9,0
20241207,44,29.90,16160.4,11439.9,0
20241207,44,30.00,16160.4,11439.0,0
20241207,44,30.02,16160.4,11406.0,0
20241207,44,30.40,16301.4,11405.0,0
20241207,44,31.22,16301.4,11405.0,0
20241207,44,31.36,16301.4,11404.0,0
20241207,44,31.43,16301.4,10582.8,0
20241207,44,32.00,16301.4,10582.7,0
20241207,44,32.42,16301.4,10547.1,0
20241207,44,33.00,16301.4,10538.5,0
20241207,44,33.62,16413.1,10538.0,0
20241207,44,35.00,16413.1,10538.0,0
20241207,44,36.00,16413.1,10537.6,0
20241207,44,37.50,16413.1,10518.2,0
20241207,44,38.43,16413.1,10476.5,0
20241207,44,39.00,16413.1,10476.4,0
20241207,44,40.00,16413.1,10387.4,0
20241207,44,40.01,16413.1,10349.0,0
20241207,44,41.36,16413.1,10312.7,0
20241207,44,45.00,16413.1,10306.4,0
20241207,44,45.01,16413.1,10289.0,0
20241207,44,45.43,16413.1,10284.8,0
20241207,44,48.32,16413.1,10284.5,0
20241207,44,50.00,16414.5,10259.1,0
20241207,44,50.01,16414.5,10042.9,0
20241207,44,50.90,16414.5,10039.6,0
20241207,44,55.00,16414.5,10037.7,0
20241207,44,60.00,16414.5,10016.8,0
20241207,44,63.18,16414.5,9934.3,0
20241207,44,70.00,16414.5,9918.9,0
20241207,44,72.00,16414.5,9917.8,0
20241207,44,77.80,16414.5,9917.7,0
20241207,44,79.90,16414.5,9863.0,0
20241207,44,80.00,16414.5,9862.4,0
20241207,44,80.01,16414.5,9361.3,0
20241207,44,81.00,16414.5,9309.4,0
20241207,44,82.01,16414.5,9308.9,0
20241207,44,85.00,16414.5,9210.7,0
20241207,44,90.00,16414.5,9208.0,0
20241207,44,99.90,16414.5,9205.1,0
20241207,44,100.00,16414.5,9197.3,0
20241207,44,100.01,16436.3,9025.2,0
20241207,44,101.00,16436.3,9025.2,0
20241207,44,120.10,16436.3,9019.7,0
20241207,44,138.00,16436.3,8999.7,0
20241207,44,150.00,16436.3,8953.6,0
20241207,44,151.00,16436.3,8949.2,0
20241207,44,190.00,16436.3,8909.1,0
20241207,44,200.00,16436.3,8909.0,0
20241207,44,200.01,16436.3,7524.8,0
20241207,44,200.10,16436.3,6745.2,0
20241207,44,200.98,16436.3,6638.1,0
20241207,44,200.99,16436.3,6638.0,0
20241207,44,201.00,16436.3,6637.9,0
20241207,44,210.00,16436.3,6593.6,0
20241207,44,250.00,16436.3,6246.7,0
20241207,44,299.99,16436.4,6112.3,0
20241207,44,300.00,16436.4,6112.3,0
20241207,44,500.00,16436.4,6015.9,0
20241207,44,550.02,16436.4,6005.9,0
20241207,44,900.00,16436.4,5892.8,0
20241207,44,999.00,16436.4,5890.8,0
20241207,44,999.99,16436.4,0.0,0
20241207,44,0.00,0.0,20371.8,1
20241207,44,0.00,6871.8,20371.8,1
20241207,44,0.01,15337.0,20371.8,1
20241207,44,0.02,15452.3,20364.4,1
20241207,44,0.03,15452.3,20354.4,1
20241207,44,0.10,15476.7,20351.3,1
20241207,44,0.44,15506.5,20351.3,1
20241207,44,1.00,15696.3,20351.3,1
20241207,44,1.01,15698.1,20264.3,1
20241207,44,1.64,15699.1,20256.8,1
20241207,44,2.00,15747.0,20256.8,1
20241207,44,2.01,15747.0,20248.8,1
20241207,44,2.35,15754.2,19948.8,1
20241207,44,2.84,15755.2,19948.8,1
20241207,44,3.00,15756.4,19948.8,1
20241207,44,3.01,15756.4,19527.1,1
20241207,44,4.00,15756.5,19427.1,1
20241207,44,4.04,15757.5,19426.1,1
20241207,44,4.27,15815.9,19426.1,1
20241207,44,4.69,15823.1,19426.1,1
20241207,44,5.00,15865.1,19426.1,1
20241207,44,5.01,15865.5,19255.0,1
20241207,44,5.24,15866.5,19036.4,1
20241207,44,5.34,15866.5,19036.4,1
20241207,44,6.00,15906.9,18981.4,1
20241207,44,6.01,15908.8,18971.4,1
20241207,44,6.10,15911.6,18971.4,1
20241207,44,6.44,15912.6,18971.4,1
20241207,44,6.50,15924.0,18971.4,1
20241207,44,6.83,15924.7,18971.4,1
20241207,44,7.00,15926.5,18971.4,1
20241207,44,7.02,15933.7,18950.6,1
20241207,44,7.40,15933.7,18950.6,1
20241207,44,7.50,15953.7,18950.1,1
20241207,44,7.51,15953.7,18950.1,1
20241207,44,7.59,15953.7,18750.1,1
20241207,44,7.64,15954.7,18750.0,1
20241207,44,8.00,15954.7,18750.0,1
20241207,44,8.01,15955.7,18640.3,1
20241207,44,8.03,15956.7,18640.3,1
20241207,44,8.04,15956.7,18640.3,1
20241207,44,8.50,15956.7,18540.3,1
20241207,44,8.58,15956.9,18540.2,1
20241207,44,8.60,15956.9,18540.2,1
20241207,44,8.84,15957.9,18540.1,1
20241207,44,8.85,15957.9,18540.1,1
20241207,44,8.89,15957.9,18240.1,1
20241207,44,8.92,15957.9,18206.1,1
20241207,44,8.95,15957.9,18176.1,1
20241207,44,9.00,15957.9,18116.1,1
20241207,44,9.01,15957.9,18080.8,1
20241207,44,9.03,15957.9,18074.1,1
20241207,44,9.06,15957.9,18044.1,1
20241207,44,9.11,15957.9,17984.1,1
20241207,44,9.14,15957.9,17954.1,1
20241207,44,9.15,15957.9,17924.1,1
20241207,44,9.17,15957.9,17921.7,1
20241207,44,9.22,15957.9,17861.7,1
20241207,44,9.23,15959.1,17835.7,1
20241207,44,9.25,15959.1,17835.7,1
20241207,44,9.36,15966.4,17831.7,1
20241207,44,9.50,15966.4,17831.7,1
20241207,44,9.72,16004.4,17811.7,1
20241207,44,10.00,16006.9,17811.7,1
20241207,44,10.01,16011.7,17805.0,1
20241207,44,10.04,16012.7,17801.2,1
20241207,44,10.14,16012.7,17801.2,1
20241207,44,10.15,16012.7,17745.2,1
20241207,44,10.30,16080.6,17645.2,1
20241207,44,10.35,16080.6,17645.2,1
20241207,44,10.43,16082.9,17643.7,1
20241207,44,10.44,16082.9,17643.7,1
20241207,44,10.50,16082.9,17496.7,1
20241207,44,10.67,16082.9,17466.6,1
20241207,44,10.68,16082.9,17381.6,1
20241207,44,10.79,16082.9,17378.2,1
20241207,44,10.80,16082.9,17231.2,1
20241207,44,10.93,16082.9,17083.2,1
20241207,44,11.00,16100.9,16981.2,1
20241207,44,11.01,16100.9,16932.5,1
20241207,44,11.04,16100.9,16921.6,1
20241207,44,11.08,16100.9,16773.6,1
20241207,44,11.24,16101.9,16669.6,1
20241207,44,11.31,16101.9,16669.6,1
20241207,44,11.32,16281.9,16669.3,1
20241207,44,11.42,16281.9,16669.3,1
20241207,44,11.50,16281.9,16569.3,1
20241207,44,11.51,16281.9,16446.3,1
20241207,44,11.52,16282.7,16442.1,1
20241207,44,11.53,16282.7,16442.1,1
20241207,44,11.54,16285.7,16342.1,1
20241207,44,11.57,16354.4,16219.1,1
20241207,44,11.61,16354.4,16214.1,1
20241207,44,11.65,16354.4,16184.1,1
20241207,44,11.70,16361.6,15961.1,1
20241207,44,11.75,16361.6,15961.1,1
20241207,44,11.78,16363.0,15936.1,1
20241207,44,11.84,16393.0,15936.1,1
20241207,44,11.86,16394.4,15936.1,1
20241207,44,11.87,16394.4,15936.1,1
20241207,44,11.88,16394.4,15813.1,1
20241207,44,11.93,16395.9,15713.1,1
20241207,44,11.95,16395.9,15713.1,1
20241207,44,11.96,16395.9,15683.1,1
20241207,44,11.97,16416.0,15673.2,1
20241207,44,12.00,16421.0,15673.2,1
20241207,44,12.01,16422.5,15645.4,1
20241207,44,12.03,16437.5,15555.4,1
20241207,44,12.07,16660.5,15536.1,1
20241207,44,12.09,16661.8,15510.1,1
20241207,44,12.10,16661.8,15509.1,1
20241207,44,12.11,16662.2,15506.7,1
20241207,44,12.25,16677.2,15506.7,1
20241207,44,12.26,16677.3,15506.7,1
20241207,44,12.28,16677.3,15506.7,1
20241207,44,12.40,16677.3,15506.6,1
20241207,44,12.42,16677.3,15505.1,1
20241207,44,12.48,16677.3,15465.8,1
20241207,44,12.50,16677.3,15440.8,1
20241207,44,12.52,16677.3,15420.1,1
20241207,44,12.56,16707.3,15416.3,1
20241207,44,12.66,16707.3,15416.3,1
20241207,44,12.67,16707.3,15412.5,1
20241207,44,12.68,16708.4,15362.5,1
20241207,44,12.81,16718.4,15362.1,1
20241207,44,12.82,16727.4,15208.3,1
20241207,44,12.83,16727.4,15208.3,1
20241207,44,12.85,16746.8,15207.8,1
20241207,44,12.87,16746.8,15197.8,1
20241207,44,12.92,16746.8,15193.3,1
20241207,44,12.95,16746.8,15192.2,1
20241207,44,13.00,16776.8,15184.5,1
20241207,44,13.01,16780.8,15158.5,1
20241207,44,13.10,16780.8,15155.5,1
20241207,44,13.14,16830.8,15155.0,1
20241207,44,13.16,16850.8,15155.0,1
20241207,44,13.19,16850.8,15155.0,1
20241207,44,13.20,16850.8,15097.3,1
20241207,44,13.21,16850.8,14997.3,1
20241207,44,13.36,16860.8,14897.3,1
20241207,44,13.46,16869.8,14897.3,1
20241207,44,13.49,16871.0,14897.3,1
20241207,44,13.50,16871.0,14892.3,1
20241207,44,13.51,16871.0,14822.3,1
20241207,44,13.64,16871.0,14808.8,1
20241207,44,13.75,16891.0,14808.7,1
20241207,44,13.76,16891.0,14807.7,1
20241207,44,14.00,16901.0,14807.5,1
20241207,44,14.01,16901.4,14772.6,1
20241207,44,14.03,16901.4,14760.3,1
20241207,44,14.06,16901.4,14755.7,1
20241207,44,14.14,16917.6,14755.4,1
20241207,44,14.16,16917.6,14755.4,1
20241207,44,14.29,16917.6,14750.9,1
20241207,44,14.30,16917.6,14741.0,1
20241207,44,14.37,16967.6,14641.0,1
20241207,44,14.40,16985.6,14641.0,1
20241207,44,14.50,16985.6,14641.0,1
20241207,44,14.51,16986.3,14621.0,1
20241207,44,14.58,16986.3,14621.0,1
20241207,44,14.60,16986.3,14618.4,1
20241207,44,14.61,16986.3,14618.3,1
20241207,44,14.63,17024.3,14568.3,1
20241207,44,14.66,17064.3,14568.3,1
20241207,44,14.72,17106.3,14518.3,1
20241207,44,14.78,17136.3,14518.3,1
20241207,44,14.84,17136.3,14518.3,1
20241207,44,14.88,17193.3,14517.3,1
20241207,44,14.90,17206.3,14517.3,1
20241207,44,14.93,17272.3,14517.3,1
20241207,44,14.98,17332.3,14517.3,1
20241207,44,14.99,17362.3,14517.3,1
20241207,44,15.00,17382.3,14517.3,1
20241207,44,15.01,17383.3,14501.5,1
20241207,44,15.02,17383.3,14501.5,1
20241207,44,15.03,17446.3,14493.9,1
20241207,44,15.22,17597.3,14493.9,1
20241207,44,15.23,17597.3,14408.8,1
20241207,44,15.36,17597.3,14405.8,1
20241207,44,15.38,17600.3,14405.5,1
20241207,44,15.39,17790.3,14405.5,1
20241207,44,15.42,17832.0,14405.5,1
20241207,44,15.43,17832.0,14405.5,1
20241207,44,15.50,17842.0,14404.8,1
20241207,44,15.51,17870.9,14404.8,1
20241207,44,15.57,17900.9,14404.8,1
20241207,44,15.60,17900.9,14404.8,1
20241207,44,15.70,17900.9,14404.7,1
20241207,44,15.95,17900.9,14404.6,1
20241207,44,16.00,17910.9,14345.6,1
20241207,44,16.04,17910.9,14255.9,1
20241207,44,16.05,17910.9,14254.9,1
20241207,44,16.06,18010.9,14167.9,1
20241207,44,16.10,18010.9,14167.9,1
20241207,44,16.15,18045.9,14164.6,1
20241207,44,16.26,18095.9,14164.6,1
20241207,44,16.28,18115.9,14164.6,1
20241207,44,16.36,18115.9,14164.6,1
20241207,44,16.40,18115.9,14163.8,1
20241207,44,16.43,18115.9,14163.7,1
20241207,44,16.50,18120.9,14161.4,1
20241207,44,16.56,18170.9,14160.4,1
20241207,44,16.60,18201.9,14160.4,1
20241207,44,16.67,18201.9,14160.4,1
20241207,44,16.68,18230.9,14159.4,1
20241207,44,16.88,18255.9,14159.4,1
20241207,44,16.95,18255.9,14159.4,1
20241207,44,16.97,18255.9,14159.2,1
20241207,44,17.00,18267.9,14143.8,1
20241207,44,17.01,18272.2,14143.8,1
20241207,44,17.07,18272.2,14137.7,1
20241207,44,17.14,18292.2,14137.0,1
20241207,44,17.17,18392.2,14137.0,1
20241207,44,17.20,18392.2,14137.0,1
20241207,44,17.22,18616.7,14136.3,1
20241207,44,17.24,18616.7,14136.3,1
20241207,44,17.41,18646.7,14135.3,1
20241207,44,17.51,18656.9,14135.3,1
20241207,44,17.58,18656.9,14135.3,1
20241207,44,17.62,18681.9,14119.1,1
20241207,44,17.63,18681.9,14119.1,1
20241207,44,17.71,18681.9,14117.7,1
20241207,44,17.83,18681.9,14116.9,1
20241207,44,17.90,18858.9,14115.3,1
20241207,44,18.00,18858.9,14115.3,1
20241207,44,18.13,18958.9,14115.2,1
20241207,44,18.17,18958.9,14115.2,1
20241207,44,18.18,18958.9,14115.1,1
20241207,44,18.30,18959.4,14114.7,1
20241207,44,18.34,18959.4,14114.7,1
20241207,44,18.44,18959.4,14008.1,1
20241207,44,18.47,18959.4,14007.1,1
20241207,44,18.50,18959.4,13999.4,1
20241207,44,18.54,18959.4,13998.3,1
20241207,44,18.83,18959.4,13998.1,1
20241207,44,19.32,18959.4,13997.1,1
20241207,44,19.42,19389.4,13996.2,1
20241207,44,19.64,19389.4,13996.2,1
20241207,44,19.79,19389.4,13995.4,1
20241207,44,20.00,19389.4,13995.3,1
20241207,44,20.03,19389.4,13969.6,1
20241207,44,20.12,19389.4,13969.3,1
20241207,44,20.14,19389.4,13952.5,1
20241207,44,21.73,19389.4,13952.3,1
20241207,44,21.92,19389.4,13951.1,1
20241207,44,22.00,19389.4,13943.5,1
20241207,44,22.28,19389.4,13876.3,1
20241207,44,22.83,19389.4,13875.5,1
20241207,44,23.17,19389.4,13860.2,1
20241207,44,23.18,19389.4,13859.9,1
20241207,44,24.00,19389.4,13856.0,1
20241207,44,24.22,19389.4,13829.4,1
20241207,44,24.25,19389.4,13821.7,1
20241207,44,25.08,19389.4,13820.8,1
20241207,44,25.12,19389.4,13820.0,1
20241207,44,25.18,19389.4,13817.5,1
20241207,44,25.24,19389.4,13809.9,1
20241207,44,25.37,19389.4,13800.6,1
20241207,44,27.50,19389.4,13731.9,1
20241207,44,28.87,19399.0,13728.1,1
20241207,44,29.90,19399.0,13728.1,1
20241207,44,30.00,19399.0,13726.7,1
20241207,44,31.79,19399.0,13675.5,1
20241207,44,34.94,19399.0,13672.6,1
20241207,44,35.00,19399.0,13655.6,1
20241207,44,36.00,19399.0,13641.5,1
20241207,44,36.79,19399.0,13591.5,1
20241207,44,39.00,19399.0,13580.4,1
20241207,44,39.69,19997.0,13487.8,1
20241207,44,40.00,19997.0,13487.8,1
20241207,44,43.46,19997.0,13434.9,1
20241207,44,45.00,19997.0,13432.5,1
20241207,44,45.01,19997.0,12709.9,1
20241207,44,45.48,19997.0,12352.2,1
20241207,44,46.00,19997.0,12350.6,1
20241207,44,50.00,19997.0,12300.6,1
20241207,44,55.00,19997.0,12142.3,1
20241207,44,58.40,19997.0,12080.9,1
20241207,44,60.00,19997.0,12079.3,1
20241207,44,63.18,19997.0,12023.9,1
20241207,44,71.32,19997.0,12000.1,1
20241207,44,77.80,19997.0,11998.4,1
20241207,44,79.90,19997.0,11905.4,1
20241207,44,80.00,19997.0,11904.5,1
20241207,44,80.01,19997.0,11340.5,1
20241207,44,80.10,19997.0,11300.7,1
20241207,44,80.21,20146.9,11300.6,1
20241207,44,81.00,20146.9,11300.6,1
20241207,44,82.01,20146.9,11229.5,1
20241207,44,84.24,20146.9,11157.3,1
20241207,44,85.00,20146.9,11155.7,1
20241207,44,90.00,20146.9,11154.6,1
20241207,44,97.16,20146.9,11152.5,1
20241207,44,99.00,20146.9,11150.8,1
20241207,44,99.90,20146.9,11150.6,1
20241207,44,100.00,20192.7,11149.7,1
20241207,44,100.01,20206.2,10943.0,1
20241207,44,101.00,20206.2,10943.0,1
20241207,44,120.10,20206.2,10784.0,1
20241207,44,138.00,20206.2,10766.4,1
20241207,44,190.00,20206.2,10636.8,1
20241207,44,200.00,20206.2,10636.0,1
20241207,44,200.01,20206.2,9486.7,1
20241207,44,200.10,20206.2,7910.5,1
20241207,44,200.50,20206.2,7829.8,1
20241207,44,201.00,20206.2,7829.6,1
20241207,44,210.00,20206.2,7824.7,1
20241207,44,250.00,20206.2,6543.2,1
20241207,44,299.99,20206.6,6531.7,1
20241207,44,300.00,20206.6,6531.7,1
20241207,44,550.02,20206.6,6523.7,1
20241207,44,900.00,20206.6,6341.4,1
20241207,44,999.00,20206.6,6333.4,1
20241207,44,999.99,20206.6,0.0,1
20241207,45,0.00,0.0,18602.6,0
20241207,45,0.00,3532.4,18602.6,0
20241207,45,0.01,12740.3,18602.6,0
20241207,45,0.02,12772.3,18599.1,0
20241207,45,0.03,12776.2,18598.7,0
20241207,45,0.04,12799.0,18598.7,0
20241207,45,0.10,12799.0,18598.7,0
20241207,45,1.00,13015.3,18548.4,0
20241207,45,1.01,13020.7,18531.0,0
20241207,45,2.00,13063.0,18527.6,0
20241207,45,2.01,13063.0,18527.6,0
20241207,45,3.00,13065.0,18227.6,0
20241207,45,3.01,13065.5,18147.6,0
20241207,45,3.60,13065.6,18047.6,0
20241207,45,4.50,13066.6,18047.6,0
20241207,45,5.00,13172.0,18047.6,0
20241207,45,5.01,13172.0,17923.5,0
20241207,45,5.34,13172.7,17612.7,0
20241207,45,5.40,13173.7,17612.7,0
20241207,45,5.90,13173.7,17612.7,0
20241207,45,6.00,13194.7,17596.8,0
20241207,45,6.26,13194.7,17596.8,0
20241207,45,6.30,13195.7,17590.8,0
20241207,45,6.60,13196.3,17590.8,0
20241207,45,7.20,13197.3,17590.8,0
20241207,45,7.50,13217.3,17590.8,0
20241207,45,8.00,13225.3,17590.8,0
20241207,45,8.01,13228.1,17575.6,0
20241207,45,8.10,13229.1,17575.6,0
20241207,45,8.50,13233.1,17575.6,0
20241207,45,8.85,13233.1,17575.6,0
20241207,45,9.00,13439.3,17418.6,0
20241207,45,9.01,13439.3,17418.6,0
20241207,45,9.13,13439.3,17412.2,0
20241207,45,9.24,13439.3,17411.7,0
20241207,45,9.60,13439.3,17411.5,0
20241207,45,9.73,13439.3,17411.4,0
20241207,45,9.78,13439.3,17366.4,0
20241207,45,9.80,13439.3,17311.4,0
20241207,45,9.85,13439.3,17311.2,0
20241207,45,9.90,13441.3,17120.2,0
20241207,45,9.99,13441.3,17120.2,0
20241207,45,10.00,13443.7,17090.2,0
20241207,45,10.03,13443.7,17077.9,0
20241207,45,10.25,13443.7,16795.9,0
20241207,45,10.65,13443.7,16221.9,0
20241207,45,10.67,13446.0,16156.9,0
20241207,45,10.80,13448.0,16156.9,0
20241207,45,10.81,13448.0,16156.9,0
20241207,45,11.26,13448.0,16049.9,0
20241207,45,11.34,13448.0,15855.6,0
20241207,45,11.40,13448.0,15390.4,0
20241207,45,11.50,13477.8,15390.2,0
20241207,45,11.70,13479.8,15293.7,0
20241207,45,12.00,13558.9,15293.7,0
20241207,45,12.11,13559.0,15293.1,0
20241207,45,12.13,13559.0,15293.1,0
20241207,45,12.19,13561.5,15273.7,0
20241207,45,12.40,13561.5,15273.7,0
20241207,45,12.50,13565.0,15273.4,0
20241207,45,12.60,13567.0,15250.7,0
20241207,45,12.76,13567.0,15250.7,0
20241207,45,12.80,13567.0,15250.4,0
20241207,45,12.83,13567.0,15250.3,0
20241207,45,12.89,13567.0,15249.9,0
20241207,45,12.91,13567.0,15230.9,0
20241207,45,12.98,13567.0,15230.6,0
20241207,45,13.00,13592.0,15229.7,0
20241207,45,13.02,13592.0,15229.5,0
20241207,45,13.12,13592.0,15208.5,0
20241207,45,13.17,13593.4,15043.5,0
20241207,45,13.34,13595.7,15043.5,0
20241207,45,13.41,13603.2,15013.5,0
20241207,45,13.46,13603.2,15013.5,0
20241207,45,13.48,13603.7,15011.8,0
20241207,45,13.50,13605.7,15011.8,0
20241207,45,13.62,13606.2,15011.8,0
20241207,45,13.77,13606.6,15011.8,0
20241207,45,13.91,13607.1,15011.8,0
20241207,45,14.00,13607.1,15011.8,0
20241207,45,14.01,13618.0,14991.7,0
20241207,45,14.05,13618.4,14984.8,0
20241207,45,14.06,13618.4,14980.8,0
20241207,45,14.20,13618.4,14780.8,0
20241207,45,14.29,13618.4,14580.8,0
20241207,45,14.33,13618.4,14380.8,0
20241207,45,14.38,13664.4,14180.8,0
20241207,45,14.40,13666.4,14180.8,0
20241207,45,14.44,13666.4,13980.8,0
20241207,45,14.50,13666.4,13780.8,0
20241207,45,14.54,13666.4,13776.7,0
20241207,45,14.63,13673.9,13576.7,0
20241207,45,14.70,13673.9,13576.7,0
20241207,45,14.75,13673.9,13494.6,0
20241207,45,14.96,13673.9,13294.6,0
20241207,45,15.00,13723.9,13094.6,0
20241207,45,15.11,13723.9,13061.1,0
20241207,45,15.24,13723.9,12861.1,0
20241207,45,15.25,13967.9,12857.1,0
20241207,45,15.34,13967.9,12857.1,0
20241207,45,15.50,14092.9,12856.3,0
20241207,45,15.85,14095.4,12855.6,0
20241207,45,15.90,14095.4,12855.6,0
20241207,45,15.93,14198.4,12855.4,0
20241207,45,16.00,14198.4,12855.4,0
20241207,45,16.20,14198.4,12844.9,0
20241207,45,16.35,14248.3,12844.6,0
20241207,45,16.43,14248.3,12844.6,0
20241207,45,16.50,14318.3,12840.5,0
20241207,45,16.59,14318.3,12839.5,0
20241207,45,16.70,14318.3,12838.1,0
20241207,45,16.79,14628.3,12829.1,0
20241207,45,17.00,14648.3,12829.1,0
20241207,45,17.07,14648.3,12824.8,0
20241207,45,17.10,14648.3,12777.3,0
20241207,45,17.43,14648.3,12774.3,0
20241207,45,17.62,14648.3,12774.1,0
20241207,45,17.73,14648.3,12764.1,0
20241207,45,18.00,14648.3,12742.1,0
20241207,45,18.01,14648.3,12739.6,0
20241207,45,18.43,14724.3,12739.3,0
20241207,45,18.50,14754.3,12739.3,0
20241207,45,18.57,14754.3,12739.3,0
20241207,45,18.78,14754.3,12722.3,0
20241207,45,18.90,14754.3,12710.1,0
20241207,45,18.93,14806.3,12708.1,0
20241207,45,19.00,14806.3,12708.1,0
20241207,45,19.20,14806.3,12707.8,0
20241207,45,19.45,14806.3,12699.6,0
20241207,45,19.48,14888.3,12663.6,0
20241207,45,19.57,14888.3,12663.6,0
20241207,45,19.59,15030.3,12661.4,0
20241207,45,19.63,15171.3,12661.4,0
20241207,45,19.70,15313.3,12661.4,0
20241207,45,19.73,15454.3,12661.4,0
20241207,45,19.80,15596.3,12661.4,0
20241207,45,20.00,15596.3,12660.4,0
20241207,45,20.12,15596.3,12598.6,0
20241207,45,20.50,15596.3,12593.5,0
20241207,45,20.70,15596.3,12592.7,0
20241207,45,20.75,15737.3,12591.7,0
20241207,45,21.01,15737.3,12591.7,0
20241207,45,21.02,15737.3,12332.0,0
20241207,45,21.10,15748.8,11532.0,0
20241207,45,21.60,15748.8,11532.0,0
20241207,45,22.50,15748.8,11531.0,0
20241207,45,23.40,15748.8,11530.0,0
20241207,45,23.97,15890.8,11529.0,0
20241207,45,24.04,15890.8,11529.0,0
20241207,45,24.30,15890.8,11527.3,0
20241207,45,24.57,15890.8,11526.3,0
20241207,45,25.00,15890.8,11506.2,0
20241207,45,25.20,15890.8,11485.9,0
20241207,45,25.74,15890.8,11484.9,0
20241207,45,26.00,15890.8,11481.7,0
20241207,45,26.10,15890.8,11406.4,0
20241207,45,27.00,15890.8,11405.4,0
20241207,45,28.80,16031.8,11397.4,0
20241207,45,29.90,16031.8,11397.4,0
20241207,45,30.00,16031.8,11396.6,0
20241207,45,31.25,16031.8,11364.7,0
20241207,45,31.36,16031.8,11364.6,0
20241207,45,32.00,16031.8,10607.3,0
20241207,45,32.02,16173.8,10573.1,0
20241207,45,33.00,16173.8,10573.1,0
20241207,45,33.62,16219.3,10572.5,0
20241207,45,35.00,16219.3,10572.5,0
20241207,45,36.00,16219.3,10572.1,0
20241207,45,37.50,16219.3,10557.9,0
20241207,45,38.25,16219.3,10517.0,0
20241207,45,38.52,16219.3,10516.9,0
20241207,45,40.00,16219.3,10430.4,0
20241207,45,40.01,16219.3,10393.7,0
20241207,45,41.36,16219.3,10330.7,0
20241207,45,45.00,16219.3,10324.2,0
20241207,45,45.01,16219.3,10308.1,0
20241207,45,45.25,16219.3,10303.9,0
20241207,45,48.32,16219.3,10303.6,0
20241207,45,50.00,16220.3,10278.3,0
20241207,45,50.01,16220.3,10041.5,0
20241207,45,50.90,16220.3,10037.5,0
20241207,45,55.00,16220.3,10036.0,0
20241207,45,60.00,16220.3,10015.3,0
20241207,45,63.48,16220.3,9938.5,0
20241207,45,63.53,16220.3,9937.6,0
20241207,45,70.00,16220.3,9924.0,0
20241207,45,72.00,16220.3,9923.9,0
20241207,45,77.80,16220.3,9923.8,0
20241207,45,79.90,16220.3,9872.0,0
20241207,45,80.00,16220.3,9871.4,0
20241207,45,80.01,16220.3,9365.4,0
20241207,45,81.00,16220.3,9316.1,0
20241207,45,82.01,16220.3,9315.6,0
20241207,45,85.00,16220.3,9220.7,0
20241207,45,90.00,16220.3,9218.6,0
20241207,45,99.90,16220.3,9216.1,0
20241207,45,100.00,16220.3,9208.7,0
20241207,45,100.01,16242.1,9038.6,0
20241207,45,101.00,16242.1,9038.6,0
20241207,45,120.10,16242.1,9033.1,0
20241207,45,138.00,16242.1,9014.5,0
20241207,45,150.00,16242.1,8968.5,0
20241207,45,151.00,16242.1,8910.0,0
20241207,45,190.00,16242.1,8870.5,0
20241207,45,200.00,16242.1,8870.4,0
20241207,45,200.01,16242.1,7407.3,0
20241207,45,200.10,16242.1,6631.1,0
20241207,45,200.98,16242.1,6523.7,0
20241207,45,200.99,16242.1,6523.6,0
20241207,45,201.00,16242.1,6523.5,0
20241207,45,210.00,16242.1,6480.7,0
20241207,45,250.00,16242.1,6120.2,0
20241207,45,299.99,16242.2,5984.8,0
20241207,45,300.00,16242.2,5984.8,0
20241207,45,500.00,16242.2,5888.5,0
20241207,45,550.02,16242.2,5878.5,0
20241207,45,900.00,16242.2,5765.4,0
20241207,45,999.00,16242.2,5762.4,0
20241207,45,999.99,16242.2,0.0,0
20241207,45,0.00,0.0,15010.2,2
20241207,45,0.00,4348.0,15010.2,2
20241207,45,0.01,11239.5,15010.2,2
20241207,45,0.02,11354.7,15005.6,2
20241207,45,0.03,11354.7,14995.6,2
20241207,45,0.10,11378.5,14994.7,2
20241207,45,1.00,11435.6,14994.7,2
20241207,45,1.01,11437.3,14918.9,2
20241207,45,1.11,11444.5,14914.3,2
20241207,45,2.00,11466.2,14914.3,2
20241207,45,2.01,11466.2,14906.3,2
20241207,45,2.21,11473.4,14606.3,2
20241207,45,3.00,11473.8,14606.3,2
20241207,45,3.01,11473.8,14331.5,2
20241207,45,3.31,11481.0,14231.5,2
20241207,45,3.50,11481.0,14231.5,2
20241207,45,4.27,11539.4,14176.5,2
20241207,45,4.41,11546.7,14176.5,2
20241207,45,5.00,11579.3,14176.5,2
20241207,45,5.01,11579.7,14073.0,2
20241207,45,5.51,11586.9,13861.5,2
20241207,45,6.00,11657.6,13861.5,2
20241207,45,6.01,11659.5,13851.5,2
20241207,45,6.06,11660.9,13851.5,2
20241207,45,6.10,11667.5,13851.5,2
20241207,45,6.19,11667.5,13851.5,2
20241207,45,6.50,11669.6,13651.5,2
20241207,45,6.61,11671.0,13651.5,2
20241207,45,7.00,11671.0,13651.5,2
20241207,45,7.16,11672.5,13650.8,2
20241207,45,7.50,11672.5,13650.8,2
20241207,45,7.51,11672.5,13640.0,2
20241207,45,7.65,11673.3,13340.0,2
20241207,45,7.71,11674.8,13340.0,2
20241207,45,7.80,11674.8,13340.0,2
20241207,45,7.81,11674.8,13296.7,2
20241207,45,8.00,11674.8,13196.7,2
20241207,45,8.01,11675.8,13091.9,2
20241207,45,8.04,11675.8,13091.9,2
20241207,45,8.12,11675.8,12991.9,2
20241207,45,8.26,11677.1,12989.6,2
20241207,45,8.55,11678.1,12989.6,2
20241207,45,9.00,11678.1,12989.6,2
20241207,45,9.01,11678.1,12988.5,2
20241207,45,9.17,11678.1,12982.9,2
20241207,45,9.45,11679.1,12982.5,2
20241207,45,9.50,11679.1,12982.5,2
20241207,45,9.59,11778.1,12962.5,2
20241207,45,10.00,11780.4,12962.5,2
20241207,45,10.01,11785.0,12956.5,2
20241207,45,10.09,11785.0,12952.8,2
20241207,45,10.14,11785.0,12951.8,2
20241207,45,10.15,11785.0,12895.8,2
20241207,45,10.29,11785.0,12795.8,2
20241207,45,10.30,11854.8,12780.8,2
20241207,45,10.35,11856.3,12780.8,2
20241207,45,10.37,11859.3,12780.8,2
20241207,45,10.39,11870.0,12780.8,2
20241207,45,10.44,11870.0,12775.8,2
20241207,45,10.50,11870.0,12628.8,2
20241207,45,10.53,11870.0,12598.8,2
20241207,45,10.60,11870.0,12594.7,2
20241207,45,10.67,11870.0,12564.7,2
20241207,45,10.68,11870.0,12494.7,2
20241207,45,10.79,11870.0,12491.4,2
20241207,45,10.80,11870.0,12343.4,2
20241207,45,10.93,11870.0,12196.4,2
20241207,45,11.00,11870.0,12094.4,2
20241207,45,11.01,11871.1,12025.3,2
20241207,45,11.04,11871.1,12020.9,2
20241207,45,11.08,11871.1,11873.9,2
20241207,45,11.27,11871.1,11769.9,2
20241207,45,11.32,12151.1,11739.9,2
20241207,45,11.50,12151.1,11739.9,2
20241207,45,11.52,12160.1,11616.9,2
20241207,45,11.54,12173.5,11616.9,2
20241207,45,11.55,12173.5,11483.9,2
20241207,45,11.59,12173.5,11465.5,2
20241207,45,11.60,12173.5,11435.5,2
20241207,45,11.61,12193.6,11425.6,2
20241207,45,11.65,12193.6,11425.6,2
20241207,45,11.87,12193.6,11302.6,2
20241207,45,11.93,12193.6,11179.6,2
20241207,45,11.96,12193.6,11149.6,2
20241207,45,12.00,12193.6,11124.4,2
20241207,45,12.01,12194.2,11100.9,2
20241207,45,12.10,12203.2,11070.9,2
20241207,45,12.12,12203.2,11069.5,2
20241207,45,12.14,12203.2,11064.5,2
20241207,45,12.15,12203.2,11064.3,2
20241207,45,12.17,12203.3,11063.9,2
20241207,45,12.18,12233.3,11063.9,2
20241207,45,12.20,12233.3,11063.9,2
20241207,45,12.50,12233.3,11060.8,2
20241207,45,12.68,12234.5,11000.8,2
20241207,45,12.69,12248.9,11000.8,2
20241207,45,12.71,12278.9,11000.8,2
20241207,45,12.72,12278.9,11000.8,2
20241207,45,12.76,12298.9,11000.6,2
20241207,45,12.81,12298.9,11000.6,2
20241207,45,13.00,12298.9,10849.6,2
20241207,45,13.01,12302.7,10844.2,2
20241207,45,13.05,12302.7,10841.3,2
20241207,45,13.19,12332.7,10837.5,2
20241207,45,13.20,12332.7,10837.5,2
20241207,45,13.21,12332.7,10837.3,2
20241207,45,13.26,12333.5,10737.3,2
20241207,45,13.30,12333.5,10737.3,2
20241207,45,13.34,12353.5,10737.1,2
20241207,45,13.39,12353.5,10737.1,2
20241207,45,13.50,12353.5,10736.3,2
20241207,45,13.79,12373.5,10706.3,2
20241207,45,13.82,12376.5,10706.3,2
20241207,45,13.85,12383.2,10706.3,2
20241207,45,13.89,12383.2,10706.3,2
20241207,45,13.91,12383.2,10706.1,2
20241207,45,13.95,12383.2,10646.1,2
20241207,45,14.00,12383.2,10643.1,2
20241207,45,14.01,12383.6,10598.3,2
20241207,45,14.25,12412.5,10593.9,2
20241207,45,14.29,12412.5,10593.9,2
20241207,45,14.30,12412.5,10584.0,2
20241207,45,14.37,12462.5,10484.0,2
20241207,45,14.47,12462.5,10484.0,2
20241207,45,14.50,12462.5,10483.8,2
20241207,45,14.52,12482.5,10463.8,2
20241207,45,14.57,12482.5,10463.8,2
20241207,45,14.60,12482.5,10404.8,2
20241207,45,14.63,12502.5,10404.7,2
20241207,45,14.66,12524.5,10404.7,2
20241207,45,14.72,12550.5,10404.7,2
20241207,45,14.85,12550.5,10404.7,2
20241207,45,14.88,12590.5,10402.5,2
20241207,45,14.93,12638.5,10402.5,2
20241207,45,14.98,12683.5,10402.5,2
20241207,45,15.00,12683.5,10402.5,2
20241207,45,15.01,12684.5,10402.1,2
20241207,45,15.03,12732.5,10402.1,2
20241207,45,15.05,12732.5,10402.1,2
20241207,45,15.12,12732.5,10401.1,2
20241207,45,15.22,12883.5,10386.4,2
20241207,45,15.23,12883.5,10386.4,2
20241207,45,15.24,12912.5,10385.4,2
20241207,45,15.39,13102.5,10385.4,2
20241207,45,15.50,13112.5,10385.4,2
20241207,45,15.70,13112.5,10385.4,2
20241207,45,15.75,13112.5,10385.3,2
20241207,45,15.91,13142.5,10384.0,2
20241207,45,16.00,13142.5,10384.0,2
20241207,45,16.06,13242.5,10354.0,2
20241207,45,16.21,13242.5,10354.0,2
20241207,45,16.25,13252.6,10270.8,2
20241207,45,16.50,13257.6,10270.8,2
20241207,45,16.64,13257.6,10269.8,2
20241207,45,16.65,13257.6,10268.2,2
20241207,45,16.73,13257.6,10267.2,2
20241207,45,16.74,13257.6,10267.1,2
20241207,45,17.00,13257.6,10266.7,2
20241207,45,17.01,13261.7,10238.7,2
20241207,45,17.03,13261.7,10232.8,2
20241207,45,17.17,13361.7,10218.1,2
20241207,45,17.20,13361.7,10218.1,2
20241207,45,17.37,13361.7,10217.5,2
20241207,45,17.55,13361.7,10216.6,2
20241207,45,18.00,13361.7,10216.5,2
20241207,45,18.13,13461.7,10212.4,2
20241207,45,18.50,13461.7,10212.4,2
20241207,45,19.42,13881.7,10211.5,2
20241207,45,20.00,13881.7,10211.5,2
20241207,45,21.35,13881.7,10204.2,2
20241207,45,21.64,13881.7,10203.4,2
20241207,45,21.73,13881.7,10188.2,2
20241207,45,21.74,13881.7,10187.9,2
20241207,45,22.00,13881.7,10184.1,2
20241207,45,24.00,13881.7,10125.2,2
20241207,45,25.10,13881.7,10124.3,2
20241207,45,25.32,13881.7,10123.5,2
20241207,45,27.50,13881.7,10114.6,2
20241207,45,28.87,13891.3,10110.8,2
20241207,45,29.90,13891.3,10110.8,2
20241207,45,30.00,13891.3,10110.0,2
20241207,45,30.10,13891.3,10073.7,2
20241207,45,32.00,13891.3,10071.5,2
20241207,45,35.00,13891.3,10071.1,2
20241207,45,36.00,13891.3,10060.7,2
20241207,45,36.79,13891.3,10035.7,2
20241207,45,38.52,13891.3,10024.6,2
20241207,45,39.69,14472.3,9947.7,2
20241207,45,40.00,14472.3,9947.7,2
20241207,45,42.50,14472.3,9909.1,2
20241207,45,45.00,14472.3,9907.5,2
20241207,45,45.01,14472.3,9861.9,2
20241207,45,46.00,14472.3,9388.8,2
20241207,45,50.00,14472.3,9363.8,2
20241207,45,55.00,14472.3,9291.5,2
20241207,45,60.00,14472.3,9253.6,2
20241207,45,63.09,14472.3,9209.6,2
20241207,45,77.80,14472.3,9190.8,2
20241207,45,79.90,14472.3,9132.3,2
20241207,45,80.00,14472.3,9131.8,2
20241207,45,80.01,14472.3,8651.2,2
20241207,45,80.05,14472.3,8631.2,2
20241207,45,80.21,14622.2,8625.7,2
20241207,45,82.01,14622.2,8625.7,2
20241207,45,85.00,14622.2,8578.3,2
20241207,45,90.00,14622.2,8577.5,2
20241207,45,95.00,14622.2,8575.7,2
20241207,45,99.00,14622.2,8574.1,2
20241207,45,99.90,14622.2,8573.9,2
20241207,45,100.00,14788.0,8573.1,2
20241207,45,100.01,14795.9,8390.6,2
20241207,45,101.00,14795.9,8390.6,2
20241207,45,107.92,14795.9,8307.3,2
20241207,45,120.10,14795.9,8305.6,2
20241207,45,120.84,14795.9,8300.4,2
20241207,45,133.76,14795.9,8298.8,2
20241207,45,138.00,14795.9,8297.1,2
20241207,45,150.00,14795.9,8195.5,2
20241207,45,190.00,14795.9,8152.8,2
20241207,45,200.00,14795.9,8152.3,2
20241207,45,200.01,14795.9,7353.9,2
20241207,45,200.10,14795.9,6243.7,2
20241207,45,200.50,14795.9,6243.3,2
20241207,45,201.00,14795.9,6243.1,2
20241207,45,210.00,14795.9,6239.1,2
20241207,45,250.00,14795.9,4960.2,2
20241207,45,299.99,14796.1,4953.0,2
20241207,45,300.00,14796.1,4953.0,2
20241207,45,550.02,14796.1,4945.0,2
20241207,45,999.00,14796.1,4763.7,2
20241207,45,999.99,14796.1,0.0,2
20241207,46,0.00,0.0,18275.2,0
20241207,46,0.00,3465.2,18275.2,0
20241207,46,0.01,12723.5,18275.2,0
20241207,46,0.02,12757.2,18271.8,0
20241207,46,0.03,12761.1,18271.4,0
20241207,46,0.04,12784.6,18271.4,0
20241207,46,0.10,12784.6,18271.4,0
20241207,46,1.00,13001.0,18229.5,0
20241207,46,1.01,13006.1,18212.5,0
20241207,46,2.00,13049.4,18209.1,0
20241207,46,2.01,13049.4,18209.1,0
20241207,46,2.52,13051.5,17909.1,0
20241207,46,3.00,13053.5,17909.1,0
20241207,46,3.01,13054.0,17829.1,0
20241207,46,3.02,13054.2,17729.1,0
20241207,46,3.92,13055.2,17729.1,0
20241207,46,4.82,13056.2,17729.1,0
20241207,46,5.00,13160.5,17729.1,0
20241207,46,5.01,13160.5,17605.9,0
20241207,46,5.03,13162.8,17297.2,0
20241207,46,5.72,13163.8,17297.2,0
20241207,46,5.90,13163.8,17297.2,0
20241207,46,6.00,13184.8,17281.3,0
20241207,46,6.26,13184.8,17281.3,0
20241207,46,6.60,13185.4,17275.3,0
20241207,46,6.62,13186.4,17275.3,0
20241207,46,7.00,13186.4,17275.3,0
20241207,46,7.50,13206.4,17265.3,0
20241207,46,7.52,13207.4,17265.3,0
20241207,46,7.54,13209.7,17265.3,0
20241207,46,8.00,13218.5,17265.3,0
20241207,46,8.01,13219.0,17250.1,0
20241207,46,8.42,13416.5,17250.1,0
20241207,46,8.50,13420.5,17250.1,0
20241207,46,8.85,13420.5,17250.1,0
20241207,46,9.00,13440.5,17093.1,0
20241207,46,9.01,13440.5,17093.1,0
20241207,46,9.07,13440.5,17086.7,0
20241207,46,9.32,13442.5,17086.0,0
20241207,46,9.52,13442.5,17086.0,0
20241207,46,9.60,13442.5,16930.0,0
20241207,46,9.67,13442.5,16929.9,0
20241207,46,9.73,13442.5,16738.9,0
20241207,46,9.80,13442.5,16693.9,0
20241207,46,9.81,13442.5,16693.7,0
20241207,46,9.99,13442.5,16411.7,0
20241207,46,10.00,13444.9,16381.7,0
20241207,46,10.05,13447.2,16380.6,0
20241207,46,10.22,13449.2,16380.6,0
20241207,46,10.25,13449.2,16380.6,0
20241207,46,10.43,13449.2,15806.6,0
20241207,46,10.81,13449.2,15741.6,0
20241207,46,11.12,13451.9,15735.6,0
20241207,46,11.26,13451.9,15735.6,0
20241207,46,11.34,13451.9,15541.3,0
20241207,46,11.35,13451.9,15076.1,0
20241207,46,11.40,13451.9,15075.8,0
20241207,46,11.50,13490.1,15075.6,0
20241207,46,11.72,13490.1,14979.1,0
20241207,46,11.84,13490.2,14979.0,0
20241207,46,12.00,13569.5,14979.0,0
20241207,46,12.02,13572.5,14978.4,0
20241207,46,12.13,13575.0,14978.4,0
20241207,46,12.38,13575.0,14959.0,0
20241207,46,12.40,13575.0,14941.0,0
20241207,46,12.50,13578.5,14940.7,0
20241207,46,12.56,13580.8,14918.4,0
20241207,46,12.67,13582.2,14918.4,0
20241207,46,12.69,13582.2,14918.4,0
20241207,46,12.80,13582.7,14916.7,0
20241207,46,12.92,13585.7,14916.6,0
20241207,46,13.00,13610.7,14916.6,0
20241207,46,13.04,13611.2,14916.4,0
20241207,46,13.12,13611.2,14916.4,0
20241207,46,13.20,13622.2,14751.4,0
20241207,46,13.28,13622.6,14751.4,0
20241207,46,13.34,13630.1,14751.4,0
20241207,46,13.52,13630.6,14721.4,0
20241207,46,13.76,13631.0,14721.4,0
20241207,46,13.82,13634.0,14717.4,0
20241207,46,13.92,13634.0,14717.4,0
20241207,46,13.97,13634.0,14517.4,0
20241207,46,14.00,13634.0,14501.3,0
20241207,46,14.01,13644.3,14481.2,0
20241207,46,14.09,13644.3,14474.3,0
20241207,46,14.20,13644.3,14274.3,0
20241207,46,14.26,13743.3,14074.3,0
20241207,46,14.30,13743.3,14074.3,0
20241207,46,14.35,13743.3,13874.3,0
20241207,46,14.40,13743.3,13674.3,0
20241207,46,14.50,13743.3,13474.3,0
20241207,46,14.51,13743.3,13470.3,0
20241207,46,14.56,13750.8,13270.3,0
20241207,46,14.61,13750.8,13270.3,0
20241207,46,14.64,13750.8,13191.3,0
20241207,46,14.78,13750.8,12991.3,0
20241207,46,15.00,13800.8,12791.3,0
20241207,46,15.03,13800.8,12757.1,0
20241207,46,15.06,14044.8,12557.1,0
20241207,46,15.34,14237.8,12557.1,0
20241207,46,15.50,14362.8,12557.1,0
20241207,46,15.60,14415.8,12557.1,0
20241207,46,15.62,14415.8,12557.1,0
20241207,46,15.77,14418.3,12556.8,0
20241207,46,15.85,14418.3,12556.8,0
20241207,46,15.90,14418.3,12552.8,0
20241207,46,15.93,14521.3,12552.6,0
20241207,46,16.00,14521.3,12552.6,0
20241207,46,16.50,14591.3,12501.3,0
20241207,46,16.52,14591.3,12499.6,0
20241207,46,16.59,14591.3,12496.6,0
20241207,46,16.70,14591.3,12495.2,0
20241207,46,17.00,14611.3,12486.2,0
20241207,46,17.20,14611.3,12481.9,0
20241207,46,17.28,14611.3,12435.7,0
20241207,46,17.42,14611.3,12413.7,0
20241207,46,17.43,14611.3,12411.3,0
20241207,46,17.57,14661.2,12411.1,0
20241207,46,17.95,14661.2,12411.1,0
20241207,46,17.96,14679.2,12407.0,0
20241207,46,18.01,14679.2,12407.0,0
20241207,46,18.32,14679.2,12406.9,0
20241207,46,18.43,14753.2,12405.1,0
20241207,46,18.50,14783.2,12405.1,0
20241207,46,18.78,14783.2,12404.9,0
20241207,46,18.79,14784.8,12394.3,0
20241207,46,18.93,14836.8,12394.3,0
20241207,46,19.00,14836.8,12394.3,0
20241207,46,19.22,14836.8,12394.1,0
20241207,46,19.23,14918.8,12393.1,0
20241207,46,19.30,14918.8,12393.1,0
20241207,46,19.53,14918.8,12361.8,0
20241207,46,19.56,15060.8,12359.7,0
20241207,46,19.63,15201.8,12359.7,0
20241207,46,19.66,15343.8,12359.7,0
20241207,46,19.70,15484.8,12359.7,0
20241207,46,19.77,15626.8,12359.7,0
20241207,46,19.80,15767.8,12359.7,0
20241207,46,20.00,15767.8,12359.7,0
20241207,46,20.04,15767.8,12330.2,0
20241207,46,20.12,15767.8,12322.4,0
20241207,46,20.50,15767.8,12316.5,0
20241207,46,21.02,15767.8,12315.8,0
20241207,46,21.10,15779.1,11514.8,0
20241207,46,21.31,15779.1,11514.8,0
20241207,46,21.92,15779.1,11269.5,0
20241207,46,22.35,15921.1,11268.5,0
20241207,46,22.82,15921.1,11268.5,0
20241207,46,23.40,15921.1,11267.5,0
20241207,46,23.72,15921.1,11264.9,0
20241207,46,24.04,15921.1,11263.9,0
20241207,46,24.53,15921.1,11262.2,0
20241207,46,24.62,15921.1,11242.5,0
20241207,46,25.00,15921.1,11241.5,0
20241207,46,25.05,15921.1,11221.9,0
20241207,46,25.52,15921.1,11221.8,0
20241207,46,25.57,16062.1,11220.8,0
20241207,46,26.00,16062.1,11220.8,0
20241207,46,26.42,16062.1,11149.5,0
20241207,46,29.90,16062.1,11142.3,0
20241207,46,30.00,16062.1,11141.5,0
20241207,46,30.40,16204.1,11110.2,0
20241207,46,31.36,16204.1,11110.2,0
20241207,46,32.00,16204.1,10447.4,0
20241207,46,32.05,16204.1,10414.9,0
20241207,46,33.62,16338.4,10414.8,0
20241207,46,33.74,16338.4,10414.8,0
20241207,46,35.00,16338.4,10329.7,0
20241207,46,36.00,16338.4,10329.3,0
20241207,46,37.50,16338.4,10321.1,0
20241207,46,39.05,16338.4,10281.0,0
20241207,46,40.00,16338.4,10280.7,0
20241207,46,40.01,16338.4,10245.2,0
20241207,46,41.36,16338.4,10200.9,0
20241207,46,45.00,16338.4,10193.6,0
20241207,46,45.01,16338.4,10177.3,0
20241207,46,48.32,16338.4,10173.1,0
20241207,46,50.00,16339.6,10147.8,0
20241207,46,50.01,16339.6,9912.6,0
20241207,46,50.90,16339.6,9909.0,0
20241207,46,55.00,16339.6,9907.9,0
20241207,46,60.00,16339.6,9887.2,0
20241207,46,62.78,16339.6,9815.2,0
20241207,46,70.00,16339.6,9801.3,0
20241207,46,72.00,16339.6,9801.2,0
20241207,46,77.80,16339.6,9801.1,0
20241207,46,79.90,16339.6,9751.7,0
20241207,46,80.00,16339.6,9751.1,0
20241207,46,80.01,16339.6,9259.4,0
20241207,46,81.00,16339.6,9211.0,0
20241207,46,82.01,16339.6,9210.5,0
20241207,46,85.00,16339.6,9119.5,0
20241207,46,90.00,16339.6,9117.8,0
20241207,46,99.90,16339.6,9115.5,0
20241207,46,100.00,16339.6,9108.4,0
20241207,46,100.01,16361.3,8942.5,0
20241207,46,101.00,16361.3,8942.5,0
20241207,46,120.10,16361.3,8937.0,0
20241207,46,138.00,16361.3,8919.2,0
20241207,46,150.00,16361.3,8873.5,0
20241207,46,151.00,16361.3,8816.9,0
20241207,46,190.00,16361.3,8778.4,0
20241207,46,200.00,16361.3,8778.3,0
20241207,46,200.01,16361.3,7369.9,0
20241207,46,200.10,16361.3,6598.4,0
20241207,46,200.98,16361.3,6490.6,0
20241207,46,200.99,16361.3,6490.5,0
20241207,46,201.00,16361.3,6490.4,0
20241207,46,210.00,16361.3,6451.6,0
20241207,46,250.00,16361.3,6093.8,0
20241207,46,299.99,16361.4,5957.9,0
20241207,46,300.00,16361.4,5957.9,0
20241207,46,500.00,16361.4,5861.7,0
20241207,46,550.02,16361.4,5851.7,0
20241207,46,900.00,16361.4,5738.6,0
20241207,46,999.00,16361.4,5735.6,0
20241207,46,999.99,16361.4,0.0,0
20241207,46,0.00,0.0,14523.5,2
20241207,46,0.00,4035.9,14523.5,2
20241207,46,0.01,10926.6,14523.5,2
20241207,46,0.02,11041.8,14519.1,2
20241207,46,0.03,11041.8,14509.1,2
20241207,46,0.10,11065.9,14508.2,2
20241207,46,1.00,11122.8,14508.2,2
20241207,46,1.01,11124.5,14432.4,2
20241207,46,2.00,11146.3,14428.0,2
20241207,46,2.01,11146.3,14420.0,2
20241207,46,2.10,11153.5,14120.0,2
20241207,46,3.00,11153.9,14120.0,2
20241207,46,3.01,11153.9,13845.9,2
20241207,46,4.20,11161.1,13745.9,2
20241207,46,4.27,11219.5,13745.9,2
20241207,46,4.51,11219.5,13745.9,2
20241207,46,5.00,11253.2,13690.9,2
20241207,46,5.01,11253.6,13577.2,2
20241207,46,6.00,11324.9,13365.7,2
20241207,46,6.01,11326.8,13355.7,2
20241207,46,6.10,11337.1,13355.7,2
20241207,46,6.19,11337.1,13355.7,2
20241207,46,6.29,11344.3,13155.7,2
20241207,46,6.50,11346.4,13155.7,2
20241207,46,6.91,11347.2,13155.7,2
20241207,46,7.00,11347.2,13155.7,2
20241207,46,7.51,11347.2,13155.0,2
20241207,46,7.80,11347.2,12855.0,2
20241207,46,7.81,11348.2,12811.2,2
20241207,46,8.00,11348.2,12711.2,2
20241207,46,8.01,11349.2,12607.0,2
20241207,46,8.04,11349.2,12607.0,2
20241207,46,8.39,11356.5,12507.0,2
20241207,46,8.71,11357.5,12507.0,2
20241207,46,9.00,11357.5,12507.0,2
20241207,46,9.01,11357.5,12506.0,2
20241207,46,9.23,11357.5,12500.7,2
20241207,46,9.50,11357.5,12498.6,2
20241207,46,9.61,11359.5,12478.6,2
20241207,46,9.65,11501.5,12478.6,2
20241207,46,9.82,11501.5,12478.6,2
20241207,46,9.89,11504.5,12448.6,2
20241207,46,10.00,11507.0,12448.6,2
20241207,46,10.01,11511.4,12442.6,2
20241207,46,10.11,11522.1,12439.0,2
20241207,46,10.14,11522.1,12434.0,2
20241207,46,10.15,11522.1,12378.0,2
20241207,46,10.30,11591.8,12278.0,2
20241207,46,10.43,11591.8,12278.0,2
20241207,46,10.44,11591.8,12233.0,2
20241207,46,10.48,11599.0,12085.0,2
20241207,46,10.50,11599.0,12085.0,2
20241207,46,10.51,11599.2,12035.0,2
20241207,46,10.52,11600.6,12035.0,2
20241207,46,10.57,11602.0,12035.0,2
20241207,46,10.58,11602.0,12035.0,2
20241207,46,10.61,11603.5,12031.1,2
20241207,46,10.66,11605.0,12031.1,2
20241207,46,10.67,11605.0,12031.1,2
20241207,46,10.68,11605.0,11961.1,2
20241207,46,10.70,11606.3,11957.9,2
20241207,46,10.77,11606.3,11956.9,2
20241207,46,10.79,11606.3,11955.8,2
20241207,46,10.80,11606.3,11808.8,2
20241207,46,10.85,11606.3,11660.8,2
20241207,46,10.92,11606.3,11659.8,2
20241207,46,10.93,11606.3,11657.2,2
20241207,46,10.99,11615.3,11555.2,2
20241207,46,11.00,11615.3,11555.2,2
20241207,46,11.01,11615.9,11508.7,2
20241207,46,11.04,11615.9,11504.5,2
20241207,46,11.05,11615.9,11356.5,2
20241207,46,11.08,11615.9,11326.5,2
20241207,46,11.22,11616.9,11222.5,2
20241207,46,11.23,11630.3,11222.5,2
20241207,46,11.30,11630.3,11212.5,2
20241207,46,11.32,12220.3,11211.3,2
20241207,46,11.41,12220.3,11211.3,2
20241207,46,11.46,12220.3,11210.9,2
20241207,46,11.47,12220.3,11180.9,2
20241207,46,11.48,12240.4,11171.0,2
20241207,46,11.50,12240.4,11171.0,2
20241207,46,11.54,12249.4,11025.9,2
20241207,46,11.65,12249.4,10902.9,2
20241207,46,11.66,12249.4,10779.9,2
20241207,46,11.73,12249.4,10749.9,2
20241207,46,11.76,12249.5,10732.4,2
20241207,46,11.79,12249.5,10732.4,2
20241207,46,11.87,12249.5,10727.4,2
20241207,46,12.00,12249.5,10604.4,2
20241207,46,12.02,12250.7,10561.3,2
20241207,46,12.04,12280.7,10561.3,2
20241207,46,12.05,12280.7,10561.3,2
20241207,46,12.28,12280.7,10537.0,2
20241207,46,12.31,12280.7,10536.8,2
20241207,46,12.35,12295.1,10533.0,2
20241207,46,12.50,12295.1,10533.0,2
20241207,46,12.62,12315.1,10503.0,2
20241207,46,12.69,12315.9,10503.0,2
20241207,46,12.88,12315.9,10503.0,2
20241207,46,12.89,12345.9,10443.0,2
20241207,46,13.00,12345.9,10443.0,2
20241207,46,13.01,12349.6,10378.9,2
20241207,46,13.10,12349.6,10376.1,2
20241207,46,13.13,12389.6,10373.3,2
20241207,46,13.17,12389.6,10373.3,2
20241207,46,13.19,12412.6,10372.5,2
20241207,46,13.21,12412.6,10372.5,2
20241207,46,13.27,12441.5,10369.5,2
20241207,46,13.38,12471.5,10369.5,2
20241207,46,13.48,12478.2,10369.5,2
20241207,46,13.49,12478.2,10369.3,2
20241207,46,13.99,12498.2,10310.3,2
20241207,46,14.00,12498.2,10310.3,2
20241207,46,14.01,12498.6,10306.3,2
20241207,46,14.11,12498.6,10304.8,2
20241207,46,14.12,12527.6,10301.7,2
20241207,46,14.26,12567.6,10301.7,2
20241207,46,14.30,12567.6,10301.7,2
20241207,46,14.40,12600.6,10230.1,2
20241207,46,14.50,12600.6,10230.1,2
20241207,46,14.63,12651.6,10210.1,2
20241207,46,14.66,12704.6,10210.1,2
20241207,46,14.68,12704.6,10210.1,2
20241207,46,14.72,12757.6,10209.9,2
20241207,46,14.73,12807.6,10209.9,2
20241207,46,14.88,12875.6,10209.9,2
20241207,46,14.93,12953.6,10209.9,2
20241207,46,14.98,13023.6,10209.9,2
20241207,46,15.00,13033.6,10209.9,2
20241207,46,15.01,13072.6,10209.5,2
20241207,46,15.03,13145.6,10208.3,2
20241207,46,15.12,13145.6,10208.3,2
20241207,46,15.27,13155.7,10195.0,2
20241207,46,15.39,13265.7,10195.0,2
20241207,46,15.70,13265.7,10195.0,2
20241207,46,15.87,13265.7,10194.9,2
20241207,46,15.91,13265.7,10194.7,2
20241207,46,15.98,13265.7,10193.8,2
20241207,46,16.00,13265.7,10192.2,2
20241207,46,16.06,13365.7,10159.2,2
20241207,46,16.27,13365.7,10159.2,2
20241207,46,16.28,13365.7,10159.1,2
20241207,46,16.41,13365.7,10158.7,2
20241207,46,16.50,13370.7,10079.7,2
20241207,46,16.92,13370.7,10078.7,2
20241207,46,17.00,13370.7,10077.8,2
20241207,46,17.01,13374.6,10049.8,2
20241207,46,17.03,13374.6,10044.1,2
20241207,46,17.07,13374.6,10030.2,2
20241207,46,17.17,13474.6,10030.0,2
20241207,46,17.20,13474.6,10030.0,2
20241207,46,18.13,13574.6,10029.4,2
20241207,46,18.27,13574.6,10029.4,2
20241207,46,18.50,13574.6,10028.5,2
20241207,46,19.42,14044.6,10027.7,2
20241207,46,20.00,14044.6,10027.7,2
20241207,46,20.68,14044.6,10020.9,2
20241207,46,20.98,14044.6,10020.1,2
20241207,46,21.27,14044.6,10004.9,2
20241207,46,21.28,14044.6,10004.6,2
20241207,46,22.00,14044.6,10000.9,2
20241207,46,23.18,14044.6,9946.2,2
20241207,46,24.22,14044.6,9945.3,2
20241207,46,24.43,14044.6,9944.5,2
20241207,46,27.50,14044.6,9936.8,2
20241207,46,28.87,14054.2,9933.2,2
20241207,46,29.00,14054.2,9933.2,2
20241207,46,29.90,14054.2,9933.1,2
20241207,46,30.00,14054.2,9932.5,2
20241207,46,32.00,14054.2,9899.2,2
20241207,46,33.74,14054.2,9898.9,2
20241207,46,35.00,14054.2,9824.3,2
20241207,46,36.00,14054.2,9814.3,2
20241207,46,36.54,14054.2,9789.3,2
20241207,46,36.79,14054.2,9787.4,2
20241207,46,39.69,14595.2,9776.3,2
20241207,46,40.00,14595.2,9776.3,2
20241207,46,42.43,14595.2,9739.1,2
20241207,46,45.00,14595.2,9737.5,2
20241207,46,45.01,14595.2,9697.8,2
20241207,46,46.00,14595.2,9298.4,2
20241207,46,50.00,14595.2,9273.4,2
20241207,46,55.00,14595.2,9205.5,2
20241207,46,60.00,14595.2,9167.7,2
20241207,46,61.98,14595.2,9125.1,2
20241207,46,77.80,14595.2,9107.2,2
20241207,46,79.90,14595.2,9054.4,2
20241207,46,80.00,14595.2,9054.0,2
20241207,46,80.01,14595.2,8593.4,2
20241207,46,80.21,14745.1,8574.7,2
20241207,46,82.01,14745.1,8574.7,2
20241207,46,85.00,14745.1,8529.1,2
20241207,46,90.00,14745.1,8528.3,2
20241207,46,94.95,14745.1,8526.5,2
20241207,46,99.00,14745.1,8524.9,2
20241207,46,99.90,14745.1,8524.7,2
20241207,46,100.00,14910.9,8523.9,2
20241207,46,100.01,14918.8,8343.9,2
20241207,46,101.00,14918.8,8343.9,2
20241207,46,107.87,14918.8,8260.6,2
20241207,46,120.10,14918.8,8258.9,2
20241207,46,120.79,14918.8,8253.8,2
20241207,46,133.71,14918.8,8252.2,2
20241207,46,138.00,14918.8,8250.5,2
20241207,46,150.00,14918.8,8151.0,2
20241207,46,190.00,14918.8,8109.8,2
20241207,46,200.00,14918.8,8109.4,2
20241207,46,200.01,14918.8,7341.5,2
20241207,46,200.10,14918.8,6233.2,2
20241207,46,200.50,14918.8,6232.8,2
20241207,46,201.00,14918.8,6232.6,2
20241207,46,210.00,14918.8,6228.6,2
20241207,46,250.00,14918.8,4945.4,2
20241207,46,299.99,14919.0,4938.4,2
20241207,46,300.00,14919.0,4938.4,2
20241207,46,550.02,14919.0,4930.4,2
20241207,46,999.00,14919.0,4749.1,2
20241207,46,999.99,14919.0,0.0,2
20241207,47,0.00,0.0,18160.5,0
20241207,47,0.00,3444.2,18160.5,0
20241207,47,0.01,12695.9,18160.5,0
20241207,47,0.02,12731.5,18157.3,0
20241207,47,0.03,12735.3,18156.9,0
20241207,47,0.04,12759.4,18156.9,0
20241207,47,0.10,12759.4,18156.9,0
20241207,47,0.69,12962.2,18125.4,0
20241207,47,1.00,13181.6,18125.4,0
20241207,47,1.01,13186.5,18108.8,0
20241207,47,1.59,13187.5,18105.7,0
20241207,47,2.00,13232.0,18105.7,0
20241207,47,2.01,13232.0,18105.7,0
20241207,47,2.49,13235.6,17805.7,0
20241207,47,3.00,13237.7,17805.7,0
20241207,47,3.01,13238.3,17725.7,0
20241207,47,3.39,13240.3,17625.7,0
20241207,47,4.00,13244.7,17625.7,0
20241207,47,4.29,13246.7,17625.7,0
20241207,47,4.97,13249.0,17625.7,0
20241207,47,5.00,13352.8,17625.7,0
20241207,47,5.01,13352.8,17503.1,0
20241207,47,5.19,13354.8,17196.3,0
20241207,47,5.90,13354.8,17196.3,0
20241207,47,6.00,13375.8,17180.4,0
20241207,47,6.09,13377.8,17180.4,0
20241207,47,6.26,13377.8,17180.4,0
20241207,47,6.60,13378.4,17174.4,0
20241207,47,6.99,13380.4,17174.4,0
20241207,47,7.00,13380.4,17174.4,0
20241207,47,7.44,13382.7,17164.4,0
20241207,47,7.50,13402.7,17164.4,0
20241207,47,7.89,13413.7,17164.4,0
20241207,47,8.00,13424.2,17164.4,0
20241207,47,8.01,13424.7,17149.8,0
20241207,47,8.50,13428.7,17149.8,0
20241207,47,8.79,13431.7,17149.8,0
20241207,47,8.85,13431.7,17149.8,0
20241207,47,9.00,13451.7,16992.8,0
20241207,47,9.01,13451.7,16992.8,0
20241207,47,9.57,13451.7,16986.5,0
20241207,47,9.60,13451.7,16847.5,0
20241207,47,9.69,13454.7,16847.4,0
20241207,47,9.71,13454.7,16847.4,0
20241207,47,9.73,13454.7,16656.4,0
20241207,47,9.80,13454.7,16611.4,0
20241207,47,9.85,13454.7,16611.3,0
20241207,47,9.92,13457.0,16329.3,0
20241207,47,9.99,13457.0,16329.3,0
20241207,47,10.00,13459.5,16299.3,0
20241207,47,10.25,13459.5,16298.3,0
20241207,47,10.50,13459.5,15724.3,0
20241207,47,10.59,13462.5,15659.3,0
20241207,47,10.81,13462.5,15659.3,0
20241207,47,11.13,13462.5,15636.3,0
20241207,47,11.26,13462.5,15636.1,0
20241207,47,11.34,13462.5,15442.2,0
20241207,47,11.39,13462.5,14977.0,0
20241207,47,11.40,13462.5,14976.5,0
20241207,47,11.49,13465.5,14976.3,0
20241207,47,11.50,13514.1,14976.3,0
20241207,47,11.79,13514.1,14879.8,0
20241207,47,12.00,13595.7,14863.1,0
20241207,47,12.13,13595.7,14862.5,0
20241207,47,12.39,13598.7,14843.1,0
20241207,47,12.40,13601.0,14843.1,0
20241207,47,12.45,13602.4,14842.8,0
20241207,47,12.50,13605.9,14842.8,0
20241207,47,12.68,13606.4,14820.8,0
20241207,47,12.80,13606.4,14820.8,0
20241207,47,12.94,13606.5,14820.7,0
20241207,47,12.96,13607.0,14820.7,0
20241207,47,13.00,13632.0,14820.7,0
20241207,47,13.12,13632.0,14820.5,0
20241207,47,13.20,13639.5,14655.5,0
20241207,47,13.24,13639.9,14655.5,0
20241207,47,13.29,13642.9,14655.5,0
20241207,47,13.34,13642.9,14655.5,0
20241207,47,13.52,13643.4,14625.5,0
20241207,47,13.64,13646.9,14625.5,0
20241207,47,13.80,13647.3,14625.5,0
20241207,47,13.92,13647.3,14621.5,0
20241207,47,13.94,13647.3,14421.5,0
20241207,47,14.00,13647.3,14419.9,0
20241207,47,14.01,13657.3,14399.8,0
20241207,47,14.09,13657.3,14393.6,0
20241207,47,14.20,13657.3,14193.6,0
20241207,47,14.29,13657.3,13993.6,0
20241207,47,14.35,13657.3,13793.6,0
20241207,47,14.38,13722.3,13593.6,0
20241207,47,14.40,13729.8,13518.9,0
20241207,47,14.49,13729.8,13318.9,0
20241207,47,14.50,13729.8,13118.9,0
20241207,47,14.64,13729.8,13114.8,0
20241207,47,14.76,13729.8,12914.8,0
20241207,47,15.00,13779.8,12714.8,0
20241207,47,15.03,13779.8,12680.4,0
20241207,47,15.09,13779.8,12480.4,0
20241207,47,15.20,14023.8,12480.1,0
20241207,47,15.45,14216.8,12480.1,0
20241207,47,15.50,14341.8,12480.1,0
20241207,47,15.60,14344.3,12480.1,0
20241207,47,15.90,14344.3,12480.1,0
20241207,47,15.91,14442.3,12479.9,0
20241207,47,15.93,14545.3,12479.9,0
20241207,47,15.94,14545.3,12479.9,0
20241207,47,15.99,14545.3,12476.6,0
20241207,47,16.00,14545.3,12473.6,0
20241207,47,16.50,14615.3,12424.8,0
20241207,47,16.59,14615.3,12424.8,0
20241207,47,16.65,14615.3,12423.4,0
20241207,47,16.70,14615.3,12378.9,0
20241207,47,16.89,14615.3,12369.9,0
20241207,47,17.00,14635.3,12367.5,0
20241207,47,17.43,14635.3,12363.2,0
20241207,47,17.50,14635.3,12363.0,0
20241207,47,17.73,14635.3,12362.0,0
20241207,47,17.79,14635.3,12340.0,0
20241207,47,18.01,14635.6,12338.4,0
20241207,47,18.20,14685.5,12338.4,0
20241207,47,18.40,14685.5,12338.4,0
20241207,47,18.43,14759.5,12336.3,0
20241207,47,18.50,14789.5,12336.3,0
20241207,47,18.69,14789.5,12336.1,0
20241207,47,18.78,14789.5,12335.1,0
20241207,47,18.79,14793.1,12326.5,0
20241207,47,18.90,14793.1,12326.5,0
20241207,47,19.24,14793.1,12192.5,0
20241207,47,19.25,14793.1,12183.3,0
20241207,47,19.29,14845.1,12157.8,0
20241207,47,19.50,14845.1,12157.8,0
20241207,47,19.56,14987.1,12157.6,0
20241207,47,19.59,14987.1,12157.6,0
20241207,47,19.63,15128.1,12156.6,0
20241207,47,19.66,15270.1,12156.6,0
20241207,47,19.70,15411.1,12156.6,0
20241207,47,19.77,15553.1,12156.6,0
20241207,47,19.80,15694.1,12156.6,0
20241207,47,20.00,15694.1,12156.6,0
20241207,47,20.07,15709.1,12127.1,0
20241207,47,20.12,15709.1,12127.1,0
20241207,47,20.49,15709.1,12121.3,0
20241207,47,21.00,15709.1,12120.3,0
20241207,47,21.02,15709.1,12120.1,0
20241207,47,21.10,15720.4,11320.1,0
20241207,47,21.33,15720.4,11320.1,0
20241207,47,21.39,15720.4,11093.7,0
20241207,47,22.26,15720.4,11092.7,0
20241207,47,22.29,15720.4,11090.9,0
20241207,47,22.35,15862.4,11089.9,0
20241207,47,22.72,15862.4,11089.9,0
20241207,47,23.19,15862.4,11089.8,0
20241207,47,23.40,15862.4,11088.8,0
20241207,47,24.04,15862.4,11069.0,0
20241207,47,24.09,15862.4,11067.4,0
20241207,47,24.99,15862.4,11066.4,0
20241207,47,25.00,15862.4,11059.0,0
20241207,47,25.57,16003.4,11040.0,0
20241207,47,26.00,16003.4,11040.0,0
20241207,47,28.80,16145.4,10972.2,0
20241207,47,29.72,16145.4,10972.2,0
20241207,47,29.90,16145.4,10972.1,0
20241207,47,30.00,16145.4,10971.3,0
20241207,47,31.00,16145.4,10943.7,0
20241207,47,31.36,16145.4,10942.6,0
20241207,47,32.00,16145.4,10391.8,0
20241207,47,32.73,16145.4,10361.8,0
20241207,47,33.62,16292.7,10288.2,0
20241207,47,35.00,16292.7,10288.2,0
20241207,47,36.72,16292.7,10287.9,0
20241207,47,37.50,16292.7,10287.6,0
20241207,47,40.00,16292.7,10248.2,0
20241207,47,40.01,16292.7,10214.2,0
20241207,47,41.36,16292.7,10185.2,0
20241207,47,45.00,16292.7,10178.2,0
20241207,47,45.01,16292.7,10157.5,0
20241207,47,48.32,16292.7,10153.3,0
20241207,47,50.00,16293.9,10127.6,0
20241207,47,50.01,16293.9,9896.8,0
20241207,47,50.90,16293.9,9893.8,0
20241207,47,55.00,16293.9,9893.1,0
20241207,47,60.00,16293.9,9872.3,0
20241207,47,62.60,16293.9,9805.1,0
20241207,47,70.00,16293.9,9791.7,0
20241207,47,72.00,16293.9,9791.6,0
20241207,47,77.80,16293.9,9791.5,0
20241207,47,79.90,16293.9,9744.7,0
20241207,47,80.00,16293.9,9744.1,0
20241207,47,80.01,16293.9,9268.3,0
20241207,47,81.00,16293.9,9217.4,0
20241207,47,82.01,16293.9,9216.9,0
20241207,47,85.00,16293.9,9130.2,0
20241207,47,90.00,16293.9,9128.6,0
20241207,47,99.90,16293.9,9126.5,0
20241207,47,100.00,16293.9,9119.5,0
20241207,47,100.01,16315.6,8957.0,0
20241207,47,101.00,16315.6,8957.0,0
20241207,47,120.10,16315.6,8951.5,0
20241207,47,138.00,16315.6,8935.0,0
20241207,47,150.00,16315.6,8889.7,0
20241207,47,151.00,16315.6,8833.1,0
20241207,47,190.00,16315.6,8794.8,0
20241207,47,200.00,16315.6,8794.7,0
20241207,47,200.01,16315.6,7441.0,0
20241207,47,200.10,16315.6,6679.1,0
20241207,47,200.98,16315.6,6571.3,0
20241207,47,200.99,16315.6,6571.2,0
20241207,47,201.00,16315.6,6571.1,0
20241207,47,210.00,16315.6,6539.2,0
20241207,47,250.00,16315.6,6157.8,0
20241207,47,299.99,16315.7,6021.4,0
20241207,47,300.00,16315.7,6021.4,0
20241207,47,500.00,16315.7,5925.2,0
20241207,47,550.02,16315.7,5915.2,0
20241207,47,900.00,16315.7,5802.1,0
20241207,47,999.00,16315.7,5799.1,0
20241207,47,999.99,16315.7,0.0,0
20241207,47,0.00,0.0,14196.9,2
20241207,47,0.00,3623.8,14196.9,2
20241207,47,0.01,10548.4,14196.9,2
20241207,47,0.02,10663.7,14192.8,2
20241207,47,0.03,10663.7,14182.8,2
20241207,47,0.10,10688.3,14182.0,2
20241207,47,1.00,10745.3,14182.0,2
20241207,47,1.01,10746.9,14106.6,2
20241207,47,2.00,10769.9,14102.5,2
20241207,47,2.01,10769.9,14094.5,2
20241207,47,2.21,10777.1,13794.5,2
20241207,47,3.00,10777.6,13794.5,2
20241207,47,3.01,10777.6,13521.5,2
20241207,47,4.27,10836.0,13421.5,2
20241207,47,4.41,10843.2,13421.5,2
20241207,47,5.00,10877.3,13421.5,2
20241207,47,5.01,10877.7,13318.3,2
20241207,47,5.42,10877.7,13107.1,2
20241207,47,6.00,10933.2,13052.1,2
20241207,47,6.01,10935.2,13042.1,2
20241207,47,6.10,10947.8,13042.1,2
20241207,47,6.19,10947.8,13042.1,2
20241207,47,6.35,10948.7,12842.1,2
20241207,47,6.50,10950.8,12842.1,2
20241207,47,6.60,10958.0,12842.1,2
20241207,47,7.00,10958.0,12842.1,2
20241207,47,7.25,10959.0,12841.4,2
20241207,47,7.50,10959.0,12841.4,2
20241207,47,7.51,10959.0,12831.7,2
20241207,47,7.80,10959.0,12531.7,2
20241207,47,7.81,10959.0,12487.7,2
20241207,47,8.00,10959.0,12387.7,2
20241207,47,8.01,10960.0,12283.7,2
20241207,47,8.04,10960.0,12283.7,2
20241207,47,8.15,10961.0,12183.7,2
20241207,47,8.69,10961.0,12183.7,2
20241207,47,8.80,10968.3,12182.5,2
20241207,47,9.00,10968.3,12182.5,2
20241207,47,9.01,10968.3,12181.4,2
20241207,47,9.05,10970.2,12176.5,2
20241207,47,9.39,10973.2,12176.5,2
20241207,47,9.41,10983.9,12176.5,2
20241207,47,9.50,10983.9,12171.5,2
20241207,47,9.63,10983.9,12151.5,2
20241207,47,9.65,11169.9,12121.5,2
20241207,47,9.73,11169.9,12121.5,2
20241207,47,9.81,11169.9,12120.6,2
20241207,47,9.90,11169.9,12105.6,2
20241207,47,10.00,11172.7,12101.9,2
20241207,47,10.01,11176.8,12056.1,2
20241207,47,10.14,11176.8,12052.6,2
20241207,47,10.15,11176.8,12036.2,2
20241207,47,10.23,11176.8,11936.2,2
20241207,47,10.30,11246.5,11906.2,2
20241207,47,10.39,11246.5,11906.2,2
20241207,47,10.43,11255.5,11891.2,2
20241207,47,10.44,11255.5,11891.2,2
20241207,47,10.45,11268.9,11743.2,2
20241207,47,10.50,11268.9,11733.2,2
20241207,47,10.67,11268.9,11703.2,2
20241207,47,10.68,11268.9,11648.2,2
20241207,47,10.79,11268.9,11645.0,2
20241207,47,10.80,11268.9,11498.0,2
20241207,47,10.81,11268.9,11351.0,2
20241207,47,10.83,11268.9,11334.6,2
20241207,47,10.85,11308.4,11304.6,2
20241207,47,10.93,11308.4,11304.2,2
20241207,47,10.95,11317.4,11202.2,2
20241207,47,10.97,11317.4,11202.2,2
20241207,47,11.00,11317.4,11197.2,2
20241207,47,11.01,11317.6,11168.6,2
20241207,47,11.04,11317.6,11167.3,2
20241207,47,11.08,11317.6,11020.3,2
20241207,47,11.11,11318.1,10916.3,2
20241207,47,11.12,11319.1,10916.3,2
20241207,47,11.23,11332.0,10916.3,2
20241207,47,11.32,12042.0,10916.3,2
20241207,47,11.44,12042.0,10916.3,2
20241207,47,11.50,12056.4,10886.3,2
20241207,47,11.54,12056.4,10742.3,2
20241207,47,11.61,12056.4,10619.3,2
20241207,47,11.62,12056.4,10589.3,2
20241207,47,11.63,12076.5,10579.4,2
20241207,47,11.65,12076.5,10579.4,2
20241207,47,11.70,12076.5,10456.4,2
20241207,47,11.73,12076.6,10456.2,2
20241207,47,11.75,12076.6,10456.2,2
20241207,47,11.79,12077.9,10452.5,2
20241207,47,11.87,12077.9,10452.5,2
20241207,47,12.00,12077.9,10329.5,2
20241207,47,12.12,12107.9,10264.5,2
20241207,47,12.16,12107.9,10264.5,2
20241207,47,12.20,12137.9,10263.4,2
20241207,47,12.50,12137.9,10263.4,2
20241207,47,12.52,12140.9,10253.4,2
20241207,47,12.54,12147.6,10253.4,2
20241207,47,12.58,12177.6,10253.4,2
20241207,47,12.63,12177.6,10253.4,2
20241207,47,12.65,12177.6,10193.2,2
20241207,47,12.69,12178.4,10190.2,2
20241207,47,12.78,12198.4,10190.2,2
20241207,47,12.90,12198.4,10190.2,2
20241207,47,13.00,12198.4,10187.9,2
20241207,47,13.01,12201.8,10124.1,2
20241207,47,13.04,12230.7,10121.4,2
20241207,47,13.13,12270.7,10121.4,2
20241207,47,13.16,12290.7,10121.4,2
20241207,47,13.23,12290.7,10121.4,2
20241207,47,13.31,12290.7,10062.4,2
20241207,47,13.36,12310.7,10061.4,2
20241207,47,13.55,12310.7,10061.4,2
20241207,47,13.56,12310.7,10059.4,2
20241207,47,13.83,12310.7,10059.2,2
20241207,47,13.84,12339.7,10058.2,2
20241207,47,13.85,12359.7,10058.2,2
20241207,47,14.00,12359.7,10058.2,2
20241207,47,14.01,12360.1,10054.2,2
20241207,47,14.26,12400.1,10054.2,2
20241207,47,14.45,12430.1,10054.2,2
20241207,47,14.47,12430.1,10053.1,2
20241207,47,14.48,12430.1,10050.5,2
20241207,47,14.50,12430.1,10050.3,2
20241207,47,14.63,12438.1,10030.3,2
20241207,47,14.66,12449.1,10030.3,2
20241207,47,14.72,12464.1,10030.3,2
20241207,47,14.88,12494.1,10030.3,2
20241207,47,14.93,12531.1,10030.3,2
20241207,47,14.98,12566.1,10030.3,2
20241207,47,15.00,12576.1,10030.3,2
20241207,47,15.01,12677.1,10029.9,2
20241207,47,15.02,12686.6,10029.9,2
20241207,47,15.03,12725.6,10029.9,2
20241207,47,15.04,12735.6,10029.9,2
20241207,47,15.12,12735.6,10029.9,2
20241207,47,15.35,12735.6,10018.4,2
20241207,47,15.39,12855.6,10017.8,2
20241207,47,15.41,12855.6,10017.8,2
20241207,47,15.45,12855.6,10017.6,2
20241207,47,15.46,12855.6,10016.0,2
20241207,47,15.47,12855.6,10015.9,2
20241207,47,15.70,12855.6,10015.5,2
20241207,47,16.00,12855.6,10015.4,2
20241207,47,16.03,12855.6,9982.5,2
20241207,47,16.06,12955.6,9981.7,2
20241207,47,16.33,12955.6,9981.7,2
20241207,47,16.50,12960.6,9980.8,2
20241207,47,17.00,12960.6,9979.8,2
20241207,47,17.01,12964.3,9951.8,2
20241207,47,17.17,13064.3,9946.2,2
20241207,47,17.20,13064.3,9946.2,2
20241207,47,17.33,13064.3,9945.7,2
20241207,47,17.44,13064.3,9932.6,2
20241207,47,18.13,13164.3,9858.8,2
20241207,47,18.50,13164.3,9858.8,2
20241207,47,18.62,13164.3,9858.0,2
20241207,47,19.42,13634.3,9857.1,2
20241207,47,20.00,13634.3,9857.1,2
20241207,47,20.45,13634.3,9850.8,2
20241207,47,20.46,13634.3,9835.6,2
20241207,47,20.47,13634.3,9835.3,2
20241207,47,21.22,13634.3,9831.5,2
20241207,47,22.00,13634.3,9830.7,2
20241207,47,22.95,13634.3,9779.7,2
20241207,47,23.67,13634.3,9778.8,2
20241207,47,23.81,13634.3,9778.0,2
20241207,47,27.50,13634.3,9771.8,2
20241207,47,28.87,13643.9,9768.5,2
20241207,47,29.90,13643.9,9768.5,2
20241207,47,30.00,13643.9,9767.9,2
20241207,47,31.94,13643.9,9738.0,2
20241207,47,32.00,13643.9,9669.2,2
20241207,47,32.66,13643.9,9669.1,2
20241207,47,32.73,13643.9,9667.3,2
20241207,47,35.00,13643.9,9643.0,2
20241207,47,36.00,13643.9,9633.6,2
20241207,47,36.79,13643.9,9608.6,2
20241207,47,39.69,14173.9,9597.5,2
20241207,47,40.00,14173.9,9597.5,2
20241207,47,45.00,14173.9,9561.8,2
20241207,47,45.01,14173.9,9527.2,2
20241207,47,45.39,14173.9,9216.3,2
20241207,47,46.00,14173.9,9214.7,2
20241207,47,50.00,14173.9,9189.7,2
20241207,47,55.00,14173.9,9125.8,2
20241207,47,58.31,14173.9,9088.6,2
20241207,47,60.00,14173.9,9087.0,2
20241207,47,61.85,14173.9,9046.8,2
20241207,47,71.23,14173.9,9029.7,2
20241207,47,77.80,14173.9,9028.0,2
20241207,47,79.90,14173.9,8982.0,2
20241207,47,80.00,14173.9,8981.6,2
20241207,47,80.01,14173.9,8550.0,2
20241207,47,80.21,14323.8,8531.8,2
20241207,47,82.01,14323.8,8531.8,2
20241207,47,84.15,14323.8,8488.2,2
20241207,47,85.00,14323.8,8486.6,2
20241207,47,90.00,14323.8,8485.9,2
20241207,47,97.07,14323.8,8484.3,2
20241207,47,99.00,14323.8,8482.6,2
20241207,47,99.90,14323.8,8482.4,2
20241207,47,100.00,14489.6,8481.5,2
20241207,47,100.01,14497.5,8302.7,2
20241207,47,101.00,14497.5,8302.7,2
20241207,47,120.10,14497.5,8219.4,2
20241207,47,138.00,14497.5,8214.5,2
20241207,47,150.00,14497.5,8117.5,2
20241207,47,190.00,14497.5,8077.0,2
20241207,47,200.00,14497.5,8076.8,2
20241207,47,200.01,14497.5,7325.5,2
20241207,47,200.10,14497.5,6225.1,2
20241207,47,200.50,14497.5,6224.7,2
20241207,47,201.00,14497.5,6224.5,2
20241207,47,210.00,14497.5,6220.5,2
20241207,47,250.00,14497.5,4933.5,2
20241207,47,299.99,14497.7,4926.8,2
20241207,47,300.00,14497.7,4926.8,2
20241207,47,550.02,14497.7,4918.8,2
20241207,47,999.00,14497.7,4737.5,2
20241207,47,999.99,14497.7,0.0,2
20241207,48,0.00,0.0,17518.4,0
20241207,48,0.00,3421.1,17518.4,0
20241207,48,0.01,12638.9,17518.4,0
20241207,48,0.02,12677.0,17515.3,0
20241207,48,0.03,12680.8,17514.9,0
20241207,48,0.04,12705.5,17514.9,0
20241207,48,0.10,12705.5,17514.9,0
20241207,48,0.22,12921.5,17491.9,0
20241207,48,1.00,13146.3,17491.9,0
20241207,48,1.01,13150.9,17475.3,0
20241207,48,1.12,13151.9,17472.2,0
20241207,48,2.00,13196.8,17472.2,0
20241207,48,2.01,13196.8,17472.2,0
20241207,48,2.02,13198.4,17172.2,0
20241207,48,2.36,13200.7,17172.2,0
20241207,48,2.92,13202.7,17172.2,0
20241207,48,3.00,13204.8,17172.2,0
20241207,48,3.01,13205.0,17092.2,0
20241207,48,3.82,13207.0,16992.2,0
20241207,48,4.00,13212.4,16992.2,0
20241207,48,4.71,13214.7,16992.2,0
20241207,48,4.72,13216.7,16992.2,0
20241207,48,5.00,13321.1,16992.2,0
20241207,48,5.01,13321.1,16870.5,0
20241207,48,5.62,13323.1,16618.0,0
20241207,48,5.90,13323.1,16618.0,0
20241207,48,6.00,13344.0,16602.1,0
20241207,48,6.26,13344.0,16602.1,0
20241207,48,6.52,13346.0,16596.1,0
20241207,48,6.60,13346.6,16596.1,0
20241207,48,7.00,13346.6,16596.1,0
20241207,48,7.06,13348.9,16586.1,0
20241207,48,7.42,13359.9,16586.1,0
20241207,48,7.50,13379.9,16586.1,0
20241207,48,8.00,13391.2,16586.1,0
20241207,48,8.01,13391.7,16571.7,0
20241207,48,8.32,13394.7,16571.7,0
20241207,48,8.50,13398.7,16571.7,0
20241207,48,8.85,13398.7,16571.7,0
20241207,48,9.00,13418.7,16414.7,0
20241207,48,9.01,13418.7,16414.7,0
20241207,48,9.22,13421.7,16408.4,0
20241207,48,9.34,13421.7,16408.4,0
20241207,48,9.35,13421.7,16402.4,0
20241207,48,9.41,13424.0,16190.4,0
20241207,48,9.54,13424.0,16190.4,0
20241207,48,9.55,13424.0,15999.4,0
20241207,48,9.60,13424.0,15999.0,0
20241207,48,9.65,13424.0,15998.9,0
20241207,48,9.73,13424.0,15807.9,0
20241207,48,9.80,13424.0,15762.9,0
20241207,48,9.99,13424.0,15762.8,0
20241207,48,10.00,13426.5,15732.8,0
20241207,48,10.12,13429.5,15730.7,0
20241207,48,10.21,13429.8,15730.7,0
20241207,48,10.25,13429.8,15730.7,0
20241207,48,10.29,13430.3,15156.7,0
20241207,48,10.38,13430.7,15156.7,0
20241207,48,10.46,13431.1,15156.7,0
20241207,48,10.55,13431.5,15156.7,0
20241207,48,10.63,13431.9,15156.7,0
20241207,48,11.00,13439.1,15156.7,0
20241207,48,11.02,13442.1,15156.7,0
20241207,48,11.15,13442.1,15156.7,0
20241207,48,11.26,13442.1,15156.5,0
20241207,48,11.34,13442.1,15059.6,0
20241207,48,11.40,13442.1,14594.4,0
20241207,48,11.50,13499.2,14594.2,0
20241207,48,11.76,13501.5,14497.7,0
20241207,48,11.92,13504.5,14497.7,0
20241207,48,11.97,13507.0,14497.7,0
20241207,48,11.99,13507.5,14497.7,0
20241207,48,12.00,13587.0,14497.7,0
20241207,48,12.04,13587.0,14497.1,0
20241207,48,12.13,13587.0,14481.6,0
20241207,48,12.21,13587.5,14462.2,0
20241207,48,12.40,13587.5,14462.2,0
20241207,48,12.44,13587.9,14461.9,0
20241207,48,12.45,13589.3,14461.9,0
20241207,48,12.49,13589.4,14461.9,0
20241207,48,12.50,13592.9,14461.9,0
20241207,48,12.66,13593.9,14440.4,0
20241207,48,12.80,13593.9,14440.4,0
20241207,48,12.82,13596.9,14440.3,0
20241207,48,12.89,13599.7,14440.3,0
20241207,48,12.96,13599.7,14440.3,0
20241207,48,13.00,13734.7,14438.7,0
20241207,48,13.06,13734.7,14438.6,0
20241207,48,13.12,13734.7,14408.6,0
20241207,48,13.17,13742.2,14243.6,0
20241207,48,13.64,13745.5,14243.6,0
20241207,48,13.65,13844.5,14243.6,0
20241207,48,13.71,13844.5,14243.6,0
20241207,48,13.79,13844.5,14043.6,0
20241207,48,13.91,13844.5,13843.6,0
20241207,48,14.00,13844.5,13643.6,0
20241207,48,14.01,13854.2,13623.5,0
20241207,48,14.02,13854.2,13617.3,0
20241207,48,14.19,13854.2,13417.3,0
20241207,48,14.23,13854.2,13217.3,0
20241207,48,14.28,13854.2,13147.3,0
20241207,48,14.33,13854.2,12947.3,0
20241207,48,14.36,13861.7,12747.3,0
20241207,48,14.40,13861.7,12747.3,0
20241207,48,14.44,13861.7,12547.3,0
20241207,48,14.50,13861.7,12347.3,0
20241207,48,14.60,14105.7,12343.1,0
20241207,48,14.62,14105.7,12343.1,0
20241207,48,14.64,14105.7,12342.8,0
20241207,48,14.91,14252.7,12142.8,0
20241207,48,15.00,14302.7,12142.8,0
20241207,48,15.34,14302.7,12110.2,0
20241207,48,15.50,14427.7,12107.6,0
20241207,48,15.52,14569.7,12107.0,0
20241207,48,15.56,14572.2,12104.0,0
20241207,48,15.58,14713.2,12104.0,0
20241207,48,15.79,14855.2,12104.0,0
20241207,48,15.90,14855.2,12104.0,0
20241207,48,15.93,14958.2,12103.8,0
20241207,48,16.00,14958.2,12103.8,0
20241207,48,16.11,15008.1,12056.4,0
20241207,48,16.42,15008.1,12056.4,0
20241207,48,16.50,15078.1,12054.1,0
20241207,48,16.59,15078.1,12054.1,0
20241207,48,16.65,15078.1,12052.7,0
20241207,48,16.70,15078.1,12009.1,0
20241207,48,17.00,15098.1,12000.1,0
20241207,48,17.32,15098.1,11995.7,0
20241207,48,17.43,15098.1,11994.2,0
20241207,48,17.50,15098.1,11994.0,0
20241207,48,17.73,15098.1,11993.7,0
20241207,48,18.01,15098.4,11971.7,0
20241207,48,18.20,15098.4,11971.7,0
20241207,48,18.22,15098.4,11969.6,0
20241207,48,18.43,15172.4,11968.6,0
20241207,48,18.50,15202.4,11968.6,0
20241207,48,18.78,15202.4,11968.0,0
20241207,48,18.79,15207.9,11862.3,0
20241207,48,19.12,15207.9,11862.3,0
20241207,48,19.17,15259.9,11861.3,0
20241207,48,19.21,15259.9,11861.3,0
20241207,48,19.56,15400.9,11841.2,0
20241207,48,19.59,15542.9,11841.2,0
20241207,48,19.63,15683.9,11841.2,0
20241207,48,19.70,15825.9,11841.2,0
20241207,48,19.73,15966.9,11841.2,0
20241207,48,19.75,16025.9,11841.2,0
20241207,48,19.80,16167.9,11841.2,0
20241207,48,20.00,16167.9,11841.2,0
20241207,48,20.02,16167.9,11813.0,0
20241207,48,20.12,16167.9,11812.0,0
20241207,48,20.50,16167.9,11807.3,0
20241207,48,20.75,16308.9,11807.1,0
20241207,48,20.92,16308.9,11807.1,0
20241207,48,21.02,16308.9,11806.1,0
20241207,48,21.10,16320.4,11006.1,0
20241207,48,21.27,16320.4,11006.1,0
20241207,48,21.61,16320.4,10801.2,0
20241207,48,21.82,16320.4,10801.1,0
20241207,48,22.18,16320.4,10800.1,0
20241207,48,22.72,16320.4,10798.8,0
20241207,48,23.20,16320.4,10797.8,0
20241207,48,23.62,16320.4,10778.5,0
20241207,48,23.97,16462.4,10777.5,0
20241207,48,24.04,16462.4,10777.5,0
20241207,48,24.52,16462.4,10775.8,0
20241207,48,25.00,16462.4,10769.4,0
20241207,48,26.00,16462.4,10750.8,0
20241207,48,28.61,16462.4,10685.5,0
20241207,48,28.80,16603.4,10685.4,0
20241207,48,29.90,16603.4,10685.4,0
20241207,48,30.00,16603.4,10684.6,0
20241207,48,30.17,16603.4,10659.5,0
20241207,48,31.36,16603.4,10590.6,0
20241207,48,32.00,16603.4,10166.6,0
20241207,48,32.02,16745.4,10137.8,0
20241207,48,33.62,16790.8,10137.8,0
20241207,48,35.00,16790.8,10137.8,0
20241207,48,35.61,16790.8,10137.4,0
20241207,48,37.50,16790.8,10137.2,0
20241207,48,40.00,16790.8,10098.6,0
20241207,48,40.01,16790.8,10065.9,0
20241207,48,41.36,16790.8,9973.1,0
20241207,48,45.00,16790.8,9966.0,0
20241207,48,45.01,16790.8,9943.9,0
20241207,48,48.32,16790.8,9939.7,0
20241207,48,50.00,16791.8,9914.1,0
20241207,48,50.01,16791.8,9686.8,0
20241207,48,50.90,16791.8,9684.3,0
20241207,48,55.00,16791.8,9683.8,0
20241207,48,60.00,16791.8,9663.2,0
20241207,48,62.42,16791.8,9600.2,0
20241207,48,70.00,16791.8,9587.4,0
20241207,48,72.00,16791.8,9587.3,0
20241207,48,77.80,16791.8,9587.2,0
20241207,48,79.90,16791.8,9542.8,0
20241207,48,80.00,16791.8,9542.2,0
20241207,48,80.01,16791.8,9079.7,0
20241207,48,81.00,16791.8,9027.9,0
20241207,48,82.01,16791.8,9027.4,0
20241207,48,85.00,16791.8,8945.3,0
20241207,48,90.00,16791.8,8943.7,0
20241207,48,99.90,16791.8,8941.7,0
20241207,48,100.00,16791.8,8935.0,0
20241207,48,100.01,16813.5,8774.0,0
20241207,48,101.00,16813.5,8774.0,0
20241207,48,120.10,16813.5,8768.5,0
20241207,48,138.00,16813.5,8752.7,0
20241207,48,150.00,16813.5,8707.9,0
20241207,48,151.00,16813.5,8654.3,0
20241207,48,190.00,16813.5,8617.4,0
20241207,48,200.00,16813.5,8617.3,0
20241207,48,200.01,16813.5,7303.6,0
20241207,48,200.10,16813.5,6544.7,0
20241207,48,200.98,16813.5,6520.5,0
20241207,48,200.99,16813.5,6520.4,0
20241207,48,201.00,16813.5,6520.3,0
20241207,48,210.00,16813.5,6491.7,0
20241207,48,250.00,16813.5,6112.1,0
20241207,48,299.99,16813.6,5975.0,0
20241207,48,300.00,16813.6,5975.0,0
20241207,48,500.00,16813.6,5878.8,0
20241207,48,550.02,16813.6,5868.8,0
20241207,48,900.00,16813.6,5755.7,0
20241207,48,999.00,16813.6,5752.7,0
20241207,48,999.99,16813.6,0.0,0
20241207,48,0.00,0.0,13869.9,2
20241207,48,0.00,3623.7,13869.9,2
20241207,48,0.01,10589.3,13869.9,2
20241207,48,0.02,10704.6,13868.2,2
20241207,48,0.03,10704.6,13858.2,2
20241207,48,0.10,10729.4,13857.4,2
20241207,48,1.00,10788.9,13857.4,2
20241207,48,1.01,10790.4,13780.2,2
20241207,48,2.00,10811.9,13778.5,2
20241207,48,2.01,10811.9,13770.5,2
20241207,48,2.03,10819.1,13470.5,2
20241207,48,3.00,10819.6,13470.5,2
20241207,48,3.01,10819.6,13198.8,2
20241207,48,4.04,10826.8,13098.8,2
20241207,48,4.27,10885.2,13098.8,2
20241207,48,5.00,10920.6,13098.8,2
20241207,48,5.01,10920.9,12995.7,2
20241207,48,5.98,10921.8,12784.7,2
20241207,48,6.00,10978.5,12784.7,2
20241207,48,6.01,10979.1,12774.7,2
20241207,48,6.06,10986.3,12774.7,2
20241207,48,6.10,11000.5,12774.7,2
20241207,48,6.19,11000.5,12774.7,2
20241207,48,6.50,11002.6,12574.7,2
20241207,48,6.88,11003.6,12574.7,2
20241207,48,7.00,11003.6,12574.7,2
20241207,48,7.50,11003.6,12573.9,2
20241207,48,7.51,11003.6,12564.8,2
20241207,48,7.78,11004.6,12264.8,2
20241207,48,7.80,11004.6,12264.8,2
20241207,48,7.81,11004.6,12220.2,2
20241207,48,8.00,11004.6,12120.2,2
20241207,48,8.01,11005.6,12014.4,2
20241207,48,8.04,11005.6,12014.4,2
20241207,48,8.07,11012.9,11914.4,2
20241207,48,8.12,11012.9,11914.4,2
20241207,48,8.68,11014.9,11912.4,2
20241207,48,8.72,11014.9,11912.4,2
20241207,48,8.86,11014.9,11897.4,2
20241207,48,8.87,11017.9,11867.4,2
20241207,48,8.95,11018.0,11867.4,2
20241207,48,9.00,11018.0,11867.4,2
20241207,48,9.01,11019.6,11866.4,2
20241207,48,9.23,11019.6,11866.4,2
20241207,48,9.25,11019.6,11851.4,2
20241207,48,9.37,11030.3,11850.8,2
20241207,48,9.41,11030.3,11845.8,2
20241207,48,9.46,11030.3,11815.8,2
20241207,48,9.50,11030.3,11797.3,2
20241207,48,9.51,11030.5,11777.3,2
20241207,48,9.54,11030.5,11777.3,2
20241207,48,9.65,11249.5,11752.3,2
20241207,48,9.74,11249.5,11752.3,2
20241207,48,9.86,11258.5,11722.3,2
20241207,48,9.97,11258.5,11722.3,2
20241207,48,10.00,11261.2,11692.3,2
20241207,48,10.01,11265.1,11646.6,2
20241207,48,10.02,11265.1,11643.2,2
20241207,48,10.09,11272.3,11628.2,2
20241207,48,10.12,11273.7,11626.5,2
20241207,48,10.15,11275.1,11626.5,2
20241207,48,10.17,11276.6,11611.7,2
20241207,48,10.20,11278.1,11611.7,2
20241207,48,10.23,11279.4,11611.7,2
20241207,48,10.27,11279.4,11611.3,2
20241207,48,10.30,11349.1,11610.9,2
20241207,48,10.32,11349.1,11610.0,2
20241207,48,10.35,11358.1,11609.6,2
20241207,48,10.36,11358.1,11609.6,2
20241207,48,10.41,11371.5,11608.7,2
20241207,48,10.44,11371.5,11598.7,2
20241207,48,10.48,11371.5,11450.7,2
20241207,48,10.50,11371.5,11450.3,2
20241207,48,10.51,11372.0,11400.3,2
20241207,48,10.52,11372.0,11400.3,2
20241207,48,10.56,11372.0,11370.3,2
20241207,48,10.57,11372.0,11370.1,2
20241207,48,10.68,11372.0,11345.1,2
20241207,48,10.70,11372.0,11342.0,2
20241207,48,10.76,11372.0,11340.2,2
20241207,48,10.79,11372.0,11310.2,2
20241207,48,10.80,11372.0,11162.2,2
20241207,48,10.83,11772.0,11015.2,2
20241207,48,10.85,11873.4,11015.2,2
20241207,48,10.86,11915.6,11015.2,2
20241207,48,10.93,11915.6,11015.2,2
20241207,48,11.00,11915.6,10908.2,2
20241207,48,11.01,11919.2,10879.7,2
20241207,48,11.04,11919.2,10879.7,2
20241207,48,11.08,11919.2,10732.7,2
20241207,48,11.11,11919.2,10628.7,2
20241207,48,11.12,11919.2,10628.5,2
20241207,48,11.13,11939.3,10618.6,2
20241207,48,11.14,11969.3,10618.6,2
20241207,48,11.18,11999.3,10618.6,2
20241207,48,11.32,12589.3,10618.6,2
20241207,48,11.37,12589.3,10618.6,2
20241207,48,11.38,12589.3,10603.4,2
20241207,48,11.45,12603.7,10599.7,2
20241207,48,11.50,12603.7,10599.7,2
20241207,48,11.51,12622.8,10456.0,2
20241207,48,11.54,12622.8,10456.0,2
20241207,48,11.65,12622.8,10333.0,2
20241207,48,11.69,12672.9,10209.8,2
20241207,48,11.87,12672.9,10209.8,2
20241207,48,12.00,12672.9,10086.8,2
20241207,48,12.01,12675.9,10043.9,2
20241207,48,12.02,12675.9,10043.9,2
20241207,48,12.07,12704.8,9983.9,2
20241207,48,12.17,12704.8,9983.9,2
20241207,48,12.20,12704.8,9924.9,2
20241207,48,12.24,12724.8,9924.7,2
20241207,48,12.28,12724.8,9924.7,2
20241207,48,12.29,12724.8,9921.7,2
20241207,48,12.31,12744.8,9920.9,2
20241207,48,12.49,12751.5,9920.9,2
20241207,48,12.50,12751.5,9920.9,2
20241207,48,12.69,12752.4,9910.9,2
20241207,48,12.73,12752.4,9910.9,2
20241207,48,12.74,12781.4,9909.9,2
20241207,48,12.75,12781.4,9909.9,2
20241207,48,12.80,12801.4,9909.7,2
20241207,48,13.00,12801.4,9909.7,2
20241207,48,13.01,12804.6,9846.8,2
20241207,48,13.13,12844.6,9844.2,2
20241207,48,13.18,12844.6,9844.2,2
20241207,48,13.29,12874.6,9842.2,2
20241207,48,13.30,12874.6,9842.2,2
20241207,48,14.00,12874.6,9841.4,2
20241207,48,14.01,12880.3,9837.4,2
20241207,48,14.07,12890.3,9837.4,2
20241207,48,14.08,12890.3,9837.4,2
20241207,48,14.26,12930.3,9836.4,2
20241207,48,14.50,12930.3,9836.4,2
20241207,48,14.63,12945.3,9816.4,2
20241207,48,14.66,12962.3,9816.4,2
20241207,48,14.72,12983.3,9816.4,2
20241207,48,14.86,12983.3,9816.4,2
20241207,48,14.88,13019.3,9814.8,2
20241207,48,14.93,13062.3,9814.8,2
20241207,48,14.98,13103.3,9814.8,2
20241207,48,15.00,13113.3,9814.5,2
20241207,48,15.01,13214.3,9814.1,2
20241207,48,15.02,13224.2,9814.1,2
20241207,48,15.03,13268.2,9814.1,2
20241207,48,15.12,13268.2,9814.1,2
20241207,48,15.20,13268.2,9804.1,2
20241207,48,15.36,13268.2,9791.8,2
20241207,48,15.39,13388.2,9723.4,2
20241207,48,15.45,13388.2,9723.4,2
20241207,48,15.46,13388.2,9723.3,2
20241207,48,15.51,13388.2,9722.9,2
20241207,48,15.70,13388.2,9722.0,2
20241207,48,16.00,13388.2,9721.9,2
20241207,48,16.06,13488.2,9689.8,2
20241207,48,16.50,13493.2,9689.8,2
20241207,48,17.00,13493.2,9688.8,2
20241207,48,17.01,13496.7,9660.8,2
20241207,48,17.17,13596.7,9655.2,2
20241207,48,17.20,13596.7,9655.2,2
20241207,48,18.13,13696.7,9654.7,2
20241207,48,18.50,13696.7,9654.7,2
20241207,48,18.74,13696.7,9654.1,2
20241207,48,19.42,14166.7,9653.3,2
20241207,48,19.86,14166.7,9653.3,2
20241207,48,20.00,14166.7,9638.1,2
20241207,48,20.45,14166.7,9632.0,2
20241207,48,20.46,14166.7,9631.7,2
20241207,48,20.89,14166.7,9628.1,2
20241207,48,21.78,14166.7,9627.2,2
20241207,48,21.96,14166.7,9626.4,2
20241207,48,22.00,14166.7,9620.9,2
20241207,48,26.60,14166.7,9572.7,2
20241207,48,27.50,14166.7,9570.9,2
20241207,48,28.87,14176.3,9567.8,2
20241207,48,29.90,14176.3,9567.8,2
20241207,48,30.00,14176.3,9567.3,2
20241207,48,30.17,14176.3,9473.5,2
20241207,48,35.00,14176.3,9450.4,2
20241207,48,36.00,14176.3,9441.5,2
20241207,48,36.79,14176.3,9416.5,2
20241207,48,39.69,14677.3,9405.4,2
20241207,48,40.00,14677.3,9405.4,2
20241207,48,41.74,14677.3,9371.4,2
20241207,48,45.00,14677.3,9369.8,2
20241207,48,45.01,14677.3,9341.3,2
20241207,48,46.00,14677.3,9116.3,2
20241207,48,50.00,14677.3,9093.3,2
20241207,48,55.00,14677.3,9033.0,2
20241207,48,60.00,14677.3,8996.2,2
20241207,48,60.91,14677.3,8958.1,2
20241207,48,77.80,14677.3,8942.1,2
20241207,48,79.90,14677.3,8900.8,2
20241207,48,80.00,14677.3,8900.5,2
20241207,48,80.01,14677.3,8491.1,2
20241207,48,80.21,14827.2,8475.1,2
20241207,48,82.01,14827.2,8475.1,2
20241207,48,85.00,14827.2,8433.9,2
20241207,48,90.00,14827.2,8433.2,2
20241207,48,94.49,14827.2,8431.8,2
20241207,48,99.00,14827.2,8430.2,2
20241207,48,99.90,14827.2,8430.0,2
20241207,48,100.00,14993.0,8429.2,2
20241207,48,100.01,15001.0,8252.1,2
20241207,48,101.00,15001.0,8252.1,2
20241207,48,107.41,15001.0,8168.8,2
20241207,48,120.10,15001.0,8167.1,2
20241207,48,120.33,15001.0,8162.5,2
20241207,48,133.25,15001.0,8160.9,2
20241207,48,138.00,15001.0,8159.2,2
20241207,48,150.00,15001.0,8063.5,2
20241207,48,190.00,15001.0,8024.9,2
20241207,48,200.00,15001.0,8024.8,2
20241207,48,200.01,15001.0,7304.8,2
20241207,48,200.10,15001.0,6209.9,2
20241207,48,200.50,15001.0,6209.5,2
20241207,48,201.00,15001.0,6209.3,2
20241207,48,210.00,15001.0,6205.3,2
20241207,48,250.00,15001.0,4917.3,2
20241207,48,299.99,15001.2,4910.8,2
20241207,48,300.00,15001.2,4910.8,2
20241207,48,550.02,15001.2,4902.8,2
20241207,48,999.00,15001.2,4721.5,2
20241207,48,999.99,15001.2,0.0,2
